0.034899 0.001012 0.200329 0.763719 0.000041
0.001658 0.007327 0.469477 0.197283 0.324254
0.010257 0.001221 0.200977 0.763944 0.023601
0.978634 0.000288 0.012943 0.007890 0.000246
0.978499 0.000292 0.012961 0.007993 0.000255
0.535558 0.003968 0.195433 0.250113 0.014928
0.005203 0.019951 0.292992 0.422977 0.258877
0.002568 0.924102 0.045742 0.026059 0.001529
0.927173 0.005657 0.034601 0.029267 0.003302
0.950550 0.001333 0.016793 0.029187 0.002136
0.001813 0.056143 0.290853 0.581938 0.069253
0.006390 0.608253 0.157491 0.218802 0.009064
0.000868 0.840021 0.149553 0.009554 0.000005
0.013484 0.006447 0.112370 0.862096 0.005604
0.001660 0.953072 0.031292 0.013963 0.000012
0.888839 0.001151 0.038767 0.070315 0.000928
0.967589 0.000026 0.024676 0.006395 0.001314
0.038215 0.000875 0.226118 0.731555 0.003236
0.000003 0.006091 0.065539 0.026650 0.901717
0.008323 0.001663 0.286879 0.606424 0.096711
0.009579 0.004678 0.072235 0.882803 0.030706
0.000000 0.430713 0.562477 0.006782 0.000029
0.964588 0.000732 0.014880 0.018614 0.001185
0.000452 0.010386 0.161296 0.169656 0.658210
0.020398 0.001280 0.131150 0.847097 0.000075
0.932681 0.005010 0.034205 0.025712 0.002392
0.074052 0.010763 0.102710 0.723148 0.089327
0.000430 0.129820 0.084128 0.774924 0.010698
0.007583 0.320254 0.237188 0.265607 0.169369
0.000682 0.011054 0.085138 0.900892 0.002233
0.024134 0.455784 0.115381 0.400707 0.003993
0.006471 0.002765 0.064788 0.925862 0.000114
0.000068 0.018471 0.040302 0.931104 0.010054
0.000110 0.163183 0.132287 0.704036 0.000385
0.000003 0.005661 0.064768 0.026766 0.902802
0.000494 0.551684 0.132392 0.313897 0.001534
0.050423 0.343806 0.368024 0.149625 0.088121
0.000000 0.330665 0.606294 0.012568 0.050473
0.015864 0.001246 0.114427 0.860188 0.008276
0.971762 0.000018 0.023385 0.004281 0.000555
0.000869 0.092545 0.239941 0.623078 0.043567
0.381370 0.053420 0.299144 0.250637 0.015429
0.924265 0.006025 0.034806 0.031124 0.003780
0.000000 0.006066 0.585571 0.183041 0.225321
0.020181 0.004663 0.105778 0.842262 0.027115
0.002399 0.562032 0.199967 0.231749 0.003853
0.000062 0.006616 0.063602 0.168739 0.760981
0.013736 0.008291 0.104143 0.860701 0.013129
0.947812 0.000048 0.031061 0.020993 0.000086
0.000000 0.387728 0.568771 0.007654 0.035847
0.002825 0.003310 0.418051 0.560285 0.015529
0.018120 0.126467 0.108805 0.742216 0.004392
0.000003 0.005815 0.065041 0.026724 0.902416
0.003740 0.339907 0.125347 0.494027 0.036978
0.027049 0.015117 0.137670 0.818338 0.001826
0.003658 0.001729 0.053527 0.911271 0.029814
0.000003 0.005653 0.064819 0.026769 0.902757
0.102686 0.234941 0.157108 0.454007 0.051257
0.035883 0.141549 0.410748 0.404391 0.007428
0.047060 0.016903 0.337142 0.548164 0.050731
0.110005 0.112795 0.576785 0.139244 0.061170
0.000626 0.705055 0.138783 0.154454 0.001081
0.000000 0.098138 0.819848 0.019656 0.062357
0.166258 0.043935 0.704856 0.070963 0.013988
0.000005 0.006802 0.071977 0.026543 0.894673
0.593720 0.000702 0.076482 0.325655 0.003441
0.028794 0.084408 0.149611 0.733528 0.003659
0.032369 0.005748 0.219407 0.739974 0.002503
0.068938 0.007789 0.426774 0.463084 0.033416
0.222090 0.145525 0.219719 0.376206 0.036459
0.000000 0.081674 0.042550 0.287533 0.588244
0.008859 0.159883 0.554356 0.274620 0.002283
0.000005 0.008175 0.069312 0.026093 0.896414
0.153498 0.145952 0.277145 0.276845 0.146561
0.970499 0.007686 0.013019 0.007489 0.001307
0.041338 0.096204 0.745716 0.116712 0.000029
0.000024 0.066576 0.078437 0.854495 0.000467
0.971746 0.000018 0.023390 0.004289 0.000557
0.006562 0.005287 0.313547 0.673852 0.000752
0.684567 0.000640 0.064764 0.247418 0.002611
0.978626 0.000288 0.012944 0.007896 0.000246
0.957650 0.000883 0.015850 0.023973 0.001644
0.132039 0.014295 0.269573 0.583937 0.000156
0.000000 0.146081 0.578591 0.032787 0.242540
0.023094 0.018092 0.881976 0.076839 0.000000
0.008616 0.156546 0.072807 0.756984 0.005047
0.024535 0.405176 0.022635 0.287926 0.259728
0.978632 0.000288 0.012943 0.007891 0.000246
0.956052 0.007509 0.015100 0.019111 0.002228
0.019408 0.071896 0.116025 0.788368 0.004304
0.002559 0.967956 0.024068 0.005006 0.000412
0.006219 0.002307 0.061624 0.900334 0.029516
0.013614 0.017892 0.202166 0.693086 0.073243
0.860878 0.005922 0.028969 0.095974 0.008256
0.009848 0.143973 0.597944 0.246631 0.001604
0.201134 0.135602 0.215931 0.376276 0.071057
0.001286 0.011274 0.231558 0.708728 0.047154
0.945221 0.000422 0.031072 0.016434 0.006851
0.954341 0.000068 0.028748 0.013051 0.003792
0.008556 0.518382 0.144964 0.327381 0.000718
0.000000 0.334641 0.517634 0.015213 0.132512
0.011374 0.028256 0.407506 0.549216 0.003649
0.000000 0.003592 0.779087 0.131371 0.085950
0.000000 0.408917 0.554877 0.005822 0.030384
0.978629 0.000288 0.012943 0.007894 0.000246
0.004004 0.000000 0.959550 0.016659 0.019786
0.004196 0.396077 0.128906 0.458895 0.011926
0.000118 0.171280 0.137233 0.690991 0.000377
0.012235 0.004491 0.344419 0.545877 0.092978
0.819987 0.116309 0.030536 0.022207 0.010960
0.013284 0.001786 0.101561 0.874200 0.009170
0.000017 0.031802 0.112438 0.019921 0.835822
0.000000 0.287086 0.685881 0.026992 0.000041
0.000118 0.031719 0.046404 0.911665 0.010094
0.003574 0.009083 0.056162 0.923806 0.007375
0.050025 0.173032 0.121679 0.636870 0.018394
0.104195 0.157078 0.130003 0.449037 0.159687
0.001581 0.077420 0.860217 0.060781 0.000000
0.908580 0.007858 0.035934 0.041256 0.006371
0.002562 0.973462 0.021359 0.002346 0.000271
0.970998 0.000019 0.023621 0.004668 0.000694
0.964761 0.000472 0.024919 0.006191 0.003656
0.000063 0.187912 0.097637 0.713963 0.000425
0.000129 0.036157 0.047698 0.905879 0.010137
0.007954 0.175871 0.514164 0.299121 0.002890
0.000029 0.006751 0.181067 0.028347 0.783806
0.006905 0.113245 0.068592 0.806094 0.005164
0.000111 0.202325 0.130479 0.666704 0.000382
0.016125 0.001711 0.404649 0.506646 0.070869
0.020286 0.001292 0.467611 0.455168 0.055643
0.046298 0.001498 0.188431 0.748533 0.015239
0.000000 0.030422 0.462167 0.498525 0.008886
0.967077 0.000027 0.024834 0.006653 0.001409
0.016927 0.074185 0.130406 0.769465 0.009017
0.000418 0.048727 0.353942 0.596792 0.000121
0.005674 0.063567 0.066419 0.859091 0.005249
0.002055 0.090617 0.445057 0.461584 0.000686
0.006387 0.118761 0.137224 0.737628 0.000000
0.000916 0.152130 0.245856 0.599250 0.001848
0.026350 0.001058 0.159537 0.812994 0.000060
0.000460 0.053977 0.145285 0.102508 0.697770
0.944775 0.003758 0.017236 0.031544 0.002688
0.012006 0.456897 0.439587 0.088746 0.002763
0.001482 0.009626 0.255415 0.690801 0.042676
0.066564 0.226395 0.126404 0.563878 0.016759
0.050370 0.047635 0.170296 0.293141 0.438558
0.001969 0.418226 0.578494 0.000828 0.000482
0.000874 0.778224 0.189341 0.031552 0.000010
0.007128 0.009297 0.889380 0.069857 0.024339
0.005844 0.231666 0.416022 0.342338 0.004131
0.027889 0.096333 0.545959 0.237473 0.092347
0.883694 0.000410 0.050375 0.048043 0.017478
0.004465 0.041526 0.727787 0.136090 0.090132
0.000165 0.018885 0.084695 0.151211 0.745044
0.977851 0.000309 0.013051 0.008491 0.000298
0.002728 0.010401 0.051335 0.927946 0.007590
0.000000 0.003581 0.780725 0.130917 0.084777
0.000134 0.130282 0.151132 0.718087 0.000366
0.965643 0.000995 0.014685 0.017540 0.001137
0.000029 0.056618 0.157517 0.013694 0.772143
0.057573 0.302923 0.083679 0.423458 0.132367
0.013356 0.003190 0.362065 0.536431 0.084958
0.000034 0.006377 0.208658 0.028920 0.756011
0.970496 0.007686 0.013020 0.007491 0.001307
0.000744 0.006728 0.237201 0.180756 0.574571
0.001534 0.503458 0.178542 0.311316 0.005150
0.932691 0.005009 0.034205 0.025705 0.002390
0.003480 0.001847 0.052571 0.930769 0.011333
0.005946 0.019982 0.068381 0.903262 0.002429
0.000005 0.007011 0.070662 0.026460 0.895862
0.000000 0.079922 0.173181 0.677501 0.069396
0.000000 0.031911 0.952137 0.006432 0.009521
0.060189 0.043852 0.265755 0.628693 0.001512
0.002024 0.001052 0.045252 0.940517 0.011155
0.971675 0.000018 0.023412 0.004325 0.000570
0.024753 0.694086 0.230686 0.048575 0.001900
0.003660 0.244213 0.191136 0.554371 0.006620
0.001603 0.825940 0.056204 0.116200 0.000053
0.041613 0.063555 0.852933 0.041450 0.000448
0.002560 0.957482 0.029240 0.010039 0.000679
0.002552 0.953653 0.031105 0.011911 0.000779
0.916716 0.001971 0.021549 0.055398 0.004366
0.007069 0.025597 0.075607 0.883957 0.007770
0.000395 0.199905 0.760121 0.037842 0.001737
0.016052 0.471434 0.314890 0.197578 0.000047
0.019455 0.000811 0.329646 0.639885 0.010203
0.942028 0.000314 0.032205 0.018490 0.006964
0.059986 0.016340 0.389284 0.492404 0.041987
0.008484 0.033686 0.076148 0.879219 0.002462
0.040455 0.582369 0.336304 0.040008 0.000863
0.000033 0.095947 0.083046 0.820517 0.000457
0.063994 0.446446 0.344093 0.086196 0.059272
0.958409 0.001221 0.015684 0.023065 0.001621
0.002783 0.200241 0.416075 0.380880 0.000021
0.000000 0.033509 0.934562 0.008537 0.023393
0.000285 0.290163 0.501038 0.049074 0.159440
0.941478 0.000290 0.032409 0.018859 0.006964
0.038601 0.000992 0.217998 0.742375 0.000033
0.978631 0.000288 0.012943 0.007892 0.000246
0.017628 0.390401 0.229842 0.361447 0.000682
0.960535 0.000043 0.026854 0.009958 0.002610
0.006005 0.025541 0.069578 0.890936 0.007941
0.001546 0.136212 0.094587 0.752227 0.015428
0.977801 0.000310 0.013058 0.008530 0.000301
0.020309 0.092682 0.098082 0.275282 0.513644
0.000553 0.007296 0.188272 0.176362 0.627517
0.010464 0.039489 0.082398 0.865198 0.002452
0.000000 0.036984 0.871747 0.091213 0.000056
0.001371 0.068985 0.895160 0.015649 0.018835
0.052335 0.154110 0.474358 0.314603 0.004594
0.971703 0.000018 0.023403 0.004310 0.000565
0.000418 0.048727 0.353953 0.596781 0.000121
0.066886 0.001358 0.253569 0.669972 0.008215
0.002815 0.001464 0.047268 0.948339 0.000114
0.002700 0.361348 0.387329 0.060590 0.188033
0.165744 0.001163 0.311344 0.521684 0.000065
0.000030 0.087216 0.081682 0.830612 0.000460
0.002539 0.914529 0.050372 0.030780 0.001781
0.054225 0.127028 0.527165 0.291366 0.000215
0.111014 0.101790 0.080676 0.500079 0.206441
0.001203 0.013568 0.971374 -0.000000 0.013855
0.000042 0.121501 0.087265 0.790745 0.000448
0.000000 0.431259 0.485906 0.006286 0.076549
0.964291 0.007609 0.013913 0.012484 0.001703
0.000651 0.034990 0.946843 0.017203 0.000313
0.008167 0.494241 0.146543 0.350292 0.000757
0.000000 0.447016 0.480727 0.004832 0.067425
0.000068 0.018501 0.040309 0.931067 0.010055
0.000000 0.052935 0.866678 0.013410 0.066977
0.002115 0.150634 0.104926 0.727455 0.014869
0.000413 0.040291 0.084338 0.866196 0.008762
0.000000 0.127147 0.584819 0.034544 0.253491
0.040272 0.013632 0.310365 0.581507 0.054223
0.006088 0.000000 0.129829 0.856516 0.007567
0.005263 0.082546 0.172738 0.726967 0.012486
0.000000 0.274345 0.537893 0.020743 0.167019
0.110260 0.016838 0.109233 0.677844 0.085825
0.010788 0.170932 0.080047 0.733335 0.004898
0.044910 0.287147 0.384580 0.181316 0.102046
0.002619 0.007002 0.160451 0.828222 0.001706
0.000000 0.409832 0.492942 0.008264 0.088962
0.000374 0.043769 0.127621 0.116460 0.711776
0.015832 0.757008 0.067166 0.159084 0.000911
0.001571 0.078976 0.075397 0.844055 0.000000
0.007207 0.003604 0.064740 0.893996 0.030453
0.000399 0.049507 0.341003 0.608954 0.000138
0.000184 0.049433 0.054438 0.885793 0.010153
0.041098 0.577792 0.340626 0.039663 0.000821
0.002979 0.594641 0.092152 0.144466 0.165761
0.000014 0.020289 0.107230 0.023156 0.849310
0.935667 0.006946 0.018085 0.035796 0.003505
0.000258 0.055513 0.242225 0.701743 0.000261
0.000097 0.138889 0.125024 0.735592 0.000398
0.002285 0.139666 0.839391 0.018657 0.000000
0.005605 0.251407 0.053713 0.687298 0.001977
0.001416 0.433616 0.204221 0.353301 0.007446
0.000056 0.005912 0.062400 0.169754 0.761877
0.006334 0.061333 0.068925 0.858205 0.005203
0.000000 0.033447 0.934791 0.008520 0.023242
0.000105 0.027997 0.044853 0.916969 0.010076
0.012210 0.000000 0.095654 0.853832 0.038304
0.433827 0.039130 0.322857 0.196444 0.007743
0.000000 0.033450 0.934781 0.008521 0.023248
0.002562 0.973480 0.021351 0.002338 0.000270
0.002685 0.001511 0.048579 0.935928 0.011297
0.004166 0.713193 0.112180 0.170392 0.000068
0.072764 0.248256 0.334149 0.339153 0.005677
0.012382 0.014213 0.197847 0.702635 0.072923
0.024638 0.217027 0.121932 0.634967 0.001436
0.000005 0.006730 0.071439 0.026556 0.895270
0.043916 0.295004 0.379251 0.179918 0.101912
0.000432 0.573418 0.350402 0.014393 0.061353
0.002562 0.973094 0.021540 0.002524 0.000280
0.014415 0.098432 0.736318 0.150835 0.000000
0.003052 0.007978 0.053222 0.928352 0.007396
0.002658 0.006528 0.969529 0.021285 0.000000
0.000028 0.080385 0.080598 0.838526 0.000462
0.000120 0.162017 0.138998 0.698489 0.000377
0.971768 0.000018 0.023383 0.004277 0.000553
0.033824 0.005696 0.227651 0.730565 0.002265
0.000005 0.009503 0.072731 0.025756 0.892004
0.092630 0.207767 0.157147 0.488301 0.054155
0.002509 0.000000 0.856813 0.041305 0.099372
0.001238 0.018645 0.106454 0.871427 0.002236
0.000000 0.181078 0.703722 0.025660 0.089540
0.002828 0.008509 0.168545 0.818435 0.001683
0.565563 0.003481 0.201487 0.219393 0.010075
0.003683 0.009123 0.201718 0.783982 0.001493
0.975634 0.000367 0.013359 0.010195 0.000445
0.000415 0.048861 0.351719 0.598881 0.000124
0.000186 0.576699 0.158873 0.263948 0.000293
0.000016 0.013883 0.121373 0.025258 0.839469
0.005305 0.229768 0.053620 0.709289 0.002018
0.070553 0.000000 0.913561 -0.000000 0.015886
0.000262 0.363404 0.595570 0.038631 0.002134
0.796115 0.053972 0.040011 0.088308 0.021594
0.000602 0.008267 0.082098 0.906830 0.002203
0.000092 0.008934 0.070092 0.165579 0.755304
0.034356 0.005678 0.230666 0.727122 0.002178
0.000000 0.159766 0.700704 0.017738 0.121792
0.000205 0.151135 0.125369 0.720635 0.002656
0.036348 0.172208 0.396699 0.394195 0.000550
0.000668 0.020274 0.155990 0.759146 0.063922
0.000107 0.011837 0.072731 0.161259 0.754066
0.002562 0.973040 0.021567 0.002550 0.000282
0.004062 0.000000 0.963260 0.015671 0.017007
0.000259 0.055606 0.242657 0.701218 0.000261
0.000227 0.006491 0.103854 0.827496 0.061932
0.963936 0.000033 0.025806 0.008244 0.001981
0.005179 0.021616 0.064986 0.900373 0.007846
0.002561 0.971614 0.022268 0.003239 0.000318
0.000000 0.042712 0.207138 0.724715 0.025434
0.000000 0.045334 0.577942 0.361971 0.014754
0.049955 0.208038 0.204915 0.534436 0.002656
0.009806 0.042610 0.090745 0.848518 0.008321
0.961326 0.000040 0.026611 0.009560 0.002463
0.933354 0.004931 0.034157 0.025277 0.002281
0.008184 0.061476 0.336510 0.589283 0.004547
0.933235 0.004945 0.034166 0.025354 0.002301
0.003889 0.006234 0.209806 0.778678 0.001394
0.052524 0.041266 0.163530 0.402067 0.340613
0.003980 0.002235 0.055089 0.927229 0.011467
0.002562 0.973482 0.021349 0.002336 0.000270
0.978611 0.000289 0.012946 0.007907 0.000247
0.030606 0.005809 0.209412 0.751383 0.002791
0.000000 0.083045 0.055598 0.293037 0.568319
0.000049 0.140913 0.091529 0.767069 0.000440
0.209901 0.504338 0.159866 0.104535 0.021361
0.496356 0.081762 0.179468 0.193987 0.048426
0.007041 0.132802 0.063998 0.794050 0.002109
0.024827 0.155326 0.410380 0.267549 0.141918
0.001769 0.006956 0.045976 0.937754 0.007546
0.821130 0.116501 0.030416 0.021215 0.010738
0.001207 0.021680 0.105172 0.869644 0.002297
0.004114 0.921328 0.052092 0.021250 0.001216
0.019811 0.430155 0.371847 0.178158 0.000029
0.002027 0.037662 0.914436 0.045875 -0.000000
0.002560 0.970334 0.022898 0.003857 0.000351
0.042963 0.180813 0.430054 0.226542 0.119628
0.044917 0.012541 0.196271 0.744942 0.001329
0.012035 0.052483 0.103165 0.823779 0.008537
0.000000 0.112970 0.374156 0.510584 0.002290
0.061331 0.043585 0.269922 0.623729 0.001434
0.171867 0.107057 0.205754 0.503324 0.011999
0.002684 0.006202 0.970961 0.020154 -0.000000
0.002562 0.973236 0.021470 0.002455 0.000276
0.000040 0.114802 0.086503 0.798205 0.000450
0.000188 0.583659 0.159974 0.255888 0.000291
0.003334 0.006153 0.188247 0.800744 0.001523
0.006379 0.895923 0.071927 0.024469 0.001303
0.000000 0.101454 0.152690 0.716889 0.028967
0.086864 0.162230 0.387512 0.357982 0.005411
0.002683 0.006215 0.970899 0.020203 -0.000000
0.003487 0.072057 0.137984 0.772409 0.014063
0.020332 0.181455 0.672351 0.122650 0.003213
0.002556 0.950803 0.032524 0.013266 0.000850
0.011502 0.003338 0.088826 0.896228 0.000106
0.002624 0.956564 0.029902 0.010223 0.000686
0.001077 0.006898 0.321931 0.186710 0.483384
0.009081 0.877516 0.089716 0.022585 0.001102
0.000006 0.010691 0.074453 0.025434 0.889417
0.014664 0.000889 0.262633 0.704904 0.016910
0.003393 0.287202 0.462239 0.063680 0.183485
0.030679 0.740410 0.130697 0.094886 0.003328
0.978412 0.000294 0.012973 0.008061 0.000260
0.493473 0.063425 0.065179 0.303754 0.074168
0.005612 0.000000 0.125994 0.860838 0.007556
0.006885 0.058879 0.301080 0.627979 0.005176
0.002235 0.811589 0.135207 0.049378 0.001591
0.933341 0.004932 0.034158 0.025286 0.002283
0.000222 0.065601 0.058952 0.864906 0.010320
0.001992 0.419601 0.478460 0.099924 0.000023
0.000000 0.000000 0.203435 0.661177 0.135388
0.020060 0.427421 0.375611 0.176880 0.000028
0.002562 0.973450 0.021365 0.002352 0.000271
0.000000 0.561908 0.211527 0.196306 0.030260
0.000056 0.005935 0.062433 0.169721 0.761855
0.001253 0.000000 0.777037 0.063413 0.158296
0.978574 0.000290 0.012951 0.007936 0.000250
0.948302 0.000047 0.030999 0.020571 0.000082
0.000000 0.083416 0.056269 0.293185 0.567129
0.000371 0.219080 0.739410 0.039286 0.001853
0.000005 0.005690 0.073792 0.026903 0.893610
0.003289 0.344330 0.436591 0.055739 0.160051
0.002559 0.967333 0.024374 0.005306 0.000428
0.001244 0.019385 0.106674 0.870449 0.002248
0.592303 0.000700 0.076665 0.326879 0.003453
0.971768 0.000018 0.023383 0.004277 0.000553
0.029710 0.000947 0.609733 0.336423 0.023188
0.002562 0.973465 0.021358 0.002345 0.000271
0.001797 0.112420 0.154898 0.723278 0.007606
0.035561 0.001731 0.154459 0.789179 0.019070
0.002448 0.825619 0.067225 0.104661 0.000047
0.002608 0.072031 0.921825 0.002828 0.000709
0.025664 0.233985 0.467983 0.229982 0.042386
0.000836 0.803812 0.170953 0.024391 0.000009
0.002770 0.008603 0.051613 0.929536 0.007478
0.002104 0.089417 0.453484 0.454362 0.000633
0.008501 0.001897 0.068848 0.892411 0.028343
0.037131 0.001000 0.210980 0.750853 0.000037
0.971766 0.000018 0.023384 0.004278 0.000554
0.000708 0.123156 0.791773 0.000000 0.084363
0.000000 0.419097 0.548199 0.004942 0.027762
0.961927 0.000037 0.026429 0.009262 0.002345
0.009890 0.607456 0.138447 0.243633 0.000574
0.002558 0.966444 0.024812 0.005735 0.000451
0.411361 0.007941 0.170175 0.374815 0.035708
0.032522 0.130602 0.731116 0.096919 0.008840
0.000000 0.352310 0.511751 0.013588 0.122351
0.963661 0.000684 0.015021 0.019392 0.001242
0.086786 0.182659 0.383491 0.341920 0.005144
0.942559 0.003883 0.017534 0.033184 0.002840
0.002323 0.115928 0.877772 0.003120 0.000857
0.213994 0.000931 0.372174 0.412869 0.000033
0.006381 0.095360 0.017248 0.510808 0.370203
0.000326 0.296310 0.664751 0.036724 0.001889
0.003446 0.058374 0.058549 0.874228 0.005403
0.971715 0.000018 0.023400 0.004304 0.000563
0.003770 0.015515 0.057134 0.915861 0.007719
0.017497 0.004703 0.423747 0.477912 0.076141
0.044787 0.080055 0.778673 0.096467 0.000017
0.000000 0.079275 0.870474 0.013125 0.037127
0.004023 0.003026 0.221130 0.656271 0.115549
0.000000 0.055390 0.944610 0.000000 0.000000
0.011098 0.687141 0.132701 0.168615 0.000446
0.932511 0.007218 0.018501 0.038043 0.003728
0.000150 0.464775 0.141188 0.393556 0.000331
0.000024 0.065446 0.078389 0.855674 0.000467
0.002654 0.006573 0.969312 0.021460 0.000000
0.032106 0.776716 0.127681 0.060799 0.002699
0.001036 0.205653 0.785871 0.005654 0.001786
0.814337 0.115359 0.031133 0.027111 0.012060
0.022909 0.001262 0.507170 0.421840 0.046818
0.017715 0.002033 0.428461 0.485156 0.066635
0.086110 0.006030 0.496133 0.390220 0.021507
0.012045 0.749456 0.128229 0.109925 0.000345
0.000163 0.505686 0.147651 0.346183 0.000317
0.027497 0.100494 0.112979 0.266032 0.492997
0.002561 0.972357 0.021903 0.002880 0.000299
0.000000 0.944562 0.019299 0.033369 0.002770
0.002526 0.850579 0.081881 0.061595 0.003418
0.234193 0.037482 0.131660 0.522893 0.073772
0.018662 0.001810 0.125872 0.853493 0.000163
0.971635 0.000018 0.023425 0.004345 0.000578
0.000049 0.142844 0.090993 0.765674 0.000440
0.000000 0.045892 0.129832 0.793813 0.030464
0.000000 0.326824 0.546264 0.013104 0.113808
0.007553 0.783301 0.081487 0.116108 0.011551
0.565348 0.003484 0.201444 0.219614 0.010110
0.000000 0.271685 0.703137 0.025115 0.000063
0.002499 0.000000 0.862429 0.042493 0.092579
0.000000 0.185590 0.185076 0.602481 0.026853
0.001659 0.952318 0.031431 0.014579 0.000013
0.000406 0.006722 0.074564 0.916086 0.002221
0.971768 0.000018 0.023383 0.004277 0.000553
0.000188 0.585089 0.160200 0.254232 0.000291
0.017082 0.059044 0.056408 0.703025 0.164441
0.969642 0.007676 0.013142 0.008178 0.001362
0.000000 0.100173 0.081383 0.297464 0.520980
0.031975 0.773381 0.127958 0.063930 0.002756
0.023808 0.014442 0.127085 0.832757 0.001908
0.000405 0.046527 0.083212 0.860915 0.008941
0.018203 0.298570 0.249947 0.432492 0.000787
0.002831 0.003307 0.418786 0.559652 0.015423
0.206791 0.134378 0.220945 0.372010 0.065876
0.889061 0.013044 0.036980 0.051613 0.009302
0.000807 0.228494 0.711567 -0.000000 0.059132
0.039409 0.161114 0.419640 0.379340 0.000497
0.000000 0.029623 0.956882 0.005938 0.007557
0.014153 0.056129 0.352196 0.572520 0.005002
0.147052 0.549184 0.142685 0.153025 0.008054
0.000319 0.391131 0.443271 0.037597 0.127682
0.002690 0.488092 0.241603 0.262172 0.005443
0.978404 0.000294 0.012974 0.008066 0.000261
0.940862 0.000060 0.031945 0.026980 0.000152
0.929343 0.006015 0.019117 0.041678 0.003847
0.000417 0.048786 0.352969 0.597705 0.000123
0.000561 0.004547 0.144453 0.795560 0.054880
0.083269 0.239645 0.135538 0.525940 0.015609
0.974865 0.000389 0.013465 0.010783 0.000496
0.948546 0.000159 0.030400 0.015708 0.005187
0.009573 0.004052 0.083130 0.891862 0.011384
0.966427 0.000473 0.024398 0.005329 0.003372
0.008429 0.036500 0.083075 0.863809 0.008187
0.000056 0.005910 0.062435 0.169760 0.761839
0.003164 0.036356 0.958460 0.001715 0.000305
0.016757 0.000000 0.214748 0.762849 0.005646
0.000000 0.126414 0.029911 0.261437 0.582238
0.002375 0.000600 0.350129 0.628086 0.018811
0.000291 0.054121 0.264956 0.680399 0.000233
0.723993 0.030275 0.049158 0.159803 0.036770
0.002182 0.067696 0.334239 0.524891 0.070991
0.083123 0.118151 0.463337 0.277113 0.058276
0.010952 0.517650 0.060657 0.409325 0.001415
0.096854 0.003170 0.224589 0.675268 0.000120
0.000000 0.170877 0.280203 0.498976 0.049944
0.942768 0.000147 0.032232 0.018715 0.006138
0.004823 0.718611 0.119599 0.156907 0.000061
0.004711 0.093477 0.237323 0.658283 0.006205
0.002777 0.075122 0.615761 0.173325 0.133016
0.000000 0.030328 0.955416 0.006091 0.008165
0.000626 0.041214 0.937185 0.020480 0.000496
0.903448 0.000179 0.036708 0.059143 0.000521
0.002869 0.938363 0.039674 0.018004 0.001090
0.023665 0.000000 0.269646 0.702365 0.004324
0.024365 0.002368 0.119033 0.830777 0.023458
0.015816 0.007081 0.125571 0.846271 0.005262
0.002704 0.959446 0.028736 0.008521 0.000593
0.000000 0.430528 0.486144 0.006354 0.076975
0.003389 0.293633 0.459917 0.062688 0.180372
0.007285 0.345182 0.147225 0.466245 0.034064
0.020759 0.043283 0.115958 0.817796 0.002204
0.006545 0.089526 0.654945 0.248984 0.000000
0.024441 0.224259 0.305846 0.444709 0.000745
0.015043 0.242196 0.019833 0.405107 0.317821
0.007378 0.308649 0.057389 0.624748 0.001836
0.953052 0.000463 0.028583 0.012248 0.005655
0.001214 0.013009 0.973658 0.000000 0.012119
0.002510 0.015041 0.155972 0.824604 0.001873
0.917234 0.001897 0.021487 0.055056 0.004327
0.970989 0.000019 0.023624 0.004672 0.000695
0.000000 0.015328 0.437929 0.209400 0.337344
0.075935 0.534790 0.323815 0.031246 0.034214
0.000102 0.302053 0.117641 0.579821 0.000384
0.002555 0.959819 0.028071 0.008935 0.000620
0.969647 0.000599 0.014178 0.014728 0.000849
0.948410 0.000047 0.030985 0.020478 0.000081
0.004636 0.085707 0.235972 0.671054 0.002631
0.000496 0.373685 0.218940 0.087174 0.319705
0.056416 0.012046 0.233939 0.696581 0.001019
0.971581 0.000018 0.023441 0.004372 0.000587
0.933324 0.004934 0.034159 0.025296 0.002286
0.002248 0.001396 0.044557 0.951684 0.000115
0.001055 0.173396 0.817751 0.005954 0.001844
0.000116 0.013074 0.074688 0.159479 0.752642
0.000000 0.360335 0.586700 0.010030 0.042935
0.950086 0.006411 0.016096 0.024872 0.002536
0.006741 0.024790 0.070795 0.895230 0.002443
0.869667 0.014933 0.038424 0.064432 0.012544
0.968832 0.000475 0.023647 0.004085 0.002961
0.025088 0.214616 0.670813 0.087290 0.002192
0.014190 0.001478 0.101538 0.882705 0.000089
0.001108 0.001060 0.072916 0.889019 0.035897
0.147715 0.061043 0.554204 0.219769 0.017269
0.038630 0.162836 0.413996 0.384027 0.000512
0.963633 0.000035 0.025898 0.008394 0.002040
0.001415 0.016198 0.214651 0.764655 0.003081
0.000937 0.031296 0.912365 0.000000 0.055403
0.000628 0.707239 0.138875 0.152183 0.001075
0.002626 0.001799 0.200676 0.678730 0.116170
0.000342 0.044086 0.075009 0.871348 0.009216
0.850421 0.019562 0.039518 0.075017 0.015482
0.098727 0.005280 0.546974 0.336088 0.012931
0.003903 0.002458 0.052516 0.941006 0.000118
0.002562 0.973302 0.021438 0.002423 0.000275
0.006393 0.263440 0.174971 0.554103 0.001093
0.000000 0.140171 0.595078 0.031750 0.233001
0.012979 0.000911 0.239059 0.727789 0.019263
0.070661 0.011049 0.280614 0.637044 0.000632
0.954564 0.007486 0.015316 0.020311 0.002323
0.004149 0.000000 0.968788 0.014198 0.012866
0.000847 0.018282 0.141149 0.833691 0.006032
0.010567 0.001157 0.084237 0.903943 0.000096
0.002560 0.969192 0.023460 0.004409 0.000380
0.819058 0.116152 0.030635 0.023014 0.011141
0.002385 0.003526 0.364900 0.606050 0.023140
0.000000 0.078562 0.875761 0.012158 0.033519
0.924957 0.005917 0.034760 0.030698 0.003668
0.000000 0.130036 0.583714 0.034292 0.251957
0.032743 0.186271 0.369499 0.410877 0.000611
0.017793 0.010568 0.220305 0.683134 0.068200
0.000016 0.030577 0.110039 0.020233 0.839136
0.004268 0.003239 0.224716 0.652345 0.115432
0.007222 0.005069 0.339143 0.647971 0.000595
0.000300 0.053770 0.271412 0.674293 0.000225
0.100621 0.051928 0.137485 0.602815 0.107150
0.976891 0.000334 0.013184 0.009229 0.000362
0.001658 0.007327 0.469403 0.197279 0.324333
0.000000 0.077978 0.027793 0.282298 0.611931
0.326369 0.007055 0.153328 0.464596 0.048652
0.000185 0.572953 0.158282 0.268286 0.000295
0.002562 0.973265 0.021456 0.002441 0.000276
0.018309 0.129457 0.109354 0.738500 0.004379
0.000979 0.831714 0.111422 0.006468 0.049418
0.000004 0.005667 0.067705 0.026811 0.899813
0.012036 0.176176 0.048412 0.519168 0.244208
0.009001 0.001017 0.080119 0.900244 0.009619
0.163625 0.046005 0.699401 0.074607 0.016362
0.000627 0.040981 0.937674 0.020236 0.000483
0.010137 0.043764 0.392210 0.550273 0.003616
0.951325 0.000059 0.029711 0.014629 0.004276
0.000032 0.062329 0.168015 0.012298 0.757326
0.000138 0.061307 0.158171 0.780018 0.000367
0.975241 0.000377 0.013414 0.010497 0.000471
0.000446 0.031587 0.088833 0.870738 0.008397
0.024579 0.014384 0.900519 0.060518 0.000000
0.006770 0.389677 0.155352 0.447279 0.000922
0.007559 0.028967 0.073306 0.887717 0.002452
0.030898 0.136143 0.208190 0.614357 0.010411
0.023177 0.017802 0.883074 0.075946 0.000000
0.000643 0.006855 0.211331 0.178694 0.602477
0.936541 0.000208 0.034082 0.021692 0.007477
0.008359 0.065392 0.235832 0.680505 0.009912
0.019467 0.024263 0.224637 0.660307 0.071326
0.066909 0.001358 0.253642 0.669884 0.008207
0.000380 0.050350 0.327662 0.621453 0.000154
0.921834 0.000171 0.034363 0.043277 0.000355
0.000000 0.331863 0.522558 0.015034 0.130545
0.000524 0.072320 0.892707 0.033229 0.001221
0.001422 0.755941 0.067978 0.174581 0.000077
0.000000 0.155685 0.786423 0.013754 0.044137
0.000000 0.388006 0.568592 0.007629 0.035773
0.015307 0.343263 0.164216 0.467008 0.010206
0.973048 0.000438 0.013717 0.012180 0.000617
0.013827 0.036785 0.494396 0.453150 0.001843
0.005591 0.242482 0.421867 0.324748 0.005313
0.033182 0.070986 0.166202 0.726272 0.003358
0.002561 0.972241 0.021960 0.002936 0.000302
0.037190 0.000000 0.379891 0.573821 0.009099
0.958875 0.002485 0.015413 0.021543 0.001684
0.029973 0.005834 0.205825 0.755474 0.002894
0.773035 0.066715 0.040467 0.095404 0.024378
0.000181 0.561536 0.156477 0.281508 0.000298
0.000338 0.478807 0.508973 0.010924 0.000959
0.003170 0.012599 0.053793 0.922792 0.007646
0.012476 0.777689 0.126210 0.083325 0.000300
0.926111 0.005821 0.034672 0.029922 0.003473
0.095829 0.005453 0.535298 0.348519 0.014901
0.079977 0.177760 0.156557 0.528105 0.057602
0.008380 0.004794 0.074016 0.912689 0.000121
0.978407 0.000294 0.012974 0.008064 0.000261
0.043778 0.084625 0.769109 0.102467 0.000021
0.000411 0.049005 0.349336 0.601121 0.000127
0.000000 0.029804 0.956507 0.005977 0.007712
0.000000 0.174159 0.686791 0.017404 0.121646
0.000952 0.011600 0.191064 0.743298 0.053086
0.002790 0.079682 0.914745 0.002252 0.000532
0.005293 0.304189 0.160239 0.529214 0.001065
0.000921 0.777424 0.124132 0.016024 0.081499
0.565543 0.003481 0.201483 0.219414 0.010078
0.019326 0.006527 0.103059 0.841856 0.029232
0.008939 0.162666 0.073697 0.749673 0.005025
0.030911 0.021381 0.133660 0.446190 0.367859
0.000505 0.006346 0.176572 0.177008 0.639569
0.001295 0.007000 0.377362 0.190714 0.423628
0.023668 0.257632 0.294677 0.423303 0.000719
0.055863 0.009066 0.373937 0.518661 0.042473
0.188077 0.001054 0.339500 0.471318 0.000050
0.000000 0.096857 0.247668 0.652319 0.003156
0.001032 0.148574 0.842182 0.006289 0.001922
0.565492 0.003482 0.201473 0.219466 0.010087
0.000298 0.357442 0.460316 0.041914 0.140031
0.000138 0.038106 0.048770 0.902850 0.010136
0.000192 0.251530 0.679852 0.065169 0.003256
0.000486 0.543155 0.132043 0.322756 0.001559
0.005324 0.003135 0.131940 0.825504 0.034097
0.911712 0.000130 0.035657 0.052068 0.000433
0.022809 0.366704 0.048324 0.373949 0.188214
0.973303 0.000428 0.013683 0.011986 0.000600
0.946916 0.002920 0.017058 0.030618 0.002488
0.000006 0.010975 0.074990 0.025358 0.888670
0.000672 0.028140 0.118151 0.845882 0.007156
0.964353 0.000769 0.014908 0.018767 0.001203
0.003375 0.026937 0.968294 0.001251 0.000143
0.038213 0.000875 0.226107 0.731569 0.003236
0.006345 0.085940 0.654985 0.252730 0.000000
0.007609 0.048888 0.317928 0.375069 0.250505
0.002546 0.940230 0.037710 0.018391 0.001123
0.970904 0.000019 0.023650 0.004715 0.000711
0.006214 0.320868 0.219711 0.275422 0.177785
0.000088 0.007359 0.457001 0.032957 0.502594
0.000412 0.048987 0.349621 0.600853 0.000127
0.068407 0.033844 0.509124 0.307291 0.081335
0.007342 0.125418 0.069615 0.792491 0.005134
0.034349 0.005678 0.230629 0.727166 0.002179
0.917198 0.001197 0.035185 0.045734 0.000686
0.011573 0.357181 0.184937 0.433039 0.013269
0.001210 0.016643 0.188081 0.789927 0.004139
0.276178 0.032558 0.140529 0.485246 0.065489
0.000105 0.027599 0.044844 0.917384 0.010068
0.005648 0.097049 0.064768 0.827285 0.005251
0.015249 0.054498 0.374198 0.551979 0.004075
0.005456 0.428019 0.360399 0.206114 0.000013
0.004853 0.275604 0.162239 0.556194 0.001111
0.052426 0.104232 0.224288 0.618309 0.000745
0.000179 0.555071 0.155455 0.288994 0.000301
0.127976 0.001798 0.263754 0.606379 0.000093
0.000129 0.006376 0.080807 0.170288 0.742400
0.030341 0.000928 0.619240 0.328464 0.021027
0.002526 0.851212 0.081570 0.061290 0.003402
0.040384 0.693414 0.047408 0.125795 0.093000
0.000129 0.036338 0.047770 0.905624 0.010138
0.018761 0.298695 0.048177 0.425967 0.208400
0.971732 0.000018 0.023394 0.004296 0.000560
0.001167 0.100667 0.827839 0.022803 0.047524
0.000962 0.815751 0.115155 0.009278 0.058855
0.054190 0.127109 0.526909 0.291575 0.000216
0.001642 0.007313 0.465357 0.196987 0.328702
0.013059 0.002128 0.100454 0.874928 0.009431
0.425225 0.040832 0.319066 0.205844 0.009033
0.000065 0.006877 0.348317 0.031169 0.613572
0.063866 0.034480 0.243641 0.616219 0.041794
0.000413 0.006834 0.074802 0.915730 0.002222
0.019880 0.421286 0.161760 0.388379 0.008695
0.968233 0.000025 0.024477 0.006068 0.001197
0.971766 0.000018 0.023384 0.004279 0.000554
0.977123 0.000328 0.013152 0.009051 0.000346
0.000056 0.158973 0.094975 0.745563 0.000433
0.003135 0.293498 0.620409 0.082943 0.000016
0.037153 0.049497 0.181653 0.728612 0.003086
0.001381 0.016253 0.210246 0.768865 0.003256
0.001339 0.016320 0.204846 0.774025 0.003471
0.303071 0.053295 0.294480 0.344243 0.004911
0.010675 0.001015 0.088483 0.890571 0.009255
0.006556 0.025444 0.070161 0.895387 0.002453
0.032840 0.176201 0.371936 0.418401 0.000622
0.000000 0.039105 0.937472 0.007930 0.015493
0.970293 0.000509 0.014100 0.014297 0.000801
0.000000 0.028866 0.495760 0.468663 0.006711
0.000865 0.280070 0.203327 0.507865 0.007874
0.000000 0.918654 0.020970 0.056580 0.003796
0.000000 0.075841 0.807508 0.016897 0.099755
0.000000 0.817143 0.027601 0.147446 0.007810
0.005088 0.047528 0.621199 0.317622 0.008563
0.000000 0.062030 0.288472 0.646550 0.002948
0.003558 0.002248 0.214536 0.665123 0.114535
0.000000 0.034995 0.929029 0.008946 0.027030
0.933223 0.004946 0.034166 0.025362 0.002302
0.006768 0.029095 0.073825 0.882288 0.008024
0.003238 0.574015 0.097905 0.151955 0.172888
0.022311 0.367795 0.021963 0.314792 0.273139
0.969998 0.000021 0.023931 0.005174 0.000876
0.166257 0.043936 0.704855 0.070963 0.013988
0.070581 0.007114 0.433498 0.456687 0.032120
0.011152 0.008917 0.325376 0.543361 0.111193
0.397160 0.006317 0.167528 0.391647 0.037348
0.044702 0.080440 0.777869 0.096972 0.000017
0.866122 0.003458 0.028597 0.094085 0.007737
0.027634 0.022475 0.564655 0.284110 0.101126
0.017082 0.320337 0.096011 0.562100 0.004470
0.000147 0.060474 0.164283 0.774737 0.000359
0.000008 0.006121 0.087524 0.026997 0.879351
0.971749 0.000018 0.023389 0.004287 0.000557
0.001579 0.551188 0.244241 0.044237 0.158754
0.002562 0.972794 0.021688 0.002669 0.000288
0.003355 0.938835 0.041007 0.015845 0.000957
0.002561 0.971139 0.022502 0.003468 0.000330
0.774499 0.088861 0.037689 0.077101 0.021848
0.935291 0.000449 0.034148 0.021427 0.008685
0.006648 0.023001 0.070562 0.897357 0.002432
0.933352 0.004931 0.034157 0.025278 0.002281
0.024579 0.001071 0.151086 0.823200 0.000064
0.006867 0.025200 0.071189 0.894301 0.002443
0.002554 0.945832 0.034974 0.015662 0.000977
0.000024 0.065430 0.078655 0.855424 0.000467
0.978185 0.000300 0.013005 0.008235 0.000275
0.000000 0.061231 0.831499 0.016165 0.091105
0.001414 0.016199 0.214525 0.764775 0.003086
0.027150 0.676978 0.246842 0.047287 0.001743
0.000349 0.017851 0.398610 0.554056 0.029135
0.005237 0.496814 0.142463 0.344920 0.010565
0.978634 0.000288 0.012943 0.007890 0.000246
0.041098 0.050837 0.080012 0.679981 0.148072
0.161834 0.047440 0.695677 0.077075 0.017974
0.000628 0.040644 0.938063 0.020186 0.000479
0.000280 0.018681 0.114108 0.153557 0.713374
0.000667 0.133721 0.775579 -0.000000 0.090033
0.089576 0.199733 0.501739 0.139703 0.069249
0.045838 0.147913 0.466036 0.339841 0.000373
0.006595 0.069140 0.069515 0.849564 0.005185
0.968585 0.000556 0.014337 0.015607 0.000914
0.019615 0.047373 0.317124 0.615888 0.000000
0.014504 0.007653 0.087792 0.858088 0.031964
0.001886 0.677051 0.152415 0.165468 0.003180
0.000243 0.252388 0.121277 0.623681 0.002411
0.003883 0.851509 0.085799 0.055751 0.003057
0.000000 0.370236 0.580284 0.009158 0.040322
0.000777 0.571762 0.177872 0.051293 0.198296
0.000003 0.005710 0.064865 0.026753 0.902669
0.971767 0.000018 0.023384 0.004278 0.000554
0.004847 0.005718 0.246996 0.741278 0.001160
0.009070 0.239970 0.197497 0.552399 0.001064
0.970409 0.007685 0.013032 0.007561 0.001313
0.000580 0.006469 0.195387 0.178154 0.619410
0.017775 0.006583 0.098150 0.847682 0.029810
0.003870 0.007037 0.209044 0.778636 0.001412
0.000019 0.014914 0.134607 0.025173 0.825287
0.002562 0.973390 0.021395 0.002381 0.000273
0.012774 0.797200 0.124817 0.064941 0.000268
0.000014 0.019119 0.107585 0.023502 0.849780
0.000249 0.074279 0.062249 0.852848 0.010374
0.015339 0.615118 0.342969 0.025422 0.001151
0.011050 0.008833 0.323890 0.544972 0.111255
0.966852 0.000474 0.024266 0.005110 0.003299
0.002023 0.729669 0.145704 0.120046 0.002558
0.005286 0.312961 0.374588 0.303348 0.003817
0.006796 0.005170 0.322637 0.664702 0.000696
0.971195 0.000019 0.023561 0.004568 0.000658
0.069574 0.122600 0.538419 0.265860 0.003547
0.016107 0.406408 0.216577 0.360213 0.000695
0.032829 0.005731 0.222017 0.736996 0.002427
0.000109 0.209509 0.128656 0.661343 0.000383
0.774654 0.108724 0.035326 0.061520 0.019776
0.978283 0.000297 0.012991 0.008159 0.000269
0.565595 0.003481 0.201494 0.219360 0.010070
0.004631 0.285067 0.372214 0.332271 0.005818
0.080417 0.006427 0.473177 0.414582 0.025396
0.037204 0.009731 0.810648 0.142309 0.000108
0.018606 0.000000 0.229384 0.746832 0.005177
0.002562 0.973299 0.021439 0.002425 0.000275
0.000019 0.015318 0.132707 0.025024 0.826933
0.001104 0.029545 0.207824 0.698629 0.062899
0.000327 0.052815 0.290376 0.656281 0.000201
0.165783 0.394347 0.158585 0.247669 0.033616
0.001281 0.004937 0.231431 0.719475 0.042876
0.043811 0.151520 0.451509 0.352747 0.000413
0.016107 0.776782 0.162051 0.043128 0.001932
0.007844 0.317671 0.392873 0.281476 0.000135
0.000122 0.157468 0.141065 0.700971 0.000375
0.029879 0.123593 0.142599 0.701371 0.002559
0.074950 0.527506 0.325491 0.035774 0.036279
0.029072 0.550398 0.128953 0.287916 0.003662
0.032095 0.005757 0.217855 0.741746 0.002547
0.000026 0.049824 0.145058 0.015371 0.789722
0.000118 0.012986 0.075219 0.159651 0.752024
0.000000 0.136919 0.807642 0.013477 0.041963
0.000140 0.433952 0.136363 0.429203 0.000342
0.000004 0.005667 0.068216 0.026820 0.899294
0.000024 0.065479 0.078277 0.855753 0.000467
0.006248 0.014443 0.839803 0.093848 0.045658
0.000072 0.217697 0.102383 0.679433 0.000415
0.017980 0.280384 0.659410 0.042226 0.000000
0.000210 0.063696 0.208545 0.727246 0.000303
0.887032 0.000390 0.038803 0.073046 0.000729
0.008222 0.055354 0.338252 0.593639 0.004533
0.030376 0.000927 0.619770 0.328021 0.020907
0.925641 0.007128 0.019495 0.043569 0.004165
0.927441 0.000092 0.033653 0.038532 0.000282
0.914823 0.000431 0.040577 0.032003 0.012166
0.064923 0.007482 0.410672 0.480943 0.035980
0.000017 0.020862 0.120397 0.023205 0.835519
0.002452 0.000649 0.354207 0.623808 0.018885
0.970145 0.000021 0.023886 0.005100 0.000849
0.004226 0.007192 0.059895 0.921529 0.007158
0.002782 0.065402 0.928816 0.002428 0.000571
0.913537 0.000125 0.035424 0.050498 0.000416
0.041253 0.048970 0.196599 0.710373 0.002805
0.000314 0.053101 0.281403 0.664970 0.000212
0.000000 0.030989 0.954041 0.006235 0.008735
0.000058 0.006101 0.062715 0.169482 0.761645
0.000647 0.035796 0.945589 0.017631 0.000337
0.274265 0.008746 0.486839 0.227542 0.002608
0.016540 0.072447 0.128252 0.773784 0.008978
0.000016 0.006038 0.123688 0.027610 0.842648
0.012197 0.759377 0.127518 0.100580 0.000329
0.038600 0.000992 0.217992 0.742383 0.000033
0.001285 0.668582 0.083823 0.246203 0.000106
0.001049 0.200074 0.791413 0.005677 0.001787
0.000671 0.020410 0.156364 0.758593 0.063961
0.023927 0.703463 0.223401 0.047344 0.001865
0.000022 0.012459 0.146224 0.026085 0.815210
0.000095 0.007503 0.488393 0.033483 0.470526
0.946315 0.000050 0.031251 0.022283 0.000101
0.000202 0.197046 0.120080 0.680104 0.002568
0.821066 0.116489 0.030423 0.021272 0.010751
0.006621 0.528548 0.335365 0.129458 0.000009
0.971715 0.000018 0.023400 0.004304 0.000563
0.323176 0.008125 0.152570 0.466600 0.049529
0.005184 0.147686 0.692815 0.073625 0.080690
0.001481 0.777522 0.064388 0.156538 0.000070
0.000414 0.006709 0.074868 0.915790 0.002219
0.002345 0.151895 0.165490 0.672955 0.007315
0.000000 0.034126 0.932253 0.008708 0.024912
0.010508 0.511812 0.154428 0.312544 0.010708
0.186680 0.001053 0.337739 0.474477 0.000051
0.012466 0.004227 0.348053 0.543914 0.091340
0.002559 0.967958 0.024067 0.005004 0.000412
0.947747 0.000148 0.030669 0.016156 0.005280
0.008104 0.845524 0.075425 0.062969 0.007977
0.741297 0.000894 0.057516 0.198116 0.002176
0.000000 0.105469 0.840562 0.013575 0.040395
0.005426 0.240025 0.053588 0.698962 0.001999
0.011846 0.736334 0.129169 0.122285 0.000366
0.162479 0.046906 0.697027 0.076193 0.017396
0.018000 0.054206 0.111722 0.811672 0.004400
0.000373 0.025500 0.079637 0.885857 0.008633
0.000068 0.018483 0.040323 0.931072 0.010054
0.000078 0.070760 0.115687 0.813056 0.000419
0.000416 0.010409 0.151998 0.168965 0.668212
0.002562 0.973415 0.021382 0.002369 0.000272
0.912931 0.002052 0.022080 0.058321 0.004616
0.013232 0.624369 0.282389 0.079959 0.000051
0.000000 0.035398 0.964602 0.000000 0.000000
0.000000 0.433500 0.485170 0.006079 0.075251
0.944805 0.000053 0.031444 0.023583 0.000115
0.093064 0.005616 0.524159 0.360382 0.016779
0.948453 0.000160 0.030427 0.015751 0.005208
0.002561 0.972473 0.021846 0.002824 0.000296
0.037871 0.052977 0.293610 0.547536 0.068006
0.091426 0.116419 0.170638 0.562824 0.058694
0.034102 0.166232 0.421424 0.247412 0.130830
0.113462 0.154958 0.563374 0.116749 0.051456
0.001218 0.087577 0.271746 0.598765 0.040695
0.001987 0.180339 0.100248 0.702588 0.014838
0.002568 0.925649 0.044978 0.025315 0.001489
0.971652 0.000018 0.023419 0.004336 0.000575
0.005251 0.005583 0.262661 0.725442 0.001064
0.002407 0.008410 0.152201 0.835202 0.001780
0.000000 0.033507 0.934569 0.008536 0.023388
0.957515 0.000888 0.015868 0.024075 0.001653
0.001989 0.036284 0.135030 0.824324 0.002372
0.000165 0.510084 0.148347 0.341088 0.000316
0.012775 0.012099 0.199804 0.703314 0.072008
0.032272 0.640607 0.281263 0.044456 0.001402
0.044540 0.023974 0.182646 0.710932 0.037908
0.000205 0.020614 0.094116 0.149205 0.735859
0.000907 0.605553 0.176963 0.044119 0.172458
0.002557 0.956933 0.029501 0.010316 0.000694
0.053924 0.127719 0.524981 0.293155 0.000221
0.029672 0.020588 0.724029 0.225383 0.000328
0.001302 0.016380 0.200011 0.778644 0.003663
0.000344 0.488689 0.501561 0.008549 0.000858
0.039610 0.030516 0.304724 0.565265 0.059885
0.011461 0.060885 0.298105 0.622270 0.007279
0.018068 0.006958 0.099076 0.845820 0.030078
0.000000 0.000000 0.203445 0.661181 0.135374
0.005957 0.074092 0.187219 0.720801 0.011930
0.002607 0.912835 0.051426 0.031325 0.001807
0.068199 0.402280 0.371712 0.096383 0.061426
0.004209 0.006040 0.222221 0.766215 0.001315
0.001748 0.006864 0.045858 0.937986 0.007544
0.006035 0.199669 0.686230 0.043876 0.064191
0.022325 0.000000 0.259255 0.713341 0.005078
0.076044 0.535591 0.323632 0.030747 0.033986
0.956050 0.000893 0.016078 0.025231 0.001748
0.001410 0.025161 0.112912 0.858206 0.002311
0.061300 0.043592 0.269810 0.623861 0.001436
0.016333 0.230094 0.249142 0.503515 0.000916
0.000000 0.030815 0.644468 0.324067 0.000649
0.000000 0.034756 0.946243 0.007045 0.011957
0.002523 0.008871 0.050207 0.930865 0.007534
0.000153 0.017283 0.082142 0.153499 0.746924
0.003013 0.007461 0.053012 0.929143 0.007372
0.003435 0.857350 0.081470 0.054725 0.003019
0.029130 0.551504 0.129113 0.286596 0.003658
0.005957 0.038142 0.297232 0.399398 0.259271
0.971761 0.000018 0.023385 0.004281 0.000555
0.004313 0.006509 0.226236 0.761642 0.001299
0.003097 0.000000 0.900338 0.032074 0.064491
0.970650 0.000020 0.023729 0.004844 0.000757
0.011655 0.010232 0.101927 0.870063 0.006123
0.000262 0.067921 0.064037 0.857613 0.010166
0.038518 0.163323 0.413147 0.384497 0.000514
0.000789 0.579630 0.176276 0.049863 0.193443
0.013282 0.064346 0.052478 0.702931 0.166963
0.000152 0.469513 0.141945 0.388060 0.000330
0.000017 0.019601 0.121682 0.023592 0.835107
0.005335 0.709782 0.128023 0.156800 0.000060
0.967339 0.000027 0.024753 0.006521 0.001360
0.000930 0.785815 0.122157 0.014548 0.076550
0.005571 0.001060 0.062982 0.919998 0.010389
0.000000 0.472402 0.184909 0.333805 0.008884
0.000837 0.147469 0.721493 0.034890 0.095311
0.001416 0.016196 0.214776 0.764536 0.003076
0.000000 0.379722 0.502793 0.011050 0.106435
0.002051 0.651143 0.165117 0.178399 0.003290
0.014922 0.001967 0.386353 0.521040 0.075719
0.000000 0.071475 0.881995 0.012433 0.034097
0.006087 0.217970 0.429006 0.342879 0.004058
0.863398 0.014356 0.039037 0.069496 0.013712
0.000000 0.183032 0.705204 0.024901 0.086864
0.022969 0.006161 0.166127 0.800696 0.004047
0.025594 0.027655 0.248739 0.629706 0.068306
0.964569 0.000032 0.025610 0.007922 0.001867
0.003267 0.060145 0.183805 0.750287 0.002496
0.058915 0.044151 0.261106 0.634229 0.001599
0.000000 0.268188 0.460609 0.245941 0.025261
0.020512 0.001258 0.131694 0.846460 0.000074
0.000007 0.013427 0.079329 0.024707 0.882530
0.303282 0.020078 0.147272 0.472509 0.056859
0.044202 0.016044 0.325778 0.561615 0.052361
0.002118 0.132006 0.161513 0.696924 0.007438
0.966058 0.000621 0.014688 0.017551 0.001082
0.002557 0.962518 0.026745 0.007630 0.000551
0.000359 0.010643 0.119538 0.806926 0.062534
0.002237 0.002203 0.088727 0.870282 0.036551
0.017380 0.001530 0.122017 0.850948 0.008125
0.001979 0.064532 0.165373 0.760566 0.007549
0.070040 0.205114 0.334993 0.383321 0.006532
0.003350 0.868814 0.075541 0.049548 0.002747
0.970403 0.000504 0.014085 0.014215 0.000793
0.000024 0.065471 0.078287 0.855751 0.000467
0.016049 0.300172 0.093188 0.586051 0.004540
0.034316 0.005679 0.230442 0.727379 0.002184
0.000000 0.083162 0.751211 0.022075 0.143551
0.017159 0.023218 0.215517 0.671570 0.072536
0.006882 0.427393 0.137245 0.414634 0.013846
0.006259 0.001850 0.061754 0.901083 0.029054
0.002808 0.848469 0.083831 0.061490 0.003402
0.002561 0.972171 0.021994 0.002970 0.000304
0.000587 0.051519 0.921559 0.025555 0.000780
0.003451 0.001122 0.052386 0.932152 0.010889
0.002459 0.792683 0.153641 0.049169 0.002047
0.000329 0.098651 0.071886 0.818620 0.010514
0.000135 0.171397 0.738819 0.085521 0.004129
0.003550 0.057258 0.058981 0.874816 0.005395
0.003309 0.029873 0.965226 0.001398 0.000194
0.002558 0.965610 0.025222 0.006138 0.000472
0.000000 0.378661 0.261026 0.338388 0.021925
0.970451 0.007686 0.013026 0.007527 0.001310
0.008934 0.001017 0.079782 0.900633 0.009634
0.921607 0.006311 0.035000 0.032860 0.004221
0.213795 0.514044 0.159981 0.091901 0.020280
0.002364 0.010762 0.952522 0.034351 0.000000
0.970800 0.000020 0.023683 0.004767 0.000730
0.006817 0.427011 0.125603 0.440569 0.000000
0.000179 0.556584 0.155695 0.287242 0.000300
0.000000 0.440547 0.285385 0.253715 0.020353
0.024592 0.213254 0.121937 0.638774 0.001443
0.000987 0.286802 0.224702 0.477846 0.009663
0.000416 0.134392 0.820215 0.043113 0.001865
0.918828 0.006291 0.020585 0.049750 0.004546
0.026376 0.001089 0.159662 0.812813 0.000061
0.000000 0.031418 0.440588 0.517711 0.010283
0.000339 0.055930 0.074353 0.859881 0.009496
0.030314 0.014609 0.571891 0.363862 0.019324
0.193608 0.012867 0.387947 0.292534 0.113044
0.000614 0.124136 0.211653 0.618611 0.044986
0.000000 0.003527 0.788880 0.128656 0.078937
0.971677 0.000018 0.023412 0.004324 0.000570
0.000005 0.006803 0.073153 0.026562 0.893478
0.014035 0.019358 0.107819 0.465456 0.393332
0.978630 0.000288 0.012943 0.007893 0.000246
0.012775 0.797233 0.124815 0.064909 0.000268
0.006812 0.113836 0.068225 0.805956 0.005171
0.015142 0.018604 0.208204 0.685603 0.072447
0.133542 0.069817 0.636922 0.116226 0.043494
0.962165 0.000039 0.026351 0.009134 0.002311
0.000018 0.016821 0.125704 0.024469 0.832989
0.006264 0.351601 0.158569 0.482584 0.000982
0.891181 0.000398 0.048038 0.044252 0.016131
0.012404 0.059615 0.051860 0.708473 0.167649
0.044369 0.047586 0.208006 0.697447 0.002592
0.009971 0.142100 0.603329 0.243081 0.001519
0.000689 0.548257 0.178643 0.056260 0.216151
0.055046 0.128187 0.046195 0.484391 0.286181
0.006468 0.027669 0.072160 0.885713 0.007990
0.000030 0.007482 0.185567 0.028206 0.778715
0.002450 0.044872 0.152637 0.797624 0.002416
0.028337 0.668633 0.254776 0.046593 0.001662
0.008390 0.001038 0.077066 0.903742 0.009765
0.003993 0.207598 0.721340 0.067059 0.000010
0.061329 0.043586 0.269916 0.623735 0.001434
0.006855 0.407437 0.152809 0.432001 0.000898
0.002110 0.110469 0.133326 0.740341 0.013755
0.896093 0.009784 0.036775 0.048961 0.008387
0.040225 0.584016 0.334749 0.040132 0.000878
0.000137 0.137644 0.115256 0.744203 0.002760
0.042988 0.273303 0.387625 0.190045 0.106039
0.001962 0.001200 0.043186 0.953537 0.000115
0.037709 0.000877 0.223589 0.734479 0.003346
0.270622 0.074492 0.250497 0.372296 0.032093
0.009348 0.009975 0.188121 0.750715 0.041841
0.041158 0.577367 0.341028 0.039630 0.000817
0.956790 0.007516 0.014994 0.018518 0.002181
0.000083 0.022998 0.042076 0.924763 0.010080
0.000000 0.047739 0.551214 0.382695 0.018351
0.001732 0.031116 0.125215 0.839596 0.002341
0.000000 0.091417 0.149549 0.729861 0.029173
0.002262 0.424832 0.489692 0.083195 0.000018
0.015178 0.054605 0.372764 0.553317 0.004135
0.000000 0.094714 0.142845 0.329144 0.433298
0.001838 0.007271 0.046362 0.936976 0.007553
0.002523 0.008256 0.961901 0.027320 0.000000
0.000801 0.660779 0.151761 0.036515 0.150144
0.002752 0.011250 0.051453 0.926909 0.007636
0.000186 0.067381 0.191137 0.740973 0.000324
0.000005 0.008839 0.072965 0.025956 0.892234
0.000006 0.006054 0.077563 0.026855 0.889522
0.000005 0.010013 0.072616 0.025604 0.891762
0.012761 0.599969 0.290896 0.096317 0.000058
0.000000 0.093513 0.069878 0.295037 0.541573
0.008814 0.006660 0.085906 0.892241 0.006377
0.000765 0.722920 0.218761 0.057538 0.000016
0.003260 0.002079 0.049429 0.945116 0.000117
0.015211 0.054556 0.373436 0.552690 0.004107
0.000044 0.129545 0.088432 0.781533 0.000445
0.002397 0.009866 0.954769 0.032969 0.000000
0.004571 0.000420 0.465490 0.515941 0.013578
0.017601 0.286609 0.020578 0.373161 0.302050
0.038991 0.053569 0.188155 0.716325 0.002960
0.032036 0.133216 0.172451 0.413043 0.249254
0.028165 0.116438 0.137276 0.715570 0.002551
0.070637 0.011051 0.280534 0.637145 0.000633
0.000000 0.858272 0.024946 0.110601 0.006180
0.639175 0.082569 0.050156 0.181651 0.046449
0.002415 0.009788 0.049577 0.930613 0.007606
0.003598 0.014094 0.056185 0.918459 0.007664
0.010736 0.014793 0.096619 0.871313 0.006539
0.000166 0.516157 0.149306 0.334056 0.000314
0.000184 0.079824 0.189440 0.730227 0.000324
0.918090 0.000125 0.034843 0.046566 0.000375
0.000652 0.034734 0.947243 0.017066 0.000306
0.002233 0.811061 0.135276 0.049833 0.001597
0.015394 0.245839 0.019980 0.402477 0.316309
0.000098 0.023164 0.044055 0.922679 0.010005
0.002493 0.001808 0.198669 0.680386 0.116644
0.000413 0.048958 0.350130 0.600373 0.000126
0.974362 0.000403 0.013535 0.011170 0.000530
0.056483 0.101986 0.238605 0.602302 0.000624
0.026876 0.037209 0.252178 0.613322 0.070416
0.000000 0.337611 0.516785 0.014925 0.130679
0.699532 0.034805 0.050726 0.174299 0.040638
0.000062 0.187958 0.097560 0.713994 0.000425
0.041013 0.000000 0.407800 0.549466 0.001722
0.000000 0.046109 0.953891 -0.000000 0.000000
0.007921 0.824821 0.077440 0.080652 0.009166
0.003953 0.000000 0.956267 0.017535 0.022245
0.000213 0.287085 0.652883 0.056910 0.002908
0.000935 0.790262 0.121123 0.013764 0.073917
0.005013 0.128990 0.164420 0.689097 0.012480
0.031992 0.070041 0.070279 0.673688 0.154000
0.970512 0.007686 0.013017 0.007479 0.001306
0.000207 0.248837 0.510020 0.056989 0.183947
0.970455 0.000020 0.023790 0.004943 0.000792
0.001428 0.081645 0.115820 0.786822 0.014285
0.646450 0.087310 0.048955 0.172608 0.044676
0.545411 0.071572 0.059647 0.259212 0.064157
0.935302 0.000071 0.032653 0.031769 0.000205
0.319442 0.081223 0.269483 0.305866 0.023985
0.000000 0.573374 0.046687 0.069282 0.310657
0.000000 0.127463 0.584589 0.034528 0.253420
0.001215 0.012972 0.973812 -0.000000 0.012001
0.933328 0.004934 0.034159 0.025294 0.002285
0.019917 0.100442 0.116553 0.758820 0.004269
0.000133 0.412134 0.132894 0.454489 0.000349
0.004497 0.250061 0.164282 0.580009 0.001152
0.000473 0.380328 0.146880 0.470422 0.001896
0.000160 0.018245 0.083609 0.152121 0.745866
0.005988 0.311429 0.219056 0.282240 0.181288
0.000018 0.017125 0.127521 0.024410 0.830926
0.002561 0.972426 0.021869 0.002846 0.000297
0.029086 0.206184 0.340907 0.423158 0.000666
0.014470 0.016929 0.117734 0.844812 0.006056
0.000114 0.100735 0.139047 0.759718 0.000385
0.006749 0.005182 0.320809 0.666554 0.000707
0.002560 0.969272 0.023420 0.004370 0.000378
0.000154 0.017344 0.082412 0.153423 0.746667
0.001408 0.016208 0.213805 0.765463 0.003115
0.005234 0.021755 0.065293 0.899873 0.007845
0.000000 0.005407 0.628685 0.171705 0.194203
0.037270 0.014088 0.171175 0.775922 0.001545
0.019073 0.120012 0.112572 0.744016 0.004327
0.000380 0.206522 0.751777 0.039485 0.001836
0.061330 0.043586 0.269919 0.623732 0.001434
0.953220 0.001512 0.016380 0.026910 0.001977
0.017748 0.001228 0.118501 0.862442 0.000080
0.007259 0.004849 0.068667 0.919101 0.000124
0.023944 0.023904 0.122365 0.450359 0.379428
0.000028 0.053771 0.152291 0.014394 0.779516
0.000000 0.329690 0.651658 0.018601 0.000051
0.000251 0.065747 0.062637 0.861190 0.010175
0.019969 0.040957 0.113464 0.823402 0.002208
0.007745 0.444418 0.152418 0.394588 0.000831
0.000000 0.038893 0.322900 0.620293 0.017914
0.000000 0.205485 0.688485 0.023382 0.082648
0.003742 0.006338 0.204085 0.784405 0.001430
0.094095 0.005555 0.528315 0.355956 0.016078
0.021121 0.004026 0.108759 0.839921 0.026174
0.003340 0.028507 0.966654 0.001330 0.000170
0.002905 0.956832 0.030673 0.008980 0.000610
0.005851 0.001927 0.060465 0.902490 0.029267
0.785607 0.061645 0.039992 0.090086 0.022671
0.000000 0.210347 0.633614 0.018543 0.137496
0.000032 0.006474 0.195195 0.028666 0.769634
0.007490 0.008035 0.909216 0.059642 0.015617
0.014387 0.764086 0.185112 0.036415 0.000000
0.246532 0.005797 0.662737 0.076305 0.008629
0.800681 0.050164 0.040078 0.087903 0.021174
0.041792 0.059359 0.143479 0.392526 0.362844
0.000000 0.033449 0.934787 0.008520 0.023243
0.052693 0.128005 0.676787 0.142515 0.000000
0.003332 0.028857 0.966288 0.001347 0.000176
0.000050 0.137486 0.091904 0.770121 0.000440
0.968875 0.000023 0.024278 0.005743 0.001080
0.002142 0.057728 0.593922 0.199147 0.147060
0.089338 0.182785 0.479312 0.244647 0.003917
0.003348 0.931694 0.044509 0.019308 0.001141
0.002059 0.008247 0.047590 0.934531 0.007574
0.003442 0.931115 0.045097 0.019213 0.001133
0.000999 0.371237 0.257305 0.081030 0.289430
0.003562 0.000000 0.931065 0.024209 0.041164
0.958923 0.001065 0.015637 0.022800 0.001576
0.001718 0.060550 0.880854 0.056877 0.000000
0.000000 0.046212 0.922589 0.009495 0.021704
0.014400 0.455115 0.196274 0.333541 0.000670
0.008205 0.493157 0.146997 0.350883 0.000758
0.007271 0.005058 0.341037 0.646051 0.000583
0.003114 0.335868 0.426143 0.059385 0.175491
0.000704 0.020834 0.122556 0.849082 0.006824
0.028827 0.000975 0.596430 0.347558 0.026210
0.000076 0.018438 0.041283 0.930190 0.010014
0.000102 0.011010 0.071960 0.162487 0.754441
0.001622 0.830996 0.055421 0.111910 0.000052
0.008973 0.011463 0.184583 0.720643 0.074338
0.000000 0.638269 0.040191 0.306733 0.014807
0.002524 0.000000 0.850672 0.040025 0.106778
0.939573 0.000451 0.032806 0.019218 0.007952
0.941034 0.000061 0.031923 0.026831 0.000151
0.002312 0.141379 0.839156 0.017152 0.000000
0.002902 0.000000 0.886349 0.035185 0.075564
0.002531 0.855490 0.079473 0.059214 0.003292
0.000000 0.082060 0.027840 0.280477 0.609624
0.001159 0.006871 0.342581 0.188295 0.461094
0.000395 0.436397 0.127756 0.433578 0.001874
0.044076 0.759178 0.047362 0.075709 0.073675
0.944476 0.001741 0.017597 0.033628 0.002558
0.978444 0.000293 0.012969 0.008036 0.000258
0.002832 0.003307 0.418915 0.559542 0.015405
0.971653 0.000018 0.023419 0.004336 0.000574
0.011482 0.176428 0.047915 0.519493 0.244683
0.133296 0.249085 0.167483 0.404435 0.045701
0.020033 0.001333 0.135268 0.835937 0.007429
0.191297 0.174097 0.202724 0.391868 0.040013
0.019671 0.010453 0.104114 0.832791 0.032971
0.000875 0.016137 0.181426 0.744038 0.057524
0.969638 0.000022 0.024042 0.005356 0.000941
0.011272 0.013052 0.099698 0.869628 0.006350
0.032155 0.159422 0.378304 0.421501 0.008617
0.000378 0.050412 0.326341 0.622713 0.000156
0.017703 0.332399 0.097709 0.547762 0.004428
0.006672 0.063599 0.672649 0.257080 0.000000
0.945554 0.001243 0.031612 0.021147 0.000445
0.004997 0.048405 0.613004 0.324276 0.009318
0.000000 0.138155 0.731515 0.029455 0.100874
0.931819 0.005901 0.018779 0.039822 0.003679
0.010767 0.665618 0.134222 0.188913 0.000481
0.000000 0.061020 0.852738 0.013887 0.072356
0.976483 0.000344 0.013241 0.009543 0.000389
0.052644 0.103964 0.225066 0.617587 0.000739
0.000000 0.136138 0.030191 0.257185 0.576486
0.002660 0.006060 0.811409 0.176418 0.003452
0.945751 0.000051 0.031323 0.022769 0.000106
0.002561 0.962322 0.026855 0.007708 0.000555
0.028400 0.142414 0.736945 0.090118 0.002123
0.014102 0.019355 0.107922 0.465393 0.393228
0.952738 0.000056 0.029273 0.013913 0.004020
0.003973 0.016012 0.058272 0.914028 0.007715
0.022702 0.019014 0.877118 0.081167 0.000000
0.000650 0.010256 0.083903 0.902964 0.002226
0.000000 0.093874 0.852270 0.013703 0.040153
0.208562 0.012331 0.411266 0.278180 0.089660
0.906788 0.006919 0.022225 0.058701 0.005367
0.000006 0.006460 0.075705 0.026705 0.891124
0.004482 0.250773 0.164055 0.579539 0.001151
0.000051 0.150281 0.092072 0.757158 0.000438
0.000522 0.022492 0.099002 0.870187 0.007797
0.000552 0.019165 0.434286 0.518986 0.027011
0.037865 0.083908 0.821494 0.055797 0.000935
0.002803 0.007624 0.051823 0.930333 0.007416
0.000000 0.086885 0.056959 0.291945 0.564211
0.002564 0.850179 0.082201 0.061637 0.003419
0.047749 0.141994 0.480171 0.329747 0.000338
0.977886 0.000308 0.013046 0.008464 0.000295
0.001290 0.247561 0.745185 0.004500 0.001464
0.003726 0.936304 0.043452 0.015588 0.000930
0.006132 0.003099 0.061344 0.899102 0.030322
0.059047 0.044120 0.261588 0.633655 0.001589
0.034796 0.024519 0.162664 0.776333 0.001688
0.019912 0.092195 0.057528 0.668441 0.161923
0.002690 0.249072 0.109370 0.624959 0.013909
0.005247 0.077270 0.064228 0.847977 0.005278
0.059914 0.008327 0.390371 0.501827 0.039560
0.931993 0.005091 0.034255 0.026156 0.002506
0.854883 0.021065 0.038947 0.070566 0.014539
0.002915 0.192112 0.176598 0.621361 0.007013
0.003841 0.015717 0.057528 0.915195 0.007719
0.003232 0.033518 0.961434 0.001563 0.000252
0.001126 0.000000 0.770033 0.065838 0.163004
0.007826 0.072596 0.073835 0.840642 0.005101
0.012781 0.607804 0.063076 0.315114 0.001225
0.072881 0.379341 0.453916 0.091264 0.002598
0.002664 0.000000 0.102227 0.887655 0.007454
0.039416 0.027017 0.223335 0.710051 0.000181
0.000000 0.152166 0.790273 0.013730 0.043831
0.000011 0.005914 0.098265 0.027232 0.868578
0.015416 0.001639 0.107400 0.875457 0.000088
0.004148 0.000000 0.968748 0.014208 0.012895
0.001416 0.016196 0.214784 0.764527 0.003076
0.004489 0.175795 0.053151 0.764441 0.002124
0.000000 0.202549 0.191723 0.579308 0.026420
0.802907 0.113439 0.032341 0.037029 0.014284
0.000309 0.005305 0.113969 0.820718 0.059699
0.924506 0.005970 0.034792 0.030989 0.003742
0.948217 0.000047 0.031009 0.020644 0.000083
0.000000 0.392024 0.607976 0.000000 0.000000
0.942880 0.001936 0.017794 0.034713 0.002676
0.003549 0.059475 0.058874 0.872707 0.005396
0.000000 0.062764 0.256600 0.658420 0.022216
0.000000 0.029711 0.956701 0.005957 0.007631
0.013589 0.001653 0.098685 0.885981 0.000092
0.004789 0.040571 0.241645 0.650501 0.062495
0.006018 0.013177 0.933776 0.039985 0.007044
0.002528 0.868663 0.072965 0.052889 0.002955
0.000010 0.019204 0.089488 0.023183 0.868116
0.000618 0.239096 0.186273 0.572001 0.002012
0.003361 0.010268 0.054924 0.923968 0.007479
0.035972 0.001007 0.205449 0.757533 0.000039
0.000378 0.063104 0.792629 0.000000 0.143889
0.971768 0.000018 0.023384 0.004278 0.000553
0.041011 0.578409 0.340045 0.039709 0.000827
0.001524 0.091618 0.580926 0.304886 0.021046
0.002562 0.973144 0.021516 0.002499 0.000279
0.005104 0.914100 0.058849 0.020792 0.001155
0.969565 0.000556 0.014196 0.014831 0.000851
0.000030 0.014405 0.184593 0.026151 0.774821
0.005218 0.042989 0.246644 0.643182 0.061968
0.001309 0.001281 0.075737 0.885627 0.036045
0.002375 0.003540 0.363719 0.607052 0.023314
0.002561 0.971982 0.022087 0.003061 0.000309
0.003253 0.013132 0.054254 0.921697 0.007664
0.933109 0.004960 0.034175 0.025435 0.002321
0.003514 0.014764 0.194963 0.785127 0.001632
0.013123 0.390102 0.198940 0.397055 0.000782
0.000428 0.094878 0.200390 0.657004 0.047301
0.978397 0.000294 0.012976 0.008072 0.000261
0.000534 0.062838 0.160656 0.090533 0.685439
0.002948 0.012055 0.052547 0.924799 0.007651
0.000026 0.006800 0.167624 0.028109 0.797441
0.005569 0.004047 0.243924 0.632705 0.113755
0.001924 0.490918 0.288830 0.049573 0.168756
0.034474 0.116674 0.756968 0.085815 0.006068
0.933187 0.004951 0.034169 0.025385 0.002308
0.933347 0.004932 0.034158 0.025282 0.002282
0.003849 0.362904 0.122507 0.475016 0.035723
0.007617 0.369146 0.164788 0.457518 0.000930
0.088351 0.201575 0.498785 0.141060 0.070229
0.002825 0.958178 0.029750 0.008652 0.000595
0.012775 0.797231 0.124815 0.064911 0.000268
0.007230 0.016965 0.072706 0.900727 0.002372
0.972953 0.000460 0.013727 0.012235 0.000625
0.001440 0.581896 0.224193 0.041056 0.151415
0.000000 0.029093 0.490849 0.473030 0.007029
0.000180 0.007425 0.093264 0.169511 0.729620
0.066553 0.001360 0.252515 0.671244 0.008328
0.002598 0.007293 0.966148 0.023961 0.000000
0.001442 0.593178 0.338127 0.067236 0.000017
0.008851 0.139288 0.074466 0.772364 0.005031
0.956010 0.000067 0.028225 0.012196 0.003502
0.013564 0.010898 0.360547 0.505296 0.109695
0.000000 0.243536 0.696463 0.013056 0.046945
0.000000 0.092429 0.125608 0.321943 0.460020
0.933979 0.005639 0.018506 0.038355 0.003521
0.000646 0.727388 0.139722 0.131229 0.001016
0.004124 0.001937 0.053539 0.940286 0.000114
0.003314 0.000000 0.912191 0.027961 0.056534
0.000017 0.018943 0.122165 0.023792 0.835082
0.126918 0.115099 0.502200 0.253774 0.002008
0.849218 0.005593 0.030701 0.105505 0.008984
0.096278 0.152093 0.535148 0.147080 0.069400
0.003389 0.863033 0.078521 0.052172 0.002885
0.870562 0.023384 0.037307 0.057220 0.011528
0.589297 0.075776 0.055312 0.223648 0.055967
0.000651 0.007418 0.213235 0.177957 0.600738
0.890734 0.010358 0.037167 0.052463 0.009278
0.008415 0.357124 0.445545 0.188905 0.000011
0.000000 0.045837 0.129817 0.793881 0.030465
0.014391 0.007571 0.087435 0.858683 0.031921
0.002109 0.033135 0.922029 0.042726 0.000000
0.000426 0.455634 0.130921 0.411219 0.001801
0.002554 0.952986 0.031441 0.012223 0.000795
0.015013 0.717002 0.066066 0.200924 0.000995
0.001468 0.000000 0.790237 0.059544 0.148751
0.000167 0.004637 0.096841 0.836689 0.061665
0.000336 0.476011 0.511071 0.011595 0.000987
0.281293 0.017018 0.143231 0.499252 0.059208
0.000609 0.004555 0.150248 0.790521 0.054067
0.002394 0.010356 0.954229 0.033021 0.000000
0.311269 0.055859 0.432797 0.162629 0.037445
0.001617 0.456632 0.206390 0.328403 0.006957
0.960661 0.001016 0.015396 0.021467 0.001460
0.002657 0.006078 0.810785 0.176989 0.003491
0.001429 0.020045 0.113845 0.862465 0.002216
0.000000 0.031183 0.953638 0.006277 0.008902
0.002686 0.006169 0.971106 0.020039 -0.000000
0.971167 0.000486 0.013979 0.013626 0.000742
0.943466 0.000056 0.031614 0.024737 0.000128
0.166009 0.044132 0.704341 0.071307 0.014211
0.008710 0.808987 0.122335 0.057023 0.002945
0.000000 0.195574 0.658432 0.017740 0.128254
0.025076 0.030319 0.130610 0.812002 0.001992
0.002559 0.968895 0.023606 0.004552 0.000388
0.001215 0.012961 0.973854 0.000000 0.011969
0.000000 0.086046 0.871679 0.011335 0.030940
0.005485 0.003207 0.062658 0.916905 0.011745
0.008948 0.863701 0.096105 0.029759 0.001488
0.001658 0.007328 0.469526 0.197289 0.324199
0.002683 0.006213 0.970913 0.020192 0.000000
0.964902 0.000699 0.014841 0.018395 0.001163
0.000000 0.111378 0.752603 0.018304 0.117715
0.032022 0.209301 0.398073 0.233970 0.126634
0.033712 0.001018 0.194667 0.770558 0.000044
0.975602 0.000368 0.013363 0.010220 0.000447
0.005820 0.206473 0.668089 0.045538 0.074080
0.000335 0.360891 0.125448 0.511235 0.002092
0.649945 0.072139 0.050479 0.181828 0.045610
0.948493 0.000046 0.030974 0.020406 0.000080
0.035278 0.060926 0.300113 0.598640 0.005042
0.000000 0.290924 0.035792 0.190231 0.483052
0.000000 0.240884 0.045748 0.217368 0.496000
0.010134 0.139614 0.610482 0.238364 0.001405
0.002722 0.003361 0.405606 0.571002 0.017309
0.025313 0.347723 0.290127 0.336269 0.000567
0.000157 0.060113 0.171365 0.768015 0.000350
0.978334 0.000296 0.012984 0.008120 0.000266
0.968836 0.000561 0.014300 0.015405 0.000898
0.000000 0.232644 0.552385 0.024518 0.190453
0.006037 0.825830 0.105408 0.059547 0.003179
0.927031 0.000107 0.037244 0.026921 0.008697
0.000585 0.017553 0.146187 0.772216 0.063459
0.003755 0.002115 0.053957 0.928733 0.011440
0.675244 0.091814 0.045919 0.147904 0.039119
0.947978 0.007410 0.016265 0.025603 0.002743
0.046979 0.117941 0.125665 0.690164 0.019252
0.032263 0.000000 0.338132 0.626583 0.003022
0.000000 0.133180 0.582702 0.033999 0.250120
0.000000 0.037666 0.919085 0.009682 0.033567
0.002559 0.967366 0.024358 0.005290 0.000427
0.066589 0.013937 0.423228 0.493316 0.002930
0.933213 0.004948 0.034167 0.025368 0.002304
0.000052 0.066987 0.097810 0.834708 0.000442
0.334652 0.046924 0.315139 0.300161 0.003125
0.004012 0.014904 0.062252 0.916389 0.002443
0.006401 0.040334 0.303073 0.393508 0.256684
0.002496 0.001565 0.045751 0.950073 0.000116
0.956435 0.000051 0.028124 0.012034 0.003357
0.006020 0.220586 0.425687 0.343618 0.004089
0.971529 0.000018 0.023457 0.004398 0.000597
0.018971 0.353373 0.456985 0.170593 0.000078
0.000090 0.276008 0.111483 0.612024 0.000395
0.084761 0.060888 0.282149 0.555506 0.016696
0.000418 0.048729 0.353924 0.596807 0.000121
0.004873 0.076228 0.062916 0.850678 0.005304
0.000447 0.497384 0.130118 0.370357 0.001695
0.001204 0.127320 0.297272 0.572632 0.001572
0.933274 0.004940 0.034163 0.025329 0.002294
0.933336 0.004933 0.034158 0.025289 0.002284
0.000978 0.830873 0.111619 0.006615 0.049915
0.933262 0.004942 0.034164 0.025337 0.002296
0.002388 0.075775 0.115745 0.791102 0.014991
0.000251 0.065920 0.062665 0.860986 0.010178
0.002720 0.011106 0.051278 0.927262 0.007633
0.000057 0.005994 0.062671 0.169644 0.761633
0.000020 0.014546 0.136382 0.025310 0.823743
0.003927 0.067611 0.059873 0.863219 0.005369
0.001652 0.007322 0.468021 0.197180 0.325824
0.978633 0.000288 0.012943 0.007890 0.000246
0.962613 0.000713 0.015167 0.020196 0.001311
0.000114 0.271223 0.128559 0.599730 0.000374
0.000000 0.444826 0.481450 0.005033 0.068691
0.148641 0.027111 0.390130 0.260061 0.174057
0.004027 0.014878 0.062301 0.916351 0.002442
0.161339 0.047803 0.694662 0.077772 0.018424
0.968649 0.007663 0.013286 0.008977 0.001425
0.000164 0.018667 0.084570 0.151537 0.745061
0.000085 0.256548 0.108739 0.634226 0.000401
0.977512 0.000317 0.013098 0.008752 0.000320
0.119015 0.441411 0.136504 0.292044 0.011025
0.005923 0.014028 0.928671 0.042779 0.008600
0.003260 0.012968 0.054295 0.921824 0.007653
0.955360 0.001246 0.016117 0.025457 0.001819
0.003373 0.001546 0.049936 0.945031 0.000114
0.978106 0.000302 0.013016 0.008296 0.000281
0.000095 0.007505 0.488982 0.033493 0.469925
0.948488 0.000046 0.030975 0.020410 0.000080
0.002686 0.009375 0.051119 0.929283 0.007537
0.021568 0.001272 0.486952 0.438899 0.051310
0.002557 0.961076 0.027458 0.008321 0.000588
0.000408 0.006711 0.074622 0.916038 0.002221
0.000034 0.014236 0.203867 0.026523 0.755339
0.033648 0.005703 0.226658 0.731697 0.002293
0.821125 0.116499 0.030417 0.021220 0.010739
0.000868 0.840035 0.149546 0.009546 0.000005
0.676734 0.042564 0.051754 0.185064 0.043883
0.971768 0.000018 0.023383 0.004278 0.000553
0.029071 0.184554 0.344607 0.441074 0.000694
0.007363 0.004198 0.069125 0.919194 0.000120
0.166197 0.043984 0.704732 0.071046 0.014041
0.000569 0.017198 0.144253 0.774489 0.063491
0.004374 0.240882 0.165053 0.588525 0.001166
0.960932 0.000998 0.015360 0.021269 0.001441
0.032795 0.185513 0.369990 0.411092 0.000611
0.086536 0.006007 0.497850 0.388389 0.021218
0.932960 0.004977 0.034185 0.025532 0.002346
0.000000 0.109955 0.868164 0.021837 0.000044
0.002498 0.001812 0.198744 0.680306 0.116640
0.041481 0.157571 0.434471 0.366021 0.000456
0.000000 0.283757 0.649512 0.013967 0.052764
0.000141 0.103844 0.157323 0.738331 0.000362
0.002557 0.964416 0.025810 0.006714 0.000503
0.000415 0.048839 0.352110 0.598512 0.000124
0.830013 0.040993 0.038658 0.073420 0.016916
0.003215 0.089697 0.629009 0.154546 0.123533
0.007270 0.005058 0.341007 0.646082 0.000583
0.009342 0.004637 0.071487 0.883788 0.030746
0.978413 0.000294 0.012973 0.008060 0.000260
0.001543 0.077283 0.858532 0.062642 0.000000
0.000138 0.115451 0.154800 0.729248 0.000363
0.000024 0.065419 0.078849 0.855240 0.000467
0.048250 0.004696 0.163372 0.783523 0.000159
0.029656 0.040939 0.262710 0.596970 0.069726
0.009869 0.495376 0.265609 0.229146 0.000000
0.000000 0.110134 0.848121 0.010906 0.030839
0.000068 0.018459 0.040297 0.931122 0.010054
0.000138 0.106352 0.155611 0.737535 0.000363
0.004215 0.017799 0.059606 0.910599 0.007780
0.969387 0.000022 0.024120 0.005484 0.000987
0.977832 0.000309 0.013054 0.008506 0.000299
0.947844 0.000159 0.030620 0.016068 0.005308
0.975173 0.000380 0.013423 0.010548 0.000476
0.560444 0.003557 0.200455 0.224644 0.010900
0.914171 0.006193 0.021267 0.053531 0.004839
0.002501 0.001812 0.198791 0.680267 0.116629
0.978130 0.000301 0.013013 0.008277 0.000279
0.978068 0.000303 0.013021 0.008325 0.000283
0.935968 0.001475 0.018863 0.040607 0.003087
0.012660 0.789736 0.125351 0.071973 0.000280
0.933351 0.004931 0.034157 0.025279 0.002281
0.002550 0.001820 0.199523 0.679614 0.116493
0.004066 0.014885 0.062429 0.916179 0.002441
0.000106 0.007724 0.536844 0.034304 0.421022
0.000458 0.111302 0.847620 0.039016 0.001604
0.000057 0.005925 0.062580 0.169746 0.761692
0.000955 0.017109 0.155187 0.821299 0.005450
0.875277 0.006551 0.026803 0.083995 0.007374
0.006413 0.000991 0.147181 0.816970 0.028445
0.115276 0.023332 0.713383 0.147183 0.000827
0.041695 0.063113 0.853618 0.041137 0.000437
0.000017 0.019480 0.118841 0.023581 0.838081
0.121840 0.132611 0.180617 0.511863 0.053069
0.016256 0.015434 0.213254 0.684330 0.070726
0.220217 0.177451 0.397867 0.194056 0.010408
0.012718 0.051125 0.089315 0.844363 0.002478
0.000000 0.046579 0.922661 0.009396 0.021364
0.001416 0.016197 0.214761 0.764550 0.003077
0.067770 0.007447 0.422134 0.468565 0.034084
0.057380 0.154150 0.489734 0.294476 0.004260
0.015243 0.341757 0.164327 0.468440 0.010233
0.963411 0.007599 0.014040 0.013192 0.001759
0.056547 0.112688 0.706558 0.124207 0.000000
0.032105 0.776697 0.127684 0.060815 0.002699
0.974331 0.000407 0.013539 0.011191 0.000532
0.978403 0.000294 0.012975 0.008067 0.000261
0.000012 0.022299 0.094858 0.022370 0.860461
0.000193 0.113229 0.193555 0.692709 0.000314
0.000626 0.041413 0.937015 0.020451 0.000495
0.002210 0.022311 0.144080 0.829328 0.002072
0.002218 0.805224 0.136023 0.054869 0.001666
0.948836 0.000119 0.030379 0.015699 0.004967
0.004501 0.168011 0.773787 0.053696 0.000005
0.000000 0.078938 0.027722 0.281832 0.611508
0.563218 0.003516 0.201015 0.221798 0.010453
0.004720 0.446791 0.135728 0.401520 0.011241
0.002792 0.000000 0.103240 0.886543 0.007426
0.051131 0.268174 0.079141 0.464150 0.137404
0.971652 0.000018 0.023419 0.004336 0.000575
0.027053 0.033372 0.253588 0.616879 0.069109
0.931718 0.005123 0.034274 0.026333 0.002551
0.036476 0.092351 0.809202 0.060861 0.001110
0.003858 0.002172 0.054476 0.928040 0.011454
0.963267 0.001374 0.014963 0.019077 0.001319
0.228292 0.016452 0.654281 0.097559 0.003415
0.001976 0.711526 0.148021 0.135705 0.002772
0.001187 0.004387 0.220185 0.730153 0.044088
0.000000 0.031235 0.953531 0.006288 0.008946
0.002605 0.915737 0.049988 0.029937 0.001733
0.893721 0.001158 0.038150 0.066086 0.000886
0.930254 0.005368 0.019078 0.041558 0.003742
0.024622 0.065868 0.135285 0.770279 0.003945
0.894968 0.010323 0.036806 0.049371 0.008532
0.000389 0.053209 0.080877 0.856348 0.009177
0.870112 0.003317 0.028044 0.091057 0.007470
0.933959 0.000447 0.034567 0.022118 0.008909
0.011572 0.533230 0.163081 0.291484 0.000632
0.010416 0.321257 0.170946 0.464432 0.032948
0.001361 0.016285 0.207721 0.771276 0.003356
0.006961 0.405240 0.153925 0.432976 0.000898
0.873854 0.011946 0.038430 0.063664 0.012106
0.001646 0.942723 0.033199 0.022416 0.000016
0.902784 0.008951 0.036300 0.044678 0.007287
0.006688 0.004827 0.260384 0.615511 0.112591
0.977798 0.000310 0.013059 0.008532 0.000301
0.000126 0.141019 0.144530 0.713953 0.000373
0.001373 0.016265 0.209271 0.769796 0.003295
0.000006 0.011395 0.075902 0.025249 0.887447
0.000640 0.037738 0.942565 0.018663 0.000394
0.965941 0.000622 0.014705 0.017643 0.001090
0.005437 0.063422 0.065565 0.860310 0.005265
0.002562 0.973474 0.021353 0.002340 0.000270
0.405098 0.044821 0.310197 0.227830 0.012053
0.978633 0.000288 0.012943 0.007890 0.000246
0.000000 0.539569 0.045375 0.083691 0.331365
0.001146 0.016636 0.179801 0.797952 0.004466
0.880158 0.012386 0.037831 0.058680 0.010945
0.000062 0.065975 0.104631 0.828899 0.000434
0.014956 0.020799 0.108979 0.462906 0.392360
0.002660 0.006061 0.811374 0.176450 0.003455
0.002387 0.374651 0.359816 0.062478 0.200669
0.001856 0.392728 0.603375 0.001403 0.000637
0.000016 0.030613 0.110236 0.020225 0.838910
0.978409 0.000294 0.012974 0.008063 0.000261
0.000426 0.010161 0.154719 0.169541 0.665153
0.953489 0.000076 0.029000 0.013460 0.003975
0.002559 0.967855 0.024119 0.005053 0.000414
0.002561 0.971429 0.022360 0.003328 0.000323
0.000000 0.036038 0.943545 0.007329 0.013087
0.000262 0.030365 0.104566 0.135053 0.729754
0.000000 0.105041 0.730633 0.164201 0.000125
0.002560 0.969065 0.023522 0.004470 0.000383
0.019891 0.167975 0.107469 0.703009 0.001657
0.940971 0.005058 0.017588 0.033355 0.003028
0.971654 0.000018 0.023419 0.004335 0.000574
0.002648 0.916704 0.049649 0.029302 0.001698
0.946865 0.002970 0.017057 0.030613 0.002495
0.000000 0.727776 0.033452 0.227426 0.011345
0.000105 0.007719 0.535780 0.034286 0.422109
0.000089 0.008863 0.069469 0.165646 0.755933
0.112133 0.015672 0.109732 0.677342 0.085121
0.029906 0.176104 0.623442 0.170483 0.000064
0.000005 0.009614 0.072204 0.025715 0.892462
0.023962 0.017683 0.265166 0.688125 0.005064
0.000000 0.393284 0.498382 0.009792 0.098542
0.057637 0.044451 0.256440 0.639786 0.001686
0.002819 0.937605 0.039887 0.018568 0.001122
0.015001 0.369641 0.215446 0.399146 0.000766
0.046863 0.195045 0.195323 0.560128 0.002641
0.000000 0.081497 0.303501 0.595834 0.019167
0.978566 0.000290 0.012952 0.007942 0.000250
0.016436 0.008703 0.093896 0.848622 0.032342
0.000551 0.018315 0.102865 0.870715 0.007554
0.000024 0.065448 0.078400 0.855661 0.000467
0.803884 0.113603 0.032238 0.036182 0.014094
0.001416 0.016196 0.214800 0.764512 0.003075
0.000034 0.086273 0.084041 0.829195 0.000457
0.001023 0.311734 0.155774 0.519667 0.011802
0.006208 0.001194 0.063441 0.929051 0.000105
0.021707 0.097220 0.100593 0.271289 0.509192
0.038134 0.598902 0.320688 0.041261 0.001016
0.001343 0.269279 0.723888 0.004122 0.001368
0.000000 0.132626 0.605144 0.031623 0.230607
0.000931 0.145031 0.249090 0.603103 0.001846
0.038218 0.559761 0.052176 0.222745 0.127101
0.870415 0.000265 0.054775 0.055373 0.019172
0.932463 0.005036 0.034221 0.025852 0.002428
0.002622 0.849785 0.082580 0.061598 0.003415
0.953416 0.000463 0.028469 0.012060 0.005593
0.695307 0.000595 0.063379 0.238217 0.002502
0.004212 0.014981 0.059645 0.913547 0.007615
0.000013 0.006738 0.108555 0.027155 0.857539
0.978627 0.000288 0.012944 0.007895 0.000246
0.015658 0.014247 0.124527 0.839862 0.005706
0.000000 0.661448 0.200076 0.117112 0.021363
0.000000 0.105869 0.219399 0.361023 0.313710
0.970473 0.007686 0.013023 0.007509 0.001309
0.024231 0.305418 0.024261 0.359311 0.286779
0.016712 0.403489 0.221243 0.357871 0.000685
0.000043 0.007536 0.248723 0.029255 0.714443
0.002561 0.971706 0.022223 0.003194 0.000316
0.971739 0.000018 0.023392 0.004292 0.000559
0.565586 0.003481 0.201493 0.219369 0.010071
0.004108 0.387572 0.127765 0.468514 0.012041
0.000025 0.071195 0.079153 0.849161 0.000465
0.000013 0.006390 0.110000 0.027282 0.856315
0.008118 0.004182 0.067618 0.889369 0.030713
0.000895 0.076108 0.085879 0.820843 0.016275
0.002509 0.441003 0.232547 0.319014 0.004927
0.101452 0.109391 0.175821 0.555908 0.057428
0.000096 0.010633 0.070561 0.162976 0.755734
0.000000 0.033661 0.933996 0.008579 0.023764
0.949586 0.000439 0.029689 0.014123 0.006163
0.029785 0.000945 0.610864 0.335477 0.022930
0.000081 0.007250 0.068184 0.168066 0.756419
0.000028 0.065260 0.081447 0.852801 0.000463
0.001391 0.016237 0.211570 0.767599 0.003204
0.944522 0.000054 0.031480 0.023827 0.000118
0.000032 0.061480 0.166456 0.012504 0.759528
0.886727 0.010972 0.037438 0.054938 0.009925
0.007602 0.000000 0.142046 0.842682 0.007671
0.008839 0.520328 0.146571 0.323553 0.000709
0.919671 0.000431 0.039057 0.029512 0.011328
0.419361 0.005994 0.171994 0.368881 0.033770
0.017624 0.013856 0.482728 0.321527 0.164266
0.014178 0.036142 0.504124 0.443881 0.001674
0.003875 0.309467 0.491120 0.053848 0.141690
0.001215 0.012957 0.973871 0.000000 0.011956
0.025166 0.001064 0.153888 0.819818 0.000063
0.000000 0.395046 0.039797 0.145502 0.419655
0.002233 0.430578 0.330823 0.055376 0.180991
0.978630 0.000288 0.012943 0.007893 0.000246
0.066554 0.465294 0.339800 0.074442 0.053910
0.037268 0.637781 0.047455 0.168157 0.109339
0.030376 0.000927 0.619777 0.328015 0.020905
0.011334 0.002785 0.331751 0.563765 0.090365
0.098538 0.005291 0.546215 0.336896 0.013059
0.429698 0.039947 0.321038 0.200955 0.008362
0.012304 0.049764 0.088015 0.847437 0.002479
0.002562 0.973095 0.021540 0.002523 0.000280
0.042267 0.014727 0.803368 0.137905 0.001732
0.054619 0.045182 0.245421 0.652887 0.001892
0.000003 0.005655 0.065361 0.026777 0.902204
0.036017 0.001006 0.205666 0.757272 0.000039
0.009005 0.060882 0.078669 0.846425 0.005019
0.003169 0.296263 0.115559 0.571734 0.013275
0.881951 0.017013 0.037106 0.053772 0.010158
0.005338 0.236272 0.053445 0.702938 0.002007
0.000000 0.408328 0.555265 0.005872 0.030534
0.966152 0.000616 0.014676 0.017480 0.001076
0.001379 0.122856 0.092193 0.767937 0.015635
0.000426 0.564462 0.354861 0.015555 0.064696
0.033743 0.051340 0.169157 0.742439 0.003319
0.892777 0.000410 0.047520 0.043387 0.015906
0.045827 0.158870 0.120545 0.655942 0.018817
0.000086 0.007357 0.069236 0.167972 0.755350
0.035672 0.012209 0.640435 0.301180 0.010504
0.846139 0.016854 0.040222 0.080270 0.016515
0.001827 0.902280 0.043708 0.052158 0.000027
0.000351 0.063224 0.788218 0.000000 0.148207
0.952034 0.000462 0.028901 0.012774 0.005828
0.002588 0.007425 0.965583 0.024404 0.000000
0.978601 0.000289 0.012947 0.007915 0.000248
0.000976 0.025127 0.924328 -0.000000 0.049569
0.958599 0.007539 0.014734 0.017063 0.002066
0.014691 0.698735 0.256581 0.029964 0.000030
0.000000 0.030376 0.955318 0.006101 0.008205
0.007228 0.250947 0.182907 0.557827 0.001090
0.010800 0.001015 0.089107 0.889850 0.009228
0.000000 0.063646 0.825332 0.016525 0.094497
0.000074 0.020307 0.041018 0.928536 0.010065
0.000895 0.076006 0.085879 0.820945 0.016275
0.203668 0.466759 0.280290 0.036690 0.012593
0.042065 0.723376 0.047386 0.102975 0.084198
0.036935 0.001001 0.210045 0.751982 0.000037
0.976439 0.000346 0.013247 0.009576 0.000392
0.004453 0.846040 0.090333 0.056118 0.003055
0.001542 0.014453 0.118425 0.863490 0.002090
0.003368 0.027267 0.967949 0.001268 0.000148
0.001016 0.017791 0.097885 0.881034 0.002273
0.000291 0.072760 0.067620 0.849202 0.010127
0.019450 0.006246 0.146182 0.823500 0.004623
0.034351 0.005678 0.230640 0.727153 0.002179
0.000903 0.075944 0.086051 0.820834 0.016268
0.042689 0.286283 0.381141 0.185443 0.104444
0.011005 0.832542 0.118106 0.036575 0.001773
0.134699 0.182173 0.178296 0.456173 0.048659
0.000260 0.030110 0.104043 0.135404 0.730183
0.000000 0.000000 0.050053 0.580428 0.369519
0.000641 0.019391 0.152765 0.763425 0.063778
0.023275 0.017677 0.884223 0.074825 0.000000
0.015163 0.054627 0.372474 0.553588 0.004148
0.008221 0.000000 0.147046 0.837021 0.007711
0.003045 0.953783 0.032628 0.009891 0.000653
0.970121 0.000561 0.014116 0.014386 0.000815
0.000006 0.011033 0.075112 0.025343 0.888506
0.037264 0.015064 0.171118 0.775001 0.001552
0.563104 0.003518 0.200992 0.221915 0.010471
0.000497 0.058384 0.152927 0.096533 0.691660
0.028307 0.217010 0.333663 0.420350 0.000669
0.000171 0.049738 0.052782 0.887083 0.010226
0.017675 0.033411 0.239429 0.703919 0.005566
0.011478 0.009193 0.330122 0.538187 0.111020
0.084814 0.010743 0.490960 0.411483 0.002000
0.000198 0.056327 0.056154 0.877089 0.010232
0.011340 0.703064 0.131562 0.153613 0.000420
0.000828 0.018818 0.138634 0.835578 0.006143
0.978633 0.000288 0.012943 0.007890 0.000246
0.976238 0.000351 0.013275 0.009731 0.000405
0.002562 0.973478 0.021352 0.002338 0.000270
0.023091 0.095070 0.121522 0.757789 0.002527
0.011618 0.515999 0.063063 0.407923 0.001397
0.116202 0.022844 0.716366 0.143822 0.000767
0.004158 0.014723 0.059348 0.914162 0.007609
0.025074 0.155111 0.410902 0.267215 0.141698
0.002111 0.089237 0.454768 0.453258 0.000625
0.082137 0.003449 0.206043 0.708240 0.000131
0.010888 0.056488 0.085727 0.842007 0.004890
0.012764 0.796496 0.124869 0.065603 0.000269
0.001858 0.369392 0.238598 0.382405 0.007747
0.328796 0.007188 0.153797 0.461898 0.048320
0.016932 0.001601 0.114629 0.866754 0.000084
0.000589 0.069380 0.172022 0.081773 0.676235
0.007007 0.027582 0.272539 0.634892 0.057980
0.000138 0.018330 0.049333 0.922509 0.009690
0.004183 0.901636 0.062032 0.030447 0.001702
0.000140 0.433055 0.136199 0.430264 0.000342
0.000499 0.008448 0.078103 0.910720 0.002230
0.000035 0.067489 0.177522 0.011049 0.743905
0.012282 0.823014 0.126923 0.036081 0.001700
0.000000 0.351681 0.512078 0.013633 0.122608
0.009800 0.144681 0.595835 0.248046 0.001638
0.022021 0.006119 0.160759 0.806903 0.004198
0.000000 0.088411 0.260247 0.648254 0.003088
0.002560 0.969135 0.023488 0.004436 0.000382
0.470437 0.077377 0.174718 0.226533 0.050935
0.013810 0.484450 0.187056 0.314039 0.000646
0.015077 0.006421 0.121398 0.851761 0.005343
0.000187 0.073684 0.191356 0.734450 0.000323
0.000003 0.005845 0.065097 0.026716 0.902338
0.014329 0.267431 0.088449 0.625134 0.004657
0.000398 0.049378 0.082160 0.859019 0.009044
0.003179 0.941082 0.039330 0.015465 0.000944
0.017768 0.022858 0.481410 0.311811 0.166153
0.000000 0.137733 0.731996 0.029448 0.100822
0.975301 0.000375 0.013405 0.010451 0.000467
0.043736 0.753133 0.047366 0.080311 0.075453
0.060515 0.043777 0.266947 0.627272 0.001489
0.001566 0.346499 0.216316 0.428981 0.006638
0.011918 0.012759 0.224000 0.707598 0.043725
0.000200 0.064645 0.200916 0.733928 0.000312
0.000000 0.394172 0.498065 0.009712 0.098050
0.000500 0.034810 0.095722 0.860778 0.008191
0.933242 0.004944 0.034165 0.025349 0.002299
0.004999 0.077401 0.063320 0.848984 0.005296
0.883534 0.005678 0.025742 0.078268 0.006778
0.001758 0.006913 0.045913 0.937871 0.007545
0.000000 0.036369 0.407749 0.180760 0.375121
0.051226 0.133925 0.505412 0.309164 0.000272
0.952828 0.002414 0.016290 0.026398 0.002069
0.884130 0.000377 0.050283 0.047945 0.017264
0.852238 0.001082 0.043396 0.102047 0.001236
0.001858 0.001765 0.083411 0.876740 0.036226
0.002222 0.003612 0.345305 0.622910 0.025951
0.000000 0.041104 0.325614 0.615545 0.017737
0.976715 0.000339 0.013209 0.009364 0.000373
0.029193 0.095302 0.150556 0.721318 0.003632
0.000099 0.023754 0.044205 0.921931 0.010011
0.971747 0.000018 0.023390 0.004288 0.000557
0.000146 0.453245 0.139374 0.406899 0.000335
0.008015 0.452414 0.152867 0.385890 0.000814
0.000165 0.006286 0.090037 0.171062 0.732449
0.004526 0.166056 0.776396 0.053017 0.000005
0.002559 0.966822 0.024627 0.005552 0.000441
0.001294 0.004801 0.233004 0.718339 0.042562
0.000825 0.042239 0.854786 0.102149 0.000000
0.503346 0.082945 0.180754 0.185204 0.047751
0.498934 0.064259 0.064599 0.299091 0.073118
0.046586 0.172083 0.078842 0.490696 0.211793
0.027161 0.002282 0.136621 0.833775 0.000160
0.002298 0.737519 0.161403 0.095903 0.002876
0.000053 0.073020 0.098027 0.828459 0.000441
0.010063 0.131080 0.630487 0.226446 0.001923
0.041120 0.577637 0.340773 0.039650 0.000820
0.002870 0.007499 0.052201 0.930033 0.007397
0.005938 0.202757 0.678022 0.044626 0.068657
0.094144 0.009628 0.525534 0.369163 0.001531
0.000741 0.675421 0.247777 0.076041 0.000021
0.006116 0.279074 0.054276 0.658615 0.001920
0.002532 0.850591 0.081894 0.061566 0.003416
0.027097 0.002119 0.136530 0.834095 0.000159
0.000320 0.300198 0.129385 0.567868 0.002228
0.014724 0.001542 0.383592 0.525165 0.074978
0.034897 0.180420 0.067716 0.566874 0.150092
0.003273 0.012863 0.054372 0.921847 0.007645
0.047305 0.142952 0.476957 0.332439 0.000347
0.030054 0.031113 0.266095 0.606322 0.066416
0.022275 0.232258 0.540293 0.205087 0.000088
0.000000 0.454541 0.478256 0.004137 0.063066
0.106124 0.497707 0.170245 0.120862 0.105063
0.001951 0.118414 0.842276 0.037359 0.000000
0.002545 0.937762 0.038928 0.019580 0.001186
0.053907 0.127761 0.524855 0.293257 0.000221
0.978457 0.000293 0.012967 0.008026 0.000257
0.978632 0.000288 0.012943 0.007891 0.000246
0.000035 0.068401 0.179203 0.010829 0.741532
0.000000 0.439467 0.483211 0.005528 0.071795
0.000072 0.215840 0.102175 0.681498 0.000416
0.000074 0.198021 0.104906 0.696584 0.000415
0.949224 0.007423 0.016086 0.024604 0.002663
0.216999 0.019716 0.641581 0.116310 0.005394
0.044150 0.760501 0.047361 0.074700 0.073288
0.106587 0.229909 0.159475 0.453154 0.050874
0.000486 0.014607 0.134485 0.787310 0.063113
0.003094 0.690433 0.076169 0.105327 0.124977
0.032103 0.776636 0.127690 0.060871 0.002700
0.080386 0.071512 0.116974 0.610417 0.120712
0.007959 0.642806 0.307014 0.042217 0.000005
0.000000 0.622796 0.040097 0.321584 0.015523
0.005603 0.249972 0.053767 0.688680 0.001979
0.000032 0.008429 0.195549 0.028093 0.767896
0.006137 0.344464 0.158954 0.489451 0.000994
0.005235 0.388522 0.338660 0.224490 0.043093
0.971206 0.000491 0.013972 0.013591 0.000740
0.003327 0.013513 0.054664 0.920821 0.007674
0.045367 0.047875 0.211624 0.692611 0.002524
0.002699 0.069193 0.924860 0.002613 0.000636
0.000857 0.000000 0.755746 0.071046 0.172351
0.035965 0.614348 0.306092 0.042436 0.001158
0.032923 0.047784 0.131858 0.414451 0.372984
0.000106 0.007724 0.536775 0.034303 0.421092
0.005567 0.202843 0.464755 0.326818 0.000018
0.098759 0.005278 0.547103 0.335951 0.012909
0.965853 0.000029 0.025213 0.007274 0.001630
0.003158 0.000000 0.904516 0.031055 0.061270
0.001197 0.030548 0.561969 0.238291 0.167995
0.038175 0.026161 0.217373 0.718112 0.000179
0.001629 0.143523 0.095722 0.743804 0.015321
0.000260 0.077391 0.063486 0.848471 0.010392
0.814082 0.041405 0.039985 0.084833 0.019695
0.006668 0.290719 0.055693 0.645036 0.001885
0.008790 0.033661 0.077150 0.877945 0.002454
0.778559 0.100012 0.036017 0.065429 0.019983
0.002562 0.973469 0.021356 0.002343 0.000271
0.973008 0.000437 0.013723 0.012212 0.000620
0.007269 0.005058 0.340992 0.646098 0.000583
0.932958 0.005553 0.018664 0.039243 0.003581
0.003504 0.076772 0.176268 0.731361 0.012095
0.009261 0.034779 0.078647 0.874863 0.002450
0.003296 0.736995 0.069587 0.085822 0.104299
0.591776 0.000698 0.076732 0.327336 0.003457
0.000015 0.028946 0.107035 0.020651 0.843353
0.007718 0.604685 0.180105 0.207418 0.000074
0.934612 0.000092 0.034891 0.023085 0.007319
0.067054 0.001357 0.254100 0.669332 0.008157
0.000000 0.138221 0.802877 0.014199 0.044703
0.068590 0.480466 0.336296 0.065028 0.049621
0.000635 0.074780 0.181414 0.074596 0.668575
0.017619 0.005764 0.097664 0.849896 0.029058
0.000000 0.412700 0.492002 0.007999 0.087299
0.000199 0.058504 0.056193 0.874826 0.010277
0.000041 0.006702 0.237121 0.029305 0.726832
0.025897 0.000956 0.164556 0.802659 0.005932
0.000010 0.016865 0.088639 0.023851 0.870636
0.000871 0.014961 0.092325 0.889585 0.002258
0.003403 0.007031 0.190901 0.797143 0.001522
0.015302 0.001380 0.106839 0.876393 0.000086
0.037259 0.009692 0.811257 0.141686 0.000106
0.977801 0.000310 0.013058 0.008530 0.000301
0.000415 0.048844 0.352028 0.598589 0.000124
0.018994 0.198689 0.102964 0.677714 0.001639
0.001855 0.007344 0.046455 0.936793 0.007554
0.001108 0.034052 0.207822 0.691058 0.065961
0.002987 0.153779 0.182953 0.653279 0.007002
0.027737 0.022560 0.566156 0.282481 0.101067
0.014802 0.488646 0.295245 0.201255 0.000052
0.000401 0.527842 0.372924 0.020345 0.078489
0.763966 0.106906 0.036462 0.070809 0.021857
0.029744 0.005840 0.204531 0.756953 0.002932
0.000000 0.029634 0.956862 0.005940 0.007564
0.000000 0.186848 0.653689 0.019375 0.140089
0.000000 0.159912 0.581418 0.030701 0.227969
0.000059 0.006240 0.062955 0.169282 0.761465
0.799687 0.112894 0.032682 0.039826 0.014911
0.943079 0.000056 0.031663 0.025070 0.000131
0.000000 0.269740 0.538817 0.021233 0.170210
0.005961 0.211707 0.056718 0.723589 0.002025
0.000123 0.034771 0.047015 0.907956 0.010135
0.000000 0.954705 0.018647 0.024280 0.002368
0.007989 0.044382 0.476140 0.470529 0.000959
0.000127 0.134785 0.146046 0.718670 0.000371
0.068157 0.354009 0.448943 0.125911 0.002980
0.853495 0.001073 0.043232 0.100977 0.001222
0.978556 0.000290 0.012953 0.007949 0.000251
0.002532 0.884419 0.065207 0.045291 0.002552
0.000757 0.143359 0.846600 0.007104 0.002179
0.977693 0.000313 0.013073 0.008613 0.000308
0.011328 0.003311 0.087994 0.897260 0.000106
0.006454 0.380522 0.154785 0.457298 0.000941
0.000000 0.760829 0.046072 0.184442 0.008657
0.592726 0.051630 0.057957 0.239867 0.057820
0.033988 0.012921 0.618903 0.320915 0.013273
0.001020 0.016847 0.163511 0.813507 0.005115
0.963656 0.001308 0.014918 0.018830 0.001289
0.220457 0.000901 0.380324 0.398289 0.000028
0.001798 0.155198 0.098256 0.729628 0.015121
0.000117 0.032102 0.046333 0.911342 0.010105
0.000000 0.451098 0.224576 0.318161 0.006166
0.978603 0.000289 0.012947 0.007914 0.000248
0.010465 0.002108 0.083805 0.903521 0.000101
0.000104 0.007689 0.529174 0.034173 0.428860
0.001657 0.007327 0.469328 0.197275 0.324412
0.002154 0.014840 0.939434 0.043573 0.000000
0.006382 0.607411 0.157383 0.219749 0.009075
0.001412 0.763265 0.066371 0.168876 0.000075
0.963563 0.000471 0.025294 0.006811 0.003861
0.004896 0.041636 0.242800 0.648273 0.062396
0.009858 0.528041 0.217360 0.135607 0.109134
0.000182 0.079398 0.187586 0.732507 0.000327
0.298554 0.032237 0.145017 0.462305 0.061887
0.034697 0.226206 0.394936 0.222742 0.121419
0.006143 0.196285 0.695274 0.043046 0.059253
0.002747 0.050446 0.163973 0.780388 0.002446
0.000114 0.183083 0.133946 0.682478 0.000380
0.000000 0.056404 0.507201 0.116582 0.319813
0.004736 0.448327 0.135937 0.399781 0.011220
0.055992 0.102239 0.236873 0.604257 0.000638
0.004891 0.087819 0.164925 0.729583 0.012781
0.468811 0.059574 0.067810 0.324887 0.078918
0.009476 0.000000 0.157059 0.825932 0.007532
0.005066 0.001081 0.060459 0.922882 0.010512
0.000335 0.009661 0.116679 0.811054 0.062271
0.000005 0.007354 0.070247 0.026352 0.896042
