1.000000
1.000000
0.776371 0.223629
1.000000
1.000000
0.414235 0.585765
0.212206 0.787794
1.000000
0.000693 0.999307
0.717017 0.282983
1.000000
1.000000
1.000000
1.000000
0.680787 0.258975 0.060238
1.000000
1.000000
0.373504 0.626496
0.132384 0.317019 0.362201 0.188396
1.000000
1.000000
0.758819 0.241181
1.000000
1.000000
0.292042 0.707958
1.000000
1.000000
1.000000
1.000000
0.842041 0.157959
1.000000
1.000000
0.511048 0.488952
0.839439 0.160561
1.000000
1.000000
0.749947 0.250053
0.231346 0.768654
1.000000
0.671659 0.328341
1.000000
1.000000
0.029002 0.970998
1.000000
1.000000
0.970763 0.029237
1.000000
1.000000
0.848436 0.151564
1.000000
1.000000
1.000000
1.000000
0.697937 0.302063
1.000000
1.000000
1.000000
1.000000
0.380838 0.477327 0.141835
1.000000
0.886794 0.113206
1.000000
1.000000
0.633200 0.366800
1.000000
1.000000
0.797895 0.202105
1.000000
0.690207 0.309793
0.000016 0.999984
0.297147 0.702853
0.000348 0.999652
1.000000
0.004537 0.511008 0.484455
1.000000
1.000000
0.734956 0.265044
1.000000
0.818554 0.181446
1.000000
1.000000
1.000000
0.714149 0.285851
0.316063 0.683937
0.724477 0.275523
0.439611 0.560389
1.000000
1.000000
1.000000
1.000000
1.000000
1.000000
0.156617 0.455603 0.387779
0.217642 0.579993 0.202365
0.596348 0.403652
1.000000
1.000000
1.000000
1.000000
1.000000
0.036338 0.272484 0.691178
1.000000
0.479010 0.520990
0.344289 0.655711
0.934185 0.065815
0.384334 0.512017 0.103649
0.875871 0.124129
1.000000
1.000000
0.344114 0.655886
1.000000
1.000000
1.000000
1.000000
1.000000
0.656275 0.343725
0.261155 0.738845
1.000000
1.000000
1.000000
0.654465 0.345535
1.000000
1.000000
0.202834 0.797166
0.869095 0.130905
1.000000
1.000000
0.507905 0.492095
1.000000
0.626107 0.373893
0.597433 0.402567
1.000000
0.266495 0.733505
1.000000
1.000000
1.000000
1.000000
0.831081 0.168919
0.377172 0.622828
0.825624 0.174376
0.757999 0.242001
1.000000
1.000000
1.000000
0.673506 0.326494
0.040019 0.959981
0.021532 0.255326 0.327043 0.396099
1.000000
1.000000
1.000000
0.804737 0.195263
1.000000
0.463069 0.536931
1.000000
0.461898 0.538102
0.866858 0.133142
1.000000
0.807171 0.192829
0.774641 0.225359
0.188978 0.811022
1.000000
0.775518 0.177676 0.046807
0.367423 0.632577
1.000000
0.247549 0.752451
1.000000
0.171816 0.412180 0.416004
0.241448 0.758552
1.000000
0.899315 0.100685
0.454063 0.545937
1.000000
1.000000
1.000000
0.800821 0.199179
0.001333 0.998667
1.000000
1.000000
0.660231 0.339769
1.000000
0.004581 0.995419
1.000000
1.000000
0.778221 0.221779
1.000000
1.000000
1.000000
1.000000
1.000000
0.897700 0.102300
1.000000
1.000000
1.000000
1.000000
1.000000
1.000000
1.000000
1.000000
0.385979 0.614021
0.064088 0.338690 0.597222
0.765342 0.234658
1.000000
0.093997 0.906003
1.000000
1.000000
0.489963 0.510037
1.000000
1.000000
1.000000
0.139656 0.860344
1.000000
0.886485 0.113515
1.000000
1.000000
1.000000
1.000000
0.158344 0.841656
0.272564 0.727436
0.477702 0.522298
1.000000
0.472997 0.527003
0.510140 0.489860
1.000000
0.287268 0.438821 0.273912
0.587070 0.263928 0.149002
0.369301 0.630699
0.290398 0.709602
0.871636 0.128364
0.596083 0.403917
1.000000
0.356304 0.643696
1.000000
1.000000
0.000300 0.999700
1.000000
1.000000
1.000000
0.900490 0.099510
0.676243 0.323757
1.000000
0.022413 0.977587
1.000000
1.000000
1.000000
0.004112 0.995888
1.000000
1.000000
1.000000
1.000000
1.000000
0.096661 0.903339
1.000000
1.000000
1.000000
0.065427 0.934573
0.647685 0.352315
0.477553 0.522447
0.783529 0.216471
0.809191 0.190809
1.000000
1.000000
0.235321 0.764679
1.000000
1.000000
1.000000
1.000000
0.466591 0.298702 0.234707
0.503369 0.496631
0.819859 0.180141
0.125685 0.524992 0.349323
1.000000
0.224857 0.775143
1.000000
0.571301 0.428699
0.585211 0.414789
1.000000
0.293457 0.706543
1.000000
1.000000
1.000000
0.324902 0.675098
0.089929 0.449616 0.460455
0.183983 0.816017
1.000000
0.516716 0.483284
1.000000
0.810402 0.189598
1.000000
1.000000
1.000000
1.000000
0.039810 0.493487 0.466703
0.012509 0.987491
1.000000
1.000000
1.000000
1.000000
0.822918 0.177082
1.000000
0.644042 0.355958
1.000000
0.537630 0.462370
0.340480 0.659520
1.000000
1.000000
0.842949 0.157051
0.689714 0.310286
0.176013 0.823987
1.000000
1.000000
0.000097 0.999903
1.000000
0.476166 0.438256 0.085578
1.000000
1.000000
0.500273 0.499727
1.000000
1.000000
0.172129 0.827871
1.000000
0.425676 0.433084 0.141240
0.272176 0.727824
1.000000
0.916259 0.083741
1.000000
1.000000
1.000000
1.000000
0.790083 0.209917
1.000000
1.000000
0.860196 0.139804
0.742239 0.257761
1.000000
0.615804 0.384196
0.000113 0.999887
0.007664 0.992336
1.000000
1.000000
1.000000
1.000000
1.000000
0.859613 0.140387
1.000000
1.000000
0.504929 0.495071
1.000000
1.000000
0.113934 0.446715 0.439351
0.866389 0.133611
1.000000
1.000000
1.000000
0.362140 0.637860
0.001694 0.998306
1.000000
1.000000
1.000000
1.000000
0.137988 0.862012
1.000000
0.529164 0.368870 0.101966
1.000000
1.000000
0.280852 0.719148
0.006835 0.228510 0.764655
0.349444 0.650556
1.000000
0.181236 0.818764
1.000000
1.000000
1.000000
1.000000
1.000000
0.731749 0.268251
0.772752 0.227248
0.676749 0.323251
1.000000
1.000000
0.886718 0.113282
0.764600 0.235400
0.396620 0.603380
0.863432 0.136568
0.752091 0.247909
1.000000
1.000000
1.000000
0.001893 0.115255 0.271251 0.611601
0.130641 0.869359
1.000000
0.359915 0.640085
1.000000
0.787011 0.212989
1.000000
1.000000
0.004098 0.995902
1.000000
0.420842 0.454720 0.124438
0.532114 0.414921 0.052965
0.068493 0.931507
0.789810 0.210190
0.493826 0.208969 0.179541 0.117665
1.000000
0.576226 0.423774
1.000000
0.670308 0.199866 0.129826
0.146151 0.853849
0.000530 0.999470
0.685845 0.314155
0.494422 0.505578
1.000000
1.000000
1.000000
1.000000
0.650752 0.349248
1.000000
0.687655 0.312345
0.107682 0.892318
1.000000
1.000000
0.209605 0.598962 0.191433
1.000000
1.000000
1.000000
1.000000
0.086147 0.913853
1.000000
0.834223 0.165777
1.000000
0.164232 0.835768
1.000000
1.000000
1.000000
0.342600 0.657400
1.000000
1.000000
1.000000
1.000000
0.716285 0.283715
1.000000
0.323962 0.442592 0.233446
1.000000
1.000000
1.000000
0.156638 0.843362
1.000000
0.383299 0.616701
1.000000
1.000000
1.000000
1.000000
0.449408 0.550592
0.294181 0.705819
0.331906 0.668094
0.802334 0.197666
0.663415 0.336585
0.680876 0.319124
1.000000
1.000000
1.000000
1.000000
0.662849 0.337151
1.000000
1.000000
1.000000
1.000000
0.770077 0.151635 0.078288
0.867147 0.132853
1.000000
0.780093 0.219907
1.000000
1.000000
0.445398 0.554602
1.000000
0.189448 0.810552
1.000000
0.727350 0.272650
1.000000
0.878401 0.121599
1.000000
1.000000
1.000000
1.000000
0.393590 0.606410
1.000000
1.000000
0.839291 0.160709
0.668354 0.331646
1.000000
0.232925 0.767075
1.000000
0.690976 0.309024
0.097629 0.902371
1.000000
0.683731 0.316269
1.000000
1.000000
0.464686 0.535314
0.677867 0.322133
0.432122 0.567878
0.189963 0.810037
1.000000
1.000000
1.000000
1.000000
1.000000
0.247811 0.752189
0.598800 0.401200
1.000000
0.000078 0.999922
1.000000
0.605506 0.298752 0.095742
0.841817 0.158183
0.373268 0.626732
0.047087 0.251483 0.701430
0.002841 0.997159
1.000000
1.000000
1.000000
1.000000
1.000000
1.000000
1.000000
1.000000
1.000000
1.000000
0.106779 0.893221
1.000000
0.001299 0.998701
1.000000
0.383754 0.616246
1.000000
1.000000
1.000000
1.000000
1.000000
1.000000
0.311414 0.688586
1.000000
0.643742 0.224618 0.131640
0.781474 0.218526
1.000000
0.729141 0.270859
0.735518 0.264482
0.731718 0.268282
0.545007 0.454993
1.000000
0.475567 0.524433
1.000000
0.609587 0.390413
1.000000
1.000000
0.573305 0.263989 0.162706
1.000000
1.000000
0.844448 0.155552
1.000000
1.000000
0.473776 0.526224
1.000000
1.000000
0.023539 0.976461
1.000000
0.862344 0.125197 0.012459
0.631570 0.368430
0.511105 0.488895
0.447203 0.552797
1.000000
1.000000
0.731420 0.268580
0.728756 0.271244
0.845329 0.154671
0.642648 0.357352
0.248107 0.751893
1.000000
1.000000
0.700158 0.299842
0.250065 0.749935
1.000000
0.695058 0.304942
1.000000
1.000000
0.817101 0.182899
0.310280 0.689720
0.723793 0.276207
1.000000
1.000000
0.869229 0.130771
1.000000
0.177191 0.822809
1.000000
0.319539 0.680461
1.000000
0.467982 0.532018
1.000000
1.000000
1.000000
0.354580 0.645420
0.835560 0.164440
0.337795 0.662205
1.000000
0.768356 0.231644
1.000000
1.000000
1.000000
1.000000
1.000000
0.451740 0.548260
0.588751 0.411249
0.214780 0.785220
1.000000
0.782796 0.217204
1.000000
1.000000
0.449214 0.550786
0.294639 0.705361
1.000000
0.310707 0.428295 0.260998
0.833279 0.166721
0.301312 0.698688
0.059419 0.344994 0.595587
1.000000
0.561831 0.438169
1.000000
1.000000
1.000000
1.000000
1.000000
0.718933 0.281067
0.661158 0.338842
1.000000
1.000000
1.000000
0.839186 0.160814
0.221312 0.599063 0.179625
1.000000
1.000000
1.000000
0.292609 0.707391
1.000000
1.000000
0.829645 0.170355
1.000000
1.000000
1.000000
0.225977 0.774023
1.000000
0.326001 0.673999
1.000000
1.000000
0.000739 0.999261
1.000000
1.000000
0.816249 0.183751
0.926941 0.073059
1.000000
0.481875 0.518125
0.180272 0.819728
0.565869 0.434131
1.000000
1.000000
1.000000
1.000000
0.000684 0.999316
1.000000
0.360436 0.639564
1.000000
0.389750 0.610250
1.000000
0.010957 0.989043
1.000000
1.000000
1.000000
1.000000
0.000026 0.999974
0.057719 0.942281
1.000000
1.000000
1.000000
1.000000
1.000000
0.284322 0.715678
1.000000
0.509851 0.490149
0.843704 0.156296
1.000000
1.000000
1.000000
0.000027 0.999973
1.000000
0.741126 0.258874
0.001573 0.998427
0.007267 0.992733
1.000000
0.731144 0.268856
0.486445 0.513555
1.000000
0.236517 0.763483
1.000000
0.847701 0.152299
0.008057 0.991943
0.466853 0.533147
1.000000
1.000000
0.509869 0.432825 0.057306
0.559570 0.440430
0.716082 0.283918
1.000000
1.000000
0.485520 0.514480
1.000000
1.000000
0.841168 0.158832
0.005791 0.618475 0.375734
0.016074 0.348444 0.635482
1.000000
1.000000
0.219738 0.780262
1.000000
1.000000
1.000000
0.318555 0.681445
0.755279 0.244721
0.779786 0.220214
0.462833 0.456551 0.080616
0.462275 0.537725
0.719785 0.280215
1.000000
1.000000
1.000000
1.000000
0.278553 0.721447
0.188117 0.473919 0.337964
0.146981 0.853019
0.816821 0.183179
1.000000
0.834177 0.165823
1.000000
0.816298 0.183702
1.000000
0.607658 0.392342
0.000802 0.999198
1.000000
0.705635 0.294365
0.880272 0.119728
1.000000
0.501619 0.498381
0.042931 0.957069
0.000200 0.999800
0.328828 0.671172
0.414157 0.585843
1.000000
0.026333 0.419043 0.554623
0.713105 0.286895
1.000000
1.000000
0.000049 0.073569 0.926382
1.000000
1.000000
1.000000
0.030573 0.204851 0.465089 0.299487
1.000000
1.000000
1.000000
0.043750 0.308425 0.647824
1.000000
0.171164 0.461151 0.367685
1.000000
1.000000
0.018547 0.981453
0.787649 0.212351
1.000000
0.705829 0.294171
0.913094 0.086906
1.000000
1.000000
1.000000
1.000000
0.831269 0.168731
0.386870 0.613130
0.393197 0.606803
0.486595 0.325287 0.188117
0.819912 0.116952 0.063137
1.000000
1.000000
1.000000
0.663281 0.336719
1.000000
0.683284 0.316716
1.000000
1.000000
0.164052 0.835948
1.000000
1.000000
0.791690 0.208310
1.000000
1.000000
0.265852 0.734148
0.173729 0.589456 0.236816
1.000000
0.774597 0.225403
1.000000
0.238576 0.761424
1.000000
0.439020 0.560980
1.000000
1.000000
1.000000
0.703044 0.218294 0.078662
0.000276 0.999724
1.000000
0.001907 0.572928 0.425164
1.000000
1.000000
0.714759 0.285241
1.000000
1.000000
0.799233 0.200767
1.000000
1.000000
0.097044 0.902956
0.742957 0.257043
1.000000
1.000000
0.798990 0.153769 0.047241
0.475296 0.524704
1.000000
1.000000
0.297483 0.702517
0.903501 0.096499
1.000000
1.000000
0.476151 0.523849
1.000000
0.625877 0.374123
1.000000
1.000000
0.870860 0.129140
1.000000
1.000000
1.000000
0.030868 0.969132
0.797693 0.202307
0.921524 0.078476
1.000000
1.000000
0.212746 0.787254
0.240010 0.759990
0.000000 0.007516 0.992484
1.000000
0.843972 0.156028
0.230345 0.464729 0.249424 0.055502
1.000000
1.000000
1.000000
1.000000
0.851765 0.148235
1.000000
0.429969 0.570031
1.000000
1.000000
1.000000
1.000000
0.250913 0.749087
1.000000
1.000000
1.000000
1.000000
1.000000
0.728809 0.271191
1.000000
0.699067 0.300933
1.000000
1.000000
1.000000
1.000000
1.000000
0.795353 0.204647
1.000000
0.106789 0.893211
0.002367 0.997633
1.000000
1.000000
0.810753 0.189247
1.000000
0.823444 0.176556
1.000000
0.857398 0.142602
1.000000
1.000000
1.000000
1.000000
1.000000
1.000000
1.000000
1.000000
0.811406 0.188594
1.000000
0.859566 0.140434
0.156724 0.843276
1.000000
1.000000
0.508765 0.491235
1.000000
0.000529 0.999471
0.687008 0.312992
1.000000
0.006466 0.993534
1.000000
1.000000
0.750398 0.249602
0.003595 0.563517 0.432889
0.110484 0.889516
1.000000
1.000000
1.000000
1.000000
1.000000
0.765217 0.234783
1.000000
0.406941 0.593059
0.299105 0.700895
0.258580 0.741420
0.873837 0.126163
0.134448 0.865552
1.000000
0.137872 0.862128
1.000000
1.000000
1.000000
0.471342 0.528658
1.000000
1.000000
1.000000
1.000000
1.000000
0.387118 0.612882
0.890746 0.109254
0.044498 0.449798 0.505704
0.720991 0.279009
0.556346 0.443654
0.903262 0.096738
0.121718 0.878282
0.000030 0.999970
0.358871 0.641129
0.861044 0.138956
1.000000
1.000000
0.448164 0.551836
1.000000
1.000000
1.000000
0.152063 0.847937
1.000000
0.790498 0.209502
0.477746 0.522254
1.000000
1.000000
1.000000
0.077878 0.922122
0.864136 0.135864
1.000000
1.000000
1.000000
0.796320 0.203680
1.000000
0.549512 0.450488
0.029587 0.970413
0.008612 0.295360 0.696028
1.000000
0.160413 0.839587
0.162921 0.837079
1.000000
1.000000
1.000000
0.648624 0.232182 0.119193
0.342291 0.427114 0.230595
1.000000
0.729816 0.270184
0.212268 0.787732
1.000000
1.000000
1.000000
0.365269 0.634731
0.472062 0.527938
1.000000
1.000000
1.000000
1.000000
1.000000
1.000000
1.000000
1.000000
1.000000
1.000000
1.000000
1.000000
1.000000
1.000000
1.000000
1.000000
0.148719 0.851281
1.000000
1.000000
1.000000
1.000000
0.846950 0.153050
0.519660 0.480340
0.224372 0.775628
1.000000
1.000000
0.530469 0.469531
0.191955 0.808045
1.000000
0.269253 0.730747
0.749616 0.250384
0.649251 0.216535 0.099918 0.034295
0.837718 0.162282
0.655752 0.344248
0.532547 0.467453
0.810959 0.189041
1.000000
1.000000
1.000000
0.864556 0.135444
0.850969 0.149031
1.000000
1.000000
1.000000
1.000000
0.162749 0.837251
0.237887 0.762113
0.864193 0.135807
1.000000
0.729846 0.270154
1.000000
1.000000
0.085754 0.914246
1.000000
1.000000
0.604793 0.328765 0.066442
0.039436 0.960564
1.000000
0.764341 0.235659
0.201714 0.798286
1.000000
0.576390 0.423610
1.000000
0.786488 0.213512
1.000000
1.000000
0.649751 0.350249
1.000000
1.000000
0.265517 0.512344 0.222139
0.470301 0.529699
1.000000
0.654329 0.345671
0.019659 0.980341
0.646358 0.353642
1.000000
1.000000
1.000000
1.000000
1.000000
0.778627 0.221373
1.000000
1.000000
0.317115 0.682885
1.000000
1.000000
0.420928 0.579072
0.202175 0.797825
1.000000
1.000000
0.831668 0.168332
0.001661 0.998339
0.766192 0.233808
1.000000
0.385241 0.614759
0.376641 0.623359
1.000000
1.000000
1.000000
0.158410 0.841590
0.558066 0.441934
1.000000
1.000000
0.800151 0.199849
1.000000
0.517166 0.482834
1.000000
1.000000
0.539900 0.460100
1.000000
0.698497 0.179204 0.122299
1.000000
0.010759 0.989241
1.000000
1.000000
1.000000
1.000000
0.773959 0.226041
0.776913 0.223087
0.314461 0.685539
1.000000
1.000000
1.000000
0.590773 0.211128 0.125917 0.072182
0.103558 0.896442
0.386010 0.613990
0.025378 0.266823 0.707799
1.000000
1.000000
1.000000
1.000000
0.017133 0.449691 0.533177
0.001494 0.998506
1.000000
0.723550 0.276450
0.242556 0.757444
1.000000
0.714844 0.285156
1.000000
1.000000
0.001055 0.998945
1.000000
1.000000
0.841271 0.158729
1.000000
1.000000
0.674422 0.325578
0.837292 0.162708
0.109872 0.890128
0.713847 0.286153
0.619798 0.380202
0.731251 0.268749
0.167447 0.832553
0.479340 0.520660
0.045797 0.471478 0.482725
0.315523 0.684477
1.000000
0.712136 0.234839 0.053025
1.000000
1.000000
0.000533 0.999467
0.748772 0.251228
1.000000
0.496887 0.503113
0.447542 0.552458
1.000000
1.000000
0.136497 0.477612 0.385891
0.048089 0.951911
1.000000
0.775869 0.224131
0.876386 0.123614
0.322559 0.588502 0.088939
0.732505 0.267495
0.759467 0.240533
0.304329 0.695671
0.009009 0.990991
1.000000
1.000000
1.000000
1.000000
1.000000
0.407580 0.592420
1.000000
1.000000
1.000000
1.000000
0.703509 0.296491
1.000000
0.452323 0.547677
1.000000
1.000000
1.000000
0.549354 0.269642 0.181004
0.787939 0.212061
1.000000
0.185657 0.814343
1.000000
1.000000
1.000000
0.000061 0.999939
0.537861 0.462139
1.000000
1.000000
0.129156 0.870844
0.544148 0.308444 0.147408
1.000000
0.544547 0.455453
0.134805 0.865195
1.000000
1.000000
1.000000
0.867691 0.132309
1.000000
0.334342 0.665658
1.000000
0.326335 0.673665
1.000000
0.377683 0.622317
0.420892 0.579108
0.558688 0.441312
0.651207 0.348793
0.000201 0.999799
0.219822 0.780178
0.842429 0.157571
1.000000
0.029257 0.970743
0.778880 0.221120
1.000000
0.293989 0.706011
1.000000
0.702092 0.297908
0.940989 0.059011
0.780513 0.219487
1.000000
1.000000
1.000000
0.576298 0.194877 0.228825
1.000000
0.874064 0.125936
1.000000
0.458680 0.541320
1.000000
1.000000
1.000000
1.000000
1.000000
0.879627 0.120373
1.000000
1.000000
1.000000
1.000000
0.000022 0.999978
1.000000
0.695240 0.304760
0.821611 0.178389
0.438462 0.478876 0.082662
1.000000
1.000000
1.000000
1.000000
1.000000
0.841364 0.158636
0.000203 0.999797
0.579605 0.420395
0.210398 0.789602
1.000000
1.000000
1.000000
0.391997 0.461211 0.146791
1.000000
0.003621 0.996379
0.205207 0.794793
1.000000
1.000000
0.002120 0.997880
0.890536 0.109464
0.578815 0.421185
0.784721 0.215279
1.000000
0.373206 0.626794
1.000000
0.417558 0.582442
1.000000
1.000000
1.000000
0.008069 0.991931
0.131699 0.346307 0.521994
0.152664 0.380513 0.466823
1.000000
1.000000
0.516659 0.483341
1.000000
0.579632 0.420368
0.642199 0.357801
0.397788 0.602212
1.000000
1.000000
0.543957 0.456043
0.000000 0.005728 0.994272
1.000000
1.000000
1.000000
0.851363 0.148637
1.000000
1.000000
0.797169 0.202831
1.000000
0.091091 0.460985 0.447924
1.000000
0.470263 0.529737
1.000000
0.006453 0.993547
1.000000
1.000000
1.000000
0.226839 0.373433 0.399728
0.724128 0.275872
0.033870 0.284305 0.681825
0.699044 0.300956
1.000000
0.696674 0.225492 0.077834
0.790317 0.209683
1.000000
1.000000
1.000000
0.876833 0.123167
0.452276 0.547724
1.000000
1.000000
0.900776 0.099224
1.000000
1.000000
1.000000
0.293345 0.706655
1.000000
0.321524 0.678476
0.083770 0.916230
1.000000
1.000000
1.000000
1.000000
1.000000
1.000000
1.000000
1.000000
1.000000
1.000000
0.728019 0.271981
0.820443 0.179557
1.000000
0.279464 0.720536
1.000000
0.878972 0.121028
0.095563 0.904437
1.000000
1.000000
1.000000
0.561462 0.368491 0.070047
0.465050 0.534950
1.000000
0.014874 0.985126
1.000000
1.000000
1.000000
0.144048 0.855952
0.621334 0.256830 0.121837
0.107068 0.892932
0.710648 0.289352
0.796299 0.203701
1.000000
0.824129 0.175871
1.000000
0.001537 0.998463
1.000000
1.000000
0.673034 0.326966
0.000051 0.999949
0.247996 0.752004
0.694175 0.305825
1.000000
0.426646 0.573354
1.000000
1.000000
1.000000
1.000000
1.000000
0.538237 0.461763
1.000000
0.000039 0.172503 0.827457
1.000000
1.000000
1.000000
1.000000
0.562381 0.437619
0.373109 0.626891
1.000000
1.000000
0.373747 0.626253
1.000000
0.000847 0.999153
1.000000
1.000000
1.000000
0.121077 0.878923
1.000000
1.000000
0.878192 0.121808
0.795741 0.204259
1.000000
1.000000
1.000000
0.298327 0.701673
0.641522 0.358478
0.430076 0.569924
0.841684 0.158316
1.000000
1.000000
0.880646 0.119354
0.012512 0.987488
0.001301 0.998699
1.000000
1.000000
1.000000
0.655769 0.344231
1.000000
0.764560 0.235440
0.229695 0.770305
1.000000
1.000000
0.482326 0.517674
1.000000
1.000000
1.000000
1.000000
0.250027 0.749973
0.000477 0.265711 0.733811
1.000000
0.436445 0.563555
1.000000
1.000000
0.336814 0.432425 0.230761
0.725630 0.274370
1.000000
0.234873 0.765127
1.000000
1.000000
0.248205 0.751795
1.000000
0.726897 0.273103
0.875625 0.124375
0.097952 0.902048
0.499253 0.375950 0.124797
0.750251 0.249749
1.000000
0.377856 0.622144
0.291082 0.708918
1.000000
0.611370 0.388630
1.000000
0.317687 0.682313
1.000000
1.000000
1.000000
0.000500 0.142380 0.167491 0.689629
0.844384 0.155616
0.128483 0.871517
1.000000
0.173930 0.826070
1.000000
1.000000
0.331545 0.668455
1.000000
0.109961 0.890039
1.000000
0.003051 0.996949
1.000000
1.000000
0.192201 0.807799
1.000000
0.600735 0.259994 0.139271
1.000000
0.000620 0.999380
0.501096 0.498904
0.159991 0.351500 0.488509
1.000000
0.768540 0.231460
1.000000
1.000000
1.000000
1.000000
0.353591 0.646409
0.828039 0.171961
1.000000
0.439093 0.560907
0.640419 0.202716 0.156865
1.000000
1.000000
1.000000
1.000000
0.138466 0.471961 0.389573
0.312593 0.687407
1.000000
0.900320 0.099680
0.084577 0.915423
1.000000
1.000000
1.000000
0.742325 0.257675
0.200723 0.799277
0.800306 0.199694
1.000000
1.000000
1.000000
0.067606 0.932394
0.534623 0.465377
1.000000
1.000000
0.284744 0.715256
1.000000
0.670646 0.329354
0.366132 0.633868
1.000000
0.846115 0.153885
1.000000
0.887000 0.113000
1.000000
1.000000
1.000000
1.000000
1.000000
0.338252 0.661748
0.336651 0.663349
1.000000
1.000000
1.000000
1.000000
1.000000
1.000000
1.000000
1.000000
1.000000
0.871077 0.128923
1.000000
0.515169 0.484831
1.000000
0.432190 0.567810
1.000000
1.000000
1.000000
0.463666 0.536334
1.000000
1.000000
0.848118 0.151882
0.104391 0.443290 0.452319
1.000000
0.478620 0.521380
0.292034 0.707966
1.000000
0.036538 0.963462
0.494407 0.505593
1.000000
1.000000
1.000000
0.861880 0.138120
1.000000
1.000000
0.897230 0.102770
1.000000
0.227211 0.448316 0.324473
1.000000
0.012700 0.987300
0.732558 0.267442
0.769924 0.230076
0.770119 0.229881
0.694405 0.305595
1.000000
1.000000
0.515256 0.484744
1.000000
1.000000
1.000000
1.000000
0.770467 0.229533
1.000000
0.000208 0.999792
0.013486 0.986514
0.772407 0.227593
0.813223 0.186777
1.000000
0.465806 0.414771 0.119423
0.000002 0.024235 0.975763
1.000000
1.000000
0.176341 0.823659
0.831348 0.168652
1.000000
0.412241 0.587759
1.000000
1.000000
0.605727 0.394273
0.413534 0.388575 0.197891
1.000000
1.000000
0.871841 0.128159
1.000000
1.000000
1.000000
1.000000
1.000000
0.330215 0.669785
1.000000
0.223856 0.776144
1.000000
1.000000
0.000000 0.000011 0.021949 0.978040
0.786795 0.213205
0.758597 0.241403
1.000000
1.000000
0.776784 0.223216
1.000000
0.114126 0.885874
1.000000
1.000000
0.247304 0.752696
0.486959 0.513041
1.000000
0.742324 0.257676
1.000000
0.220153 0.779847
0.332562 0.667438
0.039625 0.365681 0.594694
0.667471 0.332529
0.065491 0.427236 0.507273
0.795051 0.204949
0.105858 0.332292 0.561850
1.000000
0.837984 0.162016
1.000000
1.000000
0.817068 0.182932
1.000000
0.095682 0.904318
0.849299 0.150701
0.876604 0.123396
0.090435 0.335131 0.574434
1.000000
0.795685 0.204315
0.530881 0.469119
1.000000
0.044757 0.955243
0.378277 0.621723
1.000000
0.848411 0.151589
1.000000
0.413275 0.586725
1.000000
0.636367 0.363633
0.530083 0.469917
1.000000
0.421470 0.453539 0.124990
1.000000
1.000000
0.002860 0.997140
1.000000
0.874482 0.125518
0.759484 0.240516
0.582127 0.417873
1.000000
1.000000
1.000000
0.716872 0.283128
1.000000
1.000000
1.000000
1.000000
0.659329 0.340671
1.000000
0.695228 0.304772
1.000000
0.656939 0.343061
1.000000
1.000000
0.648608 0.351392
0.651908 0.348092
0.449803 0.550197
0.011824 0.988176
0.790914 0.209086
1.000000
1.000000
1.000000
0.093919 0.492360 0.413721
1.000000
0.895228 0.104772
0.000002 0.999998
0.489109 0.510891
0.720589 0.279411
0.151203 0.848797
0.854254 0.145746
1.000000
1.000000
1.000000
1.000000
1.000000
0.002021 0.997979
1.000000
0.771872 0.228128
1.000000
0.821749 0.178251
1.000000
0.746314 0.253686
0.747083 0.252917
0.628350 0.371650
1.000000
1.000000
1.000000
0.654191 0.345809
0.565648 0.434352
0.244028 0.755972
0.194455 0.805545
1.000000
1.000000
0.091967 0.309943 0.598090
1.000000
1.000000
0.130164 0.496913 0.372923
1.000000
1.000000
0.530023 0.469977
0.800656 0.199344
0.746643 0.253357
1.000000
1.000000
1.000000
0.894670 0.105330
0.204542 0.795458
1.000000
0.790534 0.209466
1.000000
0.152727 0.847273
1.000000
0.824810 0.175190
1.000000
1.000000
0.281945 0.718055
0.810985 0.189015
0.002438 0.997562
1.000000
0.415685 0.584315
0.793566 0.206434
1.000000
0.921988 0.078012
1.000000
1.000000
0.259573 0.604819 0.135608
1.000000
0.645420 0.354580
0.190054 0.809946
1.000000
1.000000
1.000000
0.453073 0.395447 0.151480
1.000000
1.000000
0.200015 0.799985
0.467164 0.532836
1.000000
1.000000
1.000000
0.838833 0.161167
0.511818 0.488182
0.295986 0.704014
1.000000
1.000000
1.000000
1.000000
1.000000
1.000000
1.000000
1.000000
1.000000
0.836507 0.163493
1.000000
1.000000
1.000000
0.565482 0.434518
1.000000
0.210418 0.496469 0.245574 0.047538
0.467336 0.532664
0.747381 0.252619
0.292733 0.707267
1.000000
0.515932 0.335069 0.149000
1.000000
0.605495 0.394505
1.000000
0.005804 0.994196
1.000000
0.065946 0.934054
1.000000
1.000000
0.078560 0.921440
1.000000
1.000000
0.000000 0.009263 0.990737
0.008951 0.991049
0.488146 0.338991 0.172863
0.469370 0.530630
1.000000
0.135550 0.864450
0.612634 0.387366
1.000000
0.000222 0.999778
1.000000
0.673298 0.326702
1.000000
0.784182 0.215818
1.000000
0.170411 0.829589
1.000000
1.000000
0.002107 0.561287 0.436606
1.000000
0.226599 0.773401
1.000000
0.007627 0.264461 0.727911
0.844312 0.155688
0.059621 0.940379
1.000000
0.788311 0.211689
1.000000
0.377860 0.622140
1.000000
1.000000
1.000000
0.824751 0.175249
1.000000
1.000000
0.842053 0.157947
0.599098 0.400902
0.009718 0.990282
0.482402 0.517598
1.000000
1.000000
0.051636 0.948364
0.307336 0.431490 0.261174
0.351992 0.648008
0.164874 0.835126
0.790153 0.209847
0.417536 0.582464
0.853832 0.146168
0.822385 0.177615
0.569706 0.362483 0.067811
1.000000
1.000000
0.904095 0.095905
0.208661 0.516771 0.274568
1.000000
0.028585 0.304940 0.666474
1.000000
0.561752 0.438248
1.000000
1.000000
1.000000
0.004617 0.995383
1.000000
0.660159 0.339841
1.000000
1.000000
1.000000
0.011618 0.988382
1.000000
1.000000
1.000000
0.716441 0.283559
1.000000
0.633147 0.366853
1.000000
0.911662 0.088338
0.207026 0.792974
0.180723 0.819277
1.000000
0.769212 0.230788
0.277858 0.722142
0.660338 0.339662
1.000000
0.698984 0.301016
0.781845 0.218155
1.000000
0.006064 0.993936
0.863710 0.136290
1.000000
1.000000
0.633654 0.366346
1.000000
1.000000
1.000000
0.705463 0.246215 0.048321
0.572494 0.333962 0.093544
0.954921 0.043643 0.001436
1.000000
1.000000
1.000000
0.893097 0.106903
1.000000
1.000000
1.000000
1.000000
0.377798 0.622202
0.713343 0.286657
0.102142 0.897858
0.574990 0.425010
1.000000
1.000000
0.007374 0.992626
1.000000
1.000000
1.000000
1.000000
1.000000
1.000000
1.000000
0.344899 0.655101
1.000000
1.000000
0.899977 0.100023
1.000000
0.198240 0.439105 0.362654
1.000000
1.000000
1.000000
0.339060 0.660940
1.000000
1.000000
1.000000
1.000000
1.000000
1.000000
0.563205 0.436795
1.000000
0.043188 0.956812
1.000000
0.803358 0.196642
1.000000
1.000000
0.399554 0.600446
0.901087 0.098913
1.000000
1.000000
0.000365 0.999635
0.552982 0.447018
0.231836 0.768164
1.000000
0.175040 0.824960
1.000000
1.000000
1.000000
1.000000
0.880872 0.119128
1.000000
1.000000
1.000000
1.000000
1.000000
0.477555 0.522445
1.000000
0.650447 0.349553
0.033633 0.461516 0.504851
1.000000
0.006538 0.993462
1.000000
1.000000
1.000000
1.000000
1.000000
0.002485 0.997515
1.000000
1.000000
1.000000
1.000000
1.000000
1.000000
0.885653 0.103834 0.010513
0.038843 0.961157
0.894284 0.105716
1.000000
1.000000
1.000000
1.000000
0.525771 0.474229
1.000000
0.613492 0.245532 0.140976
1.000000
1.000000
1.000000
1.000000
0.084278 0.309310 0.606412
0.788876 0.211124
0.351308 0.648692
1.000000
1.000000
1.000000
1.000000
1.000000
0.423262 0.576738
1.000000
1.000000
1.000000
0.903136 0.096864
0.448544 0.551456
1.000000
1.000000
0.286241 0.713759
0.373961 0.626039
