0.998597 0.001403
0.000016 0.999984
0.015221 0.984779
0.000007 0.999993
0.995086 0.004914
0.000009 0.999991
0.000016 0.999984
0.999153 0.000847
0.975388 0.024612
0.994531 0.005469
0.024783 0.975217
0.982243 0.017757
0.874107 0.125893
0.961159 0.038841
0.001279 0.998721
0.366718 0.633282
0.998807 0.001193
0.999273 0.000727
0.000009 0.999991
0.000007 0.999993
0.000007 0.999993
0.203060 0.796940
0.922000 0.078000
0.000007 0.999993
0.643697 0.356303
0.000007 0.999993
0.000007 0.999993
0.172433 0.827567
0.001197 0.998803
0.001311 0.998689
0.171385 0.828615
0.915271 0.084729
0.965389 0.034611
0.893748 0.106252
0.981658 0.018342
0.998768 0.001232
0.285882 0.714118
0.000010 0.999990
0.797078 0.202922
0.001383 0.998617
0.000007 0.999993
0.997824 0.002176
0.001160 0.998840
0.000008 0.999992
0.001252 0.998748
0.041677 0.958323
0.000019 0.999981
0.999334 0.000666
0.112388 0.887612
0.001327 0.998673
0.312050 0.687950
0.001231 0.998769
0.001191 0.998809
0.019278 0.980722
0.000007 0.999993
0.689692 0.310308
0.774638 0.225362
0.000008 0.999992
0.998820 0.001180
0.236014 0.763986
0.000091 0.999909
0.949997 0.050003
0.001484 0.998516
0.947732 0.052268
0.000007 0.999993
0.001170 0.998830
0.000008 0.999992
0.000007 0.999993
0.000069 0.999931
0.001217 0.998783
0.459160 0.540840
0.000012 0.999988
0.980271 0.019729
0.001707 0.998293
0.000007 0.999993
0.000007 0.999993
0.000008 0.999992
0.000007 0.999993
0.989226 0.010774
0.000010 0.999990
0.129264 0.870736
0.997797 0.002203
0.016816 0.983184
0.999181 0.000819
0.917393 0.082607
0.163026 0.836974
0.013200 0.986800
0.000017 0.999983
0.000007 0.999993
0.003584 0.996416
0.011648 0.988352
0.000007 0.999993
0.172932 0.827068
0.968034 0.031966
0.545067 0.454933
0.998167 0.001833
0.000124 0.999876
0.000011 0.999989
0.000008 0.999992
0.355347 0.644653
0.000009 0.999991
0.992733 0.007267
0.036763 0.963237
0.001273 0.998727
0.005937 0.994063
0.841669 0.158331
0.000008 0.999992
0.000067 0.999933
0.012467 0.987533
0.998216 0.001784
0.002045 0.997955
0.997971 0.002029
0.000014 0.999986
0.000011 0.999989
0.000007 0.999993
0.990633 0.009367
0.825831 0.174169
0.000007 0.999993
0.000124 0.999876
0.991685 0.008315
0.996561 0.003439
0.001272 0.998728
0.001351 0.998649
0.059795 0.940205
0.025338 0.974662
0.000008 0.999992
0.001146 0.998854
0.999048 0.000952
0.000018 0.999982
0.167258 0.832742
0.000011 0.999989
0.000007 0.999993
0.005430 0.994570
0.001308 0.998692
0.996297 0.003703
0.998386 0.001614
0.014664 0.985336
0.000007 0.999993
0.001355 0.998645
0.012327 0.987673
0.000009 0.999991
0.000009 0.999991
0.997482 0.002518
0.000009 0.999991
0.000008 0.999992
0.000008 0.999992
0.988431 0.011569
0.998940 0.001060
0.000032 0.999968
0.001533 0.998467
0.000007 0.999993
0.000123 0.999877
0.001642 0.998358
0.001678 0.998322
0.000012 0.999988
0.982303 0.017697
0.014269 0.985731
0.001296 0.998704
0.000007 0.999993
0.001805 0.998195
0.024106 0.975894
0.000009 0.999991
0.000007 0.999993
0.997769 0.002231
0.001173 0.998827
0.999252 0.000748
0.431214 0.568786
0.001599 0.998401
0.001161 0.998839
0.998723 0.001277
0.000008 0.999992
0.000012 0.999988
0.082688 0.917312
0.999351 0.000649
0.996696 0.003304
0.980778 0.019222
0.012211 0.987789
0.013219 0.986781
0.996692 0.003308
0.066972 0.933028
0.000007 0.999993
0.000013 0.999987
0.001200 0.998800
0.898962 0.101038
0.000007 0.999993
0.993793 0.006207
0.000007 0.999993
0.001254 0.998746
0.995925 0.004075
0.011798 0.988202
0.366967 0.633033
0.992880 0.007120
0.001242 0.998758
0.001941 0.998059
0.000007 0.999993
0.000025 0.999975
0.000013 0.999987
0.000007 0.999993
0.987397 0.012603
0.988008 0.011992
0.000009 0.999991
0.001299 0.998701
0.002033 0.997967
0.000008 0.999992
0.000007 0.999993
0.316571 0.683429
0.000008 0.999992
0.000007 0.999993
0.999060 0.000940
0.000008 0.999992
0.997841 0.002159
0.001167 0.998833
0.014038 0.985962
0.997098 0.002902
0.000008 0.999992
0.286836 0.713164
0.999163 0.000837
0.000012 0.999988
0.986555 0.013445
0.011921 0.988079
0.000010 0.999990
0.000007 0.999993
0.977388 0.022612
0.968567 0.031433
0.000008 0.999992
0.000010 0.999990
0.995910 0.004090
0.990064 0.009936
0.944368 0.055632
0.999272 0.000728
0.000007 0.999993
0.000046 0.999954
0.939302 0.060698
0.000009 0.999991
0.000023 0.999977
0.929472 0.070528
0.013119 0.986881
0.610220 0.389780
0.328071 0.671929
0.000071 0.999929
0.000007 0.999993
0.985632 0.014368
0.000009 0.999991
0.797269 0.202731
0.000007 0.999993
0.000007 0.999993
0.000009 0.999991
0.524967 0.475033
0.008835 0.991165
0.000008 0.999992
0.989470 0.010530
0.843755 0.156245
0.980656 0.019344
0.000013 0.999987
0.062310 0.937690
0.044108 0.955892
0.000053 0.999947
0.000008 0.999992
0.001228 0.998772
0.000007 0.999993
0.049461 0.950539
0.943431 0.056569
0.979690 0.020310
0.001577 0.998423
0.995933 0.004067
0.001233 0.998767
0.001294 0.998706
0.988625 0.011375
0.001317 0.998683
0.000008 0.999992
0.998232 0.001768
0.922591 0.077409
0.000008 0.999992
0.949159 0.050841
0.000007 0.999993
0.000009 0.999991
0.991897 0.008103
0.000007 0.999993
0.000007 0.999993
0.113902 0.886098
0.975380 0.024620
0.011827 0.988173
0.961060 0.038940
0.999349 0.000651
0.013475 0.986525
0.995629 0.004371
0.000010 0.999990
0.001217 0.998783
0.000009 0.999991
0.988066 0.011934
0.000011 0.999989
0.997960 0.002040
0.000012 0.999988
0.000008 0.999992
0.019821 0.980179
0.000007 0.999993
0.383779 0.616221
0.000009 0.999991
0.000009 0.999991
0.007046 0.992954
0.992472 0.007528
0.999182 0.000818
0.000007 0.999993
0.967341 0.032659
0.988513 0.011487
0.990149 0.009851
0.000007 0.999993
0.000008 0.999992
0.001319 0.998681
0.000007 0.999993
0.000014 0.999986
0.996457 0.003543
0.049850 0.950150
0.248464 0.751536
0.988971 0.011029
0.990027 0.009973
0.976281 0.023719
0.108989 0.891011
0.998474 0.001526
0.003760 0.996240
0.000010 0.999990
0.012118 0.987882
0.280708 0.719292
0.061190 0.938810
0.008512 0.991488
0.011887 0.988113
0.015294 0.984706
0.591247 0.408753
0.999237 0.000763
0.011833 0.988167
0.518135 0.481865
0.029551 0.970449
0.213217 0.786783
0.000106 0.999894
0.000007 0.999993
0.000011 0.999989
0.013741 0.986259
0.567294 0.432706
0.995611 0.004389
0.000008 0.999992
0.000008 0.999992
0.000014 0.999986
0.899696 0.100304
0.066809 0.933191
0.000008 0.999992
0.027125 0.972875
0.001739 0.998261
0.998106 0.001894
0.000056 0.999944
0.999275 0.000725
0.998771 0.001229
0.000007 0.999993
0.001798 0.998202
0.996029 0.003971
0.998961 0.001039
0.003741 0.996259
0.000017 0.999983
0.061043 0.938957
0.994766 0.005234
0.996970 0.003030
0.999171 0.000829
0.000012 0.999988
0.998687 0.001313
0.992614 0.007386
0.999277 0.000723
0.997912 0.002088
0.024513 0.975487
0.000007 0.999993
0.013387 0.986613
0.001188 0.998812
0.060404 0.939596
0.000123 0.999877
0.000007 0.999993
0.000009 0.999991
0.818071 0.181929
0.002008 0.997992
0.998117 0.001883
0.000051 0.999949
0.025598 0.974402
0.000013 0.999987
0.994835 0.005165
0.332552 0.667448
0.988675 0.011325
0.038033 0.961967
0.995418 0.004582
0.003461 0.996539
0.999056 0.000944
0.000007 0.999993
0.000008 0.999992
0.000010 0.999990
0.001284 0.998716
0.001942 0.998058
0.011648 0.988352
0.001272 0.998728
0.000010 0.999990
0.000007 0.999993
0.968949 0.031051
0.975689 0.024311
0.001188 0.998812
0.984474 0.015526
0.011633 0.988367
0.974902 0.025098
0.988999 0.011001
0.020350 0.979650
0.000007 0.999993
0.000007 0.999993
0.016851 0.983149
0.000009 0.999991
0.011900 0.988100
0.873223 0.126777
0.989148 0.010852
0.000014 0.999986
0.946010 0.053990
0.998475 0.001525
0.977950 0.022050
0.996778 0.003222
0.013313 0.986687
0.000009 0.999991
0.971728 0.028272
0.995228 0.004772
0.000007 0.999993
0.432485 0.567515
0.000008 0.999992
0.061915 0.938085
0.000007 0.999993
0.036825 0.963175
0.997105 0.002895
0.000011 0.999989
0.060105 0.939895
0.998105 0.001895
0.999172 0.000828
0.528501 0.471499
0.000007 0.999993
0.035529 0.964471
0.995223 0.004777
0.001413 0.998587
0.531158 0.468842
0.079716 0.920284
0.870516 0.129484
0.003890 0.996110
0.996813 0.003187
0.020135 0.979865
0.999280 0.000720
0.000007 0.999993
0.000008 0.999992
0.000007 0.999993
0.000008 0.999992
0.970848 0.029152
0.096037 0.903963
0.497620 0.502380
0.000017 0.999983
0.987981 0.012019
0.060548 0.939452
0.000008 0.999992
0.000008 0.999992
0.999276 0.000724
0.037464 0.962536
0.000048 0.999952
0.001202 0.998798
0.000007 0.999993
0.000007 0.999993
0.000007 0.999993
0.030823 0.969177
0.001332 0.998668
0.998768 0.001232
0.000008 0.999992
0.987882 0.012118
0.806171 0.193829
0.543459 0.456541
0.000008 0.999992
0.000010 0.999990
0.995022 0.004978
0.944153 0.055847
0.000011 0.999989
0.697455 0.302545
0.998772 0.001228
0.131227 0.868773
0.996384 0.003616
0.999353 0.000647
0.996060 0.003940
0.001320 0.998680
0.001187 0.998813
0.010711 0.989289
0.993474 0.006526
0.001204 0.998796
0.000117 0.999883
0.007577 0.992423
0.998740 0.001260
0.984478 0.015522
0.994998 0.005002
0.000007 0.999993
0.001466 0.998534
0.982632 0.017368
0.993756 0.006244
0.000007 0.999993
0.989322 0.010678
0.020306 0.979694
0.546323 0.453677
0.999176 0.000824
0.000027 0.999973
0.016344 0.983656
0.603377 0.396623
0.000120 0.999880
0.016540 0.983460
0.993069 0.006931
0.001180 0.998820
0.013371 0.986629
0.995701 0.004299
0.967627 0.032373
0.806466 0.193534
0.001160 0.998840
0.995461 0.004539
0.000007 0.999993
0.018141 0.981859
0.000021 0.999979
0.000007 0.999993
0.991031 0.008969
0.980106 0.019894
0.966169 0.033831
0.000027 0.999973
0.002201 0.997799
0.001222 0.998778
0.064443 0.935557
0.995985 0.004015
0.000123 0.999877
0.000007 0.999993
0.001308 0.998692
0.000007 0.999993
0.991664 0.008336
0.001246 0.998754
0.998174 0.001826
0.011900 0.988100
0.181089 0.818911
0.001695 0.998305
0.989142 0.010858
0.000028 0.999972
0.999326 0.000674
0.000007 0.999993
0.000008 0.999992
0.020016 0.979984
0.000019 0.999981
0.000007 0.999993
0.012715 0.987285
0.000007 0.999993
0.000007 0.999993
0.000023 0.999977
0.000007 0.999993
0.000033 0.999967
0.990138 0.009862
0.000011 0.999989
0.975264 0.024736
0.000007 0.999993
0.994242 0.005758
0.001220 0.998780
0.000018 0.999982
0.000013 0.999987
0.000007 0.999993
0.000012 0.999988
0.512015 0.487985
0.000008 0.999992
0.018349 0.981651
0.041330 0.958670
0.000061 0.999939
0.953445 0.046555
0.126403 0.873597
0.000011 0.999989
0.999164 0.000836
0.000051 0.999949
0.000009 0.999991
0.000008 0.999992
0.049721 0.950279
0.012947 0.987053
0.003221 0.996779
0.985136 0.014864
0.001198 0.998802
0.001198 0.998802
0.000009 0.999991
0.002727 0.997273
0.993585 0.006415
0.000008 0.999992
0.181373 0.818627
0.997097 0.002903
0.995144 0.004856
0.999270 0.000730
0.999179 0.000821
0.000013 0.999987
0.998737 0.001263
0.000008 0.999992
0.000007 0.999993
0.001263 0.998737
0.001310 0.998690
0.001248 0.998752
0.005446 0.994554
0.015365 0.984635
0.943974 0.056026
0.999270 0.000730
0.850048 0.149952
0.000008 0.999992
0.000008 0.999992
0.001175 0.998825
0.997804 0.002196
0.001430 0.998570
0.923251 0.076749
0.062729 0.937271
0.000007 0.999993
0.711931 0.288069
0.988674 0.011326
0.000007 0.999993
0.998538 0.001462
0.000007 0.999993
0.000011 0.999989
0.001237 0.998763
0.000007 0.999993
0.999208 0.000792
0.000010 0.999990
0.000008 0.999992
0.193725 0.806275
0.001192 0.998808
0.989021 0.010979
0.001812 0.998188
0.000009 0.999991
0.000007 0.999993
0.031173 0.968827
0.000008 0.999992
0.998272 0.001728
0.928803 0.071197
0.754028 0.245972
0.985750 0.014250
0.000011 0.999989
0.036590 0.963410
0.994004 0.005996
0.001168 0.998832
0.483914 0.516086
0.999324 0.000676
0.951779 0.048221
0.019868 0.980132
0.908485 0.091515
0.001202 0.998798
0.026860 0.973140
0.037859 0.962141
0.994959 0.005041
0.062708 0.937292
0.191428 0.808572
0.000010 0.999990
0.984033 0.015967
0.985804 0.014196
0.000010 0.999990
0.000010 0.999990
0.000007 0.999993
0.994454 0.005546
0.001244 0.998756
0.733125 0.266875
0.000007 0.999993
0.012538 0.987462
0.000007 0.999993
0.992168 0.007832
0.963402 0.036598
0.011448 0.988552
0.926703 0.073297
0.974454 0.025546
0.000008 0.999992
0.000014 0.999986
0.012902 0.987098
0.999341 0.000659
0.998914 0.001086
0.074513 0.925487
0.993194 0.006806
0.954935 0.045065
0.000012 0.999988
0.000010 0.999990
0.999265 0.000735
0.979355 0.020645
0.020586 0.979414
0.000008 0.999992
0.000009 0.999991
0.000007 0.999993
0.087821 0.912179
0.947407 0.052593
0.000008 0.999992
0.001548 0.998452
0.996778 0.003222
0.998226 0.001774
0.990830 0.009170
0.794339 0.205661
0.001916 0.998084
0.999299 0.000701
0.001267 0.998733
0.002131 0.997869
0.987735 0.012265
0.995920 0.004080
0.979519 0.020481
0.199288 0.800712
0.001211 0.998789
0.964254 0.035746
0.982095 0.017905
0.000008 0.999992
0.297909 0.702091
0.000022 0.999978
0.000011 0.999989
0.000106 0.999894
0.001350 0.998650
0.985242 0.014758
0.000008 0.999992
0.958460 0.041540
0.995879 0.004121
0.988184 0.011816
0.060228 0.939772
0.825223 0.174777
0.968542 0.031458
0.000021 0.999979
0.996803 0.003197
0.017044 0.982956
0.000007 0.999993
0.973438 0.026562
0.999352 0.000648
0.065700 0.934300
0.000019 0.999981
0.000122 0.999878
0.771268 0.228732
0.000009 0.999991
0.000008 0.999992
0.929491 0.070509
0.246453 0.753547
0.000007 0.999993
0.011409 0.988591
0.000008 0.999992
0.002015 0.997985
0.000061 0.999939
0.036356 0.963644
0.000018 0.999982
0.043809 0.956191
0.994544 0.005456
0.006386 0.993614
0.996061 0.003939
0.184179 0.815821
0.000010 0.999990
0.182113 0.817887
0.000007 0.999993
0.000007 0.999993
0.989730 0.010270
0.001347 0.998653
0.998068 0.001932
0.995674 0.004326
0.001461 0.998539
0.000124 0.999876
0.996736 0.003264
0.069446 0.930554
0.283565 0.716435
0.000024 0.999976
0.731119 0.268881
0.000027 0.999973
0.001565 0.998435
0.000009 0.999991
0.252131 0.747869
0.172816 0.827184
0.887304 0.112696
0.000007 0.999993
0.000008 0.999992
0.000008 0.999992
0.999278 0.000722
0.049143 0.950857
0.014243 0.985757
0.987389 0.012611
0.000008 0.999992
0.014723 0.985277
0.000012 0.999988
0.000080 0.999920
0.000007 0.999993
0.000010 0.999990
0.425747 0.574253
0.000007 0.999993
0.001396 0.998604
0.012148 0.987852
0.000007 0.999993
0.000037 0.999963
0.217657 0.782343
0.000007 0.999993
0.131010 0.868990
0.990189 0.009811
0.971980 0.028020
0.000123 0.999877
0.000015 0.999985
0.998403 0.001597
0.713318 0.286682
0.001237 0.998763
0.000012 0.999988
0.000011 0.999989
0.997541 0.002459
0.973792 0.026208
0.967279 0.032721
0.001190 0.998810
0.993730 0.006270
0.001238 0.998762
0.998878 0.001122
0.001959 0.998041
0.000010 0.999990
0.975904 0.024096
0.002812 0.997188
0.000015 0.999985
0.995496 0.004504
0.996148 0.003852
0.000008 0.999992
0.979509 0.020491
0.987833 0.012167
0.992290 0.007710
0.000007 0.999993
0.038083 0.961917
0.001193 0.998807
0.001489 0.998511
0.151948 0.848052
0.000008 0.999992
0.000009 0.999991
0.000010 0.999990
0.992955 0.007045
0.107966 0.892034
0.001265 0.998735
0.001380 0.998620
0.972197 0.027803
0.999275 0.000725
0.001236 0.998764
0.169248 0.830752
0.007702 0.992298
0.000016 0.999984
0.888375 0.111625
0.095051 0.904949
0.001187 0.998813
0.998149 0.001851
0.000123 0.999877
0.994753 0.005247
0.168900 0.831100
0.000122 0.999878
0.999267 0.000733
0.000123 0.999877
0.973165 0.026835
0.001624 0.998376
0.990555 0.009445
0.000015 0.999985
0.983858 0.016142
0.009303 0.990697
0.000007 0.999993
0.000026 0.999974
0.000009 0.999991
0.999281 0.000719
0.759252 0.240748
0.015224 0.984776
0.002317 0.997683
0.082234 0.917766
0.006098 0.993902
0.994226 0.005774
0.000122 0.999878
0.001306 0.998694
0.001235 0.998765
0.000008 0.999992
0.001248 0.998752
0.987716 0.012284
0.989260 0.010740
0.000008 0.999992
0.996448 0.003552
0.169645 0.830355
0.988094 0.011906
0.000009 0.999991
0.013486 0.986514
0.001185 0.998815
0.012769 0.987231
0.999196 0.000804
0.000009 0.999991
0.000007 0.999993
0.997820 0.002180
0.000008 0.999992
0.000007 0.999993
0.000009 0.999991
0.074566 0.925434
0.000010 0.999990
0.000008 0.999992
0.000007 0.999993
0.013116 0.986884
0.995441 0.004559
0.995287 0.004713
0.163345 0.836655
0.000007 0.999993
0.000067 0.999933
0.015179 0.984821
0.709570 0.290430
0.000008 0.999992
0.001238 0.998762
0.002011 0.997989
0.998255 0.001745
0.038518 0.961482
0.000008 0.999992
0.994461 0.005539
0.000008 0.999992
0.000022 0.999978
0.000041 0.999959
0.941721 0.058279
0.992040 0.007960
0.996790 0.003210
0.996747 0.003253
0.000045 0.999955
0.032119 0.967881
0.000013 0.999987
0.063086 0.936914
0.996240 0.003760
0.997374 0.002626
0.012055 0.987945
0.000008 0.999992
0.992827 0.007173
0.000007 0.999993
0.000007 0.999993
0.003924 0.996076
0.385423 0.614577
0.082439 0.917561
0.000008 0.999992
0.989257 0.010743
0.017367 0.982633
0.987383 0.012617
0.001655 0.998345
0.928189 0.071811
0.000007 0.999993
0.000007 0.999993
0.991868 0.008132
0.023924 0.976076
0.001215 0.998785
0.975601 0.024399
0.999325 0.000675
0.000015 0.999985
0.000008 0.999992
0.000012 0.999988
0.998859 0.001141
0.000010 0.999990
0.001228 0.998772
0.925187 0.074813
0.930312 0.069688
0.529032 0.470968
0.000012 0.999988
0.072880 0.927120
0.993676 0.006324
0.001285 0.998715
0.944140 0.055860
0.860270 0.139730
0.000012 0.999988
0.990874 0.009126
0.000109 0.999891
0.269284 0.730716
0.109157 0.890843
0.522816 0.477184
0.992236 0.007764
0.001824 0.998176
0.000008 0.999992
0.000012 0.999988
0.815928 0.184072
0.000009 0.999991
0.000011 0.999989
0.000013 0.999987
0.997910 0.002090
0.987649 0.012351
0.789030 0.210970
0.000109 0.999891
0.657587 0.342413
0.000008 0.999992
0.667060 0.332940
0.001175 0.998825
0.125171 0.874829
0.002016 0.997984
0.770418 0.229582
0.654482 0.345518
0.971161 0.028839
0.999321 0.000679
0.998668 0.001332
0.000009 0.999991
0.000010 0.999990
0.979219 0.020781
0.001191 0.998809
0.171701 0.828299
0.002194 0.997806
0.000007 0.999993
0.895851 0.104149
0.808378 0.191622
0.972436 0.027564
0.000008 0.999992
0.996351 0.003649
0.000008 0.999992
0.988496 0.011504
0.001187 0.998813
0.035837 0.964163
0.999269 0.000731
0.997659 0.002341
0.980368 0.019632
0.986449 0.013551
0.000008 0.999992
0.000007 0.999993
0.992945 0.007055
0.001451 0.998549
0.000007 0.999993
0.976278 0.023722
0.000011 0.999989
0.000007 0.999993
0.036675 0.963325
0.013435 0.986565
0.000007 0.999993
0.002861 0.997139
0.984363 0.015637
0.000012 0.999988
0.998171 0.001829
0.000010 0.999990
0.165549 0.834451
0.997795 0.002205
0.000023 0.999977
0.000010 0.999990
0.000007 0.999993
0.000016 0.999984
0.000115 0.999885
0.075103 0.924897
0.993498 0.006502
0.001476 0.998524
0.370302 0.629698
0.001272 0.998728
0.000012 0.999988
0.946854 0.053146
0.998348 0.001652
0.011508 0.988492
0.879375 0.120625
0.000007 0.999993
0.000008 0.999992
0.996233 0.003767
0.001245 0.998755
0.001740 0.998260
0.996492 0.003508
0.002477 0.997523
0.999277 0.000723
0.998119 0.001881
0.975560 0.024440
0.995886 0.004114
0.012129 0.987871
0.000013 0.999987
0.745387 0.254613
0.000039 0.999961
0.979060 0.020940
0.992644 0.007356
0.997155 0.002845
0.157792 0.842208
0.993930 0.006070
0.981297 0.018703
0.000007 0.999993
0.000012 0.999988
0.006275 0.993725
0.215926 0.784074
0.989944 0.010056
0.001433 0.998567
0.001293 0.998707
0.000007 0.999993
0.000007 0.999993
0.000008 0.999992
0.000011 0.999989
0.997557 0.002443
0.999229 0.000771
0.001182 0.998818
0.000008 0.999992
0.000019 0.999981
0.975898 0.024102
0.082942 0.917058
0.993243 0.006757
0.524570 0.475430
0.000008 0.999992
0.001399 0.998601
0.965642 0.034358
0.001802 0.998198
0.997186 0.002814
0.000007 0.999993
0.000007 0.999993
0.997622 0.002378
0.627766 0.372234
0.925490 0.074510
0.000007 0.999993
0.989053 0.010947
0.000015 0.999985
0.000007 0.999993
0.750832 0.249168
0.324763 0.675237
0.000008 0.999992
0.979104 0.020896
0.000007 0.999993
0.001213 0.998787
0.993404 0.006596
0.000008 0.999992
0.998239 0.001761
0.973620 0.026380
0.000009 0.999991
0.995907 0.004093
0.003571 0.996429
0.987705 0.012295
0.063688 0.936312
0.044797 0.955203
0.978215 0.021785
0.000009 0.999991
0.000011 0.999989
0.001208 0.998792
0.165846 0.834154
0.000122 0.999878
0.002027 0.997973
0.974387 0.025613
0.997434 0.002566
0.993886 0.006114
0.958806 0.041194
0.998236 0.001764
0.998761 0.001239
0.988558 0.011442
0.000124 0.999876
0.001700 0.998300
0.001369 0.998631
0.000007 0.999993
0.606484 0.393516
0.000022 0.999978
0.999351 0.000649
0.398058 0.601942
0.001228 0.998772
0.989407 0.010593
0.063824 0.936176
0.946603 0.053397
0.982648 0.017352
0.998079 0.001921
0.997799 0.002201
0.034318 0.965682
0.998480 0.001520
0.000021 0.999979
0.019238 0.980762
0.734159 0.265841
0.002304 0.997696
0.058961 0.941039
0.000008 0.999992
0.985498 0.014502
0.992672 0.007328
0.001861 0.998139
0.998843 0.001157
0.001656 0.998344
0.000083 0.999917
0.984387 0.015613
0.995392 0.004608
0.980540 0.019460
0.000059 0.999941
0.000007 0.999993
0.000008 0.999992
0.000014 0.999986
0.990983 0.009017
0.958711 0.041289
0.000013 0.999987
0.995436 0.004564
0.999267 0.000733
0.984315 0.015685
0.991656 0.008344
0.992490 0.007510
0.997799 0.002201
0.000007 0.999993
0.983220 0.016780
0.686657 0.313343
0.987957 0.012043
0.001272 0.998728
0.000022 0.999978
0.000007 0.999993
0.989089 0.010911
0.000008 0.999992
0.000014 0.999986
0.998433 0.001567
0.000007 0.999993
0.996382 0.003618
0.000007 0.999993
0.998489 0.001511
0.000008 0.999992
0.386643 0.613357
0.991965 0.008035
0.011875 0.988125
0.982689 0.017311
0.000008 0.999992
0.989991 0.010009
0.002208 0.997792
0.000009 0.999991
0.000115 0.999885
0.001594 0.998406
0.998704 0.001296
0.000007 0.999993
0.001578 0.998422
0.001194 0.998806
0.001380 0.998620
0.001162 0.998838
0.001185 0.998815
0.985965 0.014035
0.979294 0.020706
0.163291 0.836709
0.000046 0.999954
0.000012 0.999988
0.013793 0.986207
0.000008 0.999992
0.000008 0.999992
0.020223 0.979777
0.002223 0.997777
0.997561 0.002439
0.000015 0.999985
0.988954 0.011046
0.004791 0.995209
0.000007 0.999993
0.946221 0.053779
0.283293 0.716707
0.974564 0.025436
0.035496 0.964504
0.902780 0.097220
0.997664 0.002336
0.000014 0.999986
0.000007 0.999993
0.142858 0.857142
0.000014 0.999986
0.000013 0.999987
0.002808 0.997192
0.000013 0.999987
0.000016 0.999984
0.381284 0.618716
0.401489 0.598511
0.989916 0.010084
0.000028 0.999972
0.871301 0.128699
0.000008 0.999992
0.001484 0.998516
0.391301 0.608699
0.000007 0.999993
0.017471 0.982529
0.974108 0.025892
0.211641 0.788359
0.172599 0.827401
0.012060 0.987940
0.934886 0.065114
0.001252 0.998748
0.000010 0.999990
0.112676 0.887324
0.999171 0.000829
0.962212 0.037788
0.000010 0.999990
0.991669 0.008331
0.727059 0.272941
0.214095 0.785905
0.000007 0.999993
0.000007 0.999993
0.012419 0.987581
0.351605 0.648395
0.000008 0.999992
0.163029 0.836971
0.001167 0.998833
0.000009 0.999991
0.014795 0.985205
0.000008 0.999992
0.978172 0.021828
0.011774 0.988226
0.000012 0.999988
0.000010 0.999990
0.001210 0.998790
0.771941 0.228059
0.000008 0.999992
0.000007 0.999993
0.129915 0.870085
0.998493 0.001507
0.060847 0.939153
0.000007 0.999993
0.212027 0.787973
0.101903 0.898097
0.979835 0.020165
0.001257 0.998743
0.018613 0.981387
0.695429 0.304571
0.000010 0.999990
0.000008 0.999992
0.000007 0.999993
0.000011 0.999989
0.282288 0.717712
0.000008 0.999992
0.962863 0.037137
0.000010 0.999990
0.000011 0.999989
0.975759 0.024241
0.000071 0.999929
0.013064 0.986936
0.001359 0.998641
0.001231 0.998769
0.999354 0.000646
0.000009 0.999991
0.985124 0.014876
0.698248 0.301752
0.000014 0.999986
0.999234 0.000766
0.001305 0.998695
0.001206 0.998794
0.001352 0.998648
0.000007 0.999993
0.001442 0.998558
0.980641 0.019359
0.525730 0.474270
0.996348 0.003652
0.001196 0.998804
0.001313 0.998687
0.020332 0.979668
0.000007 0.999993
0.970904 0.029096
0.001745 0.998255
0.998119 0.001881
0.998348 0.001652
0.059786 0.940214
0.409935 0.590065
0.936678 0.063322
0.001206 0.998794
0.973589 0.026411
0.996058 0.003942
0.087831 0.912169
0.003364 0.996636
0.929730 0.070270
0.994511 0.005489
0.000117 0.999883
0.212088 0.787912
0.011590 0.988410
0.000011 0.999989
0.000007 0.999993
0.000010 0.999990
0.965197 0.034803
0.996419 0.003581
0.000010 0.999990
0.000009 0.999991
0.995619 0.004381
0.000008 0.999992
0.000011 0.999989
0.000116 0.999884
0.577421 0.422579
0.966787 0.033213
0.000007 0.999993
0.913540 0.086460
0.108698 0.891302
0.888697 0.111303
0.001229 0.998771
0.000007 0.999993
0.000014 0.999986
0.000008 0.999992
0.018515 0.981485
0.994571 0.005429
0.999283 0.000717
0.000008 0.999992
0.000048 0.999952
0.998211 0.001789
0.948523 0.051477
0.036206 0.963794
0.000031 0.999969
0.000008 0.999992
0.012471 0.987529
0.029637 0.970363
0.053290 0.946710
0.314505 0.685495
0.000009 0.999991
0.000121 0.999879
0.999084 0.000916
0.987462 0.012538
0.999124 0.000876
0.994949 0.005051
0.987766 0.012234
0.149191 0.850809
0.979122 0.020878
0.000009 0.999991
0.990666 0.009334
0.000007 0.999993
0.003799 0.996201
0.999167 0.000833
0.000039 0.999961
0.012017 0.987983
0.978714 0.021286
0.990465 0.009535
0.989761 0.010239
0.048809 0.951191
0.001920 0.998080
0.000007 0.999993
0.000011 0.999989
0.000016 0.999984
0.989641 0.010359
0.999353 0.000647
0.011998 0.988002
0.000008 0.999992
0.000064 0.999936
0.000032 0.999968
0.000010 0.999990
0.987321 0.012679
0.966236 0.033764
0.994633 0.005367
0.996392 0.003608
0.000009 0.999991
0.998242 0.001758
0.988478 0.011522
0.080610 0.919390
0.998758 0.001242
0.965253 0.034747
0.965218 0.034782
0.998194 0.001806
0.001254 0.998746
0.000007 0.999993
0.996408 0.003592
0.997900 0.002100
0.998240 0.001760
0.994208 0.005792
0.000047 0.999953
0.000008 0.999992
0.000010 0.999990
0.001862 0.998138
0.000007 0.999993
0.985627 0.014373
0.994262 0.005738
0.000008 0.999992
0.001192 0.998808
0.000007 0.999993
0.018262 0.981738
0.000015 0.999985
0.000016 0.999984
0.003470 0.996530
0.221210 0.778790
0.999159 0.000841
0.977896 0.022104
0.000007 0.999993
0.020333 0.979667
0.000008 0.999992
0.014276 0.985724
0.000007 0.999993
0.990612 0.009388
0.001319 0.998681
0.001718 0.998282
0.297777 0.702223
0.000056 0.999944
0.028987 0.971013
0.017406 0.982594
0.000007 0.999993
0.000020 0.999980
0.125841 0.874159
0.000009 0.999991
0.996807 0.003193
0.999284 0.000716
0.000007 0.999993
0.347782 0.652218
0.060253 0.939747
0.000007 0.999993
0.425352 0.574648
0.906949 0.093051
0.001229 0.998771
0.796492 0.203508
0.027478 0.972522
0.000046 0.999954
0.000007 0.999993
0.001209 0.998791
0.990066 0.009934
0.001177 0.998823
0.008784 0.991216
0.000007 0.999993
0.999263 0.000737
0.000010 0.999990
0.999283 0.000717
0.003206 0.996794
0.998753 0.001247
0.997332 0.002668
0.001415 0.998585
0.000008 0.999992
0.999163 0.000837
0.067645 0.932355
0.000009 0.999991
0.080187 0.919813
0.000010 0.999990
0.998679 0.001321
0.998214 0.001786
0.999342 0.000658
0.001466 0.998534
0.018904 0.981096
0.000121 0.999879
0.399970 0.600030
0.999352 0.000648
0.000007 0.999993
0.167782 0.832218
0.002604 0.997396
0.979596 0.020404
0.998182 0.001818
0.039761 0.960239
0.000009 0.999991
0.045631 0.954369
0.999347 0.000653
0.997558 0.002442
0.000009 0.999991
0.979208 0.020792
0.979215 0.020785
0.001218 0.998782
0.999172 0.000828
0.970342 0.029658
0.977493 0.022507
0.997233 0.002767
0.000007 0.999993
0.000011 0.999989
0.996047 0.003953
0.000018 0.999982
0.998893 0.001107
0.000007 0.999993
0.000007 0.999993
0.000120 0.999880
0.001516 0.998484
0.970369 0.029631
0.000124 0.999876
0.000011 0.999989
0.225393 0.774607
0.992946 0.007054
0.211939 0.788061
0.979139 0.020861
0.000012 0.999988
0.995998 0.004002
0.999180 0.000820
0.995541 0.004459
0.001719 0.998281
0.974298 0.025702
0.000010 0.999990
0.999089 0.000911
0.999273 0.000727
0.169167 0.830833
0.990323 0.009677
0.026925 0.973075
0.971118 0.028882
0.996327 0.003673
0.001530 0.998470
0.000007 0.999993
0.012676 0.987324
0.970656 0.029344
0.000008 0.999992
0.999251 0.000749
0.000027 0.999973
0.000007 0.999993
0.982072 0.017928
0.075592 0.924408
0.212875 0.787125
0.965080 0.034920
0.712391 0.287609
0.997765 0.002235
0.992790 0.007210
0.000009 0.999991
0.000010 0.999990
0.001509 0.998491
0.712783 0.287217
0.000101 0.999899
0.036294 0.963706
0.001588 0.998412
0.000007 0.999993
0.000008 0.999992
0.000010 0.999990
0.212797 0.787203
0.001847 0.998153
0.000008 0.999992
0.001248 0.998752
0.000008 0.999992
0.962954 0.037046
0.015234 0.984766
0.992733 0.007267
0.000007 0.999993
0.993565 0.006435
0.076432 0.923568
0.984688 0.015312
0.000111 0.999889
0.989801 0.010199
0.000010 0.999990
0.996802 0.003198
0.994346 0.005654
0.964197 0.035803
0.997816 0.002184
0.012442 0.987558
0.976585 0.023415
0.949644 0.050356
0.999176 0.000824
0.872131 0.127869
0.962276 0.037724
0.001703 0.998297
0.366001 0.633999
0.034809 0.965191
0.000007 0.999993
0.973288 0.026712
0.974089 0.025911
0.000007 0.999993
0.998722 0.001278
0.001402 0.998598
0.993533 0.006467
0.000010 0.999990
0.000007 0.999993
0.039702 0.960298
0.012711 0.987289
0.530070 0.469930
0.000124 0.999876
0.000008 0.999992
0.021037 0.978963
0.000015 0.999985
0.000008 0.999992
0.000008 0.999992
0.012093 0.987907
0.001424 0.998576
0.161775 0.838225
0.715557 0.284443
0.000008 0.999992
0.000009 0.999991
0.000007 0.999993
0.998767 0.001233
0.001255 0.998745
0.016547 0.983453
0.000007 0.999993
0.999348 0.000652
0.037352 0.962648
0.000007 0.999993
0.000009 0.999991
0.999079 0.000921
0.997512 0.002488
0.001627 0.998373
0.001242 0.998758
0.369218 0.630782
0.979291 0.020709
0.995037 0.004963
0.731921 0.268079
0.996908 0.003092
0.012221 0.987779
0.047343 0.952657
0.000007 0.999993
0.001149 0.998851
0.999277 0.000723
0.000008 0.999992
0.001263 0.998737
0.998480 0.001520
0.000012 0.999988
0.000008 0.999992
0.011990 0.988010
0.002214 0.997786
0.000007 0.999993
0.998036 0.001964
0.038334 0.961666
0.999338 0.000662
0.998434 0.001566
0.000007 0.999993
0.002131 0.997869
0.000007 0.999993
0.000007 0.999993
0.998170 0.001830
0.041518 0.958482
0.059943 0.940057
0.000007 0.999993
0.000009 0.999991
0.060168 0.939832
0.000122 0.999878
0.001219 0.998781
0.060488 0.939512
0.000007 0.999993
0.000009 0.999991
0.997408 0.002592
0.203631 0.796369
0.986823 0.013177
0.998253 0.001747
0.988276 0.011724
0.999311 0.000689
0.987948 0.012052
0.001270 0.998730
0.000011 0.999989
0.000108 0.999892
0.001258 0.998742
0.999339 0.000661
0.995184 0.004816
0.062607 0.937393
0.001166 0.998834
0.000007 0.999993
0.708592 0.291408
0.975152 0.024848
0.998998 0.001002
0.000008 0.999992
0.987631 0.012369
0.013135 0.986865
0.000007 0.999993
0.000007 0.999993
0.499993 0.500007
0.000007 0.999993
0.000007 0.999993
0.000011 0.999989
0.999349 0.000651
0.000007 0.999993
0.997996 0.002004
0.000008 0.999992
0.994413 0.005587
0.000008 0.999992
0.070864 0.929136
0.545118 0.454882
0.000007 0.999993
0.001224 0.998776
0.000009 0.999991
0.001231 0.998769
0.178562 0.821438
0.000007 0.999993
0.117766 0.882234
0.846767 0.153233
0.060977 0.939023
0.219749 0.780251
0.164287 0.835713
0.000089 0.999911
0.103846 0.896154
0.000019 0.999981
0.002564 0.997436
0.969427 0.030573
0.975715 0.024285
0.000069 0.999931
0.013335 0.986665
0.819419 0.180581
0.032007 0.967993
0.999282 0.000718
0.168778 0.831222
0.000009 0.999991
0.985594 0.014406
0.997953 0.002047
0.000012 0.999988
0.036217 0.963783
0.000009 0.999991
0.999136 0.000864
0.002916 0.997084
0.000008 0.999992
0.251366 0.748634
0.045554 0.954446
0.015177 0.984823
0.000007 0.999993
0.280308 0.719692
0.998811 0.001189
0.000007 0.999993
0.869122 0.130878
0.001211 0.998789
0.990244 0.009756
0.001170 0.998830
0.000011 0.999989
0.000008 0.999992
0.007899 0.992101
0.000009 0.999991
0.869945 0.130055
0.004388 0.995612
0.995530 0.004470
0.762591 0.237409
0.001382 0.998618
0.998256 0.001744
0.996011 0.003989
0.000011 0.999989
0.997417 0.002583
0.989801 0.010199
0.000008 0.999992
0.000010 0.999990
0.000008 0.999992
0.241412 0.758588
0.218935 0.781065
0.000007 0.999993
0.000008 0.999992
0.988712 0.011288
0.673784 0.326216
0.001533 0.998467
0.114174 0.885826
0.996218 0.003782
0.886088 0.113912
0.000012 0.999988
0.001171 0.998829
0.013105 0.986895
0.000008 0.999992
0.995582 0.004418
0.999052 0.000948
0.012817 0.987183
0.629390 0.370610
0.045450 0.954550
0.000007 0.999993
0.001182 0.998818
0.987334 0.012666
0.998986 0.001014
0.000008 0.999992
0.998210 0.001790
0.000015 0.999985
0.001217 0.998783
0.000007 0.999993
0.999139 0.000861
0.995432 0.004568
0.000010 0.999990
0.000030 0.999970
0.940025 0.059975
0.000009 0.999991
0.947173 0.052827
0.000013 0.999987
0.111737 0.888263
0.001217 0.998783
0.000008 0.999992
0.995925 0.004075
0.000008 0.999992
0.938698 0.061302
0.967868 0.032132
0.000104 0.999896
0.178593 0.821407
0.000007 0.999993
0.988567 0.011433
0.035704 0.964296
0.989860 0.010140
0.000007 0.999993
0.059186 0.940814
0.062254 0.937746
0.000008 0.999992
0.000007 0.999993
0.001240 0.998760
0.002487 0.997513
0.002932 0.997068
0.999270 0.000730
0.262116 0.737884
0.000007 0.999993
0.998758 0.001242
0.564351 0.435649
0.989561 0.010439
0.012635 0.987365
0.000007 0.999993
0.998387 0.001613
0.771902 0.228098
0.031159 0.968841
0.998113 0.001887
0.000010 0.999990
0.001249 0.998751
0.998682 0.001318
0.001481 0.998519
0.009077 0.990923
0.000007 0.999993
0.014548 0.985452
0.000007 0.999993
0.935532 0.064468
0.000105 0.999895
0.000100 0.999900
0.997808 0.002192
0.040960 0.959040
0.000007 0.999993
0.996130 0.003870
0.000009 0.999991
0.169235 0.830765
0.001320 0.998680
0.002327 0.997673
0.973288 0.026712
0.238604 0.761396
0.012137 0.987863
0.001287 0.998713
0.111303 0.888697
0.958098 0.041902
0.000016 0.999984
0.998442 0.001558
0.001668 0.998332
0.000010 0.999990
0.001196 0.998804
0.993554 0.006446
0.000009 0.999991
0.000009 0.999991
0.000007 0.999993
0.000012 0.999988
0.040186 0.959814
0.000039 0.999961
0.996649 0.003351
0.839111 0.160889
0.012579 0.987421
0.997719 0.002281
0.010885 0.989115
0.001315 0.998685
0.000010 0.999990
0.989289 0.010711
0.995379 0.004621
0.981450 0.018550
0.000007 0.999993
0.997941 0.002059
0.936587 0.063413
0.000016 0.999984
0.001219 0.998781
0.000008 0.999992
0.974890 0.025110
0.000009 0.999991
0.996516 0.003484
0.000009 0.999991
0.997986 0.002014
0.951924 0.048076
0.000007 0.999993
0.079156 0.920844
0.000009 0.999991
0.001184 0.998816
0.001229 0.998771
0.000007 0.999993
0.998311 0.001689
0.001456 0.998544
0.000013 0.999987
0.169562 0.830438
0.993013 0.006987
0.000011 0.999989
0.949801 0.050199
0.996812 0.003188
0.000009 0.999991
0.011817 0.988183
0.002215 0.997785
0.023330 0.976670
0.013429 0.986571
0.000007 0.999993
0.000124 0.999876
0.999335 0.000665
0.001568 0.998432
0.899970 0.100030
0.860038 0.139962
0.000009 0.999991
0.002297 0.997703
0.012442 0.987558
0.000007 0.999993
0.997797 0.002203
0.000008 0.999992
0.012339 0.987661
0.000009 0.999991
0.988147 0.011853
0.991501 0.008499
0.000007 0.999993
0.987181 0.012819
0.999282 0.000718
0.002222 0.997778
0.417350 0.582650
0.256249 0.743751
0.012293 0.987707
0.999343 0.000657
0.000028 0.999972
0.788153 0.211847
0.998232 0.001768
0.000011 0.999989
0.000100 0.999900
0.000010 0.999990
0.000007 0.999993
0.000016 0.999984
0.998398 0.001602
0.013545 0.986455
0.998777 0.001223
0.000007 0.999993
0.000007 0.999993
0.989147 0.010853
0.988354 0.011646
0.001804 0.998196
0.978775 0.021225
0.979161 0.020839
0.001241 0.998759
0.908895 0.091105
0.989895 0.010105
0.000007 0.999993
0.001370 0.998630
0.001433 0.998567
0.980487 0.019513
0.000007 0.999993
0.002957 0.997043
0.012777 0.987223
0.000123 0.999877
0.001178 0.998822
0.000007 0.999993
0.959637 0.040363
0.994679 0.005321
0.000008 0.999992
0.998456 0.001544
0.198472 0.801528
0.985222 0.014778
0.000008 0.999992
0.029282 0.970718
0.997989 0.002011
0.976955 0.023045
0.999171 0.000829
0.999119 0.000881
0.000007 0.999993
0.000007 0.999993
0.001337 0.998663
0.989018 0.010982
0.000007 0.999993
0.000123 0.999877
0.000028 0.999972
0.001302 0.998698
0.990672 0.009328
0.000010 0.999990
0.057161 0.942839
0.000007 0.999993
0.000014 0.999986
0.996536 0.003464
0.987643 0.012357
0.394468 0.605532
0.394409 0.605591
0.012261 0.987739
0.000008 0.999992
0.998832 0.001168
0.373263 0.626737
0.998011 0.001989
0.000012 0.999988
0.980685 0.019315
0.990188 0.009812
0.000030 0.999970
0.027536 0.972464
0.126537 0.873463
0.001203 0.998797
0.000010 0.999990
0.077350 0.922650
0.001336 0.998664
0.000015 0.999985
0.998775 0.001225
0.938450 0.061550
0.000018 0.999982
0.989654 0.010346
0.044769 0.955231
0.993209 0.006791
0.000008 0.999992
0.873790 0.126210
0.042379 0.957621
0.187804 0.812196
0.012846 0.987154
0.999258 0.000742
