0.484384 0.351329 0.164287
0.929028 0.070972
0.770841 0.229159
1.000000
0.474334 0.525666
1.000000
1.000000
1.000000
1.000000
1.000000
0.907916 0.092084
1.000000
1.000000
0.543811 0.456189
1.000000
1.000000
0.480137 0.519863
0.715981 0.284019
0.659395 0.340605
1.000000
0.109711 0.890289
0.035497 0.964503
0.247347 0.752653
0.092539 0.907461
0.057444 0.942556
0.055853 0.944147
1.000000
1.000000
1.000000
1.000000
0.036062 0.963938
1.000000
1.000000
1.000000
0.093635 0.906365
0.763685 0.236315
1.000000
1.000000
0.070592 0.929408
1.000000
1.000000
1.000000
0.004317 0.218302 0.777381
1.000000
1.000000
1.000000
0.912845 0.087155
1.000000
1.000000
1.000000
0.768281 0.231719
1.000000
1.000000
1.000000
1.000000
1.000000
1.000000
1.000000
0.496444 0.503556
1.000000
1.000000
1.000000
1.000000
0.160364 0.839636
1.000000
0.029005 0.970995
1.000000
1.000000
0.704105 0.295895
1.000000
0.751979 0.248021
1.000000
1.000000
1.000000
1.000000
1.000000
1.000000
1.000000
1.000000
1.000000
0.870219 0.129781
0.583380 0.416620
1.000000
1.000000
0.522016 0.477984
0.084636 0.915364
1.000000
0.923393 0.076607
0.065382 0.934618
0.876204 0.123796
0.034604 0.965396
1.000000
1.000000
1.000000
1.000000
0.555540 0.444460
1.000000
1.000000
1.000000
1.000000
0.615045 0.384955
1.000000
0.022789 0.977211
1.000000
0.839145 0.160855
0.554245 0.445755
1.000000
1.000000
0.232369 0.767631
1.000000
0.879994 0.120006
0.599757 0.400243
1.000000
1.000000
1.000000
0.442090 0.557910
1.000000
0.086569 0.913431
1.000000
1.000000
0.661152 0.338848
1.000000
0.021076 0.978924
0.060596 0.939404
1.000000
1.000000
0.022389 0.977611
1.000000
0.810526 0.135927 0.053547
1.000000
1.000000
1.000000
0.852963 0.147037
0.302743 0.697257
0.340440 0.304357 0.355203
0.615703 0.269656 0.088994 0.025648
1.000000
0.073343 0.926657
0.382612 0.617388
1.000000
1.000000
0.658014 0.341986
0.328291 0.332639 0.339070
0.658211 0.341789
1.000000
1.000000
0.275340 0.724660
1.000000
0.857088 0.142912
1.000000
1.000000
0.762462 0.237538
1.000000
0.672079 0.327921
1.000000
1.000000
0.521318 0.478682
1.000000
1.000000
0.803134 0.196866
0.903444 0.096556
1.000000
1.000000
0.492122 0.507878
1.000000
0.611082 0.388918
1.000000
0.745922 0.254078
1.000000
0.486426 0.513574
1.000000
0.935703 0.064297
1.000000
1.000000
0.483284 0.516716
1.000000
0.181739 0.818261
1.000000
1.000000
0.736627 0.151795 0.111578
1.000000
1.000000
1.000000
0.423651 0.576349
1.000000
1.000000
0.055247 0.944753
1.000000
1.000000
0.720674 0.279326
0.054325 0.945675
1.000000
1.000000
0.927714 0.072286
0.037908 0.962092
1.000000
1.000000
1.000000
1.000000
1.000000
0.563051 0.436949
1.000000
0.913274 0.086726
0.321700 0.678300
0.030314 0.969686
1.000000
0.338429 0.661571
0.018892 0.981108
0.512168 0.487832
0.254201 0.745799
0.694057 0.305943
0.040850 0.959150
0.595471 0.404529
1.000000
1.000000
1.000000
0.751948 0.248052
0.452045 0.462803 0.085152
0.439625 0.560375
0.005400 0.178109 0.816491
1.000000
0.093763 0.906237
0.494049 0.505951
1.000000
0.260284 0.739716
0.699084 0.300916
1.000000
0.356053 0.643947
1.000000
1.000000
0.085385 0.914615
1.000000
1.000000
1.000000
0.892803 0.107197
1.000000
0.029001 0.970999
1.000000
1.000000
0.714427 0.285573
0.177432 0.822568
1.000000
1.000000
1.000000
1.000000
1.000000
0.014156 0.985844
1.000000
0.762464 0.237536
0.275327 0.724673
1.000000
1.000000
0.616236 0.383764
0.885025 0.114975
1.000000
0.020213 0.979787
1.000000
1.000000
1.000000
1.000000
0.709042 0.290958
1.000000
1.000000
1.000000
0.602471 0.397529
1.000000
0.058936 0.657043 0.284021
1.000000
0.399574 0.600426
0.247921 0.752079
1.000000
1.000000
1.000000
1.000000
0.081417 0.918583
0.714980 0.285020
0.137523 0.862477
0.007354 0.331350 0.661296
0.206826 0.793174
0.607862 0.233120 0.159018
1.000000
0.032667 0.967333
0.573765 0.426235
1.000000
1.000000
1.000000
0.797398 0.202602
1.000000
0.696674 0.303326
1.000000
1.000000
1.000000
0.879522 0.120478
0.274934 0.725066
0.725111 0.274889
0.205701 0.794299
0.248581 0.751419
1.000000
0.648296 0.351704
1.000000
1.000000
1.000000
1.000000
0.609034 0.390966
1.000000
1.000000
0.032262 0.967738
0.033987 0.966013
0.398199 0.601801
1.000000
1.000000
0.498210 0.501790
1.000000
1.000000
0.362827 0.637173
0.035056 0.150867 0.814077
1.000000
1.000000
1.000000
0.829045 0.102723 0.068231
1.000000
1.000000
0.034187 0.965813
1.000000
1.000000
1.000000
0.684643 0.315357
0.638895 0.361105
0.552682 0.447318
0.073562 0.926438
1.000000
0.059766 0.491094 0.449140
1.000000
1.000000
0.024686 0.975314
1.000000
1.000000
0.652460 0.347540
1.000000
0.016959 0.983041
1.000000
0.940298 0.059702
0.521622 0.478378
0.301764 0.698236
1.000000
0.016138 0.983862
1.000000
0.871416 0.128584
0.757560 0.242440
0.595764 0.404236
1.000000
1.000000
1.000000
1.000000
1.000000
0.891076 0.108924
1.000000
1.000000
1.000000
1.000000
0.778899 0.221101
0.486776 0.466309 0.046915
1.000000
0.514515 0.485485
1.000000
0.610159 0.389841
0.890240 0.109760
1.000000
0.256565 0.743435
1.000000
0.007105 0.226009 0.766885
1.000000
0.004291 0.225345 0.770363
1.000000
0.370162 0.629838
0.935172 0.064828
0.528241 0.471759
1.000000
1.000000
0.918003 0.081997
1.000000
0.584974 0.415026
0.090001 0.909999
0.023603 0.976397
1.000000
0.867343 0.132657
1.000000
1.000000
1.000000
0.781006 0.218994
1.000000
0.889046 0.110954
0.029987 0.970013
0.050686 0.595745 0.353568
1.000000
1.000000
1.000000
1.000000
1.000000
1.000000
0.060103 0.939897
1.000000
1.000000
1.000000
1.000000
1.000000
0.626108 0.373892
1.000000
0.028961 0.971039
1.000000
0.079338 0.920662
0.902381 0.097619
0.464369 0.535631
0.443692 0.556308
0.423332 0.576668
0.715524 0.284476
1.000000
1.000000
0.070935 0.511366 0.417700
0.614582 0.385418
1.000000
0.397929 0.602071
0.288374 0.711626
0.808883 0.191117
1.000000
0.014442 0.985558
0.336229 0.321304 0.342466
0.893262 0.106738
0.754085 0.245915
1.000000
0.564176 0.435824
1.000000
0.122174 0.877826
0.005907 0.262971 0.731122
0.199999 0.280229 0.218774 0.300998
1.000000
1.000000
0.215021 0.595787 0.189192
1.000000
0.839387 0.090979 0.069634
1.000000
1.000000
1.000000
1.000000
0.315166 0.684834
0.093857 0.906143
1.000000
1.000000
0.754348 0.245652
0.743073 0.256927
0.924220 0.075780
0.060125 0.608158 0.331718
0.097708 0.902292
0.512112 0.487888
1.000000
0.796439 0.203561
0.028891 0.393901 0.577207
1.000000
1.000000
1.000000
0.012615 0.987385
1.000000
1.000000
1.000000
0.752190 0.247810
1.000000
0.153111 0.846889
0.554245 0.445755
1.000000
1.000000
0.804047 0.195953
1.000000
1.000000
0.808128 0.191872
1.000000
0.767417 0.232583
1.000000
1.000000
1.000000
1.000000
1.000000
1.000000
0.708987 0.291013
0.592268 0.407732
1.000000
1.000000
1.000000
1.000000
0.512706 0.487294
1.000000
1.000000
1.000000
1.000000
1.000000
1.000000
1.000000
1.000000
0.680478 0.319522
0.754291 0.245709
0.839581 0.080900 0.079519
0.614379 0.385621
1.000000
0.759006 0.240994
0.667898 0.332102
0.568832 0.431168
0.003130 0.119373 0.547862 0.329635
1.000000
0.355843 0.314443 0.193712 0.095484 0.040518
0.606327 0.393673
0.726095 0.273905
0.006488 0.401280 0.592232
1.000000
0.018435 0.981565
1.000000
0.904793 0.095207
1.000000
0.554589 0.445411
0.579216 0.420784
1.000000
0.860785 0.139215
0.871803 0.128197
0.178092 0.821908
0.249008 0.750992
0.476260 0.523740
0.794383 0.205617
0.048282 0.951718
1.000000
0.014370 0.485325 0.500306
1.000000
0.177445 0.822555
0.581846 0.418154
1.000000
0.687606 0.312394
0.797121 0.202879
1.000000
1.000000
1.000000
0.230117 0.769883
0.420588 0.579412
1.000000
0.918086 0.081914
1.000000
1.000000
0.036853 0.963147
0.156965 0.843035
0.732567 0.161284 0.049977 0.056171
1.000000
1.000000
1.000000
0.020173 0.979827
1.000000
1.000000
1.000000
1.000000
0.890721 0.109279
1.000000
0.031489 0.968511
1.000000
0.082606 0.917394
1.000000
1.000000
1.000000
1.000000
1.000000
1.000000
0.019916 0.980084
0.690402 0.309598
0.772093 0.227907
1.000000
0.373881 0.626119
0.766107 0.233893
1.000000
0.915369 0.084631
0.563545 0.436455
1.000000
1.000000
0.632104 0.367896
0.039772 0.960228
0.534318 0.465682
1.000000
0.765249 0.234751
1.000000
1.000000
0.688660 0.311340
0.833231 0.166769
0.906458 0.093542
1.000000
0.408525 0.591475
1.000000
0.226754 0.773246
1.000000
0.249859 0.750141
1.000000
0.491092 0.508908
0.503890 0.496110
1.000000
0.108111 0.891889
1.000000
1.000000
0.010186 0.389265 0.600548
0.742588 0.257412
0.509332 0.490668
0.727976 0.272024
0.884244 0.115756
1.000000
1.000000
1.000000
0.018886 0.981114
1.000000
1.000000
0.870009 0.129991
1.000000
1.000000
1.000000
1.000000
1.000000
0.571992 0.428008
1.000000
1.000000
0.766931 0.233069
0.563075 0.436925
1.000000
0.900726 0.099274
0.015488 0.370020 0.514419 0.100073
1.000000
0.360379 0.330194 0.309427
0.096995 0.903005
1.000000
0.850491 0.149509
1.000000
0.573761 0.426239
0.073007 0.926993
1.000000
0.667135 0.332865
1.000000
1.000000
0.666196 0.333804
0.140054 0.859946
0.903586 0.096414
1.000000
1.000000
1.000000
1.000000
0.814409 0.185591
0.325260 0.347789 0.326951
1.000000
0.749922 0.250078
0.276481 0.619797 0.103722
1.000000
0.553777 0.446223
0.219412 0.780588
1.000000
1.000000
1.000000
1.000000
0.605389 0.394611
0.071672 0.928328
1.000000
1.000000
1.000000
1.000000
1.000000
1.000000
0.701179 0.298821
1.000000
0.578817 0.421183
0.295976 0.372147 0.331877
1.000000
0.921819 0.078181
0.867235 0.132765
1.000000
0.504890 0.495110
0.918620 0.081380
1.000000
0.670626 0.329374
1.000000
0.801539 0.100324 0.098137
0.080376 0.919624
0.366039 0.633961
0.193378 0.710109 0.096513
0.774102 0.225898
0.692711 0.307289
0.544895 0.455105
0.061159 0.938841
0.893836 0.106164
0.575562 0.310099 0.114339
1.000000
0.825073 0.174927
1.000000
0.470984 0.529016
0.814812 0.185188
1.000000
0.152860 0.847140
0.752980 0.247020
1.000000
0.330010 0.669990
1.000000
1.000000
1.000000
1.000000
0.408451 0.591549
0.587673 0.412327
0.018380 0.981620
0.563930 0.436070
1.000000
1.000000
0.077812 0.922188
0.661276 0.338724
0.630526 0.369474
0.897742 0.102258
1.000000
1.000000
1.000000
0.146751 0.853249
1.000000
0.334445 0.665555
0.915493 0.084507
0.719710 0.218538 0.051189 0.010564
1.000000
0.013332 0.986668
1.000000
0.268778 0.731222
1.000000
1.000000
1.000000
0.439524 0.560476
0.908598 0.091402
1.000000
1.000000
1.000000
0.495559 0.504441
0.606224 0.393776
1.000000
1.000000
0.321722 0.678278
1.000000
1.000000
1.000000
1.000000
1.000000
0.017468 0.426485 0.488021 0.068026
0.464354 0.535646
0.498855 0.501145
0.580673 0.419327
1.000000
0.751284 0.248716
0.097873 0.659576 0.242551
0.014162 0.275998 0.709841
0.837454 0.091131 0.071415
0.580641 0.419359
0.882175 0.117825
0.640798 0.359202
0.017010 0.982990
1.000000
1.000000
1.000000
0.019093 0.980907
1.000000
0.310697 0.689303
0.829640 0.170360
0.841456 0.158544
1.000000
1.000000
1.000000
1.000000
0.883995 0.116005
1.000000
1.000000
1.000000
0.216515 0.783485
1.000000
0.464618 0.535382
1.000000
1.000000
0.837909 0.162091
0.841238 0.158762
1.000000
0.860092 0.139908
0.500055 0.499945
0.258557 0.741443
0.797661 0.202339
1.000000
0.626965 0.373035
1.000000
0.016691 0.983309
1.000000
1.000000
0.667441 0.332559
1.000000
1.000000
0.002714 0.072827 0.924459
1.000000
1.000000
1.000000
0.908447 0.091553
0.899563 0.100437
0.458670 0.541330
1.000000
0.902034 0.097966
0.640393 0.359607
0.484583 0.515417
0.103619 0.669136 0.227244
1.000000
0.326430 0.322207 0.351362
0.639422 0.360578
0.244268 0.755732
0.221716 0.778284
0.016167 0.463898 0.519935
0.619667 0.380333
1.000000
1.000000
0.695517 0.304483
1.000000
0.482144 0.517856
1.000000
1.000000
1.000000
0.595322 0.404678
1.000000
1.000000
0.008485 0.114340 0.877175
0.792360 0.207640
1.000000
0.368438 0.323828 0.307734
1.000000
1.000000
1.000000
1.000000
0.628483 0.292012 0.079505
1.000000
1.000000
1.000000
0.815719 0.184281
0.334616 0.665384
0.237712 0.688106 0.074182
0.618865 0.381135
0.008209 0.050420 0.941371
0.466451 0.533549
0.762764 0.237236
1.000000
0.876965 0.123035
0.485506 0.514494
1.000000
1.000000
0.464927 0.535073
0.927441 0.072559
0.028143 0.971857
0.834378 0.165622
1.000000
0.730775 0.269225
1.000000
1.000000
1.000000
1.000000
1.000000
0.364459 0.272055 0.363485
1.000000
1.000000
0.536123 0.324717 0.139159
1.000000
0.650422 0.349578
1.000000
1.000000
1.000000
0.562118 0.437882
1.000000
1.000000
1.000000
1.000000
1.000000
1.000000
1.000000
0.696889 0.303111
0.389777 0.610223
1.000000
1.000000
0.326828 0.366652 0.306520
0.730382 0.269618
1.000000
1.000000
1.000000
1.000000
1.000000
0.046269 0.733737 0.219994
1.000000
0.462388 0.485837 0.051775
1.000000
0.211099 0.788901
1.000000
0.532024 0.467976
1.000000
1.000000
1.000000
1.000000
0.634115 0.365885
1.000000
1.000000
1.000000
0.886579 0.113421
0.856596 0.143404
1.000000
0.475251 0.524749
1.000000
1.000000
0.240700 0.759300
1.000000
1.000000
1.000000
0.845762 0.082818 0.071420
0.210170 0.431230 0.129638 0.099950 0.129011
1.000000
1.000000
1.000000
0.026383 0.973617
1.000000
0.790130 0.209870
1.000000
0.057386 0.942614
1.000000
1.000000
0.709707 0.238254 0.052040
0.166950 0.833050
1.000000
1.000000
0.927390 0.072610
1.000000
1.000000
1.000000
0.282541 0.639197 0.078262
1.000000
0.625490 0.374510
1.000000
1.000000
0.445870 0.517445 0.036685
1.000000
0.481561 0.518439
1.000000
0.570889 0.429111
0.642371 0.357629
1.000000
0.425113 0.574887
0.611000 0.389000
1.000000
0.696466 0.303534
1.000000
0.523727 0.476273
0.859400 0.140600
0.070117 0.796280 0.133603
1.000000
0.070021 0.929979
0.153953 0.649484 0.196563
1.000000
0.912197 0.087803
1.000000
0.543313 0.456687
0.655274 0.344726
1.000000
1.000000
1.000000
1.000000
0.080337 0.919663
0.451635 0.548365
0.026222 0.973778
1.000000
0.365031 0.634969
1.000000
1.000000
0.484943 0.515057
1.000000
1.000000
0.153881 0.846119
1.000000
0.001291 0.007070 0.028560 0.215819 0.747259
1.000000
1.000000
0.568483 0.431517
1.000000
1.000000
1.000000
0.330417 0.307643 0.361941
0.335561 0.664439
1.000000
1.000000
1.000000
0.680888 0.319112
0.574019 0.425981
0.371703 0.359959 0.268338
0.548789 0.451211
1.000000
0.058685 0.941315
1.000000
0.559314 0.440686
0.050103 0.949897
0.443330 0.556670
0.365984 0.576109 0.057907
1.000000
0.025522 0.974478
0.237902 0.762098
1.000000
1.000000
1.000000
1.000000
0.491224 0.508776
1.000000
1.000000
1.000000
1.000000
1.000000
1.000000
0.933648 0.066352
0.606311 0.393689
0.600848 0.399152
1.000000
1.000000
1.000000
0.018255 0.981745
1.000000
1.000000
1.000000
1.000000
0.396769 0.263032 0.340199
0.104868 0.895132
0.364122 0.635878
0.576776 0.423224
1.000000
1.000000
0.365594 0.366403 0.268003
1.000000
0.802623 0.197377
0.542101 0.457899
1.000000
1.000000
1.000000
0.912935 0.087065
0.613550 0.386450
1.000000
0.550288 0.449712
0.500513 0.499487
0.474643 0.525357
0.703486 0.296514
1.000000
0.671279 0.328721
1.000000
1.000000
0.783080 0.109811 0.107109
0.029407 0.970593
0.620679 0.379321
1.000000
1.000000
1.000000
0.199488 0.800512
0.015759 0.984241
0.928272 0.071728
1.000000
1.000000
0.101229 0.898771
1.000000
0.903397 0.096603
1.000000
0.696304 0.303696
0.545581 0.454419
0.735921 0.264079
0.415620 0.584380
1.000000
1.000000
0.827488 0.172512
0.476947 0.523053
1.000000
1.000000
0.505033 0.327635 0.167332
1.000000
0.485925 0.514075
1.000000
0.189071 0.810929
0.840225 0.159775
1.000000
0.658899 0.341101
1.000000
0.361242 0.638758
0.588079 0.315602 0.096319
0.089958 0.910042
0.159154 0.840846
0.486990 0.513010
1.000000
1.000000
1.000000
0.661360 0.338640
0.515989 0.484011
1.000000
0.020344 0.137592 0.458016 0.384047
1.000000
1.000000
0.342502 0.315500 0.341998
1.000000
1.000000
1.000000
0.812387 0.187613
1.000000
0.937268 0.062732
1.000000
0.508071 0.491929
0.347159 0.328977 0.323864
1.000000
1.000000
1.000000
0.515637 0.484363
0.910429 0.089571
0.832123 0.167877
1.000000
1.000000
1.000000
0.858236 0.141764
0.868047 0.131953
0.199118 0.800882
1.000000
0.401291 0.598709
0.255434 0.744566
1.000000
1.000000
0.461582 0.538418
0.437487 0.562513
0.897877 0.102123
1.000000
0.894816 0.105184
1.000000
0.481890 0.518110
0.927626 0.072374
1.000000
0.403572 0.596428
0.707880 0.234168 0.057953
1.000000
0.934023 0.065977
1.000000
0.767566 0.232434
1.000000
0.462554 0.537446
1.000000
0.339701 0.287216 0.373083
1.000000
1.000000
1.000000
0.616166 0.336536 0.047298
0.484447 0.515553
1.000000
1.000000
1.000000
1.000000
1.000000
0.636405 0.363595
0.473351 0.526649
1.000000
1.000000
0.518277 0.481723
1.000000
1.000000
1.000000
0.894327 0.105673
1.000000
1.000000
1.000000
0.931060 0.068940
1.000000
0.041999 0.958001
1.000000
1.000000
1.000000
1.000000
1.000000
0.636898 0.363102
0.020988 0.979012
1.000000
1.000000
1.000000
0.908526 0.091474
1.000000
1.000000
0.854065 0.145935
0.574360 0.314200 0.111440
1.000000
0.018430 0.981570
1.000000
1.000000
0.001493 0.024720 0.332369 0.641418
1.000000
0.468091 0.531909
1.000000
1.000000
0.805290 0.194710
1.000000
1.000000
1.000000
0.024280 0.975720
1.000000
0.903994 0.096006
0.525576 0.474424
1.000000
1.000000
0.859853 0.140147
0.052558 0.947442
0.028283 0.233054 0.738663
1.000000
0.171138 0.828862
1.000000
0.287906 0.434470 0.277623
1.000000
0.931316 0.068684
1.000000
1.000000
0.937763 0.062237
0.916906 0.083094
0.039176 0.960824
0.925688 0.074312
0.928203 0.071797
0.055941 0.944059
1.000000
0.498723 0.501277
0.872488 0.127512
0.663716 0.264529 0.071755
1.000000
1.000000
1.000000
0.020753 0.979247
1.000000
1.000000
1.000000
0.299444 0.700556
1.000000
0.012393 0.049716 0.269880 0.668012
0.228880 0.771120
0.653380 0.346620
1.000000
1.000000
1.000000
0.823207 0.176793
1.000000
0.662587 0.337413
0.052337 0.947663
1.000000
1.000000
0.224401 0.775599
0.781716 0.218284
0.323197 0.676803
1.000000
0.063129 0.936871
0.690043 0.309957
0.725155 0.274845
0.456306 0.543694
0.134761 0.621736 0.243503
0.002902 0.071596 0.925502
1.000000
0.823339 0.176661
1.000000
1.000000
0.455500 0.544500
0.210450 0.789550
1.000000
1.000000
0.015012 0.443868 0.541120
1.000000
1.000000
1.000000
1.000000
0.226436 0.773564
1.000000
1.000000
0.782927 0.217073
1.000000
0.100028 0.899972
1.000000
1.000000
1.000000
1.000000
0.729646 0.270354
1.000000
0.625871 0.374129
0.687974 0.312026
1.000000
0.402218 0.597782
0.195603 0.804397
1.000000
0.631395 0.368605
1.000000
0.623533 0.376467
0.924014 0.075986
1.000000
0.011473 0.988527
1.000000
1.000000
1.000000
1.000000
1.000000
0.639856 0.360144
1.000000
1.000000
1.000000
1.000000
0.050032 0.949968
1.000000
0.309164 0.603620 0.087216
0.598273 0.401727
1.000000
0.057138 0.942862
1.000000
1.000000
1.000000
1.000000
1.000000
0.724014 0.275986
1.000000
0.474256 0.525744
1.000000
1.000000
1.000000
1.000000
0.757091 0.242909
0.058394 0.941606
1.000000
1.000000
1.000000
1.000000
1.000000
1.000000
1.000000
0.920019 0.079981
1.000000
1.000000
0.028429 0.167301 0.804270
0.032179 0.967821
0.557552 0.442448
1.000000
1.000000
0.193632 0.806368
0.036220 0.963780
0.926183 0.073817
1.000000
0.783720 0.216280
0.456688 0.543312
1.000000
1.000000
1.000000
1.000000
1.000000
0.103721 0.896279
1.000000
0.358285 0.641715
0.005262 0.241821 0.752918
1.000000
0.907906 0.092094
0.485885 0.514115
0.717647 0.282353
1.000000
0.481613 0.518387
1.000000
0.593523 0.406477
1.000000
0.046920 0.432468 0.520612
1.000000
0.046869 0.549383 0.403748
1.000000
1.000000
0.124536 0.875464
0.692641 0.202146 0.050753 0.054459
0.519522 0.480478
1.000000
1.000000
0.130980 0.869020
0.349354 0.285329 0.365317
1.000000
0.845441 0.154559
1.000000
0.051384 0.948616
1.000000
0.935629 0.064371
1.000000
1.000000
0.146559 0.853441
0.030090 0.445306 0.444792 0.079811
0.141444 0.858556
0.856320 0.143680
1.000000
0.887415 0.112585
0.606086 0.393914
0.533457 0.466543
1.000000
1.000000
1.000000
0.028979 0.239567 0.731454
0.758203 0.166323 0.075474
1.000000
0.557492 0.442508
1.000000
0.537230 0.462770
0.183259 0.816741
1.000000
1.000000
0.414996 0.317849 0.167930 0.072150 0.027075
0.779519 0.187051 0.033430
0.470717 0.529283
0.791048 0.208952
1.000000
1.000000
1.000000
0.025574 0.974426
0.523147 0.476853
0.563778 0.436222
1.000000
1.000000
1.000000
1.000000
1.000000
0.932359 0.067641
0.894272 0.105728
0.710828 0.143185 0.145987
1.000000
1.000000
1.000000
0.880250 0.119750
1.000000
1.000000
0.002700 0.050171 0.947129
1.000000
1.000000
1.000000
0.291994 0.708006
1.000000
1.000000
0.705146 0.294854
1.000000
1.000000
0.418542 0.581458
1.000000
0.492618 0.507382
1.000000
1.000000
0.590432 0.146589 0.130249 0.132730
1.000000
1.000000
0.677647 0.322353
1.000000
1.000000
1.000000
1.000000
0.791894 0.208106
0.087216 0.912784
1.000000
0.031702 0.132162 0.836136
0.044403 0.955597
1.000000
0.017130 0.982870
1.000000
1.000000
0.597394 0.293385 0.109222
0.820272 0.120675 0.059052
1.000000
0.473601 0.526399
1.000000
1.000000
1.000000
0.587910 0.347208 0.064882
1.000000
0.883289 0.116711
0.782927 0.217073
0.552313 0.447687
1.000000
0.765577 0.234423
1.000000
1.000000
1.000000
1.000000
1.000000
1.000000
0.028407 0.971593
1.000000
1.000000
1.000000
1.000000
0.612543 0.387457
0.865029 0.134971
1.000000
1.000000
0.525942 0.474058
1.000000
1.000000
1.000000
1.000000
0.103778 0.896222
1.000000
0.509521 0.490479
1.000000
1.000000
1.000000
0.043806 0.956194
0.460501 0.539499
1.000000
0.004293 0.165842 0.573230 0.256635
1.000000
1.000000
1.000000
0.896925 0.103075
0.884489 0.115511
1.000000
1.000000
1.000000
0.035110 0.146333 0.818558
1.000000
1.000000
1.000000
1.000000
0.698473 0.301527
1.000000
0.276579 0.624381 0.099040
0.522131 0.477869
1.000000
1.000000
1.000000
1.000000
1.000000
1.000000
1.000000
1.000000
0.060647 0.939353
1.000000
0.277877 0.722123
1.000000
1.000000
1.000000
1.000000
1.000000
1.000000
1.000000
1.000000
1.000000
0.329111 0.315972 0.354917
0.592736 0.407264
1.000000
1.000000
1.000000
0.629890 0.370110
1.000000
0.668935 0.331065
0.020815 0.979185
0.006806 0.172381 0.820813
0.731265 0.268735
1.000000
0.021213 0.978787
1.000000
1.000000
0.075249 0.722650 0.202101
0.173206 0.826794
0.636742 0.363258
0.581903 0.418097
1.000000
0.555717 0.444283
0.638957 0.361043
0.119858 0.880142
1.000000
0.049377 0.271320 0.679303
0.724517 0.275483
1.000000
0.514634 0.485366
0.379336 0.382302 0.238363
1.000000
0.260012 0.739988
1.000000
0.390322 0.609678
1.000000
1.000000
0.086933 0.913067
1.000000
0.016045 0.271731 0.712223
0.637413 0.362587
1.000000
1.000000
1.000000
0.206359 0.793641
0.298094 0.304244 0.243338 0.154325
1.000000
0.497496 0.502504
0.696889 0.303111
1.000000
0.049007 0.950993
1.000000
0.886329 0.113671
1.000000
1.000000
0.836558 0.163442
0.688330 0.265003 0.046667
1.000000
1.000000
1.000000
1.000000
1.000000
1.000000
0.012217 0.987783
1.000000
0.206205 0.793795
1.000000
1.000000
1.000000
1.000000
0.785247 0.214753
1.000000
0.019262 0.980738
1.000000
0.560442 0.439558
1.000000
0.718244 0.281756
0.244069 0.755931
0.142561 0.857439
1.000000
0.655556 0.344444
0.650709 0.349291
0.582338 0.417662
1.000000
0.790246 0.209754
1.000000
0.021676 0.978324
0.763684 0.236316
0.376451 0.623549
1.000000
1.000000
0.835089 0.164911
1.000000
1.000000
0.896831 0.103169
1.000000
0.676746 0.323254
1.000000
1.000000
1.000000
0.023338 0.976662
0.890631 0.109369
0.033909 0.966091
0.032026 0.967974
1.000000
1.000000
0.884599 0.115401
0.032978 0.967022
1.000000
0.010534 0.382185 0.607281
1.000000
1.000000
0.093459 0.906541
1.000000
1.000000
0.578697 0.421303
1.000000
0.556749 0.443251
1.000000
1.000000
1.000000
1.000000
1.000000
0.900613 0.099387
0.624104 0.267158 0.108738
0.275789 0.724211
0.721396 0.278604
1.000000
0.166463 0.833537
0.006219 0.279904 0.713877
1.000000
0.591842 0.408158
1.000000
0.551372 0.448628
1.000000
0.528780 0.471220
1.000000
0.029117 0.970883
0.025591 0.974409
0.750460 0.249540
0.214636 0.785364
0.118636 0.881364
1.000000
0.775858 0.224142
1.000000
0.619452 0.380548
1.000000
1.000000
0.052678 0.751362 0.195961
0.437161 0.562839
0.656601 0.343399
0.027175 0.972825
0.102030 0.897970
0.699021 0.300979
0.030191 0.583130 0.386678
1.000000
1.000000
1.000000
1.000000
1.000000
1.000000
1.000000
0.702028 0.297972
0.705829 0.294171
0.908292 0.091708
0.926808 0.073192
0.357404 0.642596
1.000000
0.706822 0.293178
1.000000
1.000000
0.901907 0.098093
0.874369 0.125631
0.027664 0.972336
1.000000
1.000000
1.000000
0.434426 0.520854 0.044721
1.000000
0.607937 0.392063
1.000000
0.915095 0.084905
1.000000
0.811504 0.188496
0.856494 0.143506
1.000000
0.027991 0.972009
1.000000
1.000000
0.026947 0.973053
1.000000
1.000000
0.774574 0.225426
0.039505 0.960495
0.880338 0.119662
0.066755 0.568216 0.365029
0.799164 0.200836
0.744817 0.255183
0.527189 0.472811
0.881460 0.118540
1.000000
1.000000
1.000000
1.000000
0.464060 0.535940
0.773430 0.226570
1.000000
0.472762 0.527238
1.000000
0.713332 0.286668
1.000000
0.861693 0.138307
0.152160 0.847840
1.000000
0.485171 0.514829
1.000000
1.000000
0.793368 0.206632
1.000000
0.521962 0.478038
1.000000
1.000000
1.000000
1.000000
1.000000
0.608106 0.391894
1.000000
1.000000
1.000000
1.000000
1.000000
0.035215 0.964785
0.117351 0.882649
0.624702 0.375298
0.016192 0.983808
0.661325 0.338675
1.000000
0.023126 0.582271 0.394603
0.037966 0.962034
0.550570 0.449430
0.840740 0.159260
1.000000
1.000000
0.591620 0.408380
1.000000
1.000000
1.000000
0.815800 0.184200
1.000000
0.061234 0.696764 0.242002
1.000000
0.016559 0.983441
0.210546 0.789454
1.000000
1.000000
0.357421 0.642579
1.000000
1.000000
0.049340 0.950660
1.000000
0.168467 0.831533
1.000000
0.920396 0.079604
0.459360 0.540640
0.121183 0.878817
1.000000
0.901860 0.098140
0.918987 0.081013
1.000000
1.000000
0.128065 0.871935
1.000000
1.000000
0.462082 0.537918
1.000000
1.000000
0.488567 0.511433
1.000000
1.000000
0.554467 0.445533
1.000000
1.000000
1.000000
0.534143 0.465857
0.784817 0.215183
1.000000
1.000000
0.103687 0.896313
1.000000
1.000000
1.000000
0.453059 0.546941
1.000000
0.012378 0.987622
0.424141 0.380779 0.195080
0.700111 0.299889
1.000000
0.388972 0.611028
0.937695 0.062305
1.000000
0.559929 0.440071
1.000000
1.000000
1.000000
1.000000
0.923962 0.076038
1.000000
0.847398 0.152602
1.000000
0.129910 0.870090
0.545427 0.454573
0.404079 0.595921
0.611741 0.388259
0.001682 0.035091 0.359302 0.603925
0.864946 0.135054
1.000000
0.830461 0.169539
0.501181 0.498819
1.000000
1.000000
1.000000
1.000000
0.282839 0.717161
0.777526 0.222474
1.000000
0.364843 0.364550 0.270608
0.135282 0.864718
1.000000
0.564938 0.435062
1.000000
1.000000
1.000000
0.266860 0.733140
1.000000
0.185226 0.637821 0.176953
1.000000
0.561369 0.438631
1.000000
1.000000
1.000000
1.000000
0.595633 0.404367
0.061828 0.938172
0.018604 0.981396
0.264861 0.735139
0.533607 0.466393
1.000000
0.916065 0.083935
1.000000
0.585357 0.414643
0.875775 0.124225
0.536087 0.463913
1.000000
0.537262 0.462738
1.000000
0.924424 0.075576
0.639649 0.308163 0.052188
1.000000
1.000000
1.000000
0.691682 0.308318
1.000000
1.000000
1.000000
0.164092 0.642078 0.193830
1.000000
1.000000
0.034818 0.965182
0.554606 0.445394
1.000000
0.043820 0.956180
0.634908 0.365092
0.522405 0.477595
1.000000
1.000000
1.000000
1.000000
0.027710 0.972290
1.000000
1.000000
1.000000
0.709266 0.290734
1.000000
1.000000
0.724166 0.275834
1.000000
0.649020 0.350980
0.852616 0.147384
0.026433 0.973567
0.928153 0.071847
0.477597 0.522403
1.000000
1.000000
0.177480 0.822520
1.000000
0.416981 0.583019
1.000000
0.790400 0.209600
1.000000
0.117350 0.882650
0.214220 0.785780
0.672156 0.327844
1.000000
1.000000
1.000000
0.478206 0.521794
0.085489 0.914511
0.067510 0.932490
0.461830 0.413022 0.080086 0.045062
0.041734 0.958266
1.000000
0.063927 0.936073
0.207578 0.792422
1.000000
0.633294 0.366706
1.000000
1.000000
1.000000
0.632662 0.367338
0.525380 0.474620
0.904690 0.095310
0.447971 0.552029
1.000000
1.000000
1.000000
0.032961 0.967039
1.000000
1.000000
1.000000
1.000000
0.775750 0.193871 0.030379
1.000000
1.000000
1.000000
0.850509 0.149491
1.000000
1.000000
0.625417 0.327766 0.046816
0.516009 0.483991
1.000000
0.726999 0.273001
1.000000
1.000000
1.000000
1.000000
1.000000
1.000000
1.000000
1.000000
0.505487 0.494513
1.000000
1.000000
0.825469 0.174531
1.000000
1.000000
1.000000
1.000000
1.000000
1.000000
1.000000
0.922067 0.077933
0.328808 0.671192
1.000000
0.574997 0.425003
1.000000
1.000000
1.000000
0.804691 0.195309
1.000000
0.734547 0.265453
