2000 1
3 2 2 1 2 1 1 1 1 1 2 1 1 2 1 1 2 2 2 1 2 2 2 2 2 2 1 1 1 1 2 1 1 1 2 2 1 1 2 1 1 1 3 1 1 1 2 1 1 1 2 1 1 1 1 1 1 1 2 1 1 1 1 2 1 2 1 1 2 1 2 1 1 1 1 1 1 1 1 1 2 2 1 1 2 2 1 2 2 2 2 1 1 1 1 2 1 1 1 1 2 1 2 1 2 2 1 1 2 1 2 2 1 1 1 2 1 2 1 1 2 1 2 2 1 1 2 1 3 1 1 1 2 2 3 4 1 2 2 1 1 2 3 2 1 1 2 1 2 1 1 2 1 2 1 1 2 1 1 2 2 1 1 2 1 2 1 2 1 2 1 2 1 1 2 1 2 1 1 3 1 1 1 2 1 1 2 1 1 2 2 1 1 2 2 1 1 1 1 1 2 1 2 2 2 1 2 2 2 2 2 2 2 1 1 1 2 3 2 3 1 2 2 1 2 2 1 2 1 1 2 1 1 1 2 1 2 1 1 2 2 1 1 1 1 1 2 1 2 2 1 1 2 2 1 2 1 1 1 1 2 1 1 1 2 1 3 1 2 2 1 1 1 1 2 2 2 3 2 3 1 2 2 1 1 1 2 1 2 1 1 1 2 2 2 2 2 1 2 1 1 1 1 2 1 1 2 2 2 1 1 2 1 1 2 3 1 1 1 3 1 1 2 1 1 1 2 2 2 2 1 3 1 1 2 1 1 2 1 2 1 2 2 2 1 2 1 2 2 2 1 1 1 1 1 2 1 1 1 1 2 3 1 2 1 2 2 1 2 1 3 1 3 1 2 2 2 1 1 2 1 2 2 2 1 2 1 1 1 2 1 2 2 3 1 1 1 1 1 1 2 1 1 1 1 1 2 1 2 1 2 2 2 2 2 2 1 1 3 2 1 2 2 2 1 2 3 2 2 1 2 1 2 3 4 1 1 3 1 3 1 1 1 1 2 2 1 1 2 2 2 3 2 2 1 2 3 1 1 1 2 1 1 1 2 1 2 2 1 1 2 1 1 2 1 2 1 1 1 1 1 1 2 2 1 1 1 1 2 1 1 1 1 1 1 1 1 2 2 3 2 1 2 2 2 4 1 5 2 2 3 1 2 1 2 1 2 2 1 2 2 2 2 2 2 2 1 3 1 2 2 1 2 2 1 1 1 2 2 1 2 1 1 2 2 4 1 1 1 2 1 1 1 1 2 1 2 1 2 1 1 1 1 1 1 2 2 2 1 2 2 1 2 2 1 1 2 2 2 1 2 1 1 2 2 2 1 2 1 2 1 2 1 2 2 1 2 1 1 3 2 2 2 2 1 1 1 2 1 1 2 1 1 1 1 1 2 1 1 2 2 1 2 4 1 3 2 1 2 1 2 2 1 2 1 1 2 2 2 1 1 1 1 2 3 1 2 3 1 2 2 1 1 1 1 2 2 1 1 1 1 1 1 2 1 2 3 1 2 2 1 2 2 1 2 1 3 2 2 3 2 2 2 2 2 3 1 2 1 2 2 1 2 2 1 2 1 1 1 1 2 2 2 2 1 1 2 2 2 2 1 1 1 2 1 2 2 4 1 2 1 2 1 1 1 2 2 1 1 1 2 2 1 1 2 1 1 1 1 1 4 2 2 2 1 2 3 3 3 2 2 2 2 1 1 1 2 1 2 2 2 1 1 1 1 2 1 1 1 2 1 2 1 1 2 2 1 2 2 2 2 1 2 1 2 1 1 2 1 1 3 1 1 1 2 2 2 1 2 2 2 3 1 3 2 2 2 3 2 1 1 2 1 2 1 1 1 2 1 1 3 2 1 3 1 1 1 1 3 1 1 1 2 2 3 2 3 2 2 1 2 2 1 1 2 2 2 2 1 2 1 1 1 1 1 3 1 1 3 1 2 1 1 1 2 1 1 1 1 1 1 1 2 2 1 1 3 2 1 1 1 1 1 3 1 3 1 2 1 2 1 1 1 1 2 1 1 1 2 2 1 2 1 1 2 1 1 1 3 5 1 1 1 2 1 2 1 2 1 1 3 2 1 1 2 1 1 1 3 1 2 1 1 3 1 2 1 2 2 1 2 2 1 2 1 2 2 3 1 2 3 1 2 1 2 2 1 1 1 1 2 2 2 1 2 1 1 2 1 1 2 1 5 1 1 2 1 1 1 3 2 1 1 1 2 2 3 2 1 2 1 2 2 2 3 1 2 2 1 1 1 1 2 1 1 1 1 1 1 2 2 2 1 1 1 2 1 1 1 1 3 2 2 2 1 1 3 1 2 2 1 1 1 2 2 1 2 2 2 2 1 2 1 1 3 2 2 1 1 1 2 2 2 1 1 2 1 2 1 2 2 2 2 1 1 2 2 1 1 3 1 2 1 2 2 1 2 1 2 3 2 2 2 1 1 1 2 2 1 4 1 1 3 1 1 1 2 1 2 1 2 3 1 1 1 2 2 2 1 1 1 2 2 2 1 2 2 1 1 2 2 2 1 2 1 2 2 1 2 3 1 2 1 2 1 2 1 3 1 1 1 3 2 1 1 1 1 1 2 2 1 1 2 1 1 1 2 1 1 1 2 1 2 1 1 1 1 1 2 2 1 1 1 2 1 1 2 3 1 2 1 1 4 1 2 1 1 2 1 1 1 2 1 2 2 1 1 2 2 3 1 2 1 3 1 2 1 1 2 2 2 2 2 2 1 2 2 3 1 1 1 2 1 1 1 2 1 4 2 2 1 1 1 2 1 2 2 1 1 2 2 2 1 2 2 2 2 3 3 1 2 1 1 2 2 1 1 3 1 1 1 1 2 1 1 2 1 2 1 1 1 1 2 1 2 2 1 2 2 1 2 1 2 2 1 2 1 1 1 1 1 2 1 1 1 1 2 1 3 2 1 2 1 1 1 1 1 2 1 2 1 1 1 1 2 2 1 1 1 1 1 1 1 2 1 1 3 2 2 1 1 2 2 2 1 2 2 1 1 1 1 1 2 1 2 3 1 2 2 2 1 2 1 2 1 3 1 3 1 1 2 4 2 1 1 2 3 1 2 1 2 1 2 1 1 2 4 2 2 1 2 2 2 1 1 1 3 3 1 2 1 2 2 1 1 5 3 2 2 1 1 1 2 2 2 1 1 1 1 1 2 2 3 1 1 1 2 1 1 3 1 1 1 2 1 1 2 1 1 2 1 2 1 1 4 1 1 2 1 1 1 1 2 2 1 3 2 1 2 1 1 3 3 1 2 1 1 1 3 1 2 2 2 1 2 1 1 1 1 1 1 2 1 1 1 1 2 2 1 1 2 1 1 1 1 2 1 2 1 1 1 2 2 1 4 1 1 1 2 2 1 1 1 3 1 1 1 1 2 1 3 2 1 1 1 1 1 1 1 1 2 1 2 1 1 1 1 1 1 1 1 1 3 2 1 1 1 2 1 2 2 3 2 1 2 1 1 3 2 2 2 1 2 2 2 1 3 2 1 2 3 1 2 1 2 1 1 2 1 3 2 1 1 1 2 4 1 2 2 1 2 1 2 1 1 2 3 1 1 1 1 1 1 2 1 2 1 1 1 1 2 1 2 1 2 1 2 2 2 1 2 2 2 1 2 1 2 2 2 1 1 2 1 1 2 1 2 1 1 1 2 2 2 2 1 1 2 2 1 3 1 1 2 1 1 2 1 2 1 1 1 1 1 2 3 2 2 1 2 3 1 2 1 2 1 2 1 2 2 2 2 2 1 2 1 2 1 1 3 2 2 2 2 2 3 1 1 1 1 1 1 1 2 2 2 2 2 1 2 1 1 2 2 2 1 1 1 3 1 2 1 2 1 2 2 1 2 1 1 2 1 1 2 2 2 3 2 2 2 2 1 1 1 1 2 2 1 2 1 2 1 2 2 1 2 1 1 2 1 2 1 1 1 1 1 2 1 1 1 1 1 2 2 2 2 2 1 3 2 2 2 1 1 2 1 1 1 2 1 3 1 2 2 1 1 2 1 1 2 1 2 1 2 2 2 1 2 2 1 1 2 1 1 2 1 1 2 1 1 2 1 1 1 2 2 1 1 2 1 1 1 2 1 2 3 2 1 2 2 1 2 1 1 1 1 2 1 2 1 2 2 2 2 4 2 1 2 2 1 1 1 1 2 2 1 3 2 1 2 1 1 1 2 1 3 1 2 1 1 1 1 2 2 2 2 2 1 2 1 2 2 2 1 2 1 2 3 1 1 1 2 1 1 1 3 1 1 2 2 1 2 2 2 1 1 1 1 2 1 1 1 2 1 1 2 1 2 2 2 2 2 1 1 2 1 2 1 2 1 2 2 2 1 1 1 2 2 2 4 2 1 2 2 1 2 1 1 1 2 2 2 2 1 1 1 2 1 1 1 1 3 1 1 1 2 1 1 3 2 1 2 1 1 1 1 1 1 1 1 2 1 1 2 1 1 1 1 1 1 1 2 2 1 2 1 1 1 2 1 2
0.822065 0.161012 0.016922
0.574793 0.425207
0.400096 0.599904
1.000000
0.766351 0.233649
1.000000
1.000000
1.000000
1.000000
1.000000
0.538060 0.461940
1.000000
1.000000
0.515617 0.484383
1.000000
1.000000
0.800785 0.199215
0.945177 0.054823
0.383308 0.616692
1.000000
0.243128 0.756872
0.110947 0.889053
0.304361 0.695639
0.230427 0.769573
0.180077 0.819923
0.215083 0.784917
1.000000
1.000000
1.000000
1.000000
0.174815 0.825185
1.000000
1.000000
1.000000
0.151652 0.848348
0.959680 0.040320
1.000000
1.000000
0.200828 0.799172
1.000000
1.000000
1.000000
0.061293 0.303511 0.635196
1.000000
1.000000
1.000000
0.583992 0.416008
1.000000
1.000000
1.000000
0.644540 0.355460
1.000000
1.000000
1.000000
1.000000
1.000000
1.000000
1.000000
0.807261 0.192739
1.000000
1.000000
1.000000
1.000000
0.259349 0.740651
1.000000
0.201921 0.798079
1.000000
1.000000
0.790227 0.209773
1.000000
0.561272 0.438728
1.000000
1.000000
1.000000
1.000000
1.000000
1.000000
1.000000
1.000000
1.000000
0.574610 0.425390
0.864414 0.135586
1.000000
1.000000
0.671593 0.328407
0.232068 0.767932
1.000000
0.592551 0.407449
0.222379 0.777621
0.639491 0.360509
0.206793 0.793207
1.000000
1.000000
1.000000
1.000000
0.863359 0.136641
1.000000
1.000000
1.000000
1.000000
0.374218 0.625782
1.000000
0.184152 0.815848
1.000000
0.705865 0.294135
0.822873 0.177127
1.000000
1.000000
0.293848 0.706152
1.000000
0.483068 0.516932
0.884792 0.115208
1.000000
1.000000
1.000000
0.353030 0.646970
1.000000
0.247415 0.752585
1.000000
1.000000
0.909540 0.090460
1.000000
0.178718 0.821282
0.230612 0.769388
1.000000
1.000000
0.180536 0.819464
1.000000
0.373209 0.420833 0.205958
1.000000
1.000000
1.000000
0.724993 0.275007
0.311780 0.688220
0.458467 0.384120 0.157413
0.900152 0.092982 0.006505 0.000361
1.000000
0.222379 0.777621
0.332067 0.667933
1.000000
1.000000
0.393508 0.606492
0.550107 0.344572 0.105321
0.383177 0.616823
1.000000
1.000000
0.301291 0.698709
1.000000
0.692374 0.307626
1.000000
1.000000
0.960213 0.039787
1.000000
0.422698 0.577302
1.000000
1.000000
0.359988 0.640012
1.000000
1.000000
0.450151 0.549849
0.529436 0.470564
1.000000
1.000000
0.818461 0.181539
1.000000
0.927211 0.072789
1.000000
0.407055 0.592945
1.000000
0.795254 0.204746
1.000000
0.524189 0.475811
1.000000
1.000000
0.716806 0.283194
1.000000
0.278450 0.721550
1.000000
1.000000
0.626249 0.298642 0.075109
1.000000
1.000000
1.000000
0.325773 0.674227
1.000000
1.000000
0.219011 0.780989
1.000000
1.000000
0.835354 0.164646
0.205793 0.794207
1.000000
1.000000
0.513632 0.486368
0.209448 0.790552
1.000000
1.000000
1.000000
1.000000
1.000000
0.364840 0.635160
1.000000
0.502294 0.497706
0.315029 0.684971
0.185032 0.814968
1.000000
0.319393 0.680607
0.174046 0.825954
0.838548 0.161452
0.299350 0.700650
0.955421 0.044579
0.190834 0.809166
0.352528 0.647472
1.000000
1.000000
1.000000
0.945147 0.054853
0.249909 0.412631 0.337460
0.739278 0.260722
0.064121 0.295207 0.640672
1.000000
0.250600 0.749400
0.657924 0.342076
1.000000
0.301324 0.698676
0.409979 0.590021
1.000000
0.326341 0.673659
1.000000
1.000000
0.241958 0.758042
1.000000
1.000000
1.000000
0.662411 0.337589
1.000000
0.204774 0.795226
1.000000
1.000000
0.776551 0.223449
0.269990 0.730010
1.000000
1.000000
1.000000
1.000000
1.000000
0.111195 0.888805
1.000000
0.756017 0.243983
0.304825 0.695175
1.000000
1.000000
0.485060 0.514940
0.519836 0.480164
1.000000
0.143210 0.856790
1.000000
1.000000
1.000000
1.000000
0.413292 0.586708
1.000000
1.000000
1.000000
0.866432 0.133568
1.000000
0.125569 0.379979 0.494452
1.000000
0.315345 0.684655
0.299001 0.700999
1.000000
1.000000
1.000000
1.000000
0.243794 0.756206
0.398658 0.601342
0.149272 0.850728
0.074368 0.324650 0.600982
0.288884 0.711116
0.731027 0.232943 0.036030
1.000000
0.198314 0.801686
0.578798 0.421202
1.000000
1.000000
1.000000
0.432673 0.567327
1.000000
0.381200 0.618800
1.000000
1.000000
1.000000
0.477195 0.522805
0.304805 0.695195
0.948878 0.051122
0.284717 0.715283
0.278464 0.721536
1.000000
0.380423 0.619577
1.000000
1.000000
1.000000
1.000000
0.489059 0.510941
1.000000
1.000000
0.203052 0.796948
0.177073 0.822927
0.317822 0.682178
1.000000
1.000000
0.627345 0.372655
1.000000
1.000000
0.319212 0.680788
0.027002 0.218833 0.754165
1.000000
1.000000
1.000000
0.451906 0.392823 0.155271
1.000000
1.000000
0.172793 0.827207
1.000000
1.000000
1.000000
0.396588 0.603412
0.689776 0.310224
0.865814 0.134186
0.246425 0.753575
1.000000
0.115243 0.361401 0.523357
1.000000
1.000000
0.173638 0.826362
1.000000
1.000000
0.679523 0.320477
1.000000
0.160562 0.839438
1.000000
0.584347 0.415653
0.645168 0.354832
0.320942 0.679058
1.000000
0.158482 0.841518
1.000000
0.986255 0.013745
0.765000 0.235000
0.886677 0.113323
1.000000
1.000000
1.000000
1.000000
1.000000
0.631763 0.368237
1.000000
1.000000
1.000000
1.000000
0.963144 0.036856
0.247143 0.430305 0.322552
1.000000
0.583135 0.416865
1.000000
0.903752 0.096248
0.546793 0.453207
1.000000
0.286244 0.713756
1.000000
0.061594 0.301027 0.637380
1.000000
0.062196 0.305507 0.632297
1.000000
0.329001 0.670999
0.528294 0.471706
0.749781 0.250219
1.000000
1.000000
0.527287 0.472713
1.000000
0.373792 0.626208
0.212073 0.787927
0.174811 0.825189
1.000000
0.607959 0.392041
1.000000
1.000000
1.000000
0.423648 0.576352
1.000000
0.483634 0.516366
0.202500 0.797500
0.118206 0.371793 0.510001
1.000000
1.000000
1.000000
1.000000
1.000000
1.000000
0.229057 0.770943
1.000000
1.000000
1.000000
1.000000
1.000000
0.393437 0.606563
1.000000
0.192755 0.807245
1.000000
0.176088 0.823912
0.549230 0.450770
0.357736 0.642264
0.786868 0.213132
0.346674 0.653326
0.944998 0.055002
1.000000
1.000000
0.100615 0.365100 0.534284
0.906172 0.093828
1.000000
0.342831 0.657169
0.293214 0.706786
0.741282 0.258718
1.000000
0.146624 0.853376
0.513300 0.359254 0.127446
0.479968 0.520032
0.473989 0.526011
1.000000
0.872644 0.127356
1.000000
0.245887 0.754113
0.066409 0.312849 0.620742
0.200206 0.342568 0.293263 0.163963
1.000000
1.000000
0.180734 0.404223 0.415043
1.000000
0.446403 0.390818 0.162779
1.000000
1.000000
1.000000
1.000000
0.303177 0.696823
0.248006 0.751994
1.000000
1.000000
0.781109 0.218891
0.493996 0.506004
0.586097 0.413903
0.097793 0.371917 0.530290
0.250666 0.749334
0.351639 0.648361
1.000000
0.956920 0.043080
0.091663 0.337996 0.570341
1.000000
1.000000
1.000000
0.144030 0.855970
1.000000
1.000000
1.000000
0.957845 0.042155
1.000000
0.262047 0.737953
0.810765 0.189235
1.000000
1.000000
0.439503 0.560497
1.000000
1.000000
0.449177 0.550823
1.000000
0.971916 0.028084
1.000000
1.000000
1.000000
1.000000
1.000000
1.000000
0.811178 0.188822
0.502457 0.497543
1.000000
1.000000
1.000000
1.000000
0.398847 0.601153
1.000000
1.000000
1.000000
1.000000
1.000000
1.000000
1.000000
1.000000
0.628906 0.371094
0.958515 0.041485
0.513606 0.369694 0.116701
0.385689 0.614311
1.000000
0.953241 0.046759
0.391937 0.608063
0.762850 0.237150
0.035343 0.161735 0.345611 0.457311
1.000000
0.709741 0.237696 0.045499 0.006356 0.000709
0.867727 0.132273
0.962529 0.037471
0.065541 0.327715 0.606744
1.000000
0.172436 0.827564
1.000000
0.648730 0.351270
1.000000
0.456862 0.543138
0.544134 0.455866
1.000000
0.659723 0.340277
0.511599 0.488401
0.280005 0.719995
0.298498 0.701502
0.669007 0.330993
0.972471 0.027529
0.219849 0.780151
1.000000
0.090934 0.347779 0.561287
1.000000
0.283732 0.716268
0.871343 0.128657
1.000000
0.934820 0.065180
0.430758 0.569242
1.000000
1.000000
1.000000
0.292381 0.707619
0.335084 0.664916
1.000000
0.611316 0.388684
1.000000
1.000000
0.212089 0.787911
0.263834 0.736166
0.327542 0.383488 0.213795 0.075176
1.000000
1.000000
1.000000
0.097977 0.902023
1.000000
1.000000
1.000000
1.000000
0.603266 0.396734
1.000000
0.191394 0.808606
1.000000
0.090386 0.909614
1.000000
1.000000
1.000000
1.000000
1.000000
1.000000
0.097931 0.902069
0.934794 0.065206
0.752471 0.247529
1.000000
0.326564 0.673436
0.418916 0.581084
1.000000
0.613858 0.386142
0.422978 0.577022
1.000000
1.000000
0.378729 0.621271
0.108842 0.891158
0.511103 0.488897
1.000000
0.942259 0.057741
1.000000
1.000000
0.949971 0.050029
0.976852 0.023148
0.517109 0.482891
1.000000
0.333785 0.666215
1.000000
0.303165 0.696835
1.000000
0.283863 0.716137
1.000000
0.359079 0.640921
0.793423 0.206577
1.000000
0.047236 0.952764
1.000000
1.000000
0.081149 0.334079 0.584772
0.940939 0.059061
0.357853 0.642147
0.933477 0.066523
0.508201 0.491799
1.000000
1.000000
1.000000
0.156953 0.843047
1.000000
1.000000
0.481077 0.518923
1.000000
1.000000
1.000000
1.000000
1.000000
0.367793 0.632207
1.000000
1.000000
0.456181 0.543819
0.362223 0.637777
1.000000
0.586652 0.413348
0.062279 0.218068 0.357082 0.362571
1.000000
0.607310 0.314623 0.078067
0.132811 0.867189
1.000000
0.464860 0.535140
1.000000
0.564708 0.435292
0.240214 0.759786
1.000000
0.907200 0.092800
1.000000
1.000000
0.927664 0.072336
0.267455 0.732545
0.573372 0.426628
1.000000
1.000000
1.000000
1.000000
0.436296 0.563704
0.266071 0.421494 0.312435
1.000000
0.413960 0.586040
0.197665 0.415345 0.386990
1.000000
0.539145 0.460855
0.291402 0.708598
1.000000
1.000000
1.000000
1.000000
0.475088 0.524912
0.167557 0.832443
1.000000
1.000000
1.000000
1.000000
1.000000
1.000000
0.939327 0.060673
1.000000
0.370691 0.629309
0.262885 0.420033 0.317082
1.000000
0.517294 0.482706
0.435411 0.564589
1.000000
0.634763 0.365237
0.510894 0.489106
1.000000
0.390610 0.609390
1.000000
0.481239 0.383828 0.134933
0.194858 0.805142
0.325644 0.674356
0.176518 0.412350 0.411132
0.954254 0.045746
0.939305 0.060695
0.447848 0.552152
0.173182 0.826818
0.480988 0.519012
0.882232 0.109670 0.008098
1.000000
0.485475 0.514525
1.000000
0.685365 0.314635
0.968312 0.031688
1.000000
0.269888 0.730112
0.953806 0.046194
1.000000
0.316711 0.683289
1.000000
1.000000
1.000000
1.000000
0.332518 0.667482
0.510298 0.489702
0.175408 0.824592
0.548440 0.451560
1.000000
1.000000
0.239086 0.760914
0.941437 0.058563
0.500370 0.499630
0.643580 0.356420
1.000000
1.000000
1.000000
0.112968 0.887032
1.000000
0.303833 0.696167
0.614904 0.385096
0.928337 0.068006 0.003507 0.000150
1.000000
0.113738 0.886262
1.000000
0.283297 0.716703
1.000000
1.000000
1.000000
0.339411 0.660589
0.498480 0.501520
1.000000
1.000000
1.000000
0.360242 0.639758
0.901480 0.098520
1.000000
1.000000
0.326431 0.673569
1.000000
1.000000
1.000000
1.000000
1.000000
0.066650 0.227047 0.358460 0.347843
0.726506 0.273494
0.623336 0.376664
0.367163 0.632837
1.000000
0.953241 0.046759
0.141509 0.389654 0.468837
0.067720 0.312325 0.619955
0.493532 0.382799 0.123669
0.669198 0.330802
0.666881 0.333119
0.394780 0.605220
0.139405 0.860595
1.000000
1.000000
1.000000
0.179156 0.820844
1.000000
0.322930 0.677070
0.968493 0.031507
0.667527 0.332473
1.000000
1.000000
1.000000
1.000000
0.495476 0.504524
1.000000
1.000000
1.000000
0.271787 0.728213
1.000000
0.347629 0.652371
1.000000
1.000000
0.711843 0.288157
0.570104 0.429896
1.000000
0.573057 0.426943
0.628903 0.371097
0.296671 0.703329
0.961878 0.038122
1.000000
0.928085 0.071915
1.000000
0.171387 0.828613
1.000000
1.000000
0.897214 0.102786
1.000000
1.000000
0.030512 0.244116 0.725372
1.000000
1.000000
1.000000
0.490993 0.509007
0.465676 0.534324
0.366792 0.633208
1.000000
0.553828 0.446172
0.875097 0.124903
0.642768 0.357232
0.151116 0.386429 0.462455
1.000000
0.556257 0.347913 0.095830
0.468630 0.531370
0.297911 0.702089
0.291837 0.708163
0.090817 0.346000 0.563184
0.375544 0.624456
1.000000
1.000000
0.374173 0.625827
1.000000
0.688671 0.311329
1.000000
1.000000
1.000000
0.416373 0.583627
1.000000
1.000000
0.051297 0.272438 0.676265
0.739539 0.260461
1.000000
0.614258 0.313779 0.071962
1.000000
1.000000
1.000000
1.000000
0.931617 0.066186 0.002197
1.000000
1.000000
1.000000
0.968005 0.031995
0.318660 0.681340
0.188454 0.417849 0.393698
0.408767 0.591233
0.010411 0.153623 0.835965
0.701057 0.298943
0.769879 0.230121
1.000000
0.659295 0.340705
0.362658 0.637342
1.000000
1.000000
0.353749 0.646251
0.541246 0.458754
0.133140 0.866860
0.709181 0.290819
1.000000
0.946370 0.053630
1.000000
1.000000
1.000000
1.000000
1.000000
0.362314 0.421853 0.215833
1.000000
1.000000
0.854847 0.134854 0.010299
1.000000
0.392127 0.607873
1.000000
1.000000
1.000000
0.876801 0.123199
1.000000
1.000000
1.000000
1.000000
1.000000
1.000000
1.000000
0.426748 0.573252
0.340762 0.659238
1.000000
1.000000
0.667512 0.279848 0.052639
0.935096 0.064904
1.000000
1.000000
1.000000
1.000000
1.000000
0.113594 0.387842 0.498564
1.000000
0.242635 0.428575 0.328790
1.000000
0.281810 0.718190
1.000000
0.597145 0.402855
1.000000
1.000000
1.000000
1.000000
0.448043 0.551957
1.000000
1.000000
1.000000
0.631554 0.368446
0.498019 0.501981
1.000000
0.675801 0.324199
1.000000
1.000000
0.294584 0.705416
1.000000
1.000000
1.000000
0.472223 0.387761 0.140016
0.149447 0.290852 0.286083 0.185581 0.088037
1.000000
1.000000
1.000000
0.151965 0.848035
1.000000
0.422175 0.577825
1.000000
0.212567 0.787433
1.000000
1.000000
0.311610 0.446204 0.242186
0.277739 0.722261
1.000000
1.000000
0.558240 0.441760
1.000000
1.000000
1.000000
0.199093 0.419144 0.381763
1.000000
0.472954 0.527046
1.000000
1.000000
0.232912 0.447397 0.319691
1.000000
0.853351 0.146649
1.000000
0.404466 0.595534
0.879871 0.120129
1.000000
0.360929 0.639071
0.874713 0.125287
1.000000
0.766602 0.233398
1.000000
0.419151 0.580849
0.460579 0.539421
0.129838 0.403480 0.466682
1.000000
0.196955 0.803045
0.166654 0.392995 0.440351
1.000000
0.510835 0.489165
1.000000
0.565510 0.434490
0.480189 0.519811
1.000000
1.000000
1.000000
1.000000
0.241613 0.758387
0.343235 0.656765
0.120089 0.879911
1.000000
0.327126 0.672874
1.000000
1.000000
0.762589 0.237411
1.000000
1.000000
0.254170 0.745830
1.000000
0.002140 0.021110 0.098483 0.288144 0.590122
1.000000
1.000000
0.567221 0.432779
1.000000
1.000000
1.000000
0.518569 0.367171 0.114260
0.302701 0.697299
1.000000
1.000000
1.000000
0.934465 0.065535
0.864851 0.135149
0.674501 0.268142 0.057356
0.546830 0.453170
1.000000
0.202705 0.797295
1.000000
0.364264 0.635736
0.224290 0.775710
0.370371 0.629629
0.218910 0.425256 0.355835
1.000000
0.187781 0.812219
0.296579 0.703421
1.000000
1.000000
1.000000
1.000000
0.751631 0.248369
1.000000
1.000000
1.000000
1.000000
1.000000
1.000000
0.610339 0.389661
0.911356 0.088644
0.374366 0.625634
1.000000
1.000000
1.000000
0.166715 0.833285
1.000000
1.000000
1.000000
1.000000
0.500992 0.382397 0.116612
0.231327 0.768673
0.336135 0.663865
0.851537 0.148463
1.000000
1.000000
0.704162 0.250493 0.045346
1.000000
0.964445 0.035555
0.882371 0.117629
1.000000
1.000000
1.000000
0.512023 0.487977
0.845763 0.154237
1.000000
0.374625 0.625375
0.622970 0.377030
0.671802 0.328198
0.887079 0.112921
1.000000
0.899506 0.100494
1.000000
1.000000
0.628719 0.310045 0.061236
0.120756 0.879244
0.442232 0.557768
1.000000
1.000000
1.000000
0.285557 0.714443
0.129970 0.870030
0.503845 0.496155
1.000000
1.000000
0.253400 0.746600
1.000000
0.597589 0.402411
1.000000
0.411067 0.588933
0.591970 0.408030
0.550604 0.449396
0.340879 0.659121
1.000000
1.000000
0.463915 0.536085
0.787725 0.212275
1.000000
1.000000
0.794747 0.177606 0.027647
1.000000
0.747814 0.252186
1.000000
0.271684 0.728316
0.528788 0.471212
1.000000
0.406537 0.593463
1.000000
0.334915 0.665085
0.919529 0.077577 0.002894
0.233655 0.766345
0.272866 0.727134
0.849996 0.150004
1.000000
1.000000
1.000000
0.383118 0.616882
0.586777 0.413223
1.000000
0.040512 0.165128 0.338564 0.455796
1.000000
1.000000
0.347333 0.405557 0.247110
1.000000
1.000000
1.000000
0.488096 0.511904
1.000000
0.532515 0.467485
1.000000
0.832981 0.167019
0.523485 0.347439 0.129075
1.000000
1.000000
1.000000
0.579532 0.420468
0.992383 0.007617
0.435211 0.564789
1.000000
1.000000
1.000000
0.620650 0.379350
0.982364 0.017636
0.267831 0.732169
1.000000
0.343219 0.656781
0.285667 0.714333
1.000000
1.000000
0.739998 0.260002
0.770078 0.229922
0.612673 0.387327
1.000000
0.622109 0.377891
1.000000
0.374275 0.625725
0.539986 0.460014
1.000000
0.317608 0.682392
0.934985 0.062218 0.002797
1.000000
0.504115 0.495885
1.000000
0.420810 0.579190
1.000000
0.705329 0.294671
1.000000
0.521295 0.374999 0.103706
1.000000
1.000000
1.000000
0.286753 0.430054 0.283193
0.675477 0.324523
1.000000
1.000000
1.000000
1.000000
1.000000
0.480554 0.519446
0.757458 0.242542
1.000000
1.000000
0.474274 0.525726
1.000000
1.000000
1.000000
0.624560 0.375440
1.000000
1.000000
1.000000
0.547565 0.452435
1.000000
0.193941 0.806059
1.000000
1.000000
1.000000
1.000000
1.000000
0.444220 0.555780
0.185820 0.814180
1.000000
1.000000
1.000000
0.521719 0.478281
1.000000
1.000000
0.425775 0.574225
0.888384 0.104809 0.006807
1.000000
0.135400 0.864600
1.000000
1.000000
0.019210 0.114618 0.318671 0.547501
1.000000
0.778497 0.221503
1.000000
1.000000
0.774835 0.225165
1.000000
1.000000
1.000000
0.170661 0.829339
1.000000
0.507528 0.492472
0.835200 0.164800
1.000000
1.000000
0.694912 0.305088
0.212947 0.787053
0.059531 0.300633 0.639836
1.000000
0.241573 0.758427
1.000000
0.225413 0.445581 0.329006
1.000000
0.552056 0.447944
1.000000
1.000000
0.579332 0.420668
0.524788 0.475212
0.107980 0.892020
0.533579 0.466421
0.577098 0.422902
0.182738 0.817262
1.000000
0.770399 0.229601
0.646119 0.353881
0.924259 0.072381 0.003360
1.000000
1.000000
1.000000
0.183740 0.816260
1.000000
1.000000
1.000000
0.296380 0.703620
1.000000
0.015365 0.100886 0.307385 0.576364
0.292656 0.707344
0.405240 0.594760
1.000000
1.000000
1.000000
0.436985 0.563015
1.000000
0.450867 0.549133
0.215551 0.784449
1.000000
1.000000
0.291948 0.708052
0.567514 0.432486
0.317996 0.682004
1.000000
0.232579 0.767421
0.404761 0.595239
0.858769 0.141231
0.345838 0.654162
0.148880 0.413032 0.438088
0.030690 0.245335 0.723975
1.000000
0.432326 0.567674
1.000000
1.000000
0.341062 0.658938
0.289806 0.710194
1.000000
1.000000
0.087424 0.342518 0.570058
1.000000
1.000000
1.000000
1.000000
0.290059 0.709941
1.000000
1.000000
0.416835 0.583165
1.000000
0.241324 0.758676
1.000000
1.000000
1.000000
1.000000
0.427348 0.572652
1.000000
0.492385 0.507615
0.822398 0.177602
1.000000
0.334930 0.665070
0.285689 0.714311
1.000000
0.376081 0.623919
1.000000
0.931566 0.068434
0.538173 0.461827
1.000000
0.125344 0.874656
1.000000
1.000000
1.000000
1.000000
1.000000
0.726866 0.273134
1.000000
1.000000
1.000000
1.000000
0.223106 0.776894
1.000000
0.206127 0.418735 0.375138
0.916705 0.083295
1.000000
0.227763 0.772237
1.000000
1.000000
1.000000
1.000000
1.000000
0.444624 0.555376
1.000000
0.354075 0.645925
1.000000
1.000000
1.000000
1.000000
0.456908 0.543092
0.230521 0.769479
1.000000
1.000000
1.000000
1.000000
1.000000
1.000000
1.000000
0.502019 0.497981
1.000000
1.000000
0.027983 0.227103 0.744914
0.206145 0.793855
0.403644 0.596356
1.000000
1.000000
0.285519 0.714481
0.196646 0.803354
0.535491 0.464509
1.000000
0.429574 0.570426
0.719387 0.280613
1.000000
1.000000
1.000000
1.000000
1.000000
0.255000 0.745000
1.000000
0.333140 0.666860
0.064051 0.307816 0.628133
1.000000
0.482015 0.517985
0.334629 0.665371
0.397623 0.602377
1.000000
0.851939 0.148061
1.000000
0.893905 0.106095
1.000000
0.090802 0.344325 0.564873
1.000000
0.083118 0.354998 0.561884
1.000000
1.000000
0.248509 0.751491
0.301102 0.370216 0.232019 0.096662
0.843368 0.156632
1.000000
1.000000
0.229955 0.770045
0.452589 0.393837 0.153574
1.000000
0.684766 0.315234
1.000000
0.208091 0.791909
1.000000
0.607738 0.392262
1.000000
1.000000
0.269538 0.730462
0.073944 0.235568 0.355016 0.335472
0.069273 0.930727
0.693344 0.306656
1.000000
0.989009 0.010991
0.878659 0.121341
0.574349 0.425651
1.000000
1.000000
1.000000
0.047723 0.292252 0.660025
0.348497 0.427534 0.223969
1.000000
0.514749 0.485251
1.000000
0.756614 0.243386
0.269501 0.730499
1.000000
1.000000
0.760991 0.202800 0.032041 0.003801 0.000368
0.959593 0.039321 0.001086
0.712276 0.287724
0.742758 0.257242
1.000000
1.000000
1.000000
0.183971 0.816029
0.590635 0.409365
0.515672 0.484328
1.000000
1.000000
1.000000
1.000000
1.000000
0.601602 0.398398
0.617130 0.382870
0.522663 0.359316 0.118021
1.000000
1.000000
1.000000
0.984816 0.015184
1.000000
1.000000
0.026388 0.230611 0.743001
1.000000
1.000000
1.000000
0.293124 0.706876
1.000000
1.000000
0.876634 0.123366
1.000000
1.000000
0.336188 0.663812
1.000000
0.808042 0.191958
1.000000
1.000000
0.393456 0.377346 0.176219 0.052979
1.000000
1.000000
0.386863 0.613137
1.000000
1.000000
1.000000
1.000000
0.771775 0.228225
0.232365 0.767635
1.000000
0.030401 0.231246 0.738353
0.189469 0.810531
1.000000
0.173647 0.826353
1.000000
1.000000
0.880850 0.109857 0.009293
0.401045 0.411836 0.187119
1.000000
0.792499 0.207501
1.000000
1.000000
1.000000
0.279084 0.432024 0.288892
1.000000
0.555154 0.444846
0.416835 0.583165
0.829614 0.170386
1.000000
0.950885 0.049115
1.000000
1.000000
1.000000
1.000000
1.000000
1.000000
0.174455 0.825545
1.000000
1.000000
1.000000
1.000000
0.373283 0.626717
0.662276 0.337724
1.000000
1.000000
0.379157 0.620843
1.000000
1.000000
1.000000
1.000000
0.217742 0.782258
1.000000
0.798731 0.201269
1.000000
1.000000
1.000000
0.105062 0.894938
0.826082 0.173918
1.000000
0.040749 0.174847 0.350209 0.434195
1.000000
1.000000
1.000000
0.990425 0.009575
0.472749 0.527251
1.000000
1.000000
1.000000
0.026041 0.216669 0.757289
1.000000
1.000000
1.000000
1.000000
0.426736 0.573264
1.000000
0.200204 0.408021 0.391776
0.845811 0.154189
1.000000
1.000000
1.000000
1.000000
1.000000
1.000000
1.000000
1.000000
0.240841 0.759159
1.000000
0.291563 0.708437
1.000000
1.000000
1.000000
1.000000
1.000000
1.000000
1.000000
1.000000
1.000000
0.536557 0.357088 0.106356
0.384726 0.615274
1.000000
1.000000
1.000000
0.884743 0.115257
1.000000
0.396818 0.603182
0.177988 0.822012
0.059436 0.282936 0.657628
0.425078 0.574922
1.000000
0.095724 0.904276
1.000000
1.000000
0.136397 0.390157 0.473446
0.251081 0.748919
0.836700 0.163300
0.479612 0.520388
1.000000
0.506873 0.493127
0.382619 0.617381
0.132294 0.867706
1.000000
0.015203 0.164442 0.820356
0.414430 0.585570
1.000000
0.802774 0.197226
0.789786 0.190941 0.019273
1.000000
0.287010 0.712990
1.000000
0.345872 0.654128
1.000000
1.000000
0.213368 0.786632
1.000000
0.077949 0.318788 0.603263
0.383987 0.616013
1.000000
1.000000
1.000000
0.288221 0.711779
0.604065 0.298115 0.081807 0.016013
1.000000
0.807261 0.192739
0.426748 0.573252
1.000000
0.183007 0.816993
1.000000
0.986140 0.013860
1.000000
1.000000
0.492473 0.507527
0.302828 0.422092 0.275080
1.000000
1.000000
1.000000
1.000000
1.000000
1.000000
0.128056 0.871944
1.000000
0.286794 0.713206
1.000000
1.000000
1.000000
1.000000
0.963727 0.036273
1.000000
0.160915 0.839085
1.000000
0.875615 0.124385
1.000000
0.411679 0.588321
0.283167 0.716833
0.245953 0.754047
1.000000
0.906089 0.093911
0.456797 0.543203
0.915765 0.084235
1.000000
0.410427 0.589573
1.000000
0.178353 0.821647
0.959680 0.040320
0.319086 0.680914
1.000000
1.000000
0.502327 0.497673
1.000000
1.000000
0.518960 0.481040
1.000000
0.903834 0.096166
1.000000
1.000000
1.000000
0.177515 0.822485
0.508036 0.491964
0.205551 0.794449
0.195045 0.804955
1.000000
1.000000
0.495358 0.504642
0.192962 0.807038
1.000000
0.079563 0.332759 0.587678
1.000000
1.000000
0.248140 0.751860
1.000000
1.000000
0.863050 0.136950
1.000000
0.531735 0.468265
1.000000
1.000000
1.000000
1.000000
1.000000
0.479129 0.520871
0.852017 0.133461 0.014522
0.290502 0.709498
0.931005 0.068995
1.000000
0.270957 0.729043
0.068713 0.315063 0.616224
1.000000
0.678411 0.321589
1.000000
0.859941 0.140059
1.000000
0.582992 0.417008
1.000000
0.186745 0.813255
0.190728 0.809272
0.500148 0.499852
0.290964 0.709036
0.239051 0.760949
1.000000
0.963444 0.036556
1.000000
0.924648 0.075352
1.000000
1.000000
0.118077 0.392179 0.489744
0.345804 0.654196
0.738019 0.261981
0.193323 0.806677
0.249249 0.750751
0.398562 0.601438
0.107018 0.364222 0.528760
1.000000
1.000000
1.000000
1.000000
1.000000
1.000000
1.000000
0.852199 0.147801
0.784120 0.215880
0.636681 0.363319
0.565854 0.434146
0.307116 0.692884
1.000000
0.824168 0.175832
1.000000
1.000000
0.616663 0.383337
0.986787 0.013213
0.171470 0.828530
1.000000
1.000000
1.000000
0.233093 0.430218 0.336689
1.000000
0.387183 0.612817
1.000000
0.589216 0.410784
1.000000
0.612807 0.387193
0.674709 0.325291
1.000000
0.190397 0.809603
1.000000
1.000000
0.179562 0.820438
1.000000
1.000000
0.973506 0.026494
0.211745 0.788255
0.479283 0.520717
0.123758 0.372879 0.503363
0.778134 0.221866
0.404668 0.595332
0.849060 0.150940
0.662026 0.337974
1.000000
1.000000
1.000000
1.000000
0.759709 0.240291
0.447423 0.552577
1.000000
0.359936 0.640064
1.000000
0.408503 0.591497
1.000000
0.521521 0.478479
0.253122 0.746878
1.000000
0.331237 0.668763
1.000000
1.000000
0.401255 0.598745
1.000000
0.842386 0.157614
1.000000
1.000000
1.000000
1.000000
1.000000
0.840927 0.159073
1.000000
1.000000
1.000000
1.000000
1.000000
0.203012 0.796988
0.221963 0.778037
0.874358 0.125642
0.162124 0.837876
0.927196 0.072804
1.000000
0.102717 0.361420 0.535863
0.212098 0.787902
0.888532 0.111468
0.971919 0.028081
1.000000
1.000000
0.425426 0.574574
1.000000
1.000000
1.000000
0.517396 0.482604
1.000000
0.128923 0.384241 0.486836
1.000000
0.158933 0.841067
0.285138 0.714862
1.000000
1.000000
0.323644 0.676356
1.000000
1.000000
0.221369 0.778631
1.000000
0.270668 0.729332
1.000000
0.544813 0.455187
0.342763 0.657237
0.264984 0.735016
1.000000
0.547651 0.452349
0.593061 0.406939
1.000000
1.000000
0.270591 0.729409
1.000000
1.000000
0.350911 0.649089
1.000000
1.000000
0.798030 0.201970
1.000000
1.000000
0.858971 0.141029
1.000000
1.000000
1.000000
0.370620 0.629380
0.774045 0.225955
1.000000
1.000000
0.255469 0.744531
1.000000
1.000000
1.000000
0.721407 0.278593
1.000000
0.144673 0.855327
0.837462 0.151160 0.011378
0.384363 0.615637
1.000000
0.318265 0.681735
0.573779 0.426221
1.000000
0.386155 0.613845
1.000000
1.000000
1.000000
1.000000
0.574264 0.425736
1.000000
0.442306 0.557694
1.000000
0.265601 0.734399
0.892262 0.107738
0.353013 0.646987
0.375609 0.624391
0.026474 0.131220 0.323652 0.518655
0.471818 0.528182
1.000000
0.692190 0.307810
0.635827 0.364173
1.000000
1.000000
1.000000
1.000000
0.305241 0.694759
0.422451 0.577549
1.000000
0.719943 0.240460 0.039597
0.122953 0.877047
1.000000
0.851129 0.148871
1.000000
1.000000
1.000000
0.303111 0.696889
1.000000
0.164834 0.410292 0.424875
1.000000
0.362840 0.637160
1.000000
1.000000
1.000000
1.000000
0.376657 0.623343
0.200572 0.799428
0.175167 0.824833
0.288135 0.711865
0.746802 0.253198
1.000000
0.513136 0.486864
1.000000
0.512411 0.487589
0.466443 0.533557
0.618282 0.381718
1.000000
0.364349 0.635651
1.000000
0.528555 0.471445
0.291632 0.431864 0.276505
1.000000
1.000000
1.000000
0.920666 0.079334
1.000000
1.000000
1.000000
0.169524 0.393884 0.436592
1.000000
1.000000
0.208125 0.791875
0.832864 0.167136
1.000000
0.202374 0.797626
0.376837 0.623163
0.594040 0.405960
1.000000
1.000000
1.000000
1.000000
0.088433 0.911567
1.000000
1.000000
1.000000
0.942574 0.057426
1.000000
1.000000
0.948235 0.051765
1.000000
0.842121 0.157879
0.426404 0.573596
0.170282 0.829718
0.580000 0.420000
0.726521 0.273479
1.000000
1.000000
0.280180 0.719820
1.000000
0.330659 0.669341
1.000000
0.448603 0.551397
1.000000
0.245679 0.754321
0.290748 0.709252
0.931664 0.068336
1.000000
1.000000
1.000000
0.356841 0.643159
0.166212 0.833788
0.236990 0.763010
0.223707 0.352427 0.278433 0.145433
0.204569 0.795431
1.000000
0.226936 0.773064
0.297369 0.702631
1.000000
0.882248 0.117752
1.000000
1.000000
1.000000
0.932435 0.067565
0.350911 0.649089
0.594995 0.405005
0.766249 0.233751
1.000000
1.000000
1.000000
0.191856 0.808144
1.000000
1.000000
1.000000
1.000000
0.969294 0.030221 0.000485
1.000000
1.000000
1.000000
0.443529 0.556471
1.000000
1.000000
0.284008 0.421945 0.294047
0.765555 0.234445
1.000000
0.949985 0.050015
1.000000
1.000000
1.000000
1.000000
1.000000
1.000000
1.000000
1.000000
0.377020 0.622980
1.000000
1.000000
0.664386 0.335614
1.000000
1.000000
1.000000
1.000000
1.000000
1.000000
1.000000
0.598949 0.401051
0.299413 0.700587
1.000000
0.477825 0.522175
1.000000
1.000000
1.000000
0.507711 0.492289
1.000000
0.937151 0.062849
