2000 2 2
0.000997 0.997506
0.000184 0.001314
0.000001 0.000016
0.859542 0.140441
0.001207 0.019837
0.875996 0.102960
0.000001 0.000005
0.954381 0.045613
0.012467 0.982403
0.003281 0.001849
0.000001 0.000009
0.923098 0.076892
0.000001 0.000020
0.823334 0.176645
0.000210 0.998885
0.000026 0.000880
0.029923 0.950377
0.016055 0.003646
0.009504 0.985560
0.002834 0.002102
0.001263 0.025586
0.850013 0.123138
0.097718 0.883121
0.017997 0.001163
0.000005 0.866154
0.000116 0.133724
0.045130 0.919371
0.030985 0.004514
0.000130 0.000958
0.948883 0.050029
0.010733 0.387958
0.477810 0.123498
0.004639 0.994093
0.000501 0.000768
0.000054 0.999168
0.000006 0.000772
0.000001 0.000011
0.905915 0.094074
0.000001 0.000005
0.955979 0.044015
0.000001 0.000007
0.941414 0.058578
0.016977 0.172376
0.755775 0.054872
0.089080 0.836900
0.069361 0.004660
0.000001 0.000006
0.945189 0.054804
0.074928 0.541076
0.365140 0.018855
0.000001 0.000006
0.950781 0.049213
0.000001 0.000005
0.952586 0.047408
0.000000 0.161496
0.000294 0.838210
0.000130 0.000893
0.952312 0.046664
0.000129 0.001026
0.945248 0.053596
0.017790 0.144305
0.791968 0.045936
0.124139 0.774888
0.096659 0.004314
0.007843 0.960208
0.017036 0.014914
0.097226 0.789622
0.106941 0.006211
0.093533 0.888071
0.017226 0.001170
0.000019 0.998663
0.000003 0.001315
0.033252 0.210597
0.723390 0.032762
0.000001 0.000009
0.924065 0.075925
0.099224 0.674776
0.215519 0.010481
0.000129 0.001132
0.939613 0.059126
0.000001 0.000005
0.951964 0.048030
0.000547 0.997164
0.000163 0.002126
0.000130 0.000928
0.950493 0.048449
0.000001 0.000007
0.940716 0.059277
0.000130 0.000932
0.950250 0.048688
0.003886 0.038819
0.893475 0.063820
0.000001 0.000018
0.840096 0.159885
0.000127 0.999164
0.000012 0.000696
0.012440 0.085583
0.859686 0.042291
0.000129 0.001041
0.944435 0.054394
0.008672 0.306421
0.546754 0.138153
0.000130 0.000883
0.952882 0.046104
0.000130 0.000895
0.952252 0.046723
0.001237 0.028560
0.832752 0.137450
0.000001 0.000006
0.948146 0.051848
0.087087 0.555603
0.341720 0.015590
0.004436 0.778018
0.096512 0.121033
0.000001 0.000007
0.940332 0.059661
0.004568 0.994172
0.000493 0.000768
0.003401 0.276931
0.454841 0.264827
0.000000 0.000088
0.223588 0.776324
0.107016 0.838783
0.051324 0.002877
0.000128 0.001289
0.931283 0.067301
0.101951 0.846252
0.048895 0.002902
0.000001 0.000005
0.953561 0.046432
0.000130 0.000888
0.952623 0.046359
0.000001 0.000007
0.937342 0.062650
0.000001 0.000005
0.955282 0.044712
0.000000 0.000065
0.433656 0.566280
0.000131 0.000862
0.953985 0.045022
0.020861 0.454592
0.453828 0.070719
0.000001 0.000012
0.892939 0.107048
0.063622 0.917905
0.016746 0.001728
0.000125 0.001658
0.911612 0.086605
0.000001 0.000005
0.956480 0.043514
0.000001 0.000005
0.955710 0.044284
0.000001 0.000009
0.923791 0.076199
0.000001 0.000005
0.955044 0.044950
0.128245 0.858662
0.012495 0.000598
0.000001 0.000009
0.920771 0.079219
0.005532 0.130164
0.739828 0.124475
0.000724 0.996934
0.000216 0.002126
0.001238 0.016210
0.898416 0.084136
0.000001 0.999119
0.000000 0.000880
0.023078 0.895962
0.063368 0.017592
0.017985 0.137587
0.800631 0.043798
0.001288 0.010370
0.934522 0.053821
0.000001 0.000017
0.847440 0.152542
0.000001 0.000006
0.948762 0.051232
0.000110 0.003642
0.806000 0.190247
0.001300 0.008945
0.943328 0.046428
0.000001 0.000005
0.956879 0.043115
0.000000 0.161542
0.000007 0.838451
0.131108 0.829813
0.037387 0.001692
0.000080 0.660597
0.005659 0.333664
0.001447 0.996590
0.000331 0.001632
0.000000 0.000114
0.000000 0.999886
0.000001 0.000012
0.895259 0.104728
0.000001 0.000007
0.938051 0.061941
0.027484 0.328430
0.593381 0.050706
0.000001 0.000010
0.907965 0.092024
0.000001 0.992194
0.000001 0.007804
0.004003 0.028586
0.920415 0.046996
0.000128 0.001213
0.935319 0.063340
0.000095 0.005734
0.694677 0.299494
0.001786 0.831303
0.038568 0.128343
0.000001 0.000008
0.931948 0.068043
0.000000 0.000101
0.112449 0.887450
0.001269 0.012593
0.920777 0.065362
0.002717 0.995471
0.000500 0.001311
0.000122 0.002065
0.889950 0.107863
0.000962 0.996866
0.000258 0.001914
0.000001 0.000016
0.863660 0.136324
0.000001 0.000016
0.859079 0.140904
0.000001 0.000006
0.950009 0.049984
0.070284 0.922226
0.006848 0.000643
0.071960 0.759936
0.156301 0.011803
0.000001 0.000006
0.947696 0.052297
0.000000 0.000114
0.000001 0.999885
0.068816 0.923836
0.006705 0.000644
0.000545 0.995779
0.000261 0.003415
0.000130 0.000999
0.946695 0.052177
0.000127 0.001317
0.929752 0.068803
0.006723 0.048155
0.899071 0.046051
0.001136 0.028123
0.824774 0.145967
0.000001 0.000006
0.944787 0.055206
0.000131 0.000806
0.956941 0.042121
0.003110 0.995893
0.000303 0.000694
0.000001 0.000018
0.842436 0.157545
0.004889 0.174494
0.653750 0.166868
0.000001 0.000011
0.906116 0.093873
0.000001 0.000005
0.953680 0.046314
0.000098 0.005293
0.718148 0.276461
0.000127 0.001343
0.928368 0.070162
0.028624 0.967538
0.003091 0.000747
0.000386 0.997891
0.000088 0.001634
0.001365 0.013734
0.918806 0.066095
0.000001 0.000006
0.947068 0.052925
0.000126 0.001459
0.922205 0.076210
0.001410 0.008507
0.949143 0.040940
0.000001 0.000008
0.931139 0.068853
0.000001 0.000010
0.911384 0.088605
0.018975 0.978221
0.002049 0.000755
0.000001 0.000011
0.905981 0.094008
0.000001 0.000006
0.943823 0.056170
0.000001 0.000006
0.946032 0.053961
0.086761 0.903172
0.009369 0.000697
0.003093 0.995804
0.000334 0.000769
0.000001 0.000031
0.726186 0.273783
0.000127 0.001376
0.926624 0.071873
0.000001 0.000005
0.955724 0.044271
0.000000 0.000114
0.001980 0.997907
0.000121 0.002219
0.881740 0.115920
0.000122 0.001978
0.894578 0.103321
0.000001 0.000013
0.885394 0.114592
0.097730 0.883108
0.017999 0.001163
0.001237 0.016314
0.897772 0.084677
0.000130 0.000989
0.947239 0.051642
0.000001 0.000006
0.950254 0.049740
0.000122 0.001994
0.893736 0.104148
0.001268 0.025029
0.853245 0.120458
0.000001 0.000008
0.929285 0.070707
0.000001 0.000005
0.952607 0.047387
0.003282 0.994339
0.000751 0.001628
0.000131 0.000847
0.954782 0.044240
0.000283 0.998915
0.000031 0.000771
0.011443 0.459748
0.410789 0.118021
0.000123 0.001864
0.900656 0.097356
0.000131 0.000822
0.956127 0.042921
0.005494 0.993145
0.000593 0.000767
0.000001 0.000006
0.945263 0.054730
0.000001 0.000013
0.883477 0.116509
0.006324 0.075662
0.845659 0.072355
0.000004 0.999300
0.000000 0.000696
0.011775 0.984759
0.002169 0.001297
0.090883 0.891205
0.016738 0.001174
0.001276 0.011705
0.926266 0.060752
0.001385 0.011462
0.931992 0.055161
0.003791 0.992960
0.001131 0.002118
0.000973 0.059213
0.654841 0.284973
0.000001 0.000005
0.955404 0.044590
0.000001 0.000014
0.878750 0.121236
0.000130 0.000880
0.953029 0.045961
0.060560 0.866016
0.066612 0.006812
0.000001 0.000007
0.941134 0.058859
0.000084 0.993303
0.000077 0.006536
0.000001 0.000006
0.950133 0.049861
0.000129 0.001143
0.939007 0.059721
0.021475 0.975452
0.002319 0.000753
0.000058 0.010789
0.425630 0.563522
0.042568 0.296517
0.629557 0.031358
0.003227 0.989699
0.002215 0.004859
0.000130 0.000901
0.951913 0.047056
0.000121 0.002204
0.882585 0.115091
0.000001 0.000005
0.952510 0.047484
0.000001 0.000026
0.775522 0.224452
0.000001 0.000015
0.871392 0.128593
0.000001 0.000005
0.953726 0.046268
0.132027 0.853058
0.014257 0.000659
0.112425 0.874760
0.012140 0.000675
0.000001 0.000010
0.910806 0.089183
0.000130 0.000997
0.946785 0.052088
0.000121 0.002152
0.885331 0.112396
0.000001 0.000009
0.924733 0.075258
0.000001 0.000005
0.955566 0.044428
0.011355 0.366484
0.505498 0.116663
0.000001 0.000009
0.925087 0.074903
0.000001 0.000006
0.947922 0.052072
0.002178 0.996817
0.000235 0.000770
0.000001 0.000008
0.932204 0.067788
0.000048 0.997639
0.000016 0.002297
0.000130 0.000893
0.952333 0.046644
0.001213 0.019086
0.880636 0.099064
0.000000 0.996879
0.000000 0.003121
0.000001 0.000007
0.942013 0.057979
0.032321 0.233759
0.697829 0.036090
0.000120 0.998985
0.000015 0.000880
0.000001 0.000014
0.876039 0.123947
0.015556 0.971061
0.009252 0.004130
0.001294 0.009629
0.939102 0.049975
0.000001 0.000013
0.889427 0.110560
0.000001 0.000006
0.946831 0.053163
0.029111 0.949535
0.017315 0.004039
0.000002 0.966317
0.000008 0.033674
0.000001 0.000008
0.931047 0.068944
0.000001 0.000010
0.908595 0.091394
0.000217 0.995420
0.000129 0.004234
0.078160 0.913589
0.007615 0.000636
0.098413 0.845541
0.052802 0.003244
0.000047 0.999176
0.000005 0.000772
0.000001 0.000006
0.947782 0.052212
0.000000 0.000048
0.577247 0.422705
0.086499 0.849942
0.059387 0.004173
0.000001 0.000008
0.927301 0.072690
0.000001 0.000023
0.798211 0.201765
0.113672 0.804336
0.078043 0.003949
0.001388 0.011068
0.934277 0.053267
0.073035 0.488909
0.418045 0.020011
0.015755 0.333145
0.565580 0.085521
0.000000 0.000066
0.421812 0.578122
0.000001 0.000007
0.939246 0.060746
0.000035 0.984596
0.000077 0.015293
0.000001 0.000008
0.930777 0.069214
0.003619 0.795430
0.078146 0.122805
0.000001 0.000005
0.956251 0.043744
0.000001 0.000006
0.951684 0.048310
0.000001 0.000007
0.935712 0.064280
0.026937 0.519714
0.398386 0.054963
0.000076 0.008363
0.554753 0.436808
0.000001 0.000008
0.930346 0.069645
0.024563 0.967152
0.006465 0.001820
0.000204 0.898624
0.003107 0.098065
0.052791 0.931560
0.013895 0.001753
0.000001 0.000014
0.876383 0.123602
0.006773 0.044681
0.905818 0.042728
0.003848 0.042161
0.884677 0.069314
0.000000 0.000055
0.515180 0.484764
0.000001 0.000008
0.930652 0.069340
0.000130 0.000879
0.953076 0.045914
0.000001 0.000005
0.952664 0.047329
0.003694 0.055616
0.849257 0.091434
0.098507 0.839331
0.058591 0.003570
0.110375 0.868153
0.020328 0.001143
0.000125 0.001674
0.910754 0.087447
0.002005 0.993626
0.000961 0.003408
0.000130 0.000967
0.948399 0.050504
0.000126 0.001558
0.916949 0.081368
0.036447 0.953741
0.008265 0.001547
0.000124 0.001718
0.908409 0.089748
0.000001 0.000008
0.930742 0.069249
0.000035 0.998077
0.000009 0.001879
0.005712 0.923779
0.032698 0.037811
0.000001 0.000008
0.931695 0.068296
0.005317 0.945594
0.021609 0.027479
0.000001 0.000006
0.948337 0.051656
0.000001 0.000011
0.903716 0.096273
0.050708 0.943088
0.005476 0.000728
0.000001 0.000006
0.945307 0.054686
0.000001 0.000007
0.934548 0.065444
0.000599 0.102528
0.403441 0.493432
0.074239 0.901698
0.022140 0.001923
0.001297 0.009250
0.941443 0.048010
0.043859 0.921504
0.030112 0.004524
0.000008 0.999295
0.000001 0.000696
0.001398 0.009905
0.941028 0.047669
0.001362 0.994093
0.000731 0.003814
0.000001 0.000011
0.899107 0.100880
0.000130 0.000965
0.948510 0.050395
0.000001 0.000012
0.897203 0.102785
0.111909 0.875330
0.012084 0.000676
0.000001 0.000011
0.907771 0.092218
0.008544 0.989533
0.001052 0.000871
0.000001 0.000012
0.893970 0.106017
0.000001 0.000008
0.930121 0.069870
0.000003 0.018322
0.024694 0.956980
0.000001 0.000007
0.936673 0.063319
0.036955 0.376669
0.546541 0.039835
0.000001 0.000009
0.923433 0.076557
0.000001 0.000011
0.906335 0.093653
0.000076 0.008353
0.555299 0.436272
0.019457 0.973589
0.005121 0.001832
0.000001 0.999119
0.000000 0.000880
0.000001 0.000005
0.952890 0.047104
0.053632 0.917500
0.025722 0.003147
0.137140 0.848907
0.013361 0.000591
0.069837 0.920753
0.008600 0.000811
0.000001 0.000005
0.952722 0.047272
0.000001 0.000007
0.942312 0.057681
0.000125 0.001655
0.911755 0.086464
0.000001 0.000006
0.951509 0.048484
0.000001 0.000018
0.844862 0.155120
0.026376 0.970027
0.002848 0.000749
0.000994 0.056728
0.669264 0.273013
0.027717 0.185354
0.751016 0.035913
0.075229 0.915940
0.008124 0.000707
0.098966 0.889660
0.010687 0.000687
0.076762 0.901337
0.020205 0.001696
0.012570 0.079516
0.868621 0.039293
0.000005 0.998359
0.000001 0.001635
0.000111 0.003514
0.812860 0.183515
0.000001 0.000010
0.914778 0.085212
0.001291 0.009997
0.936825 0.051888
0.033739 0.206015
0.728440 0.031806
0.006753 0.046055
0.903150 0.044042
0.000075 0.008512
0.546808 0.444605
0.001298 0.009175
0.941907 0.047620
0.001213 0.019078
0.880691 0.099018
0.014311 0.583574
0.311332 0.090784
0.001246 0.997937
0.000121 0.000695
0.001293 0.009720
0.938535 0.050452
0.024769 0.550679
0.366314 0.058238
0.002906 0.031892
0.894958 0.070244
0.010458 0.227558
0.659387 0.102597
0.000000 0.000100
0.119153 0.880746
0.000001 0.000005
0.955869 0.044125
0.000001 0.000011
0.906371 0.093617
0.001394 0.010355
0.938417 0.049834
0.015421 0.564482
0.332948 0.087149
0.001463 0.993939
0.000785 0.003813
0.000001 0.000007
0.941446 0.058546
0.000001 0.000008
0.931123 0.068868
0.000001 0.000015
0.865734 0.134250
0.020906 0.877169
0.078402 0.023523
0.006466 0.065817
0.864776 0.062941
0.000001 0.000006
0.947346 0.052647
0.003042 0.018743
0.936931 0.041283
0.000124 0.001834
0.902272 0.095771
0.000002 0.997963
0.000001 0.002035
0.000000 0.000052
0.539438 0.460509
0.000827 0.998397
0.000081 0.000696
0.000006 0.998678
0.000001 0.001315
0.000001 0.000005
0.953709 0.046285
0.000124 0.001803
0.903901 0.094173
0.000020 0.995733
0.000012 0.004235
0.001749 0.997157
0.000215 0.000878
0.000110 0.003685
0.803757 0.192449
0.000001 0.000018
0.846331 0.153651
0.006793 0.043332
0.908437 0.041438
0.000064 0.994349
0.000050 0.005536
0.002392 0.994547
0.000770 0.002290
0.000080 0.999030
0.000010 0.000880
0.000001 0.000016
0.863958 0.136026
0.000282 0.998916
0.000030 0.000771
0.033218 0.959400
0.006118 0.001264
0.000029 0.999196
0.000003 0.000772
0.000342 0.997429
0.000102 0.002127
0.001161 0.025213
0.842763 0.130863
0.000001 0.000006
0.943830 0.056163
0.001346 0.015980
0.905766 0.076908
0.000131 0.000821
0.956186 0.042862
0.006708 0.049206
0.897031 0.047055
0.000000 0.000114
0.000505 0.999381
0.000001 0.000006
0.951237 0.048757
0.000001 0.000008
0.928794 0.071197
0.065370 0.780520
0.141987 0.012123
0.000121 0.002248
0.880239 0.117393
0.011500 0.986496
0.001242 0.000762
0.000000 0.000055
0.518502 0.481443
0.001143 0.027311
0.829791 0.141754
0.000001 0.000014
0.878459 0.121526
0.000002 0.994460
0.000001 0.005537
0.025471 0.363821
0.554110 0.056598
0.124327 0.862958
0.012113 0.000601
0.003975 0.031093
0.913814 0.051118
0.000029 0.995066
0.000020 0.004885
0.000112 0.003426
0.817510 0.178952
0.000883 0.998129
0.000109 0.000879
0.000001 0.000005
0.952983 0.047011
0.000001 0.000006
0.951432 0.048561
0.000001 0.000012
0.894347 0.105640
0.000129 0.001079
0.942422 0.056370
0.000122 0.002092
0.888526 0.109260
0.001300 0.008851
0.943910 0.045939
0.000126 0.001466
0.921818 0.076589
0.000001 0.000012
0.898707 0.101281
0.000001 0.000005
0.953408 0.046586
0.093110 0.873892
0.030922 0.002075
0.117328 0.854408
0.026865 0.001399
0.000131 0.000870
0.953575 0.045425
0.077822 0.906651
0.014333 0.001194
0.001296 0.009380
0.940642 0.048682
0.126985 0.842558
0.029077 0.001380
0.108343 0.879279
0.011699 0.000679
0.000000 0.018777
0.000493 0.980730
0.000001 0.000005
0.954825 0.045169
0.000001 0.000005
0.955421 0.044573
0.001330 0.017800
0.895205 0.085665
0.000001 0.000009
0.919370 0.080620
0.001296 0.009322
0.940997 0.048385
0.000052 0.865252
0.001112 0.133584
0.117551 0.870390
0.011453 0.000606
0.000001 0.000015
0.866764 0.133220
0.066074 0.890837
0.039300 0.003789
0.009207 0.989207
0.000897 0.000689
0.071106 0.911120
0.016282 0.001492
0.000055 0.996501
0.000026 0.003418
0.001401 0.009621
0.942677 0.046302
0.000001 0.000008
0.931414 0.068577
0.078936 0.898596
0.020777 0.001691
0.000308 0.994598
0.000211 0.004883
0.000001 0.000005
0.956341 0.043653
0.036595 0.432128
0.489909 0.041367
0.000001 0.000009
0.919040 0.080950
0.000958 0.060950
0.644758 0.293334
0.000001 0.000005
0.952207 0.047787
0.004036 0.025780
0.927802 0.042383
0.022450 0.974374
0.002424 0.000752
0.000001 0.000012
0.891932 0.108055
0.003601 0.063771
0.827786 0.104842
0.000003 0.997962
0.000001 0.002035
0.001065 0.998049
0.000115 0.000771
0.000014 0.510208
0.001870 0.487908
0.000001 0.000007
0.940547 0.059445
0.003990 0.029789
0.917248 0.048973
0.035412 0.960469
0.003450 0.000669
0.000128 0.001181
0.937006 0.061684
0.000000 0.511171
0.000001 0.488829
0.006009 0.097356
0.803534 0.093101
0.000113 0.863158
0.002452 0.134277
0.000111 0.003538
0.811586 0.184765
0.000002 0.996580
0.000001 0.003418
0.000001 0.018693
0.004966 0.976340
0.000007 0.999220
0.000001 0.000772
0.000001 0.000005
0.955591 0.044404
0.000001 0.000009
0.925253 0.074737
0.000001 0.000006
0.946901 0.053093
0.000001 0.000006
0.944966 0.055027
0.101451 0.866447
0.030255 0.001848
0.000609 0.090001
0.442255 0.467134
0.028337 0.499725
0.419089 0.052849
0.000001 0.000017
0.851361 0.148621
0.077141 0.913823
0.008330 0.000706
0.006661 0.052429
0.890773 0.050137
0.000001 0.000010
0.912504 0.087485
0.000001 0.000007
0.941139 0.058854
0.000018 0.999208
0.000002 0.000772
0.003913 0.036521
0.899525 0.060042
0.000000 0.000051
0.548817 0.451131
0.000130 0.000981
0.947666 0.051223
0.000001 0.000005
0.955967 0.044027
0.000001 0.000005
0.955047 0.044947
0.000001 0.000006
0.947290 0.052703
0.002982 0.024513
0.918513 0.053992
0.000129 0.001049
0.944055 0.054767
0.000018 0.998663
0.000003 0.001315
0.000001 0.000006
0.945135 0.054858
0.109582 0.877907
0.011833 0.000678
0.003850 0.790926
0.083115 0.122109
0.048546 0.482570
0.437766 0.031117
0.000001 0.000006
0.945475 0.054518
0.000001 0.000012
0.897945 0.102042
0.000572 0.994155
0.000393 0.004881
0.096211 0.842978
0.057226 0.003585
0.000001 0.000011
0.899831 0.100157
0.015070 0.714763
0.201743 0.068424
0.000011 0.998672
0.000002 0.001315
0.013293 0.102428
0.838099 0.046181
0.006111 0.990417
0.001608 0.001864
0.000003 0.999300
0.000000 0.000696
0.000001 0.995764
0.000000 0.004235
0.000129 0.001060
0.943466 0.055345
0.000131 0.000831
0.955633 0.043405
0.000064 0.010061
0.464377 0.525498
0.053082 0.941091
0.005172 0.000656
0.000130 0.000979
0.947784 0.051108
0.000000 0.000109
0.044635 0.955256
0.000054 0.011359
0.395279 0.593308
0.000145 0.998514
0.000027 0.001315
0.067594 0.918747
0.012449 0.001210
0.010543 0.984829
0.002775 0.001854
0.000001 0.000005
0.955292 0.044702
0.000128 0.001275
0.932025 0.066573
0.000050 0.981359
0.000133 0.018458
0.000137 0.993202
0.000126 0.006535
0.000001 0.000006
0.944985 0.055008
0.125009 0.862211
0.012180 0.000601
0.000000 0.018779
0.000370 0.980850
0.016769 0.535163
0.364815 0.083253
0.000017 0.999101
0.000002 0.000880
0.000001 0.000024
0.789243 0.210732
0.001323 0.018594
0.890598 0.089485
0.069976 0.508671
0.400533 0.020820
0.000000 0.000111
0.024471 0.975418
0.001318 0.019171
0.887246 0.092264
0.008294 0.984352
0.003978 0.003376
0.000128 0.001243
0.933707 0.064923
0.001379 0.012083
0.928389 0.058149
0.002582 0.992775
0.001238 0.003405
0.001885 0.963414
0.007454 0.027247
0.000023 0.795044
0.000839 0.204094
0.000129 0.001127
0.939907 0.058838
0.008639 0.987229
0.002274 0.001858
0.000001 0.000005
0.958426 0.041569
0.000012 0.017172
0.085925 0.896891
0.000001 0.000021
0.814031 0.185947
0.000001 0.000005
0.956029 0.043965
0.056164 0.936096
0.006916 0.000824
0.046501 0.936369
0.014974 0.002156
0.124277 0.836876
0.037062 0.001785
0.000001 0.000026
0.770368 0.229605
0.000120 0.002319
0.876423 0.121138
0.000128 0.001188
0.936661 0.062023
0.006460 0.066257
0.863922 0.063361
0.028237 0.967966
0.003049 0.000747
0.000000 0.000114
0.002690 0.997196
0.000001 0.000005
0.951850 0.048144
0.000127 0.001336
0.928754 0.069782
0.000001 0.000007
0.936147 0.063845
0.069322 0.922481
0.007486 0.000712
0.000129 0.001126
0.939919 0.058826
0.001423 0.996620
0.000326 0.001632
0.001305 0.008295
0.947346 0.043053
0.000015 0.170338
0.009865 0.819782
0.000123 0.001922
0.897573 0.100383
0.022312 0.970989
0.005109 0.001590
0.000001 0.000031
0.727705 0.272263
0.000210 0.999073
0.000021 0.000696
0.000001 0.000007
0.934480 0.065512
0.000001 0.000009
0.918374 0.081616
0.000001 0.018612
0.009255 0.972131
0.000001 0.000019
0.833813 0.166167
0.000001 0.000005
0.955476 0.044518
0.001402 0.009430
0.943787 0.045381
0.000001 0.000005
0.953374 0.046620
0.000001 0.000007
0.940916 0.059077
0.000001 0.000022
0.810756 0.189222
0.000001 0.000005
0.958121 0.041874
0.000000 0.000052
0.546774 0.453173
0.106837 0.882139
0.010409 0.000615
0.000001 0.000010
0.914183 0.085806
0.076242 0.899103
0.022737 0.001917
0.000001 0.000005
0.957775 0.042220
0.000171 0.993708
0.000144 0.005977
0.000130 0.000920
0.950900 0.048049
0.000001 0.000019
0.836867 0.163114
0.000001 0.000019
0.832170 0.167810
0.000001 0.000005
0.955781 0.044213
0.000001 0.000015
0.865038 0.134946
0.029414 0.484347
0.435017 0.051223
0.000001 0.000006
0.950294 0.049699
0.000011 0.017325
0.077791 0.904874
0.003949 0.033350
0.907874 0.054828
0.000000 0.000095
0.163171 0.836733
0.005024 0.950642
0.018840 0.025494
0.013236 0.104913
0.834549 0.047301
0.000001 0.000010
0.914039 0.085951
0.000110 0.998997
0.000014 0.000880
0.000000 0.000049
0.572225 0.427726
0.000001 0.000007
0.934709 0.065283
0.000001 0.000009
0.922146 0.077844
0.003683 0.056584
0.846709 0.093025
0.001291 0.009936
0.937203 0.051570
0.000113 0.003216
0.828683 0.167987
0.060256 0.927425
0.011098 0.001221
0.000130 0.000933
0.950232 0.048705
0.000131 0.000829
0.955717 0.043323
0.000001 0.000011
0.907299 0.092690
0.000112 0.003373
0.820344 0.176171
0.047201 0.946970
0.005097 0.000731
0.000001 0.000006
0.944988 0.055005
0.000011 0.170792
0.007233 0.821965
0.000000 0.996879
0.000000 0.003121
0.037585 0.958086
0.003662 0.000667
0.000102 0.999116
0.000011 0.000771
0.000002 0.999118
0.000000 0.000880
0.000001 0.000014
0.880544 0.119442
0.000196 0.998453
0.000036 0.001315
0.000001 0.000009
0.919902 0.080088
0.000001 0.000005
0.953594 0.046400
0.000128 0.001196
0.936224 0.062452
0.000127 0.001310
0.930131 0.068431
0.000127 0.001366
0.927157 0.071350
0.000094 0.005932
0.684134 0.309840
0.001343 0.016311
0.903844 0.078502
0.005531 0.934935
0.026954 0.032580
0.000070 0.999151
0.000008 0.000772
0.000086 0.903135
0.001268 0.095512
0.000001 0.000007
0.941946 0.058046
0.000001 0.000008
0.933782 0.066210
0.000129 0.001112
0.940654 0.058104
0.000157 0.997495
0.000051 0.002297
0.000125 0.001630
0.913086 0.085159
0.000223 0.918138
0.002676 0.078963
0.003578 0.065780
0.822499 0.108143
0.000001 0.000005
0.955049 0.044945
0.045578 0.680255
0.247728 0.026439
0.133761 0.852612
0.013032 0.000594
0.000001 0.000005
0.954736 0.045258
0.005674 0.992947
0.000613 0.000767
0.000001 0.000005
0.953751 0.046243
0.000001 0.000013
0.886018 0.113968
0.000130 0.000990
0.947146 0.051734
0.000001 0.000006
0.943153 0.056840
0.001467 0.997695
0.000143 0.000695
0.000001 0.000009
0.917249 0.082741
0.000001 0.000006
0.950033 0.049960
0.015622 0.219171
0.695438 0.069769
0.000131 0.000825
0.955949 0.043095
0.117556 0.870384
0.011453 0.000606
0.000121 0.002127
0.886674 0.111078
0.000001 0.000010
0.910143 0.089846
0.000001 0.000006
0.951678 0.048316
0.001119 0.030189
0.812001 0.156691
0.000001 0.000011
0.906460 0.093529
0.000870 0.997297
0.000199 0.001633
0.014655 0.906085
0.054961 0.024299
0.052647 0.718802
0.208222 0.020329
0.000001 0.984701
0.000003 0.015294
0.000001 0.000013
0.888723 0.111263
0.004033 0.025963
0.927321 0.042683
0.047155 0.947591
0.004594 0.000660
0.000130 0.000968
0.948350 0.050552
0.011550 0.514871
0.359107 0.114472
0.000239 0.999042
0.000023 0.000696
0.104656 0.842262
0.050193 0.002889
0.000003 0.018430
0.018947 0.962620
0.000119 0.902659
0.001761 0.095462
0.000129 0.001112
0.940669 0.058090
0.001144 0.027226
0.830318 0.141312
0.003983 0.030403
0.915631 0.049983
0.000610 0.994091
0.000419 0.004880
0.006702 0.049612
0.896243 0.047443
0.017163 0.165975
0.764028 0.052835
0.000001 0.000012
0.898603 0.101385
0.043594 0.943157
0.011474 0.001775
0.000000 0.984706
0.000000 0.015294
0.000001 0.000011
0.901945 0.098043
0.000001 0.000013
0.885485 0.114501
0.000001 0.000006
0.945741 0.054252
0.045604 0.949291
0.004443 0.000661
0.000128 0.001261
0.932762 0.065849
0.090361 0.613317
0.282606 0.013716
0.000001 0.000005
0.952691 0.047303
0.001287 0.010398
0.934348 0.053967
0.000001 0.000005
0.956569 0.043425
0.056236 0.936968
0.006073 0.000723
0.132861 0.822463
0.042782 0.001894
0.001307 0.008066
0.948760 0.041867
0.113415 0.804768
0.077866 0.003951
0.114208 0.858236
0.026151 0.001405
0.000001 0.000007
0.937642 0.062350
0.000001 0.000017
0.846854 0.153128
0.001394 0.010439
0.937928 0.050239
0.000082 0.999214
0.000008 0.000696
0.003778 0.995161
0.000368 0.000693
0.006179 0.085642
0.826281 0.081898
0.044408 0.950063
0.004795 0.000734
0.072864 0.889141
0.034946 0.003049
0.000001 0.000013
0.882173 0.117812
0.000001 0.000012
0.893472 0.106515
0.000129 0.999085
0.000014 0.000771
0.027518 0.952065
0.016368 0.004049
0.001282 0.023359
0.862942 0.112417
0.000001 0.000007
0.938227 0.061765
0.000001 0.000011
0.905743 0.094246
0.000001 0.000005
0.953094 0.046900
0.002404 0.080329
0.740339 0.176929
0.117089 0.823929
0.056156 0.002826
0.000001 0.000009
0.923361 0.076630
0.000122 0.002075
0.889429 0.108375
0.000060 0.996493
0.000029 0.003417
0.000064 0.998041
0.000017 0.001878
0.057349 0.934766
0.007062 0.000823
0.107154 0.650008
0.232742 0.010096
0.000122 0.002068
0.889802 0.108008
0.000542 0.998710
0.000053 0.000696
0.000130 0.000999
0.946707 0.052164
0.000121 0.002149
0.885493 0.112237
0.124959 0.860883
0.013494 0.000665
0.015862 0.979926
0.002921 0.001291
0.000014 0.978069
0.000043 0.021874
0.022100 0.146839
0.793367 0.037695
0.000129 0.001130
0.939742 0.059000
0.000166 0.961561
0.000901 0.037373
0.001378 0.980402
0.002992 0.015227
0.000001 0.000009
0.924076 0.075915
0.032249 0.235176
0.696266 0.036308
0.000001 0.000024
0.792776 0.207200
0.000001 0.000011
0.906424 0.093565
0.000000 0.000100
0.119448 0.880452
0.000126 0.001548
0.917461 0.080865
0.051310 0.935410
0.011749 0.001532
0.000001 0.000008
0.929213 0.070778
0.043020 0.918370
0.033497 0.005113
0.007350 0.988855
0.001935 0.001861
0.103849 0.884255
0.011214 0.000683
0.006693 0.050228
0.895047 0.048032
0.000134 0.814596
0.004160 0.181110
0.052741 0.921283
0.023092 0.002884
0.000001 0.000021
0.813590 0.186388
0.000021 0.996551
0.000010 0.003418
0.000018 0.016287
0.133016 0.850678
0.000001 0.000005
0.956315 0.043679
0.040939 0.936216
0.019634 0.003211
0.000000 0.999303
0.000000 0.000696
0.006280 0.078693
0.839775 0.075253
0.000001 0.000019
0.830041 0.169939
0.000000 0.000113
0.004182 0.995704
0.000007 0.758302
0.000301 0.241390
0.000001 0.000007
0.938787 0.061206
0.000001 0.000006
0.950996 0.048997
0.077430 0.865162
0.053161 0.004248
0.027884 0.181427
0.755537 0.035152
0.000001 0.000005
0.957344 0.042650
0.000052 0.011692
0.377561 0.610695
0.000001 0.000009
0.917570 0.082420
0.000121 0.002140
0.885943 0.111796
0.000000 0.000059
0.478958 0.520982
0.004020 0.027133
0.924241 0.044607
0.000001 0.000020
0.822477 0.177502
0.003800 0.046381
0.873567 0.076252
0.000374 0.993802
0.000291 0.005533
0.000086 0.007001
0.627228 0.365684
0.000000 0.995764
0.000000 0.004235
0.016884 0.175599
0.751618 0.055898
0.000001 0.000011
0.903497 0.096492
0.000013 0.170475
0.009072 0.820439
0.000001 0.000005
0.954973 0.045021
0.000001 0.000005
0.952950 0.047044
0.103144 0.886189
0.010049 0.000617
0.000123 0.001889
0.899333 0.098655
0.013475 0.984526
0.001313 0.000686
0.031988 0.963813
0.003454 0.000744
0.000124 0.001727
0.907943 0.090206
0.000000 0.000114
0.000001 0.999885
0.000179 0.996319
0.000086 0.003417
0.006196 0.084432
0.828630 0.080742
0.031839 0.243202
0.687411 0.037547
0.000001 0.000022
0.806661 0.193316
0.016744 0.714710
0.205747 0.062799
0.000001 0.000026
0.769781 0.230192
0.000124 0.001775
0.905394 0.092707
0.000001 0.000009
0.922353 0.077638
0.013904 0.278482
0.618965 0.088649
0.000000 0.161536
0.000042 0.838422
0.116730 0.748985
0.128394 0.005891
0.000001 0.000006
0.950180 0.049813
0.000001 0.000006
0.944687 0.055306
0.000001 0.000008
0.932309 0.067683
0.000005 0.999223
0.000001 0.000772
0.001077 0.047208
0.724517 0.227198
0.001273 0.012067
0.924030 0.062630
0.008226 0.984452
0.003945 0.003376
0.000001 0.000008
0.929730 0.070262
0.001249 0.014914
0.906429 0.077409
0.000001 0.000013
0.885990 0.113996
0.000000 0.000079
0.307825 0.692096
0.000001 0.000005
0.953315 0.046679
0.000001 0.000009
0.920446 0.079545
0.041159 0.427087
0.495023 0.036731
0.000001 0.000005
0.953598 0.046396
0.000125 0.001581
0.915714 0.082579
0.001292 0.009859
0.937677 0.051172
0.000001 0.000006
0.946712 0.053281
0.000001 0.000035
0.695536 0.304429
0.009612 0.218282
0.664243 0.107864
0.000001 0.000007
0.942467 0.057525
0.005505 0.132049
0.736168 0.126278
0.029646 0.960743
0.007803 0.001808
0.086520 0.889033
0.022773 0.001673
0.000000 0.000113
0.004151 0.995735
0.000001 0.000017
0.848723 0.151260
0.000347 0.997940
0.000079 0.001634
0.081143 0.598500
0.304307 0.016050
0.000130 0.000994
0.946979 0.051898
0.000001 0.000012
0.892783 0.107204
0.000001 0.000010
0.908793 0.091196
0.001045 0.996324
0.000336 0.002294
0.104931 0.865821
0.027619 0.001630
0.031333 0.942527
0.021512 0.004627
0.000131 0.000749
0.960002 0.039118
0.000178 0.993124
0.000164 0.006535
0.000129 0.001089
0.941885 0.056896
0.004068 0.994842
0.000396 0.000693
0.000122 0.002094
0.888407 0.109377
0.000001 0.000012
0.891544 0.108443
0.068878 0.911278
0.018129 0.001715
0.000116 0.002877
0.846743 0.150264
0.000001 0.000016
0.862477 0.137507
0.001895 0.993278
0.001017 0.003811
0.028052 0.968171
0.003029 0.000748
0.000001 0.000010
0.913786 0.086204
0.130336 0.844548
0.024005 0.001112
0.021269 0.965220
0.010201 0.003310
0.055716 0.938202
0.005428 0.000654
0.000001 0.000008
0.931509 0.068482
0.003890 0.038520
0.894263 0.063327
0.000128 0.001208
0.935572 0.063092
0.000124 0.001762
0.906090 0.092024
0.011173 0.145051
0.772100 0.071677
0.000001 0.000007
0.938654 0.061338
0.000001 0.000012
0.895714 0.104274
0.000001 0.000009
0.918483 0.081507
0.015736 0.976947
0.005067 0.002250
0.012281 0.079899
0.867463 0.040357
0.000130 0.000936
0.950049 0.048885
0.000129 0.001131
0.939655 0.059085
0.056164 0.922991
0.018652 0.002192
0.000034 0.999191
0.000004 0.000772
0.000130 0.000920
0.950899 0.048051
0.018006 0.136857
0.801571 0.043566
0.000083 0.007328
0.609854 0.382735
0.000001 0.000020
0.828069 0.171911
0.013447 0.862521
0.085031 0.039000
0.006009 0.097305
0.803635 0.093052
0.000131 0.000858
0.954176 0.044835
0.000367 0.997659
0.000097 0.001878
0.000000 0.000114
0.000900 0.998986
0.000097 0.994291
0.000076 0.005536
0.017998 0.137141
0.801205 0.043656
0.000000 0.000113
0.007185 0.992702
0.000111 0.999106
0.000012 0.000771
0.000000 0.000114
0.002061 0.997825
0.077936 0.899857
0.020514 0.001694
0.000121 0.002196
0.882994 0.114689
0.056486 0.936691
0.006100 0.000723
0.000001 0.000011
0.903693 0.096295
0.016980 0.966616
0.011658 0.004746
0.000074 0.008676
0.538090 0.453160
0.000001 0.000006
0.951112 0.048882
0.000001 0.000026
0.775545 0.224428
0.000001 0.000009
0.916891 0.083099
0.000002 0.999227
0.000000 0.000772
0.000343 0.746684
0.015281 0.237691
0.001340 0.016684
0.901682 0.080294
0.000120 0.002386
0.872882 0.124612
0.006206 0.083781
0.829895 0.080119
0.000094 0.005888
0.686487 0.307531
0.001583 0.992457
0.001087 0.004872
0.000000 0.000113
0.008344 0.991543
0.000130 0.001007
0.946270 0.052593
0.000130 0.000985
0.947416 0.051469
0.000001 0.000007
0.938174 0.061818
0.000129 0.001069
0.942984 0.055818
0.123332 0.862684
0.013318 0.000666
0.036725 0.953304
0.008409 0.001561
0.000001 0.000006
0.943062 0.056930
0.018931 0.977877
0.002331 0.000861
0.000111 0.159125
0.074946 0.765817
0.127535 0.858031
0.013772 0.000663
0.000001 0.000011
0.906795 0.093194
0.001283 0.010856
0.931514 0.056347
0.000131 0.000849
0.954668 0.044352
0.001294 0.009621
0.939148 0.049936
0.000819 0.998322
0.000088 0.000771
0.000001 0.000008
0.929685 0.070307
0.000001 0.000005
0.953935 0.046059
0.000095 0.997577
0.000031 0.002297
0.000001 0.000008
0.928931 0.071060
0.000001 0.000006
0.950287 0.049707
0.000001 0.000008
0.931137 0.068855
0.006116 0.089955
0.817906 0.086023
0.000001 0.000012
0.895274 0.104714
0.000001 0.000008
0.926827 0.073164
0.000001 0.000005
0.955219 0.044775
0.001289 0.010225
0.935416 0.053070
0.010173 0.984694
0.003034 0.002100
0.000221 0.994744
0.000152 0.004884
0.018517 0.119230
0.824298 0.037955
0.000001 0.000006
0.948229 0.051765
0.000000 0.000071
0.376032 0.623897
0.001374 0.012709
0.924753 0.061164
0.014580 0.721194
0.195186 0.069039
0.000001 0.000010
0.913354 0.086636
0.000130 0.000893
0.952311 0.046665
0.000118 0.002551
0.864077 0.133254
0.000000 0.998121
0.000000 0.001879
0.003909 0.036874
0.898595 0.060622
0.000001 0.000007
0.939820 0.060172
0.039360 0.955652
0.004250 0.000738
0.000001 0.000006
0.948515 0.051478
0.000001 0.000025
0.783368 0.216607
0.000000 0.000046
0.600291 0.399663
0.127449 0.801096
0.068382 0.003074
0.055925 0.937973
0.005449 0.000653
0.009098 0.987925
0.001676 0.001301
0.000122 0.996402
0.000059 0.003417
0.000000 0.000053
0.536802 0.463145
0.001094 0.033099
0.794012 0.171795
0.000001 0.000013
0.882687 0.117299
0.006625 0.054885
0.886003 0.052486
0.026419 0.969979
0.002853 0.000749
0.001256 0.995962
0.000417 0.002365
0.001299 0.009013
0.942908 0.046780
0.000001 0.000008
0.934030 0.065962
0.065040 0.927976
0.006337 0.000647
0.000001 0.000005
0.954481 0.045513
0.000001 0.000006
0.950172 0.049822
0.000111 0.003591
0.808729 0.187569
0.013177 0.408820
0.473055 0.104947
0.006332 0.075071
0.846806 0.071790
0.000001 0.000006
0.949248 0.050745
0.109094 0.879664
0.010629 0.000613
0.001200 0.020597
0.871295 0.106907
0.132332 0.852720
0.014290 0.000658
0.000123 0.001901
0.898686 0.099290
0.106360 0.816608
0.073023 0.004009
0.000001 0.000006
0.948218 0.051775
0.000001 0.000005
0.956758 0.043237
0.018522 0.974210
0.005282 0.001987
0.001128 0.029139
0.818494 0.151240
0.000128 0.001175
0.937326 0.061371
0.000005 0.973861
0.000018 0.026117
0.000249 0.999031
0.000024 0.000696
0.000001 0.000015
0.866966 0.133018
0.000001 0.000006
0.944943 0.055050
0.000001 0.000013
0.890143 0.109844
0.003518 0.995334
0.000380 0.000769
0.000001 0.000013
0.882197 0.117789
0.000130 0.000877
0.953171 0.045821
0.053123 0.881513
0.058431 0.006933
0.112084 0.807002
0.076953 0.003962
0.000011 0.510403
0.001492 0.488094
0.000001 0.000017
0.853234 0.146749
0.006525 0.061813
0.872551 0.059111
0.002791 0.990430
0.001916 0.004863
0.000130 0.000969
0.948281 0.050620
0.059574 0.895130
0.040901 0.004395
0.000685 0.851886
0.014905 0.132524
0.000001 0.000012
0.891549 0.108438
0.072726 0.919548
0.007086 0.000641
0.000000 0.000102
0.109092 0.890807
0.013767 0.283209
0.612870 0.090154
0.000597 0.102787
0.401936 0.494680
0.000078 0.505776
0.010476 0.483670
0.064841 0.928195
0.006317 0.000647
0.000122 0.002009
0.892932 0.104936
0.000001 0.000011
0.903996 0.095992
0.000001 0.000012
0.891307 0.108680
0.101520 0.692820
0.196090 0.009569
0.000001 0.000011
0.907228 0.092761
0.000001 0.000010
0.909171 0.090818
0.000001 0.000013
0.883951 0.116035
0.002354 0.995497
0.000534 0.001614
0.041262 0.947844
0.009357 0.001537
0.044950 0.765935
0.168575 0.020540
0.000000 0.000102
0.104428 0.895469
0.073770 0.547652
0.359494 0.019084
0.000001 0.000006
0.945597 0.054396
0.047206 0.671173
0.255631 0.025990
0.000130 0.000986
0.947389 0.051496
0.011017 0.140042
0.778207 0.070734
0.000120 0.002335
0.875592 0.121953
0.000025 0.757672
0.001114 0.241189
0.054469 0.642018
0.279920 0.023593
0.126298 0.838880
0.033243 0.001579
0.000267 0.999011
0.000026 0.000696
0.005942 0.992650
0.000642 0.000766
0.000001 0.000008
0.927652 0.072339
0.000001 0.000010
0.913250 0.086739
0.107117 0.872006
0.019728 0.001148
0.000131 0.000842
0.955051 0.043977
0.019193 0.095863
0.854427 0.030516
0.000121 0.002220
0.881712 0.115948
0.000001 0.000006
0.944106 0.055887
0.036774 0.869840
0.079876 0.013510
0.081269 0.730860
0.176520 0.011352
0.005154 0.968608
0.011194 0.015044
0.000001 0.000007
0.940875 0.059118
0.025436 0.970577
0.003132 0.000855
0.000001 0.000010
0.914486 0.085504
0.105790 0.882105
0.011424 0.000681
0.000130 0.000885
0.952787 0.046198
0.001024 0.041352
0.742993 0.214631
0.000088 0.999131
0.000009 0.000771
0.001686 0.995802
0.000481 0.002031
0.007767 0.970514
0.011470 0.010248
0.043478 0.943303
0.011444 0.001775
0.000001 0.000006
0.947480 0.052514
0.000001 0.000006
0.945043 0.054950
0.042632 0.952551
0.004154 0.000664
0.000125 0.001700
0.909380 0.088796
0.000001 0.000005
0.952093 0.047901
0.069928 0.909954
0.018406 0.001713
0.000001 0.000014
0.873480 0.126505
0.000001 0.000007
0.941433 0.058559
0.004004 0.028577
0.920438 0.046982
0.001363 0.013983
0.917359 0.067295
0.000001 0.000005
0.956192 0.043802
0.000114 0.003176
0.830821 0.165889
0.034747 0.952859
0.010362 0.002032
0.000001 0.000013
0.887751 0.112235
0.010837 0.987231
0.001170 0.000762
0.000001 0.000009
0.922643 0.077347
0.018507 0.119576
0.823853 0.038065
0.000000 0.997631
0.000000 0.002369
0.000001 0.000024
0.787732 0.212243
0.000001 0.000009
0.923742 0.076249
0.000001 0.000005
0.955040 0.044954
0.000001 0.000017
0.852101 0.147882
0.000000 0.000106
0.070745 0.929149
0.006162 0.086789
0.824053 0.082996
0.003607 0.990036
0.002146 0.004211
0.000127 0.001293
0.931063 0.067517
0.042708 0.294520
0.631625 0.031147
0.000129 0.001062
0.943333 0.055476
0.000001 0.000012
0.897999 0.101989
0.125178 0.812003
0.060035 0.002785
0.000526 0.997720
0.000120 0.001634
0.001307 0.008044
0.948898 0.041751
0.025714 0.848587
0.101700 0.024000
0.000001 0.000006
0.944491 0.055502
0.000001 0.000008
0.928791 0.071200
0.001242 0.994751
0.000596 0.003412
0.000130 0.000906
0.951633 0.047331
0.000124 0.001715
0.908562 0.089599
0.007868 0.988201
0.002071 0.001860
0.000117 0.002661
0.858220 0.139001
0.000023 0.999203
0.000002 0.000772
0.001745 0.996224
0.000400 0.001631
0.034927 0.942716
0.018740 0.003617
0.006728 0.989639
0.001771 0.001863
0.001291 0.009991
0.936860 0.051858
0.000001 0.000013
0.883625 0.116362
0.002289 0.728515
0.082180 0.187015
0.000000 0.000047
0.589411 0.410542
0.058421 0.926685
0.013377 0.001517
0.031896 0.960964
0.005875 0.001266
0.022308 0.974840
0.002173 0.000679
0.000208 0.147915
0.140014 0.711863
0.051217 0.943135
0.004990 0.000657
0.000956 0.979064
0.002400 0.017580
0.000001 0.000005
0.952492 0.047502
0.000001 0.000012
0.890545 0.109441
0.000097 0.005448
0.709887 0.284567
0.021196 0.173369
0.760930 0.044505
0.055693 0.936624
0.006858 0.000825
0.000128 0.001217
0.935087 0.063568
0.000129 0.001092
0.941717 0.057061
0.000001 0.000005
0.954928 0.045067
0.000001 0.000007
0.936167 0.063825
0.000001 0.000006
0.946241 0.053753
0.000001 0.000013
0.887226 0.112761
0.002415 0.995077
0.000636 0.001873
0.000403 0.998782
0.000044 0.000771
0.000129 0.001033
0.944892 0.053946
0.000001 0.000006
0.949970 0.050023
0.000001 0.000019
0.836265 0.163715
0.090504 0.884010
0.023822 0.001664
0.006158 0.087055
0.823537 0.083250
0.042287 0.951668
0.005207 0.000838
0.025888 0.534699
0.382865 0.056548
0.000001 0.000009
0.921552 0.078438
0.000128 0.001157
0.938309 0.060406
0.135612 0.822192
0.040443 0.001753
0.000121 0.002138
0.886088 0.111652
0.005952 0.991063
0.001363 0.001623
0.000001 0.000005
0.956910 0.043085
0.000001 0.000006
0.950303 0.049691
0.002554 0.994901
0.000672 0.001873
0.077929 0.503104
0.400479 0.018488
0.013774 0.910164
0.051655 0.024408
0.000001 0.000005
0.955037 0.044957
0.100582 0.889000
0.009800 0.000619
0.000001 0.000015
0.867666 0.132318
0.000001 0.000005
0.954788 0.045206
0.045996 0.761097
0.172496 0.020411
0.004879 0.432187
0.344638 0.218296
0.000001 0.000008
0.928821 0.071170
0.000150 0.977518
0.000470 0.021862
0.000001 0.000006
0.944837 0.055156
0.000129 0.001145
0.938947 0.059780
0.003240 0.989677
0.002224 0.004859
0.000001 0.000007
0.936344 0.063648
0.000032 0.998081
0.000008 0.001879
0.130152 0.838673
0.029802 0.001373
0.000001 0.000011
0.905759 0.094230
0.034904 0.961026
0.003401 0.000670
0.000108 0.003976
0.788239 0.207677
0.096786 0.892074
0.010451 0.000689
0.006745 0.046636
0.902022 0.044597
0.001087 0.045966
0.731726 0.221221
0.036776 0.942354
0.017638 0.003232
0.000001 0.000009
0.921799 0.078192
0.000001 0.000011
0.905686 0.094303
0.000130 0.000878
0.953107 0.045884
0.010058 0.185709
0.710432 0.093801
0.000000 0.000113
0.006935 0.992952
0.000120 0.002259
0.879629 0.117991
0.000000 0.972495
0.000001 0.027504
0.002504 0.994753
0.000714 0.002028
0.021809 0.971607
0.004994 0.001591
0.080767 0.877487
0.038736 0.003009
0.000026 0.998088
0.000007 0.001879
0.000041 0.998636
0.000008 0.001315
0.035021 0.953965
0.009218 0.001796
0.000000 0.000114
0.000023 0.999864
0.000123 0.001931
0.897112 0.100834
0.000129 0.001110
0.940786 0.057975
0.000001 0.000005
0.955115 0.044879
0.068535 0.517977
0.392287 0.021201
0.000001 0.000022
0.807972 0.192006
0.000001 0.999302
0.000000 0.000696
0.038949 0.401230
0.521412 0.038409
0.000129 0.001060
0.943426 0.055385
0.074558 0.916683
0.008051 0.000708
0.006349 0.073941
0.849002 0.070709
0.124652 0.812778
0.059783 0.002787
0.000033 0.981421
0.000087 0.018459
0.011449 0.986553
0.001236 0.000762
0.011264 0.986480
0.001387 0.000869
0.001189 0.034200
0.800019 0.164592
0.000000 0.998365
0.000000 0.001635
0.000001 0.000021
0.815469 0.184509
0.001184 0.022481
0.859653 0.116682
0.055913 0.703065
0.221138 0.019884
0.000120 0.002374
0.873493 0.124013
0.006826 0.041057
0.912854 0.039263
0.000001 0.000010
0.911617 0.088373
0.000081 0.984451
0.000177 0.015290
0.045563 0.947991
0.005611 0.000835
0.000121 0.002129
0.886543 0.111206
0.003615 0.995226
0.000390 0.000768
0.000123 0.001893
0.899124 0.098861
0.000000 0.000084
0.261109 0.738806
0.016200 0.967925
0.011123 0.004752
0.000052 0.995028
0.000035 0.004885
0.028151 0.951060
0.016744 0.004045
0.000000 0.000062
0.458217 0.541720
0.000001 0.000005
0.955801 0.044193
0.000001 0.000008
0.931812 0.068180
0.000001 0.000016
0.856414 0.143569
0.021391 0.969488
0.006888 0.002232
0.060440 0.899784
0.035949 0.003827
0.000001 0.000014
0.874077 0.125908
0.000009 0.995099
0.000006 0.004885
0.000116 0.999100
0.000012 0.000771
0.000183 0.983072
0.000425 0.016319
0.055275 0.938032
0.005969 0.000724
0.009437 0.982667
0.004526 0.003370
0.001646 0.996046
0.000433 0.001875
0.000001 0.000005
0.957865 0.042129
0.053415 0.930774
0.014059 0.001752
0.056438 0.646018
0.275032 0.022512
0.100391 0.886466
0.012362 0.000781
0.000130 0.000950
0.949325 0.049595
0.000001 0.000021
0.813343 0.186635
0.000001 0.000006
0.951332 0.048662
0.106522 0.881295
0.011503 0.000681
0.000001 0.000006
0.951055 0.048938
0.000001 0.000014
0.873198 0.126787
0.002336 0.996642
0.000252 0.000770
0.000001 0.000005
0.953300 0.046694
0.000072 0.996067
0.000039 0.003822
0.000001 0.000005
0.951744 0.048249
0.000005 0.998374
0.000001 0.001619
0.000001 0.000006
0.950007 0.049987
0.038119 0.360050
0.563754 0.038077
0.056106 0.937775
0.005466 0.000653
0.001298 0.009107
0.942325 0.047269
0.093800 0.887755
0.017276 0.001169
0.000001 0.000008
0.927765 0.072226
0.110104 0.878557
0.010727 0.000612
0.000120 0.002309
0.876991 0.120580
0.000001 0.000007
0.934940 0.065052
0.000000 0.000108
0.055499 0.944393
0.000122 0.002031
0.891772 0.106075
0.000372 0.998245
0.000068 0.001315
0.000001 0.000005
0.951997 0.047997
0.000125 0.001603
0.914527 0.083744
0.000131 0.000862
0.954001 0.045006
0.000129 0.001130
0.939722 0.059019
0.000130 0.000885
0.952758 0.046227
0.000130 0.000877
0.953175 0.045817
0.006453 0.978751
0.007098 0.007698
0.047093 0.938744
0.012396 0.001767
0.018467 0.120946
0.822087 0.038501
0.000001 0.000043
0.621173 0.378783
0.000001 0.000012
0.896233 0.103754
0.001279 0.011343
0.928502 0.058876
0.000001 0.000006
0.951166 0.048827
0.000001 0.000006
0.943222 0.056771
0.000000 0.018724
0.003295 0.977980
0.000121 0.002211
0.882197 0.115471
0.002822 0.994563
0.000743 0.001872
0.000001 0.000016
0.857770 0.142213
0.122411 0.865060
0.011926 0.000603
0.000103 0.004667
0.751452 0.243777
0.000001 0.000006
0.951416 0.048577
0.117624 0.823140
0.056412 0.002823
0.013359 0.297319
0.594678 0.094645
0.101105 0.874549
0.022928 0.001418
0.004042 0.025249
0.929200 0.041510
0.038223 0.895873
0.056444 0.009460
0.000543 0.996987
0.000175 0.002296
0.000001 0.000015
0.871290 0.128694
0.000001 0.000005
0.957033 0.042961
0.005111 0.159191
0.683465 0.152233
0.000001 0.000015
0.865874 0.134110
0.000001 0.000014
0.879276 0.120709
0.000115 0.002973
0.841634 0.155278
0.000001 0.000014
0.877624 0.122361
0.000001 0.000016
0.857993 0.141991
0.040560 0.325191
0.599858 0.034391
0.013721 0.514758
0.371784 0.099737
0.008604 0.980675
0.005907 0.004815
0.000001 0.000026
0.767645 0.232328
0.000090 0.863602
0.001961 0.134347
0.000001 0.000006
0.948994 0.050999
0.000126 0.001439
0.923279 0.075156
0.039529 0.339919
0.584604 0.035949
0.000001 0.000006
0.951186 0.048807
0.001280 0.023628
0.861376 0.113715
0.130075 0.838767
0.029784 0.001373
0.016216 0.198653
0.721894 0.063237
0.016445 0.190748
0.732086 0.060721
0.001294 0.009646
0.938992 0.050068
0.127369 0.793498
0.075758 0.003375
0.000128 0.001258
0.932929 0.065686
0.000001 0.000011
0.905568 0.094421
0.012401 0.087441
0.856949 0.043209
0.000064 0.999049
0.000008 0.000880
0.000378 0.959788
0.002079 0.037756
0.000001 0.000012
0.898577 0.101411
0.056992 0.936131
0.006154 0.000723
0.044286 0.714986
0.215813 0.024915
0.024550 0.170203
0.767211 0.038036
0.000001 0.000005
0.953424 0.046570
0.000001 0.000005
0.953387 0.046607
0.001269 0.012499
0.921355 0.064876
0.015164 0.350478
0.544387 0.089970
0.000001 0.000008
0.928478 0.071513
0.018578 0.117129
0.827007 0.037286
0.000130 0.000947
0.949479 0.049444
0.000001 0.000012
0.898415 0.101573
0.000037 0.013671
0.272227 0.714064
0.000001 0.000009
0.917795 0.082195
0.056699 0.928798
0.012983 0.001521
0.001313 0.007382
0.952990 0.038315
0.000001 0.000014
0.879788 0.120198
0.000001 0.000011
0.899252 0.100735
0.000130 0.001011
0.946058 0.052801
0.000000 0.758531
0.000006 0.241463
0.000001 0.000010
0.915762 0.084228
0.000001 0.000007
0.934217 0.065775
0.013213 0.105938
0.833086 0.047763
0.000002 0.998379
0.000000 0.001619
0.006549 0.060103
0.875871 0.057476
0.000001 0.000005
0.957053 0.042942
0.016196 0.199370
0.720969 0.063465
0.000580 0.104805
0.390226 0.504390
0.083174 0.896314
0.019045 0.001468
0.000128 0.001238
0.933984 0.064651
0.001326 0.018285
0.892389 0.088000
0.082824 0.573385
0.327574 0.016216
0.000001 0.000011
0.901044 0.098944
0.000001 0.000006
0.948693 0.051300
0.000001 0.000006
0.945737 0.054256
0.000001 0.000012
0.892995 0.106992
0.033133 0.212937
0.720804 0.033126
0.000001 0.000007
0.939738 0.060254
0.049666 0.923348
0.023820 0.003167
0.000001 0.000011
0.900383 0.099605
0.000001 0.000011
0.900433 0.099555
0.052965 0.927244
0.017590 0.002202
0.000000 0.000066
0.421251 0.578683
0.001404 0.009201
0.945115 0.044280
0.000126 0.001497
0.920168 0.078209
0.000128 0.001228
0.934529 0.064116
0.000000 0.999304
0.000000 0.000696
0.000001 0.000011
0.906955 0.093033
0.000238 0.983963
0.000516 0.015283
0.000147 0.682757
0.009268 0.307828
0.000001 0.000014
0.875193 0.124792
0.001099 0.998098
0.000107 0.000695
0.000130 0.000985
0.947457 0.051429
0.000130 0.000962
0.948640 0.050268
0.000129 0.001083
0.942204 0.056584
0.000001 0.000006
0.950438 0.049556
0.000124 0.001751
0.906678 0.091447
0.107419 0.871649
0.019784 0.001148
0.009476 0.517487
0.340193 0.132843
0.007735 0.988874
0.001771 0.001619
0.000131 0.000836
0.955371 0.043662
0.000129 0.001016
0.945807 0.053048
0.000000 0.018776
0.000537 0.980686
0.000001 0.000005
0.951952 0.048042
0.119839 0.847024
0.031543 0.001594
0.000120 0.002266
0.879263 0.118350
0.000543 0.997437
0.000143 0.001877
0.002020 0.996296
0.000372 0.001312
0.006728 0.047794
0.899772 0.045705
0.009647 0.425471
0.429442 0.135440
0.123834 0.799112
0.073655 0.003399
0.000131 0.000876
0.953246 0.045748
0.106597 0.863720
0.028058 0.001626
0.000001 0.995763
0.000001 0.004235
0.005948 0.101501
0.795486 0.097065
0.000109 0.003765
0.799483 0.196642
0.061635 0.885444
0.047991 0.004930
0.036554 0.958759
0.003947 0.000740
0.000000 0.000109
0.041780 0.958111
0.015715 0.215973
0.699562 0.068750
0.001303 0.008563
0.945689 0.044445
0.000001 0.000012
0.893015 0.106972
0.000001 0.000006
0.951141 0.048853
0.000001 0.000009
0.922848 0.077142
0.063616 0.902778
0.030510 0.003096
0.009756 0.987147
0.001797 0.001300
0.000001 0.000011
0.906752 0.093236
0.000001 0.000007
0.934415 0.065577
0.000635 0.994757
0.000377 0.004231
0.000001 0.000008
0.932077 0.067915
0.000001 0.000013
0.886155 0.113832
0.000000 0.000108
0.051267 0.948625
0.008311 0.701727
0.180798 0.109164
0.122216 0.835213
0.040588 0.001983
0.000001 0.000005
0.953521 0.046473
0.058635 0.870027
0.064495 0.006843
0.000573 0.105608
0.385561 0.508257
0.001598 0.881543
0.023631 0.093229
0.000128 0.001229
0.934460 0.064183
0.000001 0.000005
0.954813 0.045181
0.000001 0.000014
0.876944 0.123042
0.000001 0.000006
0.947981 0.052012
0.001316 0.019476
0.885477 0.093731
0.014132 0.980303
0.003720 0.001845
0.000614 0.998631
0.000060 0.000696
0.000001 0.000006
0.945627 0.054366
0.000000 0.000052
0.541286 0.458661
0.011175 0.987049
0.001089 0.000688
0.005894 0.944093
0.023312 0.026701
0.003967 0.031806
0.911938 0.052290
0.000001 0.000036
0.684843 0.315121
0.000001 0.000008
0.928370 0.071621
0.001395 0.010234
0.939120 0.049251
0.002997 0.023040
0.923215 0.050747
0.003623 0.061794
0.832993 0.101590
0.025033 0.372432
0.544597 0.057938
0.000001 0.000011
0.903575 0.096414
0.000000 0.000112
0.018426 0.981462
0.002960 0.996058
0.000288 0.000694
0.043235 0.945318
0.009900 0.001548
0.001652 0.997400
0.000178 0.000770
0.001642 0.993158
0.000976 0.004224
0.095469 0.893532
0.010309 0.000690
0.012628 0.131771
0.796190 0.059411
0.084894 0.898288
0.015635 0.001183
0.000001 0.000008
0.929935 0.070056
0.082540 0.907846
0.008913 0.000701
0.000001 0.000007
0.939385 0.060607
0.000111 0.003526
0.812206 0.184157
0.002009 0.997101
0.000196 0.000695
0.000001 0.000043
0.623473 0.376484
0.001304 0.008459
0.946332 0.043905
0.109118 0.869640
0.020097 0.001145
0.030710 0.959402
0.008083 0.001806
0.092123 0.898275
0.008976 0.000626
0.000970 0.047605
0.704343 0.247082
0.000123 0.001957
0.895725 0.102196
0.000001 0.000005
0.951877 0.048117
0.000001 0.000013
0.890277 0.109709
0.000001 0.000017
0.854624 0.145358
0.118356 0.869507
0.011531 0.000606
0.000000 0.999304
0.000000 0.000696
0.001281 0.011186
0.929477 0.058057
0.000001 0.000012
0.898012 0.101976
0.000000 0.000090
0.211389 0.788521
0.000001 0.000031
0.724800 0.275168
0.000001 0.000014
0.880170 0.119816
0.000001 0.986374
0.000001 0.013624
0.000463 0.963696
0.002258 0.033582
0.040106 0.954826
0.004331 0.000737
0.000059 0.996087
0.000032 0.003822
0.000001 0.000012
0.892481 0.107506
0.000023 0.998092
0.000006 0.001879
0.125996 0.861128
0.012276 0.000600
0.003360 0.084809
0.772403 0.139428
0.000055 0.998620
0.000010 0.001315
0.046442 0.922014
0.027623 0.003922
0.000001 0.962717
0.000003 0.037280
0.008527 0.989552
0.001050 0.000871
0.000128 0.001174
0.937358 0.061339
0.000001 0.000005
0.955544 0.044450
0.009973 0.986891
0.001837 0.001300
0.001369 0.996395
0.000360 0.001875
0.000012 0.998106
0.000003 0.001879
0.015649 0.978391
0.004119 0.001842
0.000000 0.000045
0.606437 0.393518
0.000001 0.000006
0.947767 0.052226
0.000001 0.000010
0.911495 0.088494
0.000123 0.001877
0.899979 0.098021
0.000001 0.000006
0.948951 0.051042
0.035918 0.950328
0.011566 0.002188
0.049570 0.944942
0.004830 0.000658
0.000001 0.000008
0.931778 0.068214
0.000131 0.000836
0.955376 0.043658
0.000001 0.000005
0.954464 0.045530
0.001333 0.017510
0.896889 0.084269
0.000001 0.000019
0.833012 0.166968
0.000001 0.000017
0.854289 0.145694
0.000112 0.003441
0.816745 0.179702
0.004529 0.199275
0.605631 0.190565
0.001108 0.998002
0.000120 0.000771
0.049652 0.934284
0.014159 0.001905
0.000001 0.000006
0.950739 0.049255
0.000000 0.018785
0.000086 0.981130
0.000001 0.000007
0.942249 0.057744
0.001260 0.013582
0.914660 0.070497
0.000001 0.000004
0.961363 0.038631
0.055593 0.937680
0.006003 0.000724
0.000128 0.001154
0.938457 0.060261
0.000125 0.001620
0.913618 0.084636
0.027240 0.328985
0.592596 0.051179
0.000000 0.000062
0.453388 0.546549
0.002989 0.023793
0.920811 0.052406
0.000018 0.016273
0.133747 0.849961
0.000001 0.000005
0.957049 0.042946
0.000001 0.000023
0.800786 0.199191
0.011289 0.139609
0.780114 0.068988
0.000001 0.000009
0.924336 0.075654
0.004327 0.992266
0.001290 0.002116
0.000000 0.999228
0.000000 0.000772
0.000001 0.000005
0.952451 0.047543
0.008538 0.312321
0.538328 0.140813
0.006774 0.044662
0.905855 0.042710
0.000001 0.000005
0.953395 0.046598
0.029438 0.484001
0.435375 0.051186
0.000209 0.901369
0.003096 0.095325
0.000130 0.000960
0.948784 0.050126
0.104161 0.659355
0.226243 0.010241
0.001102 0.044216
0.741885 0.212796
0.000001 0.000044
0.613834 0.386121
0.000001 0.000006
0.945278 0.054715
0.000130 0.000970
0.948239 0.050662
0.114793 0.873415
0.011184 0.000609
0.000130 0.000913
0.951282 0.047675
0.000072 0.008855
0.528578 0.462495
0.000001 0.000006
0.948828 0.051166
0.000137 0.999076
0.000015 0.000771
0.000001 0.000010
0.915099 0.084890
0.000717 0.998518
0.000070 0.000696
0.000114 0.003151
0.832176 0.164560
0.000074 0.998597
0.000014 0.001315
0.005262 0.991909
0.001205 0.001624
0.000128 0.001183
0.936880 0.061808
0.000001 0.000007
0.940633 0.059360
0.000943 0.998185
0.000102 0.000771
0.003416 0.079870
0.785407 0.131308
0.000001 0.000008
0.928832 0.071159
0.003435 0.078185
0.789841 0.128538
0.000001 0.000011
0.901044 0.098944
0.006227 0.992335
0.000672 0.000766
0.000005 0.998077
0.000001 0.001916
0.000079 0.999217
0.000008 0.000696
0.000124 0.001755
0.906467 0.091654
0.001324 0.018518
0.891036 0.089122
0.000000 0.000112
0.014350 0.985538
0.001554 0.404116
0.207876 0.386454
0.000002 0.999302
0.000000 0.000696
0.000001 0.000005
0.953044 0.046950
0.018032 0.135978
0.802704 0.043286
0.000117 0.002769
0.852471 0.144643
0.084590 0.894576
0.019369 0.001465
0.000083 0.997978
0.000022 0.001916
0.003934 0.034632
0.904499 0.056935
0.000001 0.000010
0.908010 0.091979
0.001099 0.044568
0.739841 0.214491
0.000027 0.999274
0.000003 0.000696
0.000822 0.996618
0.000265 0.002295
0.000001 0.000010
0.913420 0.086570
0.131544 0.843118
0.024227 0.001110
0.019582 0.964667
0.011647 0.004103
0.000129 0.001016
0.945763 0.053091
0.000059 0.999053
0.000007 0.000880
0.116018 0.851842
0.030537 0.001603
0.029109 0.953660
0.013961 0.003271
0.005853 0.991184
0.001340 0.001623
0.000001 0.000005
0.958147 0.041847
0.000001 0.000010
0.909306 0.090683
0.000004 0.995758
0.000003 0.004235
0.000001 0.000022
0.811196 0.188782
0.004982 0.993840
0.000485 0.000692
0.000001 0.000006
0.950990 0.049004
0.000001 0.000008
0.928585 0.071406
0.000000 0.000112
0.021469 0.978420
0.000125 0.001576
0.916003 0.082296
0.119315 0.847027
0.032032 0.001626
0.000000 0.000114
0.000060 0.999826
0.000001 0.000012
0.893210 0.106777
0.020544 0.192532
0.737500 0.049424
0.055518 0.937762
0.005995 0.000724
0.019845 0.213053
0.712410 0.054692
0.096806 0.879587
0.022166 0.001440
0.000001 0.000013
0.889752 0.110235
0.021492 0.975434
0.002321 0.000753
0.000002 0.999118
0.000000 0.000880
0.032005 0.964205
0.003118 0.000672
0.000123 0.001895
0.899004 0.098978
0.132174 0.836192
0.030265 0.001369
0.000001 0.000012
0.890453 0.109534
0.001894 0.997132
0.000204 0.000770
0.000053 0.999169
0.000006 0.000772
0.017972 0.138020
0.800071 0.043936
0.065948 0.926215
0.007121 0.000715
0.003029 0.019937
0.933121 0.043912
0.019881 0.955539
0.018293 0.006287
0.000982 0.996705
0.000280 0.002032
0.000127 0.001361
0.927404 0.071108
0.000001 0.000005
0.957322 0.042672
0.001396 0.010218
0.939209 0.049177
0.131685 0.832088
0.034661 0.001566
0.000001 0.000008
0.926282 0.073709
0.000906 0.998311
0.000088 0.000696
0.000001 0.000034
0.700414 0.299551
0.000001 0.000006
0.943279 0.056714
0.016073 0.968139
0.011035 0.004753
0.006060 0.093798
0.810444 0.089698
0.019682 0.217821
0.706580 0.055916
0.000017 0.962616
0.000092 0.037276
0.081634 0.596229
0.306148 0.015989
0.000050 0.997564
0.000017 0.002369
0.023220 0.968845
0.006112 0.001824
0.000001 0.000011
0.904305 0.095683
0.000001 0.000009
0.919657 0.080333
0.000123 0.001895
0.899019 0.098963
0.063852 0.657551
0.259488 0.019109
0.000000 0.000093
0.186528 0.813379
0.004015 0.027570
0.923089 0.045326
0.000124 0.001705
0.909134 0.089037
0.000001 0.000005
0.958144 0.041850
0.000001 0.000006
0.944441 0.055552
0.000001 0.000011
0.905427 0.094562
0.015493 0.223628
0.689692 0.071187
0.000124 0.001756
0.906424 0.091696
0.000001 0.000006
0.944397 0.055595
0.000129 0.001026
0.945268 0.053577
0.000001 0.000010
0.911819 0.088170
0.094647 0.871849
0.031433 0.002070
0.000034 0.014136
0.247509 0.738321
0.055925 0.937313
0.006039 0.000724
0.000001 0.000005
0.956440 0.043554
0.049858 0.944029
0.005384 0.000729
0.006138 0.088444
0.820839 0.084579
0.066972 0.919483
0.012335 0.001211
0.000000 0.000105
0.082527 0.917369
0.006994 0.984658
0.004160 0.004188
0.000001 0.000011
0.902492 0.097496
0.000012 0.996564
0.000006 0.003418
0.003013 0.990980
0.001792 0.004215
0.003757 0.956502
0.014090 0.025651
0.002859 0.994880
0.000648 0.001613
0.001249 0.014870
0.906702 0.077179
0.109895 0.863528
0.025163 0.001414
0.076318 0.879361
0.040947 0.003374
0.000026 0.999091
0.000003 0.000880
0.000091 0.864483
0.001960 0.133466
0.121951 0.835564
0.040501 0.001984
0.000125 0.001603
0.914532 0.083740
0.041367 0.313667
0.611794 0.033172
0.002818 0.040338
0.867996 0.088847
0.000001 0.000007
0.940512 0.059480
0.031316 0.946034
0.018626 0.004024
0.000037 0.972317
0.000147 0.027499
0.000001 0.000007
0.935035 0.064957
0.007630 0.990936
0.000743 0.000690
0.000125 0.001583
0.915585 0.082706
0.004542 0.988552
0.002701 0.004205
0.000001 0.000012
0.895274 0.104714
0.000001 0.000006
0.950692 0.049302
0.003934 0.034626
0.904514 0.056926
0.001405 0.009148
0.945422 0.044026
0.000000 0.511156
0.000028 0.488815
0.000000 0.000114
0.000078 0.999808
0.000001 0.000006
0.946056 0.053937
0.001276 0.024106
0.858606 0.116012
0.000001 0.000016
0.857737 0.142246
0.000001 0.000008
0.929220 0.070771
0.000001 0.000006
0.946777 0.053216
0.001303 0.008497
0.946098 0.044102
0.000128 0.001199
0.936070 0.062603
0.018481 0.120469
0.822701 0.038349
0.007521 0.719076
0.162386 0.111017
0.000001 0.000006
0.948772 0.051221
0.000001 0.000009
0.924973 0.075018
0.000001 0.000007
0.935907 0.064085
0.000018 0.998664
0.000003 0.001315
0.000130 0.000924
0.950690 0.048256
0.001245 0.015414
0.903339 0.080003
0.000001 0.000005
0.955152 0.044842
0.000016 0.999286
0.000002 0.000696
0.004001 0.028829
0.919774 0.047396
0.000001 0.000005
0.955598 0.044396
0.000001 0.000008
0.926672 0.073319
0.000850 0.998167
0.000105 0.000879
0.000896 0.996521
0.000288 0.002295
0.000123 0.001854
0.901169 0.096854
0.000127 0.001421
0.924230 0.074223
0.039133 0.345570
0.578751 0.036546
0.132697 0.841755
0.024440 0.001109
0.000620 0.994074
0.000426 0.004880
0.043704 0.718285
0.212981 0.025030
0.000450 0.996234
0.000197 0.003119
0.001299 0.009038
0.942754 0.046910
0.003642 0.060131
0.837370 0.098857
0.000001 0.000005
0.955860 0.044134
0.000131 0.000806
0.956962 0.042101
0.000019 0.999208
0.000002 0.000772
0.000001 0.000009
0.919546 0.080444
0.000129 0.001048
0.944082 0.054741
0.000000 0.998365
0.000000 0.001635
0.000001 0.000014
0.877216 0.122769
0.000001 0.000006
0.947170 0.052823
0.001305 0.008347
0.947027 0.043322
0.000120 0.002322
0.876291 0.121267
0.000001 0.000005
0.952856 0.047138
0.000845 0.997056
0.000222 0.001877
0.004002 0.028679
0.920170 0.047149
0.000092 0.999203
0.000009 0.000696
0.000152 0.998179
0.000035 0.001634
0.000001 0.000006
0.947173 0.052820
0.000120 0.002252
0.879989 0.117638
0.000001 0.000005
0.952816 0.047178
0.000001 0.000005
0.955802 0.044192
0.000242 0.997816
0.000064 0.001878
0.003838 0.043001
0.882465 0.070695
0.003604 0.063431
0.828682 0.104282
0.000001 0.000006
0.949391 0.050603
0.000001 0.000008
0.926620 0.073371
0.006604 0.056356
0.883147 0.053893
0.000000 0.000113
0.008784 0.991103
0.000130 0.000953
0.949140 0.049777
0.006668 0.051940
0.891723 0.049670
0.000001 0.000005
0.956258 0.043736
0.000001 0.000008
0.933955 0.066037
0.003636 0.993537
0.000957 0.001870
0.001894 0.212768
0.435542 0.349796
0.045971 0.941961
0.010526 0.001542
0.000000 0.998121
0.000000 0.001879
0.103996 0.884091
0.011230 0.000683
0.000336 0.998935
0.000033 0.000696
0.115584 0.871262
0.012481 0.000673
0.000130 0.000948
0.949424 0.049498
0.000001 0.000012
0.892903 0.107084
0.000000 0.000101
0.112022 0.887877
0.000126 0.001529
0.918503 0.079842
0.000089 0.999206
0.000009 0.000696
0.001461 0.993445
0.000869 0.004225
0.006574 0.058418
0.879144 0.055864
0.000130 0.000994
0.946939 0.051937
0.000001 0.000005
0.952289 0.047705
0.014932 0.691135
0.220841 0.073092
0.122454 0.848118
0.028039 0.001389
0.001585 0.997342
0.000195 0.000878
0.000001 0.000008
0.932348 0.067644
0.037884 0.950356
0.009972 0.001789
0.001387 0.011194
0.933544 0.053874
0.000001 0.000005
0.956116 0.043878
0.000001 0.000006
0.951505 0.048488
0.028282 0.500518
0.418267 0.052933
0.000001 0.000008
0.933732 0.066260
0.000001 0.000007
0.942575 0.057418
0.000001 0.000012
0.896868 0.103119
0.000012 0.999290
0.000001 0.000696
0.000001 0.000005
0.952752 0.047242
0.000409 0.997440
0.000117 0.002034
0.000001 0.000009
0.924983 0.075008
0.010995 0.983628
0.003279 0.002098
0.000001 0.000010
0.910831 0.089158
0.006305 0.076935
0.843188 0.073572
0.006807 0.523524
0.303016 0.166653
0.000001 0.000006
0.951725 0.048268
0.000129 0.001060
0.943463 0.055348
0.000001 0.000011
0.904418 0.095570
0.000127 0.001377
0.926561 0.071935
0.017061 0.169501
0.759482 0.053957
0.000001 0.000006
0.945914 0.054079
0.013708 0.084066
0.864324 0.037902
0.003919 0.848398
0.057960 0.089723
0.006753 0.046103
0.903056 0.044088
0.009076 0.232445
0.641073 0.117407
0.000051 0.155536
0.037134 0.807279
0.000000 0.000082
0.278625 0.721293
0.000643 0.097445
0.432941 0.468970
0.000001 0.000020
0.823134 0.176845
0.000118 0.002608
0.861073 0.136202
0.067893 0.909919
0.020247 0.001940
0.024915 0.956199
0.014819 0.004067
0.000000 0.000064
0.440374 0.559562
0.001381 0.011850
0.929741 0.057028
0.006487 0.811733
0.095935 0.085846
0.001104 0.031902
0.801414 0.165580
0.000002 0.999227
0.000000 0.000772
0.017978 0.137813
0.800339 0.043870
0.000001 0.000011
0.905693 0.094296
0.000074 0.984473
0.000162 0.015291
0.008665 0.989635
0.000936 0.000764
0.000001 0.000015
0.866139 0.133845
0.004039 0.025475
0.928604 0.041882
0.000001 0.000010
0.909077 0.090912
0.000293 0.998791
0.000036 0.000879
0.000115 0.002938
0.843517 0.153430
0.000001 0.000006
0.945462 0.054531
0.008730 0.248930
0.616608 0.125733
0.000996 0.044578
0.723050 0.231375
0.001374 0.012726
0.924656 0.061245
0.000001 0.000006
0.950387 0.049607
0.033398 0.207717
0.726572 0.032314
0.000280 0.998996
0.000027 0.000696
0.000001 0.000006
0.946426 0.053567
0.013803 0.871517
0.079008 0.035672
0.000131 0.000846
0.954860 0.044164
0.000008 0.989531
0.000012 0.010449
0.000130 0.000907
0.951589 0.047373
0.000001 0.000012
0.891008 0.108979
0.000001 0.000009
0.921904 0.078086
0.000083 0.007350
0.608650 0.383916
0.000001 0.000011
0.902529 0.097459
0.003272 0.857635
0.048393 0.090700
0.000106 0.004282
0.771937 0.223675
0.010811 0.985100
0.002476 0.001613
0.001421 0.754002
0.051018 0.193558
0.000127 0.001397
0.925517 0.072959
0.000001 0.998120
0.000000 0.001879
0.008836 0.986981
0.002326 0.001858
0.000001 0.000011
0.899783 0.100205
0.014842 0.982797
0.001603 0.000759
0.067380 0.924630
0.007276 0.000714
0.000001 0.000007
0.936397 0.063595
0.000001 0.000011
0.903390 0.096598
0.000001 0.000006
0.943026 0.056967
0.014450 0.259625
0.643278 0.082646
0.023046 0.213042
0.716546 0.047366
0.000001 0.000005
0.952357 0.047637
0.000001 0.000011
0.904402 0.095586
0.103560 0.884574
0.011183 0.000683
0.000217 0.659083
0.015015 0.325685
0.000122 0.002025
0.892110 0.105743
0.012495 0.083004
0.863484 0.041016
0.002135 0.993818
0.000935 0.003112
0.000229 0.879726
0.004217 0.115828
0.000001 0.000014
0.879027 0.120959
0.000131 0.000868
0.953680 0.045322
0.001289 0.010227
0.935405 0.053080
0.000001 0.000006
0.945305 0.054688
0.003761 0.991488
0.001647 0.003104
0.002078 0.996928
0.000224 0.000770
0.001407 0.008878
0.946990 0.042726
0.037456 0.672495
0.257047 0.033002
0.003873 0.039969
0.890448 0.065710
0.000001 0.000006
0.951372 0.048622
0.000130 0.000923
0.950765 0.048183
0.115159 0.871733
0.012435 0.000673
0.003115 0.995780
0.000336 0.000769
0.000001 0.000006
0.943023 0.056970
0.000124 0.997965
0.000033 0.001878
0.000001 0.000016
0.858607 0.141376
0.000127 0.001348
0.928145 0.070381
0.000001 0.000006
0.946084 0.053909
0.001466 0.997605
0.000158 0.000770
0.000003 0.995110
0.000002 0.004885
0.000001 0.000009
0.919157 0.080833
0.000001 0.000031
0.726719 0.273250
0.057561 0.892650
0.044819 0.004970
0.000001 0.000011
0.907629 0.092359
0.000528 0.943954
0.004029 0.051489
0.000001 0.000014
0.874920 0.125065
0.005741 0.115764
0.767791 0.110704
0.000131 0.000862
0.953985 0.045022
0.000001 0.000010
0.915936 0.084053
0.021475 0.975452
0.002319 0.000753
0.000001 0.000007
0.940635 0.059358
0.095761 0.843693
0.056958 0.003588
0.034109 0.937869
0.023418 0.004604
0.000000 0.000098
0.139064 0.860838
0.016438 0.190998
0.731763 0.060800
0.000001 0.000005
0.953674 0.046320
0.137415 0.848605
0.013388 0.000591
0.004009 0.028109
0.921670 0.046212
0.093550 0.895656
0.010102 0.000692
0.000001 0.000007
0.940004 0.059988
0.006810 0.042130
0.910770 0.040289
0.003553 0.067947
0.816793 0.111707
0.000001 0.000010
0.916074 0.083915
0.000001 0.000006
0.945076 0.054917
0.000130 0.000905
0.951706 0.047259
0.000118 0.002561
0.863543 0.133777
0.000115 0.002948
0.842936 0.154000
0.000084 0.999135
0.000009 0.000772
0.028301 0.201348
0.733057 0.037294
0.000001 0.000006
0.944975 0.055018
0.000057 0.998618
0.000010 0.001315
0.023081 0.574782
0.341350 0.060787
0.065168 0.927079
0.007037 0.000716
0.001286 0.010522
0.933582 0.054610
0.000001 0.000005
0.956756 0.043238
0.008859 0.989421
0.000957 0.000764
0.000001 0.758516
0.000026 0.241458
0.002976 0.025060
0.916768 0.055196
0.001708 0.996270
0.000391 0.001631
0.000001 0.000009
0.918835 0.081155
0.000129 0.001119
0.940313 0.058439
0.000261 0.998939
0.000028 0.000771
0.000125 0.001566
0.916541 0.081768
0.000076 0.008374
0.554180 0.437370
0.000001 0.000005
0.958090 0.041904
0.000033 0.014289
0.239356 0.746322
0.000001 0.000006
0.945598 0.054395
0.121752 0.802418
0.072417 0.003413
0.000000 0.000101
0.114714 0.885185
0.000000 0.000095
0.165185 0.834719
0.013767 0.983986
0.001487 0.000760
0.003912 0.036532
0.899495 0.060060
0.000001 0.000005
0.955490 0.044504
0.001691 0.994088
0.000811 0.003409
0.000001 0.000012
0.897437 0.102551
0.018193 0.130415
0.809878 0.041515
0.000125 0.001601
0.914639 0.083635
0.000119 0.002515
0.866010 0.131356
0.138380 0.828577
0.031686 0.001357
0.018441 0.254273
0.662012 0.065274
0.001303 0.008562
0.945699 0.044437
0.000130 0.000972
0.948143 0.050755
0.012567 0.079648
0.868426 0.039358
0.050380 0.915760
0.029965 0.003895
0.000001 0.000016
0.857575 0.142408
0.001681 0.996697
0.000310 0.001313
0.000122 0.002054
0.890521 0.107303
0.000001 0.000011
0.899485 0.100502
0.000129 0.001098
0.941412 0.057360
0.001152 0.991913
0.000969 0.005966
0.000001 0.000009
0.925005 0.074986
0.000001 0.000010
0.908436 0.091553
0.000001 0.000006
0.950714 0.049280
0.000001 0.000012
0.894867 0.105120
0.003971 0.031377
0.913066 0.051585
0.000001 0.000037
0.677001 0.322961
0.027255 0.969415
0.002655 0.000675
0.012673 0.853272
0.090489 0.043566
0.001294 0.009642
0.939019 0.050046
0.012671 0.985200
0.001368 0.000761
0.000056 0.011154
0.406203 0.582587
0.000127 0.001311
0.930067 0.068494
0.000001 0.000011
0.900615 0.099373
0.089492 0.900149
0.009664 0.000695
0.009264 0.985484
0.002983 0.002269
0.053348 0.930858
0.014042 0.001752
0.000001 0.000005
0.953380 0.046614
0.001025 0.996786
0.000275 0.001914
0.111153 0.819250
0.066113 0.003484
0.000001 0.000018
0.844263 0.155719
0.000131 0.000858
0.954176 0.044835
0.000001 0.000008
0.929960 0.070031
0.126100 0.843645
0.028874 0.001381
0.000001 0.000012
0.893714 0.106273
0.004554 0.991972
0.001358 0.002115
0.000001 0.000010
0.910494 0.089495
0.001915 0.996016
0.000439 0.001631
0.108557 0.836510
0.052064 0.002869
0.000001 0.000005
0.955537 0.044457
0.003337 0.086826
0.767095 0.142743
0.000001 0.000010
0.909733 0.090256
0.000130 0.000960
0.948753 0.050157
0.000130 0.000981
0.947641 0.051249
0.000001 0.000009
0.920891 0.079099
0.009544 0.988662
0.001031 0.000763
0.000128 0.001260
0.932815 0.065797
0.000001 0.000013
0.883753 0.116233
0.018298 0.126775
0.814571 0.040356
0.051571 0.942132
0.005569 0.000727
0.000001 0.000012
0.894252 0.105735
0.035299 0.918649
0.038826 0.007226
0.000004 0.996577
0.000002 0.003418
0.000001 0.000010
0.913101 0.086888
0.001301 0.008771
0.944406 0.045522
0.000120 0.002299
0.877477 0.120103
0.001144 0.027228
0.830306 0.141322
0.001284 0.010755
0.932139 0.055822
0.000001 0.000005
0.952427 0.047567
0.000000 0.000114
0.000217 0.999669
0.000125 0.999167
0.000012 0.000696
0.000126 0.001432
0.923623 0.074818
0.034356 0.877393
0.074623 0.013628
0.000643 0.853679
0.013880 0.131798
0.000001 0.000011
0.906176 0.093812
0.000118 0.002525
0.865482 0.131874
0.001405 0.009068
0.945883 0.043643
0.000001 0.000005
0.953138 0.046856
0.005945 0.991654
0.001095 0.001306
0.000001 0.000006
0.950031 0.049963
0.001401 0.009573
0.942951 0.046074
0.000001 0.000011
0.906805 0.093184
0.036294 0.952361
0.009553 0.001793
0.082444 0.908891
0.008032 0.000633
0.000001 0.000005
0.951875 0.048118
0.000042 0.986256
0.000080 0.013622
0.000697 0.998539
0.000068 0.000696
0.000121 0.002164
0.884663 0.113051
0.048949 0.321350
0.601465 0.028236
0.008146 0.276705
0.575387 0.139762
0.000051 0.011721
0.376038 0.612189
0.000066 0.999232
0.000006 0.000696
0.000001 0.000029
0.743687 0.256284
0.101675 0.656516
0.231137 0.010672
0.000043 0.998067
0.000011 0.001879
0.000001 0.000010
0.910722 0.089267
0.000000 0.000093
0.181630 0.818277
0.000001 0.000012
0.893668 0.106319
0.000001 0.000005
0.954516 0.045478
0.000001 0.000016
0.856511 0.143472
0.010194 0.988125
0.000993 0.000688
0.001386 0.011309
0.932880 0.054425
0.000003 0.998681
0.000001 0.001315
0.000001 0.000007
0.937789 0.062203
0.000001 0.000005
0.956123 0.043872
0.067772 0.924196
0.007318 0.000714
0.120286 0.866057
0.012989 0.000669
0.000122 0.001991
0.893915 0.103972
0.071963 0.907387
0.018942 0.001708
0.114970 0.862719
0.021175 0.001136
0.000128 0.001264
0.932587 0.066022
0.000087 0.903123
0.001280 0.095511
0.082839 0.907515
0.008945 0.000701
0.000001 0.000005
0.956113 0.043881
0.000128 0.001244
0.933654 0.064974
0.000125 0.001579
0.915827 0.082469
0.106385 0.872871
0.019594 0.001150
0.000001 0.000006
0.950064 0.049929
0.000113 0.003221
0.828438 0.168228
0.001396 0.010189
0.939377 0.049038
0.000000 0.000114
0.001325 0.998561
0.000130 0.000962
0.948678 0.050231
0.000001 0.000007
0.939036 0.060956
0.000001 0.956733
0.000006 0.043260
0.002640 0.991572
0.001571 0.004217
0.000001 0.000006
0.949641 0.050352
0.000066 0.998284
0.000015 0.001635
0.022165 0.144922
0.795710 0.037203
0.000252 0.983918
0.000548 0.015282
0.000001 0.000011
0.907655 0.092334
0.001126 0.029389
0.816946 0.152539
0.012115 0.985815
0.001308 0.000761
0.084220 0.891933
0.022168 0.001679
0.000049 0.999065
0.000006 0.000880
0.001340 0.997745
0.000145 0.000770
0.000001 0.000005
0.955408 0.044586
0.000001 0.000005
0.956821 0.043173
0.000129 0.001087
0.942010 0.056774
0.028746 0.961877
0.007566 0.001810
0.000001 0.000005
0.956587 0.043407
0.000000 0.000114
0.000745 0.999142
0.000001 0.000036
0.688088 0.311875
0.000129 0.001136
0.939412 0.059323
0.001727 0.988599
0.001899 0.007776
0.000001 0.000012
0.898012 0.101976
0.003691 0.055869
0.848589 0.091851
0.000001 0.000005
0.957069 0.042926
0.000001 0.000016
0.861845 0.138139
0.006920 0.989397
0.001821 0.001862
0.134489 0.850331
0.014523 0.000657
0.000012 0.377158
0.002772 0.620058
0.000011 0.377294
0.002414 0.620281
0.001286 0.010582
0.933206 0.054926
0.000001 0.000006
0.950724 0.049270
0.000003 0.999301
0.000000 0.000696
0.000238 0.357420
0.054734 0.587608
0.000008 0.997862
0.000002 0.002128
0.000001 0.000012
0.895867 0.104121
0.077321 0.903495
0.017705 0.001479
0.065684 0.926507
0.007093 0.000715
0.000001 0.000033
0.707869 0.292097
0.003023 0.020579
0.931071 0.045327
0.002926 0.122675
0.672718 0.201681
0.000131 0.000854
0.954428 0.044588
0.000001 0.000011
0.905667 0.094321
0.000788 0.080680
0.530245 0.388287
0.000128 0.001198
0.936089 0.062584
0.000001 0.000017
0.850071 0.149912
0.000003 0.998681
0.000001 0.001315
0.089356 0.845145
0.061349 0.004149
0.000001 0.000018
0.843196 0.156786
0.071544 0.920844
0.006970 0.000642
0.003886 0.038851
0.893390 0.063873
0.054124 0.939948
0.005273 0.000655
0.000001 0.000006
0.944074 0.055919
0.000000 0.865368
0.000010 0.134621
0.003883 0.039064
0.892831 0.064222
0.010122 0.194367
0.699466 0.096046
0.001403 0.009345
0.944278 0.044974
0.000198 0.999010
0.000021 0.000771
