0.556673 0.323418 0.119910
0.909485 0.090515
0.737400 0.262600
1.000000
0.561969 0.438031
1.000000
1.000000
1.000000
1.000000
1.000000
0.882425 0.117575
1.000000
1.000000
0.439613 0.560387
1.000000
1.000000
0.580388 0.419612
0.768799 0.231201
0.644429 0.355571
1.000000
0.112740 0.887260
0.038153 0.961847
0.281276 0.718724
0.095465 0.904535
0.124321 0.875679
0.058676 0.941324
1.000000
1.000000
1.000000
1.000000
0.053227 0.946773
1.000000
1.000000
1.000000
0.173682 0.826318
0.803715 0.196285
1.000000
1.000000
0.161605 0.838395
1.000000
1.000000
1.000000
0.005182 0.219991 0.774828
1.000000
1.000000
1.000000
0.899115 0.100885
1.000000
1.000000
1.000000
0.760675 0.239325
1.000000
1.000000
1.000000
1.000000
1.000000
1.000000
1.000000
0.591642 0.408358
1.000000
1.000000
1.000000
1.000000
0.238102 0.761898
1.000000
0.032254 0.967746
1.000000
1.000000
0.755417 0.244583
1.000000
0.685981 0.314019
1.000000
1.000000
1.000000
1.000000
1.000000
1.000000
1.000000
1.000000
1.000000
0.840124 0.159876
0.651421 0.348579
1.000000
1.000000
0.534874 0.465126
0.102623 0.897377
1.000000
0.906054 0.093946
0.068379 0.931621
0.864855 0.135145
0.038920 0.961080
1.000000
1.000000
1.000000
1.000000
0.647082 0.352918
1.000000
1.000000
1.000000
1.000000
0.602395 0.397605
1.000000
0.028813 0.971187
1.000000
0.848294 0.151706
0.626347 0.373653
1.000000
1.000000
0.234420 0.765580
1.000000
0.860238 0.139762
0.680928 0.319072
1.000000
1.000000
1.000000
0.325342 0.674658
1.000000
0.090284 0.909716
1.000000
1.000000
0.728476 0.271524
1.000000
0.024978 0.975022
0.070029 0.929971
1.000000
1.000000
0.024363 0.975637
1.000000
0.788033 0.152734 0.059234
1.000000
1.000000
1.000000
0.861463 0.138537
0.302368 0.697632
0.309806 0.380778 0.309415
0.687419 0.239394 0.060246 0.012941
1.000000
0.076405 0.923595
0.379854 0.620146
1.000000
1.000000
0.646843 0.353157
0.352022 0.380085 0.267893
0.643315 0.356685
1.000000
1.000000
0.280138 0.719862
1.000000
0.861094 0.138906
1.000000
1.000000
0.800362 0.199638
1.000000
0.654266 0.345734
1.000000
1.000000
0.511010 0.488990
1.000000
1.000000
0.782115 0.217885
0.877409 0.122591
1.000000
1.000000
0.594678 0.405322
1.000000
0.717162 0.282838
1.000000
0.726113 0.273887
1.000000
0.580749 0.419251
1.000000
0.905441 0.094559
1.000000
1.000000
0.535358 0.464642
1.000000
0.184959 0.815041
1.000000
1.000000
0.767853 0.155609 0.076538
1.000000
1.000000
1.000000
0.305966 0.694034
1.000000
1.000000
0.058529 0.941471
1.000000
1.000000
0.783447 0.216553
0.094281 0.905719
1.000000
1.000000
0.896566 0.103434
0.041154 0.958846
1.000000
1.000000
1.000000
1.000000
1.000000
0.553023 0.446977
1.000000
0.888305 0.111695
0.321427 0.678573
0.032258 0.967742
1.000000
0.337440 0.662560
0.021299 0.978701
0.613545 0.386455
0.255405 0.744595
0.774218 0.225782
0.042935 0.957065
0.574302 0.425698
1.000000
1.000000
1.000000
0.799887 0.200113
0.439553 0.456798 0.103650
0.526086 0.473914
0.006889 0.180650 0.812461
1.000000
0.097462 0.902538
0.489966 0.510034
1.000000
0.261479 0.738521
0.686305 0.313695
1.000000
0.302659 0.697341
1.000000
1.000000
0.088894 0.911106
1.000000
1.000000
1.000000
0.883471 0.116529
1.000000
0.034541 0.965459
1.000000
1.000000
0.752267 0.247733
0.179586 0.820414
1.000000
1.000000
1.000000
1.000000
1.000000
0.011242 0.988758
1.000000
0.795321 0.204679
0.276054 0.723946
1.000000
1.000000
0.404239 0.595761
0.863760 0.136240
1.000000
0.024091 0.975909
1.000000
1.000000
1.000000
1.000000
0.680659 0.319341
1.000000
1.000000
1.000000
0.678466 0.321534
1.000000
0.060716 0.641760 0.297524
1.000000
0.393821 0.606179
0.249638 0.750362
1.000000
1.000000
1.000000
1.000000
0.085085 0.914915
0.697225 0.302775
0.188129 0.811871
0.008722 0.331494 0.659785
0.209380 0.790620
0.679122 0.217393 0.103484
1.000000
0.036758 0.963242
0.456166 0.543834
1.000000
1.000000
1.000000
0.776113 0.223887
1.000000
0.673986 0.326014
1.000000
1.000000
1.000000
0.859855 0.140145
0.275720 0.724280
0.795071 0.204929
0.207770 0.792230
0.248461 0.751539
1.000000
0.633887 0.366113
1.000000
1.000000
1.000000
1.000000
0.423939 0.576061
1.000000
1.000000
0.035398 0.964602
0.036123 0.963877
0.392622 0.607378
1.000000
1.000000
0.487273 0.512727
1.000000
1.000000
0.292158 0.707842
0.045060 0.223334 0.731606
1.000000
1.000000
1.000000
0.819287 0.119336 0.061378
1.000000
1.000000
0.057273 0.942727
1.000000
1.000000
1.000000
0.659924 0.340076
0.654166 0.345834
0.646135 0.353865
0.078874 0.921126
1.000000
0.062008 0.480511 0.457481
1.000000
1.000000
0.026238 0.973762
1.000000
1.000000
0.656359 0.343641
1.000000
0.018783 0.981217
1.000000
0.915346 0.084654
0.528446 0.471554
0.302463 0.697537
1.000000
0.018924 0.981076
1.000000
0.899143 0.100857
0.792882 0.207118
0.678680 0.321320
1.000000
1.000000
1.000000
1.000000
1.000000
0.881267 0.118733
1.000000
1.000000
1.000000
1.000000
0.836188 0.163812
0.467827 0.457795 0.074378
1.000000
0.473633 0.526367
1.000000
0.691392 0.308608
0.867383 0.132617
1.000000
0.256696 0.743304
1.000000
0.009840 0.228659 0.761502
1.000000
0.005164 0.227014 0.767821
1.000000
0.316455 0.683545
0.904792 0.095208
0.581744 0.418256
1.000000
1.000000
0.895082 0.104918
1.000000
0.504371 0.495629
0.205361 0.794639
0.029272 0.970728
1.000000
0.856070 0.143930
1.000000
1.000000
1.000000
0.754959 0.245041
1.000000
0.864359 0.135641
0.034228 0.965772
0.052516 0.584375 0.363109
1.000000
1.000000
1.000000
1.000000
1.000000
1.000000
0.064738 0.935262
1.000000
1.000000
1.000000
1.000000
1.000000
0.613471 0.386529
1.000000
0.032930 0.967070
1.000000
0.184783 0.815217
0.877153 0.122847
0.336389 0.663611
0.559456 0.440544
0.321547 0.678453
0.768467 0.231533
1.000000
1.000000
0.092775 0.344086 0.563139
0.694699 0.305301
1.000000
0.364763 0.635237
0.287611 0.712389
0.828337 0.171663
1.000000
0.017084 0.982916
0.337767 0.378651 0.283582
0.868495 0.131505
0.727889 0.272111
1.000000
0.655097 0.344903
1.000000
0.124942 0.875058
0.008264 0.264523 0.727213
0.141855 0.263907 0.304420 0.289818
1.000000
1.000000
0.206900 0.566725 0.226375
1.000000
0.832187 0.105563 0.062250
1.000000
1.000000
1.000000
1.000000
0.312979 0.687021
0.097431 0.902569
1.000000
1.000000
0.779915 0.220085
0.630302 0.369698
0.906156 0.093844
0.089492 0.350679 0.559828
0.106811 0.893189
0.504408 0.495592
1.000000
0.819431 0.180569
0.031815 0.388599 0.579585
1.000000
1.000000
1.000000
0.012983 0.987017
1.000000
1.000000
1.000000
0.794627 0.205373
1.000000
0.249011 0.750989
0.636490 0.363510
1.000000
1.000000
0.782739 0.217261
1.000000
1.000000
0.791093 0.208907
1.000000
0.823535 0.176465
1.000000
1.000000
1.000000
1.000000
1.000000
1.000000
0.771546 0.228454
0.419418 0.580582
1.000000
1.000000
1.000000
1.000000
0.368068 0.631932
1.000000
1.000000
1.000000
1.000000
1.000000
1.000000
1.000000
1.000000
0.662727 0.337273
0.796118 0.203882
0.842173 0.095501 0.062325
0.598914 0.401086
1.000000
0.820897 0.179103
0.648817 0.351183
0.611990 0.388010
0.003865 0.119566 0.540161 0.336408
1.000000
0.420675 0.322524 0.164752 0.067858 0.024191
0.681867 0.318133
0.795544 0.204456
0.007403 0.399568 0.593029
1.000000
0.020054 0.979946
1.000000
0.891668 0.108332
1.000000
0.395713 0.604287
0.434111 0.565889
1.000000
0.857858 0.142142
0.850399 0.149601
0.181064 0.818936
0.251434 0.748566
0.485165 0.514835
0.843278 0.156722
0.051691 0.948309
1.000000
0.016357 0.481164 0.502479
1.000000
0.180410 0.819590
0.665836 0.334164
1.000000
0.746164 0.253836
0.775262 0.224738
1.000000
1.000000
1.000000
0.231769 0.768231
0.416797 0.583203
1.000000
0.903221 0.096779
1.000000
1.000000
0.040182 0.959818
0.159502 0.840498
0.725159 0.175199 0.057422 0.042220
1.000000
1.000000
1.000000
0.013526 0.986474
1.000000
1.000000
1.000000
1.000000
0.872805 0.127195
1.000000
0.033683 0.966317
1.000000
0.076184 0.923816
1.000000
1.000000
1.000000
1.000000
1.000000
1.000000
0.013377 0.986623
0.750306 0.249694
0.802274 0.197726
1.000000
0.371767 0.628233
0.732153 0.267847
1.000000
0.900801 0.099199
0.377664 0.622336
1.000000
1.000000
0.618625 0.381375
0.029903 0.970097
0.425927 0.574073
1.000000
0.794435 0.205565
1.000000
1.000000
0.770440 0.229560
0.855187 0.144813
0.883518 0.116482
1.000000
0.405150 0.594850
1.000000
0.229300 0.770700
1.000000
0.249894 0.750106
1.000000
0.484759 0.515241
0.593176 0.406824
1.000000
0.106081 0.893919
1.000000
1.000000
0.011853 0.387928 0.600219
0.792866 0.207134
0.501623 0.498377
0.781662 0.218338
0.849213 0.150787
1.000000
1.000000
1.000000
0.019756 0.980244
1.000000
1.000000
0.841284 0.158716
1.000000
1.000000
1.000000
1.000000
1.000000
0.522152 0.477848
1.000000
1.000000
0.744202 0.255798
0.552963 0.447037
1.000000
0.885905 0.114095
0.017023 0.358920 0.500705 0.123352
1.000000
0.415728 0.359821 0.224451
0.135127 0.864873
1.000000
0.822028 0.177972
1.000000
0.436060 0.563940
0.076808 0.923192
1.000000
0.716591 0.283409
1.000000
1.000000
0.732258 0.267742
0.143480 0.856520
0.882709 0.117291
1.000000
1.000000
1.000000
1.000000
0.792170 0.207830
0.214683 0.372693 0.412624
1.000000
0.730729 0.269271
0.269023 0.601783 0.129193
1.000000
0.437039 0.562961
0.221637 0.778363
1.000000
1.000000
1.000000
1.000000
0.406495 0.593505
0.163848 0.836152
1.000000
1.000000
1.000000
1.000000
1.000000
1.000000
0.758131 0.241869
1.000000
0.553156 0.446844
0.206065 0.375721 0.418214
1.000000
0.891996 0.108004
0.834491 0.165509
1.000000
0.494310 0.505690
0.882636 0.117364
1.000000
0.655332 0.344668
1.000000
0.797866 0.121652 0.080482
0.187402 0.812598
0.364122 0.635878
0.189635 0.685100 0.125265
0.816262 0.183738
0.751528 0.248472
0.390354 0.609646
0.136039 0.863961
0.868621 0.131379
0.649243 0.273805 0.076953
1.000000
0.808566 0.191434
1.000000
0.511177 0.488823
0.845763 0.154237
1.000000
0.155996 0.844004
0.817661 0.182339
1.000000
0.329480 0.670520
1.000000
1.000000
1.000000
1.000000
0.405010 0.594990
0.426621 0.573379
0.022164 0.977836
0.456242 0.543758
1.000000
1.000000
0.087069 0.912931
0.751341 0.248659
0.417023 0.582977
0.884816 0.115184
1.000000
1.000000
1.000000
0.156534 0.843466
1.000000
0.326973 0.673027
0.901294 0.098706
0.731307 0.213960 0.046115 0.008618
1.000000
0.010904 0.989096
1.000000
0.259770 0.740230
1.000000
1.000000
1.000000
0.434962 0.565038
0.883659 0.116341
1.000000
1.000000
1.000000
0.485632 0.514368
0.688427 0.311573
1.000000
1.000000
0.319455 0.680545
1.000000
1.000000
1.000000
1.000000
1.000000
0.019184 0.411240 0.474188 0.095389
0.531470 0.468530
0.472190 0.527810
0.569442 0.430558
1.000000
0.816455 0.183545
0.099753 0.623391 0.276856
0.025779 0.277292 0.696929
0.830936 0.109897 0.059167
0.597337 0.402663
0.878597 0.121403
0.627167 0.372833
0.017183 0.982817
1.000000
1.000000
1.000000
0.021683 0.978317
1.000000
0.310889 0.689111
0.844353 0.155647
0.841149 0.158851
1.000000
1.000000
1.000000
1.000000
0.860969 0.139031
1.000000
1.000000
1.000000
0.225891 0.774109
1.000000
0.458824 0.541176
1.000000
1.000000
0.847280 0.152720
0.801186 0.198814
1.000000
0.830965 0.169035
0.482115 0.517885
0.274840 0.725160
0.832177 0.167823
1.000000
0.727057 0.272943
1.000000
0.019151 0.980849
1.000000
1.000000
0.732894 0.267106
1.000000
1.000000
0.002059 0.072885 0.925056
1.000000
1.000000
1.000000
0.882958 0.117042
0.866949 0.133051
0.338131 0.661869
1.000000
0.882491 0.117509
0.708582 0.291418
0.481025 0.518975
0.104650 0.653795 0.241555
1.000000
0.354155 0.381634 0.264211
0.391261 0.608739
0.245994 0.754006
0.225024 0.774976
0.018110 0.459983 0.521907
0.606455 0.393545
1.000000
1.000000
0.672082 0.327918
1.000000
0.519148 0.480852
1.000000
1.000000
1.000000
0.366765 0.633235
1.000000
1.000000
0.013864 0.130329 0.855807
0.816141 0.183859
1.000000
0.431873 0.350887 0.217240
1.000000
1.000000
1.000000
1.000000
0.707787 0.242862 0.049352
1.000000
1.000000
1.000000
0.845358 0.154642
0.296232 0.703768
0.231590 0.663320 0.105090
0.357067 0.642933
0.002748 0.022286 0.974966
0.518107 0.481893
0.797286 0.202714
1.000000
0.872856 0.127144
0.479076 0.520924
1.000000
1.000000
0.457563 0.542437
0.904634 0.095366
0.032414 0.967586
0.844889 0.155111
1.000000
0.778334 0.221666
1.000000
1.000000
1.000000
1.000000
1.000000
0.261461 0.376789 0.361750
1.000000
1.000000
0.616913 0.289358 0.093729
1.000000
0.636442 0.363558
1.000000
1.000000
1.000000
0.655026 0.344974
1.000000
1.000000
1.000000
1.000000
1.000000
1.000000
1.000000
0.677877 0.322123
0.388315 0.611685
1.000000
1.000000
0.413446 0.376986 0.209568
0.783600 0.216400
1.000000
1.000000
1.000000
1.000000
1.000000
0.047652 0.711520 0.240829
1.000000
0.444575 0.476005 0.079420
1.000000
0.213968 0.786032
1.000000
0.453973 0.546027
1.000000
1.000000
1.000000
1.000000
0.380063 0.619937
1.000000
1.000000
1.000000
0.870476 0.129524
0.835608 0.164392
1.000000
0.492865 0.507135
1.000000
1.000000
0.241999 0.758001
1.000000
1.000000
1.000000
0.839468 0.099762 0.060770
0.190169 0.388689 0.174629 0.133153 0.113361
1.000000
1.000000
1.000000
0.029912 0.970088
1.000000
0.768182 0.231818
1.000000
0.060429 0.939571
1.000000
1.000000
0.670148 0.254307 0.075545
0.170195 0.829805
1.000000
1.000000
0.906440 0.093560
1.000000
1.000000
1.000000
0.274404 0.618640 0.106956
1.000000
0.432708 0.567292
1.000000
1.000000
0.423322 0.502292 0.074386
1.000000
0.616333 0.383667
1.000000
0.377929 0.622071
0.697034 0.302966
1.000000
0.330958 0.669042
0.690255 0.309745
1.000000
0.737692 0.262308
1.000000
0.379409 0.620591
0.835152 0.164848
0.070833 0.766501 0.162666
1.000000
0.162722 0.837278
0.153245 0.633979 0.212775
1.000000
0.888393 0.111607
1.000000
0.444856 0.555144
0.492318 0.507682
1.000000
1.000000
1.000000
1.000000
0.084045 0.915955
0.431302 0.568698
0.022327 0.977673
1.000000
0.324133 0.675867
1.000000
1.000000
0.559398 0.440602
1.000000
1.000000
0.237960 0.762040
1.000000
0.000831 0.004548 0.025752 0.217301 0.751567
1.000000
1.000000
0.482210 0.517790
1.000000
1.000000
1.000000
0.331382 0.384062 0.284556
0.332940 0.667060
1.000000
1.000000
1.000000
0.743047 0.256953
0.658974 0.341026
0.439734 0.361914 0.198352
0.449889 0.550111
1.000000
0.061355 0.938645
1.000000
0.549192 0.450808
0.053619 0.946381
0.340187 0.659813
0.353292 0.559287 0.087422
1.000000
0.031639 0.968361
0.240117 0.759883
1.000000
1.000000
1.000000
1.000000
0.560216 0.439784
1.000000
1.000000
1.000000
1.000000
1.000000
1.000000
0.911999 0.088001
0.712070 0.287930
0.572800 0.427200
1.000000
1.000000
1.000000
0.020461 0.979539
1.000000
1.000000
1.000000
1.000000
0.382095 0.353116 0.264789
0.107243 0.892757
0.363203 0.636797
0.644572 0.355428
1.000000
1.000000
0.452715 0.363155 0.184131
1.000000
0.836999 0.163001
0.661322 0.338678
1.000000
1.000000
1.000000
0.889171 0.110829
0.685508 0.314492
1.000000
0.336190 0.663810
0.473565 0.526435
0.499578 0.500422
0.759726 0.240274
1.000000
0.736148 0.263852
1.000000
1.000000
0.814995 0.116975 0.068030
0.037375 0.962625
0.377300 0.622700
1.000000
1.000000
1.000000
0.201975 0.798025
0.014786 0.985214
0.896768 0.103232
1.000000
1.000000
0.104986 0.895014
1.000000
0.888305 0.111695
1.000000
0.666961 0.333039
0.449059 0.550941
0.634895 0.365105
0.411788 0.588212
1.000000
1.000000
0.800362 0.199638
0.572422 0.427578
1.000000
1.000000
0.571712 0.307214 0.121073
1.000000
0.563696 0.436304
1.000000
0.253402 0.746598
0.822712 0.177288
1.000000
0.433415 0.566585
1.000000
0.360495 0.639505
0.678747 0.262455 0.058799
0.092959 0.907041
0.162276 0.837724
0.617244 0.382756
1.000000
1.000000
1.000000
0.646257 0.353743
0.464400 0.535600
1.000000
0.043725 0.151229 0.331743 0.473303
1.000000
1.000000
0.266047 0.373055 0.360898
1.000000
1.000000
1.000000
0.747192 0.252808
1.000000
0.907123 0.092877
1.000000
0.609169 0.390831
0.356254 0.374851 0.268896
1.000000
1.000000
1.000000
0.469042 0.530958
0.925229 0.074771
0.808027 0.191973
1.000000
1.000000
1.000000
0.849441 0.150559
0.884098 0.115902
0.212998 0.787002
1.000000
0.317138 0.682862
0.254846 0.745154
1.000000
1.000000
0.538418 0.461582
0.545568 0.454432
0.882543 0.117457
1.000000
0.883514 0.116486
1.000000
0.392432 0.607568
0.904701 0.095299
1.000000
0.397861 0.602139
0.753548 0.205858 0.040594
1.000000
0.901546 0.098454
1.000000
0.747139 0.252861
1.000000
0.518980 0.481020
1.000000
0.334017 0.384969 0.281014
1.000000
1.000000
1.000000
0.592873 0.339028 0.068099
0.509433 0.490567
1.000000
1.000000
1.000000
1.000000
1.000000
0.397684 0.602316
0.554905 0.445095
1.000000
1.000000
0.415038 0.584962
1.000000
1.000000
1.000000
0.883399 0.116601
1.000000
1.000000
1.000000
0.908936 0.091064
1.000000
0.044110 0.955890
1.000000
1.000000
1.000000
1.000000
1.000000
0.377982 0.622018
0.024836 0.975164
1.000000
1.000000
1.000000
0.885389 0.114611
1.000000
1.000000
0.820833 0.179167
0.647277 0.276824 0.075900
1.000000
0.018108 0.981892
1.000000
1.000000
0.001490 0.025315 0.332903 0.640292
1.000000
0.564522 0.435478
1.000000
1.000000
0.834221 0.165779
1.000000
1.000000
1.000000
0.026376 0.973624
1.000000
0.884346 0.115654
0.619575 0.380425
1.000000
1.000000
0.860743 0.139257
0.055341 0.944659
0.063986 0.274891 0.661123
1.000000
0.226171 0.773829
1.000000
0.184466 0.388301 0.427233
1.000000
0.909557 0.090443
1.000000
1.000000
0.912518 0.087482
0.893860 0.106140
0.028310 0.971690
0.902760 0.097240
0.908941 0.091059
0.092671 0.907329
1.000000
0.575269 0.424731
0.869175 0.130825
0.715698 0.233478 0.050825
1.000000
1.000000
1.000000
0.023467 0.976533
1.000000
1.000000
1.000000
0.291049 0.708951
1.000000
0.021578 0.093197 0.285128 0.600097
0.230687 0.769313
0.639778 0.360222
1.000000
1.000000
1.000000
0.800390 0.199610
1.000000
0.494272 0.505728
0.076947 0.923053
1.000000
1.000000
0.226715 0.773285
0.731916 0.268084
0.322150 0.677850
1.000000
0.066826 0.933174
0.670002 0.329998
0.773894 0.226106
0.451021 0.548979
0.123093 0.374929 0.501978
0.002350 0.072354 0.925296
1.000000
0.800184 0.199816
1.000000
1.000000
0.450304 0.549696
0.212935 0.787065
1.000000
1.000000
0.019838 0.433950 0.546212
1.000000
1.000000
1.000000
1.000000
0.228028 0.771972
1.000000
1.000000
0.761606 0.238394
1.000000
0.103179 0.896821
1.000000
1.000000
1.000000
1.000000
0.712517 0.287483
1.000000
0.410004 0.589996
0.758948 0.241052
1.000000
0.398848 0.601152
0.198377 0.801623
1.000000
0.617829 0.382171
1.000000
0.725762 0.274238
0.901572 0.098428
1.000000
0.010604 0.989396
1.000000
1.000000
1.000000
1.000000
1.000000
0.681045 0.318955
1.000000
1.000000
1.000000
1.000000
0.053512 0.946488
1.000000
0.299751 0.585904 0.114345
0.706449 0.293551
1.000000
0.066529 0.933471
1.000000
1.000000
1.000000
1.000000
1.000000
0.683373 0.316627
1.000000
0.327920 0.672080
1.000000
1.000000
1.000000
1.000000
0.739865 0.260135
0.061986 0.938014
1.000000
1.000000
1.000000
1.000000
1.000000
1.000000
1.000000
0.888992 0.111008
1.000000
1.000000
0.040178 0.219432 0.740390
0.035397 0.964603
0.384147 0.615853
1.000000
1.000000
0.196493 0.803507
0.038558 0.961442
0.903377 0.096623
1.000000
0.762970 0.237030
0.523833 0.476167
1.000000
1.000000
1.000000
1.000000
1.000000
0.110631 0.889369
1.000000
0.357847 0.642153
0.006624 0.243414 0.749962
1.000000
0.857980 0.142020
0.415277 0.584723
0.699644 0.300356
1.000000
0.615374 0.384626
1.000000
0.695887 0.304113
1.000000
0.088939 0.328469 0.582592
1.000000
0.079349 0.338776 0.581875
1.000000
1.000000
0.127439 0.872561
0.683775 0.211856 0.059451 0.044918
0.619395 0.380605
1.000000
1.000000
0.212770 0.787230
0.305165 0.380152 0.314683
1.000000
0.848976 0.151024
1.000000
0.053951 0.946049
1.000000
0.913492 0.086508
1.000000
1.000000
0.150667 0.849333
0.031319 0.429203 0.434748 0.104730
0.102544 0.897456
0.860643 0.139357
1.000000
0.909886 0.090114
0.669180 0.330820
0.452991 0.547009
1.000000
1.000000
1.000000
0.055299 0.268055 0.676645
0.721038 0.191460 0.087502
1.000000
0.437198 0.562802
1.000000
0.586437 0.413563
0.185224 0.814776
1.000000
1.000000
0.472615 0.316237 0.142213 0.052187 0.016748
0.805915 0.168637 0.025449
0.526180 0.473820
0.815655 0.184345
1.000000
1.000000
1.000000
0.028215 0.971785
0.466370 0.533630
0.432737 0.567263
1.000000
1.000000
1.000000
1.000000
1.000000
0.909929 0.090071
0.882150 0.117850
0.727242 0.159973 0.112785
1.000000
1.000000
1.000000
0.892394 0.107606
1.000000
1.000000
0.001818 0.049389 0.948793
1.000000
1.000000
1.000000
0.279876 0.720124
1.000000
1.000000
0.746255 0.253745
1.000000
1.000000
0.402230 0.597770
1.000000
0.590188 0.409812
1.000000
1.000000
0.601135 0.185432 0.127186 0.086247
1.000000
1.000000
0.523447 0.476553
1.000000
1.000000
1.000000
1.000000
0.823536 0.176464
0.090215 0.909785
1.000000
0.047187 0.226057 0.726756
0.046348 0.953652
1.000000
0.019559 0.980441
1.000000
1.000000
0.669123 0.258592 0.072285
0.801749 0.138089 0.060162
1.000000
0.573249 0.426751
1.000000
1.000000
1.000000
0.551655 0.352143 0.096202
1.000000
0.860438 0.139562
0.761606 0.238394
0.642869 0.357131
1.000000
0.809998 0.190002
1.000000
1.000000
1.000000
1.000000
1.000000
1.000000
0.045766 0.954234
1.000000
1.000000
1.000000
1.000000
0.600002 0.399998
0.861644 0.138356
1.000000
1.000000
0.518040 0.481960
1.000000
1.000000
1.000000
1.000000
0.208596 0.791404
1.000000
0.594670 0.405330
1.000000
1.000000
1.000000
0.031044 0.968956
0.591118 0.408882
1.000000
0.005244 0.164740 0.562788 0.267228
1.000000
1.000000
1.000000
0.915977 0.084023
0.859819 0.140181
1.000000
1.000000
1.000000
0.043838 0.219277 0.736885
1.000000
1.000000
1.000000
1.000000
0.682867 0.317133
1.000000
0.270653 0.607549 0.121799
0.621757 0.378243
1.000000
1.000000
1.000000
1.000000
1.000000
1.000000
1.000000
1.000000
0.066164 0.933836
1.000000
0.277069 0.722931
1.000000
1.000000
1.000000
1.000000
1.000000
1.000000
1.000000
1.000000
1.000000
0.343213 0.382645 0.274142
0.578553 0.421447
1.000000
1.000000
1.000000
0.726210 0.273790
1.000000
0.656993 0.343007
0.022623 0.977377
0.007595 0.173645 0.818760
0.717335 0.282665
1.000000
0.014024 0.985976
1.000000
1.000000
0.076610 0.702409 0.220981
0.229291 0.770709
0.708694 0.291306
0.416245 0.583755
1.000000
0.429025 0.570975
0.607056 0.392944
0.167207 0.832793
1.000000
0.039173 0.217864 0.742962
0.707033 0.292967
1.000000
0.592092 0.407908
0.510981 0.349069 0.139950
1.000000
0.260002 0.739998
1.000000
0.327317 0.672683
1.000000
1.000000
0.200584 0.799416
1.000000
0.034680 0.278397 0.686923
0.615807 0.384193
1.000000
1.000000
1.000000
0.208833 0.791167
0.351409 0.332135 0.210160 0.106297
1.000000
0.592537 0.407463
0.677877 0.322123
1.000000
0.054264 0.945736
1.000000
0.897170 0.102830
1.000000
1.000000
0.806450 0.193550
0.666894 0.270991 0.062115
1.000000
1.000000
1.000000
1.000000
1.000000
1.000000
0.011423 0.988577
1.000000
0.208486 0.791514
1.000000
1.000000
1.000000
1.000000
0.820805 0.179195
1.000000
0.020329 0.979671
1.000000
0.653687 0.346313
1.000000
0.700615 0.299385
0.244597 0.755403
0.167580 0.832420
1.000000
0.724001 0.275999
0.493381 0.506619
0.696862 0.303138
1.000000
0.743800 0.256200
1.000000
0.023568 0.976432
0.803714 0.196286
0.372067 0.627933
1.000000
1.000000
0.811100 0.188900
1.000000
1.000000
0.874280 0.125720
1.000000
0.740809 0.259191
1.000000
1.000000
1.000000
0.025776 0.974224
0.867651 0.132349
0.037092 0.962908
0.034365 0.965635
1.000000
1.000000
0.847858 0.152142
0.035799 0.964201
1.000000
0.014879 0.377084 0.608037
1.000000
1.000000
0.102590 0.897410
1.000000
1.000000
0.674629 0.325371
1.000000
0.436922 0.563078
1.000000
1.000000
1.000000
1.000000
1.000000
0.875278 0.124722
0.671533 0.248297 0.080170
0.275443 0.724557
0.759109 0.240891
1.000000
0.172771 0.827229
0.007378 0.280760 0.711862
1.000000
0.612935 0.387065
1.000000
0.643473 0.356527
1.000000
0.460685 0.539315
1.000000
0.031153 0.968847
0.028453 0.971547
0.637544 0.362456
0.217058 0.782942
0.121226 0.878774
1.000000
0.812390 0.187610
1.000000
0.721544 0.278456
1.000000
1.000000
0.053911 0.727176 0.218912
0.425535 0.574465
0.693942 0.306058
0.030093 0.969907
0.105796 0.894204
0.682324 0.317676
0.032400 0.573530 0.394070
1.000000
1.000000
1.000000
1.000000
1.000000
1.000000
1.000000
0.756376 0.243624
0.755737 0.244263
0.893012 0.106988
0.906247 0.093753
0.281515 0.718485
1.000000
0.772597 0.227403
1.000000
1.000000
0.886839 0.113161
0.901124 0.098876
0.044862 0.955138
1.000000
1.000000
1.000000
0.417641 0.507368 0.074991
1.000000
0.596187 0.403813
1.000000
0.897815 0.102185
1.000000
0.788395 0.211605
0.856494 0.143506
1.000000
0.030808 0.969192
1.000000
1.000000
0.029385 0.970615
1.000000
1.000000
0.828262 0.171738
0.042904 0.957096
0.856415 0.143585
0.068065 0.557982 0.373953
0.830223 0.169777
0.725380 0.274620
0.643498 0.356502
0.877257 0.122743
1.000000
1.000000
1.000000
1.000000
0.551340 0.448660
0.758169 0.241831
1.000000
0.331460 0.668540
1.000000
0.696250 0.303750
1.000000
0.774843 0.225157
0.166576 0.833424
1.000000
0.474995 0.525005
1.000000
1.000000
0.763173 0.236827
1.000000
0.620440 0.379560
1.000000
1.000000
1.000000
1.000000
1.000000
0.675639 0.324361
1.000000
1.000000
1.000000
1.000000
1.000000
0.038421 0.961579
0.207142 0.792858
0.709887 0.290113
0.018133 0.981867
0.728865 0.271135
1.000000
0.025444 0.573311 0.401245
0.042032 0.957968
0.668609 0.331391
0.852720 0.147280
1.000000
1.000000
0.394695 0.605305
1.000000
1.000000
1.000000
0.781852 0.218148
1.000000
0.062978 0.679165 0.257857
1.000000
0.018304 0.981696
0.266301 0.733699
1.000000
1.000000
0.345701 0.654299
1.000000
1.000000
0.056250 0.943750
1.000000
0.170997 0.829003
1.000000
0.878661 0.121339
0.453990 0.546010
0.124844 0.875156
1.000000
0.881409 0.118591
0.901791 0.098209
1.000000
1.000000
0.131755 0.868245
1.000000
1.000000
0.316066 0.683934
1.000000
1.000000
0.588767 0.411233
1.000000
1.000000
0.645023 0.354977
1.000000
1.000000
1.000000
0.527754 0.472246
0.812153 0.187847
1.000000
1.000000
0.107386 0.892614
1.000000
1.000000
1.000000
0.522973 0.477027
1.000000
0.012794 0.987206
0.554061 0.332468 0.113471
0.677455 0.322545
1.000000
0.383883 0.616117
0.911470 0.088530
1.000000
0.512656 0.487344
1.000000
1.000000
1.000000
1.000000
0.904750 0.095250
1.000000
0.816584 0.183416
1.000000
0.133554 0.866446
0.667423 0.332577
0.401604 0.598396
0.599349 0.400651
0.002040 0.036418 0.359355 0.602187
0.845829 0.154171
1.000000
0.839224 0.160776
0.492763 0.507237
1.000000
1.000000
1.000000
1.000000
0.282723 0.717277
0.756966 0.243034
1.000000
0.467085 0.360304 0.172611
0.162840 0.837160
1.000000
0.636640 0.363360
1.000000
1.000000
1.000000
0.267988 0.732012
1.000000
0.180934 0.618497 0.200570
1.000000
0.551371 0.448629
1.000000
1.000000
1.000000
1.000000
0.584201 0.415799
0.063894 0.936106
0.021165 0.978835
0.264938 0.735062
0.579682 0.420318
1.000000
0.892177 0.107823
1.000000
0.424301 0.575699
0.851270 0.148730
0.480736 0.519264
1.000000
0.528547 0.471453
1.000000
0.900764 0.099236
0.610325 0.314442 0.075234
1.000000
1.000000
1.000000
0.735315 0.264685
1.000000
1.000000
1.000000
0.163015 0.626843 0.210142
1.000000
1.000000
0.038060 0.961940
0.645906 0.354094
1.000000
0.047280 0.952720
0.621160 0.378840
0.464928 0.535072
1.000000
1.000000
1.000000
1.000000
0.016508 0.983492
1.000000
1.000000
1.000000
0.763969 0.236031
1.000000
1.000000
0.774663 0.225337
1.000000
0.701004 0.298996
0.820261 0.179739
0.027785 0.972215
0.909174 0.090826
0.537640 0.462360
1.000000
1.000000
0.180430 0.819570
1.000000
0.300365 0.699635
1.000000
0.770145 0.229855
1.000000
0.232792 0.767208
0.216673 0.783327
0.736508 0.263492
1.000000
1.000000
1.000000
0.471863 0.528137
0.179707 0.820293
0.071177 0.928823
0.446475 0.407173 0.096258 0.050095
0.045966 0.954034
1.000000
0.067420 0.932580
0.210312 0.789688
1.000000
0.718612 0.281388
1.000000
1.000000
1.000000
0.731619 0.268381
0.513795 0.486205
0.886455 0.113545
0.547901 0.452099
1.000000
1.000000
1.000000
0.035147 0.964853
1.000000
1.000000
1.000000
1.000000
0.810534 0.167909 0.021558
1.000000
1.000000
1.000000
0.826180 0.173820
1.000000
1.000000
0.605357 0.329455 0.065188
0.577403 0.422597
1.000000
0.775126 0.224874
1.000000
1.000000
1.000000
1.000000
1.000000
1.000000
1.000000
1.000000
0.344522 0.655478
1.000000
1.000000
0.825120 0.174880
1.000000
1.000000
1.000000
1.000000
1.000000
1.000000
1.000000
0.905506 0.094494
0.273758 0.726242
1.000000
0.406893 0.593107
1.000000
1.000000
1.000000
0.755552 0.244448
1.000000
0.786780 0.213220
