2000 2
3 2 2 1 2 1 1 1 1 1 2 1 1 2 1 1 2 2 2 1 2 2 2 2 2 2 1 1 1 1 2 1 1 1 2 2 1 1 2 1 1 1 3 1 1 1 2 1 1 1 2 1 1 1 1 1 1 1 2 1 1 1 1 2 1 2 1 1 2 1 2 1 1 1 1 1 1 1 1 1 2 2 1 1 2 2 1 2 2 2 2 1 1 1 1 2 1 1 1 1 2 1 2 1 2 2 1 1 2 1 2 2 1 1 1 2 1 2 1 1 2 1 2 2 1 1 2 1 3 1 1 1 2 2 3 4 1 2 2 1 1 2 3 2 1 1 2 1 2 1 1 2 1 2 1 1 2 1 1 2 2 1 1 2 1 2 1 2 1 2 1 2 1 1 2 1 2 1 1 3 1 1 1 2 1 1 2 1 1 2 2 1 1 2 2 1 1 1 1 1 2 1 2 2 2 1 2 2 2 2 2 2 2 1 1 1 2 3 2 3 1 2 2 1 2 2 1 2 1 1 2 1 1 1 2 1 2 1 1 2 2 1 1 1 1 1 2 1 2 2 1 1 2 2 1 2 1 1 1 1 2 1 1 1 2 1 3 1 2 2 1 1 1 1 2 2 2 3 2 3 1 2 2 1 1 1 2 1 2 1 1 1 2 2 2 2 2 1 2 1 1 1 1 2 1 1 2 2 2 1 1 2 1 1 2 3 1 1 1 3 1 1 2 1 1 1 2 2 2 2 1 3 1 1 2 1 1 2 1 2 1 2 2 2 1 2 1 2 2 2 1 1 1 1 1 2 1 1 1 1 2 3 1 2 1 2 2 1 2 1 3 1 3 1 2 2 2 1 1 2 1 2 2 2 1 2 1 1 1 2 1 2 2 3 1 1 1 1 1 1 2 1 1 1 1 1 2 1 2 1 2 2 2 2 2 2 1 1 3 2 1 2 2 2 1 2 3 2 2 1 2 1 2 3 4 1 1 3 1 3 1 1 1 1 2 2 1 1 2 2 2 3 2 2 1 2 3 1 1 1 2 1 1 1 2 1 2 2 1 1 2 1 1 2 1 2 1 1 1 1 1 1 2 2 1 1 1 1 2 1 1 1 1 1 1 1 1 2 2 3 2 1 2 2 2 4 1 5 2 2 3 1 2 1 2 1 2 2 1 2 2 2 2 2 2 2 1 3 1 2 2 1 2 2 1 1 1 2 2 1 2 1 1 2 2 4 1 1 1 2 1 1 1 1 2 1 2 1 2 1 1 1 1 1 1 2 2 2 1 2 2 1 2 2 1 1 2 2 2 1 2 1 1 2 2 2 1 2 1 2 1 2 1 2 2 1 2 1 1 3 2 2 2 2 1 1 1 2 1 1 2 1 1 1 1 1 2 1 1 2 2 1 2 4 1 3 2 1 2 1 2 2 1 2 1 1 2 2 2 1 1 1 1 2 3 1 2 3 1 2 2 1 1 1 1 2 2 1 1 1 1 1 1 2 1 2 3 1 2 2 1 2 2 1 2 1 3 2 2 3 2 2 2 2 2 3 1 2 1 2 2 1 2 2 1 2 1 1 1 1 2 2 2 2 1 1 2 2 2 2 1 1 1 2 1 2 2 4 1 2 1 2 1 1 1 2 2 1 1 1 2 2 1 1 2 1 1 1 1 1 4 2 2 2 1 2 3 3 3 2 2 2 2 1 1 1 2 1 2 2 2 1 1 1 1 2 1 1 1 2 1 2 1 1 2 2 1 2 2 2 2 1 2 1 2 1 1 2 1 1 3 1 1 1 2 2 2 1 2 2 2 3 1 3 2 2 2 3 2 1 1 2 1 2 1 1 1 2 1 1 3 2 1 3 1 1 1 1 3 1 1 1 2 2 3 2 3 2 2 1 2 2 1 1 2 2 2 2 1 2 1 1 1 1 1 3 1 1 3 1 2 1 1 1 2 1 1 1 1 1 1 1 2 2 1 1 3 2 1 1 1 1 1 3 1 3 1 2 1 2 1 1 1 1 2 1 1 1 2 2 1 2 1 1 2 1 1 1 3 5 1 1 1 2 1 2 1 2 1 1 3 2 1 1 2 1 1 1 3 1 2 1 1 3 1 2 1 2 2 1 2 2 1 2 1 2 2 3 1 2 3 1 2 1 2 2 1 1 1 1 2 2 2 1 2 1 1 2 1 1 2 1 5 1 1 2 1 1 1 3 2 1 1 1 2 2 3 2 1 2 1 2 2 2 3 1 2 2 1 1 1 1 2 1 1 1 1 1 1 2 2 2 1 1 1 2 1 1 1 1 3 2 2 2 1 1 3 1 2 2 1 1 1 2 2 1 2 2 2 2 1 2 1 1 3 2 2 1 1 1 2 2 2 1 1 2 1 2 1 2 2 2 2 1 1 2 2 1 1 3 1 2 1 2 2 1 2 1 2 3 2 2 2 1 1 1 2 2 1 4 1 1 3 1 1 1 2 1 2 1 2 3 1 1 1 2 2 2 1 1 1 2 2 2 1 2 2 1 1 2 2 2 1 2 1 2 2 1 2 3 1 2 1 2 1 2 1 3 1 1 1 3 2 1 1 1 1 1 2 2 1 1 2 1 1 1 2 1 1 1 2 1 2 1 1 1 1 1 2 2 1 1 1 2 1 1 2 3 1 2 1 1 4 1 2 1 1 2 1 1 1 2 1 2 2 1 1 2 2 3 1 2 1 3 1 2 1 1 2 2 2 2 2 2 1 2 2 3 1 1 1 2 1 1 1 2 1 4 2 2 1 1 1 2 1 2 2 1 1 2 2 2 1 2 2 2 2 3 3 1 2 1 1 2 2 1 1 3 1 1 1 1 2 1 1 2 1 2 1 1 1 1 2 1 2 2 1 2 2 1 2 1 2 2 1 2 1 1 1 1 1 2 1 1 1 1 2 1 3 2 1 2 1 1 1 1 1 2 1 2 1 1 1 1 2 2 1 1 1 1 1 1 1 2 1 1 3 2 2 1 1 2 2 2 1 2 2 1 1 1 1 1 2 1 2 3 1 2 2 2 1 2 1 2 1 3 1 3 1 1 2 4 2 1 1 2 3 1 2 1 2 1 2 1 1 2 4 2 2 1 2 2 2 1 1 1 3 3 1 2 1 2 2 1 1 5 3 2 2 1 1 1 2 2 2 1 1 1 1 1 2 2 3 1 1 1 2 1 1 3 1 1 1 2 1 1 2 1 1 2 1 2 1 1 4 1 1 2 1 1 1 1 2 2 1 3 2 1 2 1 1 3 3 1 2 1 1 1 3 1 2 2 2 1 2 1 1 1 1 1 1 2 1 1 1 1 2 2 1 1 2 1 1 1 1 2 1 2 1 1 1 2 2 1 4 1 1 1 2 2 1 1 1 3 1 1 1 1 2 1 3 2 1 1 1 1 1 1 1 1 2 1 2 1 1 1 1 1 1 1 1 1 3 2 1 1 1 2 1 2 2 3 2 1 2 1 1 3 2 2 2 1 2 2 2 1 3 2 1 2 3 1 2 1 2 1 1 2 1 3 2 1 1 1 2 4 1 2 2 1 2 1 2 1 1 2 3 1 1 1 1 1 1 2 1 2 1 1 1 1 2 1 2 1 2 1 2 2 2 1 2 2 2 1 2 1 2 2 2 1 1 2 1 1 2 1 2 1 1 1 2 2 2 2 1 1 2 2 1 3 1 1 2 1 1 2 1 2 1 1 1 1 1 2 3 2 2 1 2 3 1 2 1 2 1 2 1 2 2 2 2 2 1 2 1 2 1 1 3 2 2 2 2 2 3 1 1 1 1 1 1 1 2 2 2 2 2 1 2 1 1 2 2 2 1 1 1 3 1 2 1 2 1 2 2 1 2 1 1 2 1 1 2 2 2 3 2 2 2 2 1 1 1 1 2 2 1 2 1 2 1 2 2 1 2 1 1 2 1 2 1 1 1 1 1 2 1 1 1 1 1 2 2 2 2 2 1 3 2 2 2 1 1 2 1 1 1 2 1 3 1 2 2 1 1 2 1 1 2 1 2 1 2 2 2 1 2 2 1 1 2 1 1 2 1 1 2 1 1 2 1 1 1 2 2 1 1 2 1 1 1 2 1 2 3 2 1 2 2 1 2 1 1 1 1 2 1 2 1 2 2 2 2 4 2 1 2 2 1 1 1 1 2 2 1 3 2 1 2 1 1 1 2 1 3 1 2 1 1 1 1 2 2 2 2 2 1 2 1 2 2 2 1 2 1 2 3 1 1 1 2 1 1 1 3 1 1 2 2 1 2 2 2 1 1 1 1 2 1 1 1 2 1 1 2 1 2 2 2 2 2 1 1 2 1 2 1 2 1 2 2 2 1 1 1 2 2 2 4 2 1 2 2 1 2 1 1 1 2 2 2 2 1 1 1 2 1 1 1 1 3 1 1 1 2 1 1 3 2 1 2 1 1 1 1 1 1 1 1 2 1 1 2 1 1 1 1 1 1 1 2 2 1 2 1 1 1 2 1 2
0.001180 0.000000 0.000000
0.555493 0.323417 0.119910
0.849776 0.009767
0.059709 0.080749
0.697938 0.179264
0.039462 0.083335
0.954382
0.045618
0.015700 0.000048
0.546269 0.437982
0.923099
0.076901
0.823335
0.176665
0.000236
0.999764
0.045977
0.954023
0.012339
0.987661
0.821859 0.029417
0.060566 0.088158
0.115716
0.884284
0.000122
0.999878
0.065814 0.010301
0.373799 0.550086
0.949013
0.050987
0.488544
0.511456
0.005139 0.000001
0.575249 0.419611
0.000060 0.000000
0.768738 0.231201
0.613881 0.292035
0.030548 0.063536
0.955980
0.044020
0.098674 0.842741
0.014066 0.044519
0.002341 0.770411
0.035812 0.191436
0.036049 0.122391
0.245227 0.596332
0.082076 0.863114
0.013389 0.041422
0.004958 0.435110
0.119363 0.440569
0.047631 0.903150
0.011044 0.038174
0.952586
0.047414
0.000294
0.999706
0.952442
0.047558
0.945378
0.054622
0.013305 0.796454
0.039923 0.150319
0.220798
0.779202
0.024879
0.975121
0.204167
0.795833
0.000466 0.110293
0.173215 0.716026
0.000022 0.000000
0.803693 0.196285
0.756641
0.243359
0.924066
0.075934
0.006838 0.307906
0.154768 0.530489
0.939742
0.060258
0.951965
0.048035
0.000710
0.999290
0.001307 0.205569 0.743748
0.003875 0.014421 0.031080
0.940716
0.059284
0.950380
0.049620
0.897361
0.102639
0.828744 0.011353
0.070371 0.089532
0.000140
0.999860
0.872126
0.127874
0.944564
0.055436
0.552508 0.002918
0.208167 0.236408
0.953013
0.046987
0.952383
0.047617
0.833990
0.166010
0.948146
0.051854
0.428807
0.571193
0.100949
0.899051
0.940333
0.059667
0.005059 0.000002
0.586583 0.408356
0.458243
0.541757
0.223588
0.776412
0.158340
0.841660
0.931411
0.068589
0.017581 0.133265
0.220521 0.628634
0.953562
0.046438
0.021552 0.931201
0.010702 0.036544
0.937343
0.062657
0.955283
0.044717
0.433595 0.000061
0.321822 0.244522
0.954116
0.045884
0.466054 0.008636
0.219928 0.305383
0.892940
0.107060
0.080368
0.919632
0.911737
0.088263
0.956481
0.043519
0.955711
0.044289
0.923792
0.076208
0.955044
0.044956
0.140740
0.859260
0.920772
0.079228
0.731251 0.014109
0.108873 0.145767
0.000940 0.000000
0.650481 0.348579
0.899653
0.100347
0.000001
0.999999
0.084257 0.002189
0.450617 0.462937
0.058254 0.760361
0.044369 0.137016
0.935809
0.064191
0.839589 0.007852
0.066465 0.086094
0.056674 0.892088
0.011705 0.039532
0.773106 0.033005
0.091749 0.102140
0.026215 0.918412
0.012705 0.042668
0.956880
0.043120
0.000007
0.999993
0.168495
0.831505
0.005739
0.994261
0.001779 0.000000
0.645304 0.352918
0.000000
1.000000
0.895260
0.104740
0.938052
0.061948
0.620865
0.379135
0.572930 0.335036
0.029466 0.062569
0.000003
0.999997
0.012510 0.911909
0.016304 0.059277
0.935447
0.064553
0.694104 0.000668
0.154189 0.151039
0.040347 0.000007
0.586000 0.373646
0.931949
0.068051
0.112449
0.887551
0.212690 0.709355
0.021731 0.056224
0.003218
0.996782
0.817896 0.072176
0.042343 0.067586
0.001220 0.000000
0.679707 0.319072
0.863661
0.136339
0.859080
0.140920
0.950010
0.049990
0.039575 0.037556
0.285767 0.637102
0.228261
0.771739
0.077065 0.870633
0.013220 0.039083
0.000001
0.999999
0.075520
0.924480
0.000806 0.000000
0.727671 0.271523
0.946824
0.053176
0.009643 0.920237
0.015335 0.054785
0.047113 0.858680
0.022916 0.071290
0.825910
0.174090
0.944788
0.055212
0.015602 0.941471
0.008762 0.034166
0.003413
0.996587
0.750624 0.091365 0.000448
0.037409 0.061369 0.058785
0.658638
0.341362
0.906116
0.093884
0.953681
0.046319
0.715792 0.002454
0.145672 0.136082
0.281624 0.646871
0.020744 0.050761
0.028840 0.002830 0.000045
0.280966 0.377948 0.309371
0.000474 0.000000 0.000000 0.000000
0.686945 0.239393 0.060246 0.012941
0.920172
0.079828
0.063740 0.883329
0.012665 0.040267
0.356519 0.565812
0.023335 0.054334
0.950554
0.049446
0.931139
0.068861
0.616871 0.294514
0.029973 0.058642
0.020776 0.000247 0.000000
0.331245 0.379838 0.267893
0.612792 0.293189
0.030522 0.063496
0.943824
0.056176
0.946033
0.053967
0.024902 0.071228
0.255236 0.648634
0.003427
0.996573
0.725334 0.000852
0.135760 0.138054
0.926751
0.073249
0.955724
0.044276
0.001980 0.000000
0.798382 0.199638
0.881861
0.118139
0.618152 0.276548
0.036114 0.069185
0.885395
0.114605
0.115729
0.884271
0.479308 0.419700
0.031701 0.069290
0.947369
0.052631
0.950255
0.049745
0.743692 0.150167
0.038424 0.067718
0.818801 0.035711
0.058608 0.086880
0.929285
0.070715
0.952607
0.047393
0.004033 0.000000
0.590645 0.405322
0.954913
0.045087
0.000314 0.000000
0.716848 0.282838
0.422231
0.577769
0.692676 0.208103
0.033437 0.065783
0.956257
0.043743
0.006085 0.000002
0.574663 0.419249
0.945264
0.054736
0.860544 0.022933
0.044897 0.071625
0.851983
0.148017
0.000004
0.999996
0.013898 0.000046
0.521459 0.464597
0.107621
0.892379
0.165354 0.762188
0.019605 0.052852
0.933377
0.066623
0.004922
0.995078
0.629823 0.025711 0.000280
0.138030 0.129898 0.076258
0.955405
0.044595
0.878751
0.121249
0.953159
0.046841
0.058448 0.068724
0.247518 0.625310
0.941134
0.058866
0.000161
0.999839
0.046716 0.903417
0.011813 0.038054
0.939135
0.060865
0.023794
0.976206
0.425153 0.000535
0.358294 0.216017
0.019233 0.652891
0.075047 0.252828
0.005442
0.994558
0.952043
0.047957
0.851953 0.030752
0.044613 0.072681
0.030182 0.922329
0.010973 0.036517
0.775523
0.224477
0.871392
0.128608
0.953727
0.046273
0.146283
0.853717
0.124565
0.875435
0.524871 0.385936
0.028152 0.061041
0.946915
0.053085
0.844049 0.041403
0.044256 0.070292
0.299657 0.625077
0.021770 0.053496
0.023059 0.932508
0.009200 0.035233
0.516854
0.483146
0.315547 0.609541
0.021893 0.053019
0.010395 0.937527
0.010904 0.041174
0.002414 0.000000
0.611132 0.386455
0.236290 0.695915
0.019115 0.048681
0.000064 0.000000
0.774154 0.225782
0.032915 0.919549
0.010021 0.037516
0.539227 0.342623
0.035075 0.083075
0.000000
1.000000
0.942014
0.057986
0.730151
0.269849
0.000135 0.000000
0.799752 0.200113
0.416271 0.411233 0.048535
0.023281 0.045565 0.055115
0.024801 0.000007
0.501285 0.473906
0.001869 0.163154 0.775372
0.005020 0.017496 0.037089
0.889427
0.110573
0.083928 0.862903
0.013534 0.039635
0.046210 0.000217
0.443756 0.509817
0.000009
0.999991
0.241993 0.689055
0.019486 0.049466
0.654535 0.254061
0.031771 0.059634
0.000347
0.999653
0.032112 0.053662
0.270547 0.643678
0.151215
0.848785
0.000052
0.999948
0.075840 0.871943
0.013054 0.039163
0.577247
0.422753
0.145885
0.854115
0.927301
0.072699
0.787035 0.011177
0.096436 0.105352
0.191715
0.808285
0.019423 0.916243
0.015119 0.049216
0.491080
0.508920
0.581335
0.418665
0.421502 0.000310
0.330764 0.247424
0.163346 0.775901
0.016240 0.044513
0.000112
0.999888
0.930778
0.069222
0.081765
0.918235
0.956252
0.043748
0.951685
0.048315
0.001077 0.934636
0.010165 0.054122
0.425323
0.574677
0.554667 0.000162
0.240654 0.204517
0.256219 0.674128
0.019836 0.049817
0.031028
0.968972
0.003311
0.996689
0.062364 0.004322
0.341875 0.591439
0.814272 0.062111
0.049487 0.074129
0.912591
0.087409
0.003021 0.885504
0.021070 0.090405
0.515180
0.484820
0.930653
0.069347
0.953207
0.046793
0.952665
0.047335
0.630336 0.222614
0.050322 0.096727
0.157099
0.842901
0.130703
0.869297
0.910879
0.089121
0.002963 0.000003
0.675504 0.321530
0.948529
0.051471
0.050976 0.614148 0.251950
0.009740 0.027612 0.045573
0.044713
0.955287
0.368387 0.540146
0.025433 0.066033
0.230193 0.700550
0.019446 0.049811
0.000044
0.999956
0.038410
0.961590
0.931696
0.068304
0.026927
0.973073
0.072129 0.876209
0.012956 0.038706
0.665186 0.238530
0.032039 0.064245
0.000187 0.055996
0.187942 0.755874
0.003950 0.314924 0.626433
0.004772 0.016569 0.033351
0.191355 0.743194
0.018025 0.047426
0.403430 0.000610 0.000000
0.275693 0.216783 0.103484
0.096379
0.903621
0.023907 0.918834
0.012852 0.044408
0.073459 0.000513
0.382707 0.543322
0.000009
0.999991
0.942426
0.057574
0.002093
0.997907
0.740687 0.158421
0.035426 0.065466
0.948640
0.051360
0.641883 0.255320
0.032103 0.070694
0.123994
0.876006
0.907772
0.092228
0.009596
0.990404
0.819382 0.074588
0.040472 0.065557
0.255832 0.674290
0.019888 0.049990
0.024697 0.000001
0.770374 0.204929
0.190395 0.746279
0.017375 0.045951
0.138724 0.444771
0.109737 0.306767
0.923434
0.076566
0.603619 0.302717
0.030268 0.063396
0.555375
0.444625
0.024578
0.975422
0.000001
0.999999
0.952891
0.047109
0.075052 0.004301
0.348887 0.571760
0.150502
0.849498
0.078436
0.921564
0.024655 0.928068
0.010743 0.036534
0.023934 0.918379
0.012189 0.045498
0.367917 0.543964
0.024706 0.063414
0.951510
0.048490
0.844863
0.155137
0.028639 0.000585
0.458635 0.512141
0.670259
0.329741
0.778733
0.221267
0.031515 0.051838
0.260643 0.656004
0.000002 0.003025 0.106626
0.045058 0.220309 0.624980
0.096967
0.903033
0.881191
0.118809
0.000006
0.999994
0.766915 0.045836 0.000220
0.052371 0.073500 0.061158
0.914778
0.085222
0.938115
0.061885
0.009850 0.752329
0.047423 0.190398
0.909904
0.090096
0.546882
0.453118
0.943205
0.056795
0.621764 0.260140
0.038160 0.079936
0.324260 0.001382
0.329906 0.344452
0.001368 0.000000
0.644767 0.353865
0.063258 0.876570
0.015616 0.044556
0.391083
0.608917
0.050433 0.447169 0.400261
0.011575 0.033342 0.057220
0.669845
0.330155
0.119154
0.880846
0.017406 0.938464
0.008832 0.035298
0.906372
0.093628
0.939812
0.060188
0.348011 0.000358
0.308347 0.343284
0.002248
0.997752
0.007035 0.934413
0.011748 0.046804
0.931124
0.068876
0.859339 0.006395
0.056006 0.078259
0.098772 0.000536
0.429674 0.471018
0.263767 0.607475
0.038695 0.090063
0.947347
0.052653
0.007490 0.932483
0.011433 0.048593
0.902395
0.097605
0.000002 0.000000
0.899141 0.100857
0.539182 0.000257
0.253700 0.206861
0.000908 0.000000
0.677772 0.321320
0.000007
0.999993
0.953710
0.046290
0.904024
0.095976
0.000032
0.999968
0.001965
0.998035
0.789645 0.014222
0.091623 0.104510
0.846332
0.153668
0.915230
0.084770
0.000115
0.999885
0.003163
0.996837
0.000090 0.000000
0.836098 0.163812
0.443654 0.407318 0.012987
0.024173 0.050478 0.061391
0.000313
0.999687
0.035799 0.003538
0.437834 0.522830
0.000032
0.999968
0.000444 0.000000
0.690948 0.308608
0.802548 0.041376
0.064835 0.091241
0.943831
0.056169
0.232282 0.674829
0.024414 0.068474
0.956317
0.043683
0.002255 0.200591 0.700893
0.007585 0.028068 0.060609
0.000505
0.999495
0.001307 0.212728 0.737203
0.003857 0.014287 0.030619
0.928795
0.071205
0.080988 0.126370
0.235467 0.557175
0.858412 0.021947
0.046380 0.073261
0.012476 0.000266
0.569268 0.417990
0.518502
0.481498
0.830935
0.169065
0.846384 0.032076
0.048698 0.072842
0.000003
0.999997
0.369990 0.209591
0.134381 0.286038
0.004512 0.131928
0.200849 0.662711
0.012020 0.905769
0.017253 0.064958
0.000049
0.999951
0.771877 0.045745
0.084193 0.098185
0.000992
0.999008
0.952984
0.047016
0.951433
0.048567
0.719444 0.174904
0.035515 0.070137
0.942551
0.057449
0.822340 0.066308
0.042019 0.069334
0.021799 0.923412
0.012429 0.042360
0.043638 0.558681 0.319625
0.008878 0.025694 0.043484
0.898708
0.101292
0.953409
0.046591
0.124033
0.875967
0.144193
0.855807
0.953706
0.046294
0.092155
0.907845
0.050659 0.891279
0.014079 0.043983
0.156062
0.843938
0.120042
0.879958
0.000493
0.999507
0.954826
0.045174
0.955422
0.044578
0.578374 0.318160
0.035096 0.068369
0.919371
0.080629
0.020173 0.922120
0.012756 0.044950
0.001164
0.998836
0.001289 0.127715
0.183494 0.687502
0.822964 0.043801
0.054189 0.079047
0.057483 0.047892
0.278907 0.615719
0.010102 0.000002
0.549354 0.440542
0.041953 0.045434
0.279594 0.633018
0.000081 0.000000
0.768385 0.231533
0.944077
0.055923
0.931415
0.068585
0.003871 0.055730 0.040112
0.088905 0.288356 0.523027
0.000519 0.000000
0.694180 0.305301
0.956342
0.043658
0.219033 0.307471
0.145730 0.327766
0.266029 0.653011
0.021582 0.059377
0.645509 0.000207
0.182828 0.171457
0.952208
0.047792
0.004624 0.927214
0.012460 0.055702
0.024065 0.000805 0.000004
0.313702 0.377846 0.283578
0.827987 0.063946
0.040508 0.067560
0.663701 0.167686
0.064188 0.104425
0.000003
0.999997
0.001180 0.000000
0.653917 0.344903
0.001884
0.998116
0.110557 0.829991
0.014385 0.045067
0.001808 0.241155 0.678275
0.006455 0.023369 0.048938
0.018198 0.019341 0.001309 0.000014
0.123658 0.244565 0.303111 0.289804
0.937135
0.062865
0.000001
0.999999
0.178649 0.499537 0.131357
0.028252 0.067188 0.095018
0.002564
0.997436
0.779396 0.032215 0.000086
0.052791 0.073348 0.062164
0.000002
0.999998
0.004967
0.995033
0.000008
0.999992
0.955591
0.044409
0.292311 0.632943
0.020668 0.054078
0.083982 0.862920
0.013450 0.039649
0.944967
0.055033
0.131706
0.868294
0.433668 0.009197
0.346247 0.210888
0.418700 0.028726
0.211601 0.340972
0.841898 0.009463
0.064258 0.084381
0.001906 0.058028 0.025538
0.087586 0.292652 0.534290
0.080695 0.816739
0.026116 0.076450
0.477440 0.435065
0.026969 0.060527
0.941140
0.058860
0.000020 0.000000
0.819410 0.180569
0.022249 0.358364 0.522824
0.009566 0.030235 0.056762
0.548817
0.451183
0.947796
0.052204
0.955968
0.044032
0.004842 0.950206
0.008141 0.036812
0.947291
0.052709
0.921495
0.078505
0.944184
0.055816
0.000021 0.000000
0.794606 0.205373
0.945136
0.054864
0.013013 0.108402
0.235998 0.642587
0.086879 0.000086
0.549611 0.363424
0.486312
0.513688
0.945475
0.054525
0.746496 0.151450
0.036243 0.065811
0.000964
0.999036
0.153437
0.846563
0.754207 0.145625
0.036886 0.063283
0.216813
0.783187
0.000012 0.000000
0.823522 0.176465
0.851391
0.148609
0.007719
0.992281
0.000004
0.999996
0.000001
0.999999
0.943595
0.056405
0.955764
0.044236
0.464409 0.000032
0.307137 0.228422
0.055600 0.002654
0.363818 0.577928
0.947914
0.052086
0.044635
0.955365
0.395333
0.604667
0.000171
0.999829
0.053363 0.026680
0.314705 0.605251
0.013318
0.986682
0.955293
0.044707
0.932152
0.067848
0.000183
0.999817
0.000263
0.999737
0.944986
0.055014
0.137188
0.862812
0.000370
0.999630
0.378444 0.003141
0.284283 0.334132
0.000019 0.000000
0.796099 0.203882
0.776996 0.012239 0.000009
0.065177 0.083263 0.062316
0.563466 0.328455
0.035449 0.072630
0.470509
0.529491
0.024469 0.000002
0.796428 0.179101
0.612043 0.276521
0.036774 0.074661
0.011913 0.000359
0.600077 0.387651
0.001030 0.109728 0.519455 0.303621
0.002835 0.009838 0.020706 0.032786
0.929768
0.070232
0.003816 0.000005 0.000000 0.000000 0.000000
0.416859 0.322520 0.164752 0.067858 0.024191
0.009329 0.000010
0.672539 0.318122
0.000862 0.000000
0.794682 0.204456
0.002828 0.381788 0.555419
0.004575 0.017780 0.037610
0.010913
0.989087
0.011774 0.946652
0.008280 0.033293
0.085937
0.914063
0.805256 0.008776
0.086412 0.099556
0.956030
0.043970
0.051298 0.011782
0.344415 0.592505
0.059609 0.001865
0.374502 0.564023
0.161340
0.838660
0.743640 0.026729
0.114218 0.115413
0.801453 0.075090
0.048946 0.074511
0.163943 0.772846
0.017121 0.046090
0.215027 0.655355
0.036407 0.093211
0.031224 0.000062
0.453941 0.514773
0.002690 0.000000
0.840587 0.156722
0.040271 0.911579
0.011419 0.036730
0.928882
0.071118
0.010133 0.461074 0.464940
0.006224 0.020090 0.037539
0.076807
0.923193
0.163554 0.776493
0.016857 0.043096
0.001748 0.000000
0.664088 0.334164
0.948652
0.051348
0.009880 0.000000
0.736284 0.253836
0.739464 0.158231
0.035798 0.066507
0.027421
0.972579
0.727705
0.272295
0.000231
0.999769
0.213528 0.720953
0.018241 0.047278
0.392316 0.526059
0.024481 0.057145
0.009256
0.990744
0.829140 0.004674
0.074080 0.092106
0.955476
0.044524
0.945189
0.054811
0.029340 0.924035
0.010842 0.035783
0.143935 0.796982
0.015567 0.043517
0.690582 0.118827 0.001346 0.000003
0.034577 0.056372 0.056077 0.042217
0.958122
0.041878
0.546775
0.453225
0.117246
0.882754
0.000840 0.913344
0.012687 0.073130
0.098979
0.901021
0.957775
0.042225
0.000316
0.999684
0.951031
0.048969
0.800251 0.036617
0.072554 0.090578
0.832171
0.167829
0.024367 0.931415
0.009316 0.034902
0.865039
0.134961
0.000282 0.464149
0.075902 0.459667
0.950295
0.049705
0.077801
0.922199
0.911823
0.088177
0.163171
0.836829
0.023864
0.976136
0.847785
0.152215
0.000664 0.913376
0.012713 0.073248
0.000123 0.000000
0.750183 0.249694
0.572030 0.000195
0.230244 0.197531
0.934709
0.065291
0.348738 0.573409
0.023028 0.054824
0.680783 0.169609
0.051370 0.098238
0.938494
0.061506
0.824203 0.004593
0.076598 0.094606
0.055510 0.015843
0.322154 0.606493
0.950362
0.049638
0.955848
0.044152
0.588721 0.318578
0.029904 0.062796
0.000444 0.820012
0.029459 0.150084
0.044817 0.007481
0.381110 0.566592
0.944989
0.055011
0.007243 0.000000
0.787192 0.205564
0.000000
1.000000
0.041247
0.958753
0.000112 0.000000
0.770328 0.229560
0.000003 0.000000
0.855184 0.144813
0.836203 0.044342
0.047315 0.072140
0.000232
0.999768
0.381152 0.538751
0.023998 0.056099
0.953595
0.046405
0.210782 0.725570
0.018518 0.045130
0.930259
0.069741
0.230714 0.696570
0.019180 0.053536
0.684228
0.315772
0.454381 0.450806
0.030378 0.064435
0.032466 0.000020
0.560710 0.406804
0.000078
0.999922
0.000000 0.001353
0.106081 0.892566
0.941947
0.058053
0.933782
0.066218
0.006430 0.369696 0.564657
0.005423 0.018232 0.035561
0.000208 0.000000
0.792658 0.207134
0.474463 0.438748
0.027161 0.059628
0.002898 0.000000
0.778764 0.218337
0.781229 0.044848
0.067984 0.105939
0.955050
0.044950
0.293306
0.706694
0.146794
0.853206
0.011172 0.943564
0.008583 0.036680
0.006286
0.993714
0.953752
0.046248
0.799453 0.086566
0.041831 0.072150
0.947276
0.052724
0.943154
0.056846
0.001610
0.998390
0.917250
0.082750
0.950034
0.049966
0.430660 0.280401
0.091492 0.197448
0.956080
0.043920
0.129010
0.870990
0.703525 0.183270
0.040677 0.072528
0.524766 0.385377
0.028197 0.061660
0.951679
0.048321
0.803446 0.009673
0.082459 0.104421
0.011474 0.342313 0.470545 0.082128
0.005548 0.016607 0.030160 0.041224
0.001070
0.998930
0.068843 0.000773 0.000001
0.346886 0.359048 0.224450
0.001027 0.259842
0.134100 0.605031
0.000005
0.999995
0.782161 0.106563
0.039867 0.071409
0.931354
0.068646
0.051252 0.000497
0.384808 0.563443
0.063995 0.884485
0.012813 0.038707
0.370657
0.629343
0.000262 0.000000
0.716329 0.283409
0.154849
0.845151
0.018950
0.981050
0.001880 0.000000
0.730378 0.267742
0.127847 0.812951
0.015632 0.043570
0.810492 0.020970
0.072217 0.096320
0.919613
0.080387
0.001028
0.998972
0.902945
0.097055
0.781191
0.218809
0.756417 0.142187
0.035753 0.065643
0.032965 0.021453 0.000650
0.181718 0.351240 0.411974
0.000000
1.000000
0.697266 0.204680
0.033462 0.064592
0.251232 0.560736 0.073517
0.017791 0.041047 0.055676
0.945742
0.054258
0.047748 0.002299
0.389291 0.560661
0.203046 0.729844
0.018592 0.048519
0.372966
0.627034
0.952691
0.047309
0.935635
0.064365
0.956570
0.043430
0.057937 0.004372
0.348558 0.589133
0.002092 0.173551
0.161755 0.662602
0.950067
0.049933
0.191281
0.808719
0.140359
0.859641
0.937643
0.062357
0.846854
0.153146
0.939322
0.060678
0.000090 0.000000
0.758041 0.241869
0.004146
0.995854
0.499741 0.332718
0.053414 0.114126
0.025082 0.021747 0.002373
0.180983 0.353974 0.415841
0.107810
0.892190
0.846805 0.035369
0.045191 0.072635
0.798410 0.095062
0.036081 0.070447
0.000143
0.999857
0.042842 0.001044
0.451468 0.504646
0.831152 0.033073
0.051485 0.084291
0.938228
0.061772
0.624311 0.281432
0.031020 0.063236
0.953095
0.046905
0.722626 0.020087 0.000029
0.075239 0.101565 0.080453
0.003607 0.169638
0.183795 0.642960
0.341461 0.581900
0.022661 0.053977
0.173790 0.646139 0.069622
0.015846 0.038961 0.055643
0.000089 0.000000
0.816173 0.183738
0.000081 0.000000
0.751447 0.248472
0.050337 0.014074
0.340017 0.595572
0.004268 0.335628
0.131771 0.528333
0.827302 0.062622
0.041319 0.068758
0.000594 0.000000 0.000000
0.648649 0.273804 0.076953
0.946837
0.053163
0.763901 0.121713
0.044665 0.069720
0.138453
0.861547
0.018742 0.000041
0.492435 0.488781
0.000057 0.000000
0.845706 0.154237
0.815467
0.184533
0.140020 0.799851
0.015976 0.044154
0.001066 0.000000
0.816594 0.182339
0.004370
0.995630
0.307454 0.616623
0.022026 0.053897
0.728516
0.271484
0.792776
0.207224
0.906424
0.093576
0.119448
0.880552
0.380409 0.537178
0.024601 0.057812
0.060304 0.002754
0.366317 0.570625
0.006827 0.922387
0.015336 0.055450
0.073824 0.002692
0.382418 0.541066
0.009284
0.990716
0.115062
0.884938
0.062681 0.839059
0.024388 0.073872
0.004294 0.000000
0.747047 0.248659
0.073281 0.002552
0.343741 0.580426
0.797888 0.015702
0.086928 0.099481
0.000031
0.999969
0.133035
0.866965
0.956316
0.043684
0.000134 0.060440
0.156400 0.783026
0.000000
1.000000
0.284962 0.561092
0.042011 0.111935
0.825076 0.004966
0.076217 0.093741
0.004182 0.000000 0.000000 0.000000
0.727125 0.213960 0.046115 0.008618
0.000308
0.999692
0.001109 0.937678
0.009795 0.051418
0.950997
0.049003
0.031865 0.098726
0.227905 0.641504
0.783421
0.216579
0.957345
0.042655
0.377612
0.622388
0.410039 0.507531
0.024923 0.057507
0.839843 0.046221
0.043816 0.070120
0.478958
0.521042
0.928261
0.071739
0.822478
0.177522
0.446268 0.431099
0.039364 0.083269
0.000665 0.000000
0.687762 0.311573
0.627314
0.372686
0.000000
1.000000
0.248361 0.520141
0.071094 0.160404
0.903497
0.096503
0.009086
0.990914
0.954974
0.045026
0.952951
0.047049
0.113193
0.886807
0.012995 0.392996 0.441646 0.051819
0.006188 0.018244 0.032542 0.043570
0.014764 0.000024
0.516706 0.468506
0.035278 0.000164
0.436912 0.527646
0.540339 0.367729
0.029103 0.062830
0.000001
0.999999
0.000264 0.000000
0.816191 0.183545
0.078877 0.567294 0.188655
0.020876 0.056097 0.088201
0.002483 0.193858 0.522909
0.023295 0.083434 0.174021
0.773868 0.032700 0.000093
0.057067 0.077196 0.059074
0.221842 0.000649
0.375495 0.402014
0.768150 0.001632
0.110447 0.119771
0.595687 0.309830
0.031480 0.063003
0.002712 0.919641
0.014471 0.063175
0.632869
0.367131
0.000042
0.999958
0.245124
0.754876
0.011092 0.939089
0.010592 0.039227
0.944688
0.055312
0.290347 0.641962
0.020542 0.047149
0.000005 0.000000
0.844348 0.155647
0.703308 0.022286
0.137841 0.136565
0.925304
0.074696
0.012172
0.987828
0.929730
0.070270
0.907677
0.092323
0.817062 0.068929
0.043907 0.070102
0.307825
0.692175
0.953316
0.046684
0.920446
0.079554
0.107088 0.429094
0.118803 0.345015
0.953599
0.046401
0.432945 0.482895
0.025879 0.058282
0.938969
0.061031
0.946713
0.053287
0.685485 0.010051
0.161795 0.142668
0.662982 0.010873
0.138204 0.187941
0.942468
0.057532
0.720073 0.021600
0.110892 0.147435
0.036974 0.000475
0.445141 0.517410
0.025883 0.083410
0.248956 0.641750
0.004151 0.000000
0.828026 0.167823
0.848723
0.151277
0.000426 0.000000
0.726631 0.272943
0.385450
0.614550
0.008166 0.938942
0.010985 0.041907
0.892784
0.107216
0.908794
0.091206
0.001380 0.000002
0.731514 0.267105
0.132550
0.867450
0.052846
0.947154
0.000051 0.062773 0.897309
0.002008 0.010113 0.027746
0.000341
0.999659
0.942014
0.057986
0.004465
0.995535
0.840586 0.047943
0.042373 0.069099
0.828471 0.063074
0.038478 0.069977
0.047482 0.039525
0.290648 0.622344
0.846859
0.153141
0.824835 0.037642
0.057656 0.079866
0.002904 0.000008
0.705678 0.291410
0.030984 0.000097
0.450041 0.518878
0.092934 0.624314 0.196539
0.011716 0.029481 0.045016
0.154340
0.845660
0.031206 0.000263 0.000000
0.322948 0.381371 0.264211
0.057744 0.003400
0.333517 0.605339
0.226791 0.704719
0.019202 0.049287
0.196789 0.701364
0.028236 0.073611
0.011836 0.439776 0.484089
0.006273 0.020207 0.037819
0.576361 0.329853
0.030094 0.063692
0.783273
0.216727
0.938655
0.061345
0.639988 0.255726
0.032094 0.072192
0.918484
0.081516
0.020697 0.000106
0.498451 0.480746
0.879744
0.120256
0.950179
0.049821
0.939784
0.060216
0.060137 0.014680
0.306628 0.618556
0.000038
0.999962
0.951029
0.048971
0.000387 0.079530 0.739660
0.013477 0.050799 0.116147
0.609604 0.000333
0.206536 0.183526
0.828069
0.171931
0.098057 0.000421 0.000000
0.333815 0.350466 0.217240
0.809644
0.190356
0.954306
0.045694
0.000463
0.999537
0.000900
0.999100
0.000173 0.000000 0.000000
0.707613 0.242862 0.049352
0.819203
0.180797
0.007185
0.992815
0.000123
0.999877
0.002061 0.000000
0.843297 0.154642
0.033657 0.064792
0.262575 0.638976
0.214157 0.621648 0.047310
0.017433 0.041671 0.057780
0.052237 0.010348
0.304830 0.632584
0.000000 0.002919 0.900774
0.002748 0.019367 0.074191
0.028592 0.000046
0.489515 0.481846
0.537359 0.000804
0.259926 0.201910
0.951113
0.048887
0.763513 0.012033
0.109343 0.115111
0.452623 0.464269
0.026453 0.056655
0.000002
0.999998
0.015625
0.984375
0.427264 0.475757
0.030299 0.066680
0.852934 0.020068
0.051700 0.075298
0.002617 0.833484
0.029797 0.134102
0.686046 0.000536
0.158843 0.154575
0.002670
0.997330
0.008343 0.000000
0.769991 0.221666
0.946400
0.053600
0.947545
0.052455
0.938175
0.061825
0.943113
0.056887
0.136650
0.863350
0.038881 0.006204 0.000050
0.222580 0.370585 0.361700
0.943063
0.056937
0.021262
0.978738
0.075054 0.000004 0.000000
0.541859 0.289354 0.093729
0.141306
0.858694
0.605598 0.301197
0.030844 0.062360
0.932797
0.067203
0.954799
0.045201
0.940442
0.059558
0.000907 0.000000
0.654119 0.344974
0.929685
0.070315
0.953936
0.046064
0.000126
0.999874
0.928932
0.071068
0.950287
0.049713
0.931138
0.068862
0.824022
0.175978
0.641857 0.253417
0.036020 0.068706
0.365520 0.561308
0.022794 0.050378
0.955220
0.044780
0.936705
0.063295
0.013185 0.000021 0.000000
0.400262 0.376964 0.209568
0.000372 0.000000
0.783227 0.216400
0.842815
0.157185
0.948230
0.051770
0.376032
0.623968
0.926127
0.073873
0.209767
0.790233
0.038595 0.683015 0.191745
0.009057 0.028505 0.049084
0.952441
0.047559
0.420672 0.425767 0.017755
0.023903 0.050237 0.061665
0.000000
1.000000
0.187245 0.715258
0.026723 0.070774
0.939821
0.060179
0.042959 0.000652
0.411015 0.545375
0.948516
0.051484
0.783369
0.216631
0.600292
0.399708
0.195831
0.804169
0.055857 0.005517
0.324206 0.614420
0.010774
0.989226
0.000181
0.999819
0.536803
0.463197
0.776411 0.018695
0.094065 0.110829
0.789944 0.092744
0.045664 0.071648
0.892629
0.107371
0.029157 0.000115
0.463708 0.507020
0.001673
0.998327
0.944207
0.055793
0.223525 0.710505
0.018474 0.047496
0.071377
0.928623
0.954482
0.045518
0.950173
0.049827
0.784496 0.024306 0.000038
0.054972 0.075456 0.060732
0.144968 0.292865 0.046925 0.001462 0.000013
0.045201 0.095825 0.127703 0.131691 0.113348
0.853138
0.146862
0.949249
0.050751
0.119723
0.880277
0.004309 0.868187
0.025603 0.101901
0.146622
0.853378
0.733289 0.165520
0.034893 0.066298
0.179383
0.820617
0.048348 0.899871
0.012081 0.039700
0.956759
0.043241
0.023804
0.976196
0.634235 0.184417 0.000970
0.035913 0.069891 0.074575
0.153344 0.784110
0.016851 0.045695
0.000023
0.999977
0.000273
0.999727
0.850993 0.015973
0.055446 0.077587
0.944943
0.055057
0.890144
0.109856
0.003897
0.996103
0.256142 0.576316 0.049740
0.018262 0.042324 0.057215
0.953302
0.046698
0.103460 0.008094
0.329248 0.559199
0.189036
0.810964
0.001503
0.998497
0.399525 0.447668 0.006041
0.023797 0.054623 0.068345
0.879076
0.120924
0.004707 0.000000
0.611626 0.383667
0.948410
0.051590
0.075831 0.024645
0.302099 0.597426
0.015584 0.000006
0.681450 0.302960
0.891549
0.108451
0.039233 0.040578
0.291725 0.628463
0.109090 0.000002
0.581165 0.309743
0.626637
0.373363
0.402307 0.000227
0.335385 0.262081
0.010554
0.989446
0.050565 0.020593
0.328844 0.599998
0.796088 0.096967
0.039064 0.067881
0.060004 0.734120 0.109873
0.010828 0.032382 0.052793
0.891308
0.108692
0.005720 0.291891
0.157002 0.545388
0.139844 0.601780 0.165605
0.013401 0.032199 0.047171
0.909172
0.090828
0.842945 0.041007
0.045448 0.070600
0.002888
0.997112
0.048152 0.002466
0.396703 0.552678
0.197087 0.016438
0.295231 0.491244
0.104429
0.895571
0.433264
0.566736
0.945598
0.054402
0.302837
0.697163
0.070943 0.876575
0.013102 0.039380
0.367135 0.422089
0.064167 0.146609
0.000875 0.874836
0.021451 0.102837
0.001139
0.998861
0.126977 0.207412
0.197156 0.468455
0.159541
0.840459
0.000293
0.999707
0.006580 0.000003
0.552817 0.440600
0.927653
0.072347
0.913251
0.086749
0.013609 0.113237
0.224352 0.648803
0.955181
0.044819
0.000000 0.000109 0.011317 0.181848 0.680346
0.000831 0.004439 0.014435 0.035453 0.071221
0.881833
0.118167
0.944107
0.055893
0.109431 0.007219
0.372779 0.510571
0.257789
0.742211
0.016348
0.983652
0.940876
0.059124
0.028146 0.000423 0.000000
0.303237 0.383639 0.284556
0.309730 0.604756
0.023210 0.062304
0.117214
0.882786
0.952918
0.047082
0.744017
0.255983
0.000097 0.000000
0.742950 0.256953
0.002167 0.000001
0.656807 0.341026
0.019127 0.000111 0.000000
0.420607 0.361803 0.198352
0.053438 0.001483
0.396451 0.548628
0.947481
0.052519
0.048849 0.896194
0.012506 0.042450
0.046786
0.953214
0.520652 0.388852
0.028539 0.061957
0.042139 0.909956
0.011480 0.036426
0.046295 0.042038
0.293892 0.617775
0.332497 0.513161 0.027823
0.020795 0.046126 0.059599
0.941434
0.058566
0.015170 0.909272
0.016469 0.059089
0.217401 0.701321
0.022716 0.058562
0.956193
0.043807
0.830935
0.169065
0.045109
0.954891
0.887752
0.112248
0.011954 0.000053
0.548262 0.439731
0.922644
0.077356
0.842359
0.157641
0.000000
1.000000
0.787732
0.212268
0.923742
0.076258
0.955040
0.044960
0.848104 0.003998
0.063895 0.084003
0.070745 0.000000
0.641325 0.287930
0.518387 0.311828
0.054412 0.115372
0.005753
0.994247
0.931190
0.068810
0.674333
0.325667
0.008890 0.934572
0.011571 0.044967
0.897999
0.102001
0.185213
0.814787
0.000646
0.999354
0.950205
0.049795
0.124206 0.003204 0.000003
0.257889 0.349912 0.264786
0.094210 0.850283
0.013034 0.042474
0.341150 0.587642
0.022053 0.049155
0.001837 0.000000
0.642735 0.355428
0.951763
0.048237
0.908686
0.091314
0.009894 0.000045 0.000000
0.442821 0.363110 0.184131
0.858337
0.141663
0.000025 0.000000
0.836974 0.163001
0.002145 0.000000
0.659177 0.338678
0.053667
0.946333
0.008498
0.991502
0.938151
0.061849
0.843522 0.040103
0.045649 0.070726
0.084278 0.000191
0.601229 0.314301
0.589412
0.410588
0.049383 0.022415
0.286807 0.641395
0.037580 0.000191
0.435984 0.526245
0.024374 0.000107
0.475204 0.500315
0.139979 0.000243
0.619747 0.240031
0.056207
0.943793
0.003352 0.000003
0.732796 0.263848
0.952493
0.047507
0.890546
0.109454
0.707478 0.002506 0.000000
0.107518 0.114469 0.068029
0.001407 0.780719
0.035967 0.181907
0.055226 0.007325
0.322073 0.615376
0.935215
0.064785
0.941846
0.058154
0.954928
0.045072
0.184483 0.751685
0.017492 0.046340
0.005568 0.940674
0.009218 0.044541
0.854526 0.032700
0.042242 0.070532
0.003050
0.996950
0.000447
0.999553
0.090903 0.854118
0.014083 0.040896
0.949971
0.050029
0.815423 0.020843
0.072882 0.090852
0.114326
0.885674
0.607715 0.221980
0.059246 0.111059
0.047153 0.000341
0.401905 0.550601
0.396491 0.012262
0.238404 0.352843
0.387827 0.533726
0.023961 0.054486
0.938438
0.061562
0.176055
0.823945
0.759454 0.126756
0.040908 0.072882
0.007312 0.000002
0.565110 0.427576
0.956911
0.043089
0.950304
0.049696
0.003205 0.000021 0.000000
0.568507 0.307193 0.121073
0.478407
0.521593
0.065293 0.000135
0.498404 0.436168
0.955038
0.044962
0.016423 0.093959
0.236979 0.652640
0.768220 0.099447
0.054493 0.077841
0.954789
0.045211
0.180013 0.038479
0.253402 0.528106
0.349517
0.650483
0.338524 0.590298
0.021971 0.049207
0.000620 0.000000 0.000000
0.678127 0.262455 0.058799
0.079998 0.864839
0.012961 0.042202
0.145997 0.793078
0.016279 0.044646
0.005463 0.000000
0.611780 0.382756
0.936345
0.063655
0.000041
0.999959
0.159954
0.840046
0.615676 0.290084
0.030581 0.063660
0.037550 0.000755
0.426850 0.534846
0.788347
0.211653
0.000202 0.012231 0.053105 0.041699
0.043523 0.138997 0.278638 0.431604
0.908767
0.091233
0.732813
0.267187
0.039995 0.013518 0.000902
0.226053 0.359537 0.359996
0.921799
0.078201
0.905687
0.094313
0.953238
0.046762
0.643034 0.077456
0.104158 0.175352
0.006935
0.993065
0.860265 0.019485
0.046858 0.073392
0.000001
0.999999
0.003218 0.000000
0.605951 0.390831
0.024173 0.002542 0.000087
0.332081 0.372308 0.268809
0.119503
0.880497
0.000033
0.999967
0.000049
0.999951
0.039656 0.004583
0.429387 0.526374
0.000023 0.000000
0.925206 0.074771
0.771945 0.125290
0.036081 0.066684
0.940915
0.059085
0.955116
0.044884
0.460821
0.539179
0.758527 0.049446
0.090915 0.101113
0.000001 0.000000
0.884097 0.115902
0.101548 0.458813
0.111450 0.328190
0.943555
0.056445
0.036870 0.045739
0.280268 0.637122
0.216831 0.638520
0.038015 0.106635
0.184435
0.815565
0.000120
0.999880
0.012674 0.000012
0.525744 0.461570
0.012648 0.000003
0.532920 0.454429
0.793175 0.008033
0.089368 0.109425
0.000000
1.000000
0.798365 0.017105
0.085149 0.099381
0.860837
0.139163
0.154448 0.122602
0.237983 0.484966
0.853343 0.020269
0.051358 0.075030
0.919680
0.080320
0.373135 0.538482
0.024726 0.063656
0.000258 0.000000 0.000000
0.753290 0.205858 0.040594
0.051174
0.948826
0.859179 0.027485
0.042367 0.070968
0.004005
0.995995
0.712389 0.186858
0.034750 0.066003
0.261109
0.738891
0.027292 0.000031
0.491687 0.480990
0.000087
0.999913
0.044362 0.000532 0.000000
0.289654 0.384437 0.281014
0.458218
0.541782
0.955802
0.044198
0.931812
0.068188
0.564534 0.284738 0.007143
0.028338 0.054291 0.060956
0.028015 0.000265
0.481418 0.490303
0.096389
0.903611
0.874078
0.125922
0.000016
0.999984
0.000128
0.999872
0.000608
0.999392
0.058539 0.002704
0.339145 0.599611
0.013948 0.000015
0.540956 0.445081
0.002079
0.997921
0.957866
0.042134
0.051422 0.016053
0.363616 0.568910
0.331470
0.668530
0.112753
0.887247
0.949455
0.050545
0.796999 0.016344
0.086399 0.100257
0.951333
0.048667
0.118025
0.881975
0.951056
0.048944
0.856937 0.016262
0.051999 0.074802
0.002588
0.997412
0.034182 0.919119
0.009927 0.036771
0.000111
0.999889
0.951745
0.048255
0.000007
0.999993
0.950008
0.049992
0.601873
0.398127
0.055935 0.005637
0.322047 0.616381
0.012617 0.931007
0.012219 0.044158
0.111076
0.888924
0.927766
0.072234
0.120831
0.879169
0.836414 0.040698
0.048975 0.073914
0.934941
0.065059
0.055499
0.944501
0.784774 0.107120
0.036059 0.072047
0.000440 0.000000 0.000000
0.646836 0.276824 0.075900
0.951997
0.048003
0.002444 0.912208
0.015664 0.069684
0.954132
0.045868
0.939851
0.060149
0.000050 0.019529 0.318813 0.614495
0.001440 0.005786 0.014090 0.025796
0.953306
0.046694
0.013548 0.000003
0.550973 0.435476
0.059489
0.940511
0.840554
0.159446
0.617635 0.003539
0.216586 0.162240
0.896234
0.103766
0.929781
0.070219
0.951167
0.048833
0.014613 0.928609
0.011762 0.045015
0.003296
0.996704
0.837516 0.044802
0.046830 0.070852
0.003564 0.000001
0.616011 0.380424
0.857771
0.142229
0.134337
0.865663
0.733008 0.018547
0.127735 0.120710
0.044500 0.906918
0.010842 0.037741
0.000188 0.034934 0.138914
0.063798 0.239957 0.522209
0.608036
0.391964
0.015313 0.108720
0.210859 0.665109
0.933242
0.066758
0.040630 0.053116 0.000921
0.143836 0.335185 0.426312
0.000718
0.999282
0.856466 0.014825
0.053092 0.075618
0.957034
0.042966
0.688576
0.311424
0.856770 0.009104
0.055748 0.078378
0.845650 0.033627
0.048211 0.072512
0.002669 0.839080
0.025641 0.132610
0.853422 0.024203
0.049338 0.073037
0.848372 0.009621
0.060569 0.081438
0.015392 0.625026
0.077279 0.282303
0.385505
0.614495
0.014469 0.000041
0.560800 0.424689
0.756790 0.010855
0.112385 0.119969
0.002051 0.000000 0.000000
0.713646 0.233478 0.050825
0.948995
0.051005
0.923405
0.076595
0.624132
0.375868
0.012950 0.938237
0.010517 0.038296
0.862656
0.137344
0.159860
0.840140
0.738110
0.261890
0.223151 0.525380
0.067898 0.183571
0.940286
0.059714
0.000003 0.001878 0.051186 0.150061
0.021576 0.091319 0.233943 0.450035
0.212059 0.720997
0.018628 0.048316
0.607684 0.297885
0.032095 0.062337
0.869350
0.130650
0.000072
0.999928
0.002457
0.997543
0.764625 0.133952
0.035764 0.065658
0.063146
0.936854
0.227857 0.032242
0.266415 0.473486
0.028094 0.763667
0.048853 0.159387
0.953425
0.046575
0.953388
0.046612
0.205234 0.717391
0.021481 0.055894
0.544785 0.014766
0.187131 0.253318
0.301092 0.627387
0.021058 0.050463
0.845585
0.154415
0.054508 0.895101
0.012318 0.038073
0.636617 0.261798
0.033384 0.068200
0.271023 0.001241
0.502871 0.224865
0.425820 0.491976
0.025201 0.057003
0.008489 0.053821 0.007372
0.114604 0.321108 0.494607
0.000041 0.060739 0.893523
0.002309 0.011615 0.031773
0.879788
0.120212
0.764949 0.134304
0.035235 0.065512
0.946188
0.053812
0.000006
0.999994
0.424796 0.490966
0.025508 0.058730
0.194786 0.739432
0.018149 0.047633
0.846299
0.153701
0.000002
0.999998
0.008617 0.397241 0.476563
0.011222 0.036709 0.069649
0.957053
0.042947
0.737164
0.262836
0.390806
0.609194
0.102218
0.897782
0.209733 0.724379
0.018296 0.047593
0.893715
0.106285
0.410398
0.589602
0.727784 0.173260
0.033822 0.065134
0.948694
0.051306
0.089601 0.856137
0.013577 0.040685
0.892996
0.107004
0.753937
0.246063
0.939739
0.060261
0.073486
0.926514
0.677549 0.222835
0.034968 0.064648
0.900434
0.099566
0.067336 0.003218
0.342668 0.586778
0.421231 0.000020
0.337718 0.241031
0.946519
0.053481
0.374843 0.545450
0.024005 0.055701
0.180489 0.754168
0.017888 0.047456
0.000000
1.000000
0.587976 0.318980
0.029853 0.063191
0.000754
0.999246
0.009415 0.000000
0.716347 0.274238
0.850888 0.024306
0.050684 0.074122
0.001207
0.998793
0.001780 0.945807
0.008824 0.043589
0.948770
0.051230
0.942333
0.057667
0.950439
0.049561
0.906802
0.093198
0.127203
0.872797
0.349307 0.000363
0.331738 0.318592
0.009507
0.990493
0.955502
0.044498
0.945936
0.054064
0.000537
0.999463
0.042029 0.909923
0.011483 0.036564
0.151382
0.848618
0.280542 0.542377 0.056464
0.019209 0.043526 0.057881
0.000686 0.000000
0.705763 0.293551
0.002392
0.997608
0.043936 0.862565
0.022593 0.070907
0.439089
0.560911
0.197489
0.802511
0.953376
0.046624
0.134655
0.865345
0.000002
0.999998
0.613224 0.188210
0.070149 0.128417
0.799593
0.200407
0.060276 0.049349
0.267643 0.622731
0.040501
0.959499
0.041780
0.958220
0.715277
0.284723
0.946992
0.053008
0.700327 0.192689
0.039538 0.067446
0.050102 0.901039
0.011884 0.036975
0.922849
0.077151
0.094126
0.905874
0.011553
0.988447
0.906753
0.093247
0.934416
0.065584
0.001012
0.998988
0.932077
0.067923
0.846347 0.039809
0.042645 0.071199
0.051267
0.948733
0.189109
0.810891
0.000060 0.013555 0.149188
0.040117 0.205877 0.591202
0.024752 0.928770
0.010645 0.035834
0.089133 0.033996
0.295013 0.581857
0.386134
0.613866
0.025228
0.974772
0.178599 0.755989
0.017894 0.047518
0.028897 0.925917
0.009661 0.035525
0.853640 0.023304
0.049738 0.073318
0.947982
0.052018
0.722573 0.164220
0.040397 0.072810
0.017837 0.000015
0.505996 0.476152
0.000674
0.999326
0.945628
0.054372
0.541287
0.458713
0.012264
0.987736
0.029206
0.970794
0.089023 0.826881
0.021608 0.062488
0.684844
0.315156
0.335857 0.592514
0.021990 0.049639
0.001841 0.225901 0.712773
0.004783 0.017513 0.037189
0.926212
0.073788
0.798789 0.037827
0.059190 0.104194
0.291351 0.278279
0.123926 0.306443
0.667631 0.235944
0.032013 0.064412
0.018426
0.981574
0.003248 0.000000
0.612126 0.384625
0.053134
0.946866
0.001830 0.000001
0.694058 0.304112
0.002618
0.997382
0.001547 0.047718 0.056513
0.087393 0.280751 0.526078
0.808818
0.191182
0.000973 0.059499 0.040058
0.078377 0.279277 0.541817
0.929936
0.070064
0.091453
0.908547
0.112703 0.826682
0.014736 0.045879
0.650898 0.157856 0.003546 0.000017
0.032878 0.054000 0.055904 0.044901
0.002204 0.000000
0.617191 0.380605
0.623473
0.376527
0.947636
0.052364
0.009972 0.119243
0.202798 0.667987
0.036896 0.001890 0.000006
0.268269 0.378262 0.314676
0.101099
0.898901
0.704390 0.000923
0.144585 0.150101
0.895847
0.104153
0.043334 0.908543
0.010617 0.037506
0.890278
0.109722
0.851005 0.003620
0.062487 0.082888
0.129887
0.870113
0.000000
1.000000
0.132304 0.798453
0.018363 0.050879
0.024595 0.410107 0.401722 0.061589
0.006723 0.019097 0.033026 0.043141
0.000010 0.211379
0.102533 0.686078
0.723816 0.000985
0.136827 0.138372
0.880170
0.119830
0.000002 0.000000
0.909884 0.090114
0.002722 0.000000
0.666458 0.330820
0.043401 0.001036
0.409590 0.545973
0.000091
0.999909
0.892481
0.107519
0.000029
0.999971
0.000070 0.028142 0.110060
0.055229 0.239913 0.566586
0.670681 0.104607 0.000475
0.050357 0.086853 0.087027
0.000065
0.999935
0.066533 0.007531
0.370665 0.555271
0.000004
0.999996
0.009446 0.000131
0.576991 0.413432
0.168496 0.768991
0.016728 0.045785
0.955545
0.044455
0.011810
0.988190
0.001728 0.000001 0.000000 0.000000 0.000000
0.470886 0.316236 0.142213 0.052187 0.016748
0.000015 0.000000 0.000000
0.805899 0.168637 0.025449
0.019707 0.000060
0.506472 0.473760
0.606084 0.000353
0.209571 0.183992
0.947768
0.052232
0.911496
0.088504
0.900103
0.099897
0.017207 0.931745
0.011008 0.040040
0.046149 0.001334
0.420221 0.532296
0.051630 0.002771
0.381108 0.564492
0.931778
0.068222
0.955506
0.044494
0.954465
0.045535
0.898221
0.101779
0.833013
0.166987
0.847430 0.006859
0.062498 0.083212
0.798176 0.018681
0.083974 0.099169
0.602152 0.008000 0.000007
0.125090 0.151972 0.112778
0.001227
0.998773
0.063811
0.936189
0.950739
0.049261
0.000086 0.000000
0.892309 0.107606
0.942250
0.057750
0.915920
0.084080
0.000017 0.039874 0.921474
0.001801 0.009515 0.027320
0.061596
0.938404
0.938586
0.061414
0.913743
0.086257
0.178420 0.441416
0.101456 0.278708
0.453388
0.546612
0.923800
0.076200
0.133561 0.000205
0.612694 0.253540
0.957050
0.042950
0.800786
0.199214
0.339499 0.451904
0.062731 0.145866
0.924337
0.075663
0.005616 0.000001
0.584572 0.409811
0.000000
1.000000
0.952452
0.047548
0.503231 0.043287 0.000348 0.000001
0.097904 0.142145 0.126838 0.086247
0.912629
0.087371
0.953396
0.046604
0.355314 0.109499
0.168132 0.367054
0.003306
0.996694
0.948914
0.051086
0.330404
0.669596
0.742988
0.257012
0.613608 0.000227
0.209928 0.176237
0.077398 0.867881
0.012817 0.041904
0.948368
0.051632
0.000002 0.003868 0.122106
0.047185 0.222189 0.604650
0.036136 0.915277
0.010212 0.038375
0.528651
0.471349
0.008858 0.939971
0.010701 0.040470
0.000152
0.999848
0.915100
0.084900
0.000786 0.000001 0.000000
0.668337 0.258591 0.072285
0.759433 0.072473 0.000384
0.042317 0.065616 0.059778
0.000088
0.999912
0.006466 0.000001
0.566782 0.426750
0.937008
0.062992
0.940633
0.059367
0.001044
0.998956
0.510935 0.272501 0.005387
0.040720 0.079641 0.090816
0.928833
0.071167
0.772662 0.020615
0.087776 0.118947
0.727784 0.173260
0.033822 0.065134
0.006860 0.000039
0.636010 0.357092
0.000007
0.999993
0.000087 0.000000
0.809910 0.190002
0.906592
0.093408
0.892360
0.107640
0.014350
0.985650
0.209430
0.790570
0.000002
0.999998
0.953045
0.046955
0.008185 0.812551
0.037581 0.141683
0.852588
0.147412
0.103959
0.896041
0.000106
0.999894
0.908433
0.091567
0.570601 0.337410
0.029401 0.062588
0.736981 0.003960
0.124664 0.134396
0.000030
0.999970
0.001087
0.998913
0.489594 0.423827
0.028446 0.058133
0.155772
0.844228
0.031230
0.968770
0.945892
0.054108
0.000067
0.999933
0.007052 0.139503
0.201544 0.651901
0.043069
0.956931
0.007184 0.000010
0.587486 0.405320
0.958148
0.041852
0.909306
0.090694
0.000007
0.999993
0.000700 0.810496
0.030343 0.158460
0.005467 0.000000
0.585651 0.408881
0.950991
0.049009
0.001928 0.153636 0.540239 0.232782
0.003316 0.011104 0.022549 0.034446
0.021469
0.978531
0.916128
0.083872
0.151347
0.848653
0.000060 0.000000
0.915917 0.084023
0.820187 0.073023
0.039631 0.067158
0.758043
0.241957
0.061513
0.938487
0.732255
0.267745
0.000001 0.002385 0.116587
0.043838 0.216892 0.620297
0.889753
0.110247
0.023813
0.976187
0.000002
0.999998
0.035124
0.964876
0.647322 0.251805
0.035546 0.065328
0.162439
0.837561
0.253016 0.568422 0.069016
0.017637 0.039127 0.052783
0.002098 0.000000
0.619659 0.378243
0.000059
0.999941
0.818044
0.181956
0.073069
0.926931
0.936151
0.063849
0.038174
0.961826
0.001262
0.998738
0.927531
0.072469
0.957323
0.042677
0.050945 0.889660
0.015220 0.044176
0.166346
0.833654
0.257306 0.668977
0.019763 0.053954
0.000994
0.999006
0.700414
0.299586
0.943280
0.056720
0.027108
0.972892
0.816504
0.183496
0.726262
0.273738
0.000109
0.999891
0.387782
0.612218
0.000067
0.999933
0.028912 0.000419 0.000000
0.314301 0.382226 0.274141
0.547891 0.356415
0.030662 0.065032
0.919657
0.080343
0.899142
0.100858
0.323340
0.676660
0.186519 0.000010
0.539691 0.273781
0.927104
0.072896
0.626138 0.283121
0.030855 0.059886
0.014145 0.944000
0.008478 0.033377
0.003110 0.157650 0.783683
0.004486 0.015995 0.035077
0.683652 0.221776
0.033683 0.060889
0.705185
0.294815
0.000348 0.906200
0.013676 0.079776
0.944398
0.055602
0.945398
0.054602
0.065773 0.672601 0.173446
0.010837 0.029808 0.047535
0.015747 0.110333
0.213544 0.660376
0.247527 0.000017
0.461167 0.291290
0.056720 0.005243
0.359525 0.578512
0.956441
0.043559
0.050517 0.004725
0.378508 0.566250
0.550892 0.276085
0.056164 0.116859
0.000139 0.079168
0.167069 0.753625
0.082527
0.917473
0.000000 0.000030 0.011125
0.039173 0.217835 0.731838
0.673621 0.228871
0.033411 0.064096
0.000018
0.999982
0.004804 0.000001
0.587289 0.407907
0.017843 0.000004 0.000000
0.493138 0.349065 0.139950
0.003507
0.996493
0.235768 0.672184
0.024234 0.067815
0.135058
0.864942
0.050631 0.066634
0.276686 0.606049
0.000029
0.999971
0.002051
0.997949
0.005196 0.157256
0.195387 0.642161
0.914657
0.085343
0.002219 0.172590 0.478352
0.032460 0.105807 0.208571
0.573723 0.297092
0.042084 0.087101
0.940513
0.059487
0.049942
0.950058
0.000184
0.999816
0.190953 0.744083
0.017880 0.047084
0.008329 0.000044 0.000000 0.000000
0.343080 0.332090 0.210160 0.106297
0.915711
0.084289
0.007241 0.000002
0.585297 0.407460
0.641857 0.253417
0.036020 0.068706
0.950692
0.049308
0.034565 0.873884
0.019699 0.071853
0.946826
0.053174
0.000029 0.000000
0.897141 0.102830
0.000078
0.999922
0.946057
0.053943
0.753580 0.106302
0.052870 0.087248
0.637079 0.217269 0.003390
0.029815 0.053722 0.058725
0.929221
0.070779
0.946778
0.053222
0.947401
0.052599
0.936199
0.063801
0.841182
0.158818
0.169907
0.830093
0.002703 0.946070
0.008720 0.042507
0.924974
0.075026
0.190867 0.745041
0.017619 0.046473
0.000021
0.999979
0.950820
0.049180
0.904584
0.095416
0.955153
0.044847
0.000018 0.000000
0.820787 0.179195
0.923775
0.076225
0.011798 0.943801
0.008532 0.035869
0.926672
0.073328
0.000954 0.000000
0.652732 0.346313
0.001184
0.998816
0.666946 0.234346
0.033669 0.065039
0.224784 0.699572
0.019813 0.055831
0.075013 0.542870
0.092567 0.289550
0.157136
0.842864
0.001046 0.000000
0.722955 0.275999
0.222586 0.034099
0.270795 0.472520
0.000647 0.000000
0.696215 0.303138
0.944052
0.055948
0.691853 0.149159
0.051947 0.107040
0.955861
0.044139
0.014867 0.942227
0.008701 0.034205
0.000021 0.000000
0.803694 0.196286
0.349220 0.570326
0.022847 0.057606
0.944211
0.055789
0.000000
1.000000
0.763834 0.113383
0.047266 0.075518
0.947171
0.052829
0.948332
0.051668
0.825056 0.051356
0.049225 0.074364
0.952856
0.047144
0.001067 0.000001
0.739743 0.259190
0.924172
0.075828
0.000101
0.999899
0.000187
0.999813
0.014600 0.932574
0.011177 0.041649
0.820628 0.059481
0.047023 0.072867
0.026300 0.926517
0.010792 0.036392
0.024963 0.930840
0.009402 0.034795
0.000306
0.999694
0.886303
0.113697
0.783581 0.048705
0.064277 0.103437
0.024602 0.924790
0.011197 0.039411
0.926621
0.073379
0.004900 0.343245 0.541606
0.009979 0.033839 0.066431
0.008784
0.991216
0.949270
0.050730
0.076857 0.821534
0.025733 0.075877
0.956259
0.043741
0.933956
0.066044
0.004583 0.000010
0.670047 0.325360
0.437437
0.562563
0.053190 0.003307
0.383732 0.559771
0.000000
1.000000
0.115226
0.884774
0.000369
0.999631
0.128065
0.871935
0.949554
0.050446
0.835249 0.057655
0.040029 0.067067
0.111854 0.000168 0.000000
0.559679 0.248129 0.080170
0.253870 0.664759
0.021572 0.059799
0.000097 0.000000
0.759011 0.240891
0.002329
0.997671
0.142284 0.743434
0.030487 0.083795
0.002954 0.264972 0.679143
0.004424 0.015788 0.032719
0.952290
0.047710
0.234039 0.001734
0.378896 0.385331
0.150494
0.849506
0.001780 0.000000
0.641693 0.356527
0.932349
0.067651
0.046686 0.001169
0.413999 0.538146
0.934931
0.065069
0.022027 0.934090
0.009126 0.034757
0.017795 0.933711
0.010659 0.037835
0.424263 0.022286
0.213281 0.340170
0.198736 0.734996
0.018322 0.047946
0.106880 0.835696
0.014347 0.043077
0.896869
0.103131
0.000013 0.000000
0.812376 0.187610
0.952753
0.047247
0.000526 0.000000
0.721018 0.278456
0.924983
0.075017
0.014274
0.985726
0.044380 0.697630 0.168822
0.009531 0.029547 0.050090
0.379226 0.470268
0.046309 0.104198
0.301887 0.007936
0.392055 0.298123
0.019407 0.932320
0.010687 0.037587
0.091036 0.852557
0.014760 0.041647
0.650470 0.253949
0.031855 0.063726
0.024556 0.549789 0.352343
0.007845 0.023741 0.041726
0.776542
0.223458
0.945915
0.054085
0.878033
0.121967
0.061879
0.938121
0.909809
0.090191
0.650148
0.349852
0.037185
0.962815
0.278109 0.000516
0.478266 0.243108
0.433362 0.000222
0.322374 0.244041
0.812112 0.011022
0.080900 0.095966
0.847834 0.013357
0.058413 0.080396
0.031964 0.056177
0.249551 0.662308
0.039734
0.960266
0.440281 0.000093
0.332316 0.227310
0.931123
0.068877
0.102422
0.897578
0.798126 0.004392
0.088714 0.108769
0.000002 0.000000
0.901122 0.098876
0.007119 0.811199
0.037743 0.143939
0.905694
0.094306
0.000236
0.999764
0.009601
0.990399
0.394839 0.458077 0.013224
0.022802 0.049292 0.061767
0.932643
0.067357
0.566233 0.342844
0.029954 0.060969
0.000329
0.999671
0.829551 0.014082
0.068265 0.088103
0.945462
0.054538
0.620412 0.004925
0.167983 0.206679
0.722848 0.001199
0.133647 0.142307
0.926030
0.073970
0.019913 0.930475
0.010896 0.038716
0.759970
0.240030
0.000308
0.999692
0.017980 0.928446
0.011405 0.042168
0.092811
0.907189
0.954991
0.045009
0.000020 0.000000
0.828242 0.171738
0.031684 0.920036
0.011220 0.037060
0.815499 0.075510
0.040916 0.068075
0.058893 0.532109 0.330902
0.009172 0.025873 0.043050
0.605504 0.003230
0.224719 0.166547
0.692675 0.209854
0.032705 0.064766
0.051654 0.000011
0.591843 0.356491
0.767450 0.004592
0.109807 0.118151
0.013287
0.986713
0.052439
0.947561
0.925644
0.074356
0.000001
0.999999
0.011156 0.000005
0.540184 0.448654
0.721210 0.178574
0.036959 0.063257
0.016444
0.983556
0.042201 0.032455
0.289259 0.636085
0.936398
0.063602
0.663477 0.239914
0.032773 0.063836
0.943027
0.056973
0.643891 0.013837
0.130952 0.211320
0.102510 0.637082
0.064065 0.196343
0.952358
0.047642
0.447641 0.456762
0.027353 0.068244
0.114743
0.885257
0.015232
0.984768
0.728552 0.163680
0.034621 0.073147
0.875979
0.124021
0.003070 0.000000
0.617370 0.379560
0.004446
0.995554
0.879028
0.120972
0.953810
0.046190
0.936693
0.063307
0.945306
0.054694
0.005367 0.000041
0.670273 0.324320
0.002302
0.997698
0.948397
0.051603
0.294503
0.705497
0.894321
0.105679
0.951373
0.048627
0.027261 0.923634
0.011160 0.037945
0.007914 0.119680
0.199228 0.673178
0.003435 0.000016
0.706451 0.290097
0.006641 0.936382
0.011492 0.045485
0.000157 0.000000
0.728708 0.271135
0.858608
0.141392
0.017960 0.550235 0.360077
0.007484 0.023076 0.041168
0.029123 0.916963
0.012910 0.041005
0.001625 0.000000
0.666985 0.331391
0.000005 0.000000
0.852715 0.147280
0.919158
0.080842
0.726719
0.273281
0.083225 0.019154
0.311469 0.586151
0.907630
0.092370
0.004557
0.995443
0.874921
0.125079
0.690641 0.082891
0.091211 0.135257
0.954116
0.045884
0.052976 0.651027 0.211935
0.010002 0.028138 0.045922
0.023794
0.976206
0.006456 0.934179
0.011848 0.047517
0.027366 0.125353
0.238935 0.608346
0.057527
0.942473
0.139064
0.860936
0.271591 0.476610
0.074110 0.177689
0.953675
0.046325
0.150804
0.849196
0.038563 0.887116
0.017687 0.056634
0.103652
0.896348
0.154982 0.785023
0.016015 0.043981
0.917581
0.082419
0.807595 0.012751
0.071067 0.108588
0.428481 0.487594
0.025508 0.058417
0.109996 0.835081
0.014848 0.040075
0.951836
0.048164
0.824785 0.038876
0.056624 0.079715
0.833180 0.009872
0.068611 0.088337
0.000093
0.999907
0.761357
0.238643
0.116718 0.828258
0.015038 0.039987
0.000067
0.999933
0.364431
0.635569
0.038676 0.033528
0.277389 0.650406
0.934868
0.065132
0.956757
0.043243
0.009795 0.000021
0.578972 0.411212
0.000027
0.999973
0.919744
0.080256
0.002099 0.000000
0.642924 0.354977
0.918835
0.081165
0.940442
0.059558
0.000289
0.999711
0.500502 0.416164
0.027252 0.056081
0.546948 0.007308
0.265205 0.180539
0.958091
0.041909
0.239389
0.760611
0.093393 0.852206
0.013993 0.040408
0.194169
0.805831
0.114714
0.885286
0.165186
0.834814
0.015244 0.000010
0.507729 0.477017
0.903408
0.096592
0.004715 0.950775
0.008079 0.036430
0.002503 0.000000 0.000000
0.551559 0.332468 0.113471
0.645226 0.252212
0.032229 0.070333
0.828071
0.171929
0.359879 0.554885
0.024004 0.061232
0.856254 0.009874
0.055216 0.078655
0.170066
0.829934
0.407227 0.273226
0.105429 0.214119
0.947001
0.052999
0.948273
0.051727
0.880993
0.119007
0.080345
0.919655
0.844029 0.013547
0.060722 0.081702
0.001991
0.998009
0.778951 0.111692
0.037633 0.071724
0.899486
0.100514
0.118191 0.823351
0.015363 0.043095
0.002121 0.000000
0.665302 0.332577
0.377435 0.547570
0.024168 0.050826
0.569937 0.338500
0.029412 0.062152
0.000143 0.029676 0.344368 0.576528
0.001898 0.006742 0.014987 0.025658
0.805950 0.088918
0.039880 0.065252
0.917037
0.082963
0.675802 0.001200
0.163422 0.159576
0.028802 0.001108
0.463962 0.506128
0.103162
0.896838
0.940312
0.059688
0.014039
0.985961
0.406258
0.593742
0.262607 0.667588
0.020116 0.049690
0.722625 0.177991
0.034341 0.065043
0.099156
0.900844
0.012162 0.000084 0.000000
0.454923 0.360219 0.172611
0.000120 0.067270
0.162720 0.769891
0.953381
0.046619
0.001300 0.000000
0.635340 0.363360
0.177266
0.822734
0.844263
0.155737
0.954306
0.045694
0.248146 0.681815
0.019842 0.050198
0.154974
0.845026
0.166691 0.581314 0.145709
0.014243 0.037182 0.054860
0.005913
0.994087
0.523240 0.387254
0.028131 0.061375
0.002354
0.997646
0.160621
0.839379
0.955538
0.044462
0.770431
0.229569
0.555083 0.354651
0.029118 0.061148
0.052794 0.896089
0.011100 0.040017
0.010192 0.937578
0.010973 0.041257
0.244067 0.676825
0.020871 0.058237
0.010399 0.000175
0.569283 0.420142
0.932943
0.067057
0.846545 0.037209
0.045632 0.070614
0.832869
0.167131
0.054847 0.002293
0.369453 0.573406
0.812369 0.081884
0.038901 0.066846
0.073584 0.000541
0.407152 0.518723
0.000006
0.999994
0.501052 0.412050
0.027494 0.059403
0.945707
0.054293
0.851760 0.025837
0.049004 0.073399
0.576828 0.250522 0.004100
0.033497 0.063919 0.071133
0.933423
0.066577
0.952428
0.047572
0.000217
0.999783
0.000137 0.000000
0.735178 0.264685
0.923750
0.076250
0.108979
0.891021
0.014523
0.985477
0.149310 0.594198 0.162669
0.013705 0.032645 0.047473
0.865601
0.134399
0.947288
0.052712
0.027271 0.925868
0.010789 0.036072
0.007003 0.000037
0.638903 0.354057
0.950032
0.049968
0.035192 0.909161
0.012088 0.043560
0.591223 0.315583
0.029937 0.063257
0.045055 0.000792
0.419873 0.534280
0.090476
0.909524
0.951876
0.048124
0.000122
0.999878
0.000765
0.999235
0.000347 0.884437
0.016160 0.099055
0.650414
0.349586
0.583533
0.416467
0.376090
0.623910
0.000072 0.000000
0.763897 0.236031
0.743687
0.256313
0.332812
0.667188
0.000054 0.000000
0.774609 0.225337
0.910722
0.089278
0.181587 0.000043
0.519417 0.298953
0.784744 0.108925
0.035518 0.070813
0.018771 0.935746
0.009014 0.036469
0.847766 0.008746
0.061408 0.082080
0.011169 0.000018
0.526471 0.462342
0.934266
0.065734
0.000004
0.999996
0.163579 0.774211
0.016851 0.045359
0.956123
0.043877
0.034338 0.040752
0.266028 0.658882
0.133274
0.866726
0.731814 0.162223
0.038331 0.067632
0.090905
0.909095
0.008974 0.127171
0.223818 0.640038
0.198075 0.734640
0.018598 0.048687
0.001367 0.000000
0.735141 0.263492
0.091784
0.908216
0.956114
0.043886
0.933782
0.066218
0.445468 0.470484
0.026395 0.057652
0.001108 0.124871
0.178599 0.695422
0.058849 0.891216
0.012328 0.037607
0.422605 0.361783 0.042690 0.001472
0.023869 0.045389 0.053568 0.048622
0.032444 0.908329
0.013522 0.045705
0.001325
0.998675
0.055059 0.893749
0.012361 0.038831
0.192756 0.746281
0.017555 0.043407
0.000007
0.999993
0.004196 0.000015
0.714416 0.281373
0.949642
0.050358
0.000081
0.999919
0.817875
0.182125
0.000800 0.000000
0.730819 0.268381
0.486186 0.421469
0.027609 0.064736
0.806499 0.011572
0.079956 0.101973
0.013415 0.000009
0.534485 0.452091
0.106388
0.893612
0.000055
0.999945
0.001484
0.998516
0.025738 0.929671
0.009409 0.035182
0.956822
0.043178
0.942139
0.057861
0.036313
0.963687
0.956588
0.043412
0.000745 0.000000 0.000000
0.809789 0.167909 0.021558
0.688089
0.311911
0.939541
0.060459
0.003626
0.996374
0.789940 0.108072
0.036240 0.065747
0.852280
0.147720
0.957069
0.042931
0.577600 0.277688 0.006558
0.027757 0.051767 0.058630
0.008711 0.000031
0.568692 0.422566
0.149012
0.850988
0.002784 0.000000
0.772341 0.224874
0.002425
0.997575
0.934492
0.065508
0.950725
0.049275
0.000003
0.999997
0.054972
0.945028
0.000010
0.999990
0.895867
0.104133
0.095026
0.904974
0.045900 0.026877
0.298621 0.628601
0.707869
0.292131
0.934094
0.065906
0.666082 0.009561
0.159037 0.165319
0.954558
0.045442
0.905668
0.094332
0.531033
0.468967
0.936218
0.063782
0.850071
0.149929
0.000004
0.999996
0.150705
0.849295
0.836663 0.006534
0.068843 0.087960
0.025258 0.053256
0.248499 0.672986
0.897276
0.102724
0.052617 0.006780
0.354276 0.586327
0.944075
0.055925
0.000011
0.999989
0.896715
0.103285
0.640839 0.068749
0.114713 0.175700
0.945681
0.054319
0.000219 0.000000
0.786561 0.213220
