0.559101 0.322434 0.118464
0.909678 0.090322
0.755037 0.244963
1.000000
0.563392 0.436608
1.000000
1.000000
1.000000
1.000000
1.000000
0.887310 0.112690
1.000000
1.000000
0.440708 0.559292
1.000000
1.000000
0.581992 0.418008
0.770893 0.229107
0.662115 0.337885
1.000000
0.100403 0.899597
0.040009 0.959991
0.279994 0.720006
0.087653 0.912347
0.123924 0.876076
0.049690 0.950310
1.000000
1.000000
1.000000
1.000000
0.051247 0.948753
1.000000
1.000000
1.000000
0.175407 0.824593
0.805685 0.194315
1.000000
1.000000
0.160297 0.839703
1.000000
1.000000
1.000000
0.004879 0.205929 0.789192
1.000000
1.000000
1.000000
0.898166 0.101834
1.000000
1.000000
1.000000
0.755813 0.244187
1.000000
1.000000
1.000000
1.000000
1.000000
1.000000
1.000000
0.593293 0.406707
1.000000
1.000000
1.000000
1.000000
0.237067 0.762933
1.000000
0.026904 0.973096
1.000000
1.000000
0.730481 0.269519
1.000000
0.688843 0.311157
1.000000
1.000000
1.000000
1.000000
1.000000
1.000000
1.000000
1.000000
1.000000
0.841651 0.158349
0.653358 0.346642
1.000000
1.000000
0.535557 0.464443
0.094767 0.905233
1.000000
0.904836 0.095164
0.058288 0.941712
0.864248 0.135752
0.032874 0.967126
1.000000
1.000000
1.000000
1.000000
0.649084 0.350916
1.000000
1.000000
1.000000
1.000000
0.617660 0.382340
1.000000
0.025677 0.974323
1.000000
0.834021 0.165979
0.624518 0.375482
1.000000
1.000000
0.224249 0.775751
1.000000
0.872917 0.127083
0.682964 0.317036
1.000000
1.000000
1.000000
0.325851 0.674149
1.000000
0.078334 0.921666
1.000000
1.000000
0.730446 0.269554
1.000000
0.023553 0.976447
0.060812 0.939188
1.000000
1.000000
0.020154 0.979846
1.000000
0.800505 0.138696 0.060799
1.000000
1.000000
1.000000
0.852531 0.147469
0.297075 0.702925
0.310911 0.381029 0.308060
0.689983 0.238080 0.059326 0.012611
1.000000
0.068777 0.931223
0.378382 0.621618
1.000000
1.000000
0.665246 0.334754
0.352869 0.380594 0.266538
0.660904 0.339096
1.000000
1.000000
0.279877 0.720123
1.000000
0.848651 0.151349
1.000000
1.000000
0.802167 0.197833
1.000000
0.662387 0.337613
1.000000
1.000000
0.518733 0.481267
1.000000
1.000000
0.796394 0.203606
0.883335 0.116665
1.000000
1.000000
0.596399 0.403601
1.000000
0.719573 0.280427
1.000000
0.745467 0.254533
1.000000
0.582304 0.417696
1.000000
0.909991 0.090009
1.000000
1.000000
0.536224 0.463776
1.000000
0.173763 0.826237
1.000000
1.000000
0.762410 0.158134 0.079456
1.000000
1.000000
1.000000
0.306121 0.693879
1.000000
1.000000
0.050773 0.949227
1.000000
1.000000
0.769557 0.230443
0.089940 0.910060
1.000000
1.000000
0.902403 0.097597
0.034650 0.965350
1.000000
1.000000
1.000000
1.000000
1.000000
0.564622 0.435378
1.000000
0.896657 0.103343
0.315058 0.684942
0.027211 0.972789
1.000000
0.332736 0.667264
0.018926 0.981074
0.615457 0.384543
0.246381 0.753619
0.776529 0.223471
0.037111 0.962889
0.587718 0.412282
1.000000
1.000000
1.000000
0.801670 0.198330
0.446014 0.454173 0.099812
0.526867 0.473133
0.006513 0.168237 0.825250
1.000000
0.085183 0.914817
0.490748 0.509252
1.000000
0.252117 0.747883
0.704109 0.295891
1.000000
0.302770 0.697230
1.000000
1.000000
0.078258 0.921742
1.000000
1.000000
1.000000
0.880161 0.119839
1.000000
0.030089 0.969911
1.000000
1.000000
0.729808 0.270192
0.171155 0.828845
1.000000
1.000000
1.000000
1.000000
1.000000
0.012200 0.987800
1.000000
0.773107 0.226893
0.267882 0.732118
1.000000
1.000000
0.405635 0.594365
0.871377 0.128623
1.000000
0.025167 0.974833
1.000000
1.000000
1.000000
1.000000
0.695285 0.304715
1.000000
1.000000
1.000000
0.680286 0.319714
1.000000
0.054389 0.660822 0.284788
1.000000
0.393323 0.606677
0.238612 0.761388
1.000000
1.000000
1.000000
1.000000
0.073725 0.926275
0.716145 0.283855
0.189835 0.810165
0.007753 0.324043 0.668204
0.196618 0.803382
0.657311 0.232718 0.109971
1.000000
0.031638 0.968362
0.457447 0.542553
1.000000
1.000000
1.000000
0.793139 0.206861
1.000000
0.690560 0.309440
1.000000
1.000000
1.000000
0.873399 0.126601
0.267318 0.732682
0.795413 0.204587
0.197715 0.802285
0.245003 0.754997
1.000000
0.651205 0.348795
1.000000
1.000000
1.000000
1.000000
0.425657 0.574343
1.000000
1.000000
0.029766 0.970234
0.032663 0.967337
0.391935 0.608065
1.000000
1.000000
0.487843 0.512157
1.000000
1.000000
0.292390 0.707610
0.045586 0.225069 0.729345
1.000000
1.000000
1.000000
0.823545 0.113133 0.063322
1.000000
1.000000
0.054398 0.945602
1.000000
1.000000
1.000000
0.672308 0.327692
0.650919 0.349081
0.648188 0.351812
0.068483 0.931517
1.000000
0.058251 0.485673 0.456076
1.000000
1.000000
0.022352 0.977648
1.000000
1.000000
0.651888 0.348112
1.000000
0.017603 0.982397
1.000000
0.915061 0.084939
0.527157 0.472843
0.295483 0.704517
1.000000
0.016855 0.983145
1.000000
0.900524 0.099476
0.771815 0.228185
0.680766 0.319234
1.000000
1.000000
1.000000
1.000000
1.000000
0.878726 0.121274
1.000000
1.000000
1.000000
1.000000
0.837931 0.162069
0.475359 0.450101 0.074540
1.000000
0.474328 0.525672
1.000000
0.693583 0.306417
0.872294 0.127706
1.000000
0.246443 0.753557
1.000000
0.009382 0.218099 0.772519
1.000000
0.004855 0.212781 0.782364
1.000000
0.316200 0.683800
0.909053 0.090947
0.583048 0.416952
1.000000
1.000000
0.900801 0.099199
1.000000
0.513387 0.486613
0.205331 0.794669
0.026824 0.973176
1.000000
0.857122 0.142878
1.000000
1.000000
1.000000
0.769264 0.230736
1.000000
0.875582 0.124418
0.028830 0.971170
0.047314 0.598313 0.354373
1.000000
1.000000
1.000000
1.000000
1.000000
1.000000
0.055549 0.944451
1.000000
1.000000
1.000000
1.000000
1.000000
0.627885 0.372115
1.000000
0.028478 0.971522
1.000000
0.185796 0.814204
0.881536 0.118464
0.337178 0.662822
0.561004 0.438996
0.321981 0.678019
0.770559 0.229441
1.000000
1.000000
0.092952 0.344654 0.562394
0.696883 0.303117
1.000000
0.364859 0.635141
0.279167 0.720833
0.813794 0.186206
1.000000
0.015970 0.984030
0.338681 0.379044 0.282275
0.880065 0.119935
0.736957 0.263043
1.000000
0.657174 0.342826
1.000000
0.113131 0.886869
0.007824 0.252323 0.739853
0.142382 0.264176 0.304556 0.288886
1.000000
1.000000
0.203700 0.575927 0.220373
1.000000
0.835655 0.100024 0.064321
1.000000
1.000000
1.000000
1.000000
0.308969 0.691031
0.085906 0.914094
1.000000
1.000000
0.771310 0.228690
0.637566 0.362434
0.905625 0.094375
0.089795 0.351686 0.558519
0.095231 0.904769
0.513326 0.486674
1.000000
0.821119 0.178881
0.029346 0.388158 0.582496
1.000000
1.000000
1.000000
0.011853 0.988147
1.000000
1.000000
1.000000
0.796661 0.203339
1.000000
0.248472 0.751528
0.633601 0.366399
1.000000
1.000000
0.798827 0.201173
1.000000
1.000000
0.807976 0.192024
1.000000
0.825610 0.174390
1.000000
1.000000
1.000000
1.000000
1.000000
1.000000
0.748730 0.251270
0.420624 0.579376
1.000000
1.000000
1.000000
1.000000
0.369186 0.630814
1.000000
1.000000
1.000000
1.000000
1.000000
1.000000
1.000000
1.000000
0.660610 0.339390
0.798148 0.201852
0.839425 0.095660 0.064915
0.610850 0.389150
1.000000
0.821373 0.178627
0.664740 0.335260
0.613176 0.386824
0.003680 0.111623 0.555946 0.328751
1.000000
0.422813 0.322837 0.163754 0.066931 0.023666
0.683345 0.316655
0.797676 0.202324
0.006754 0.397394 0.595852
1.000000
0.016737 0.983263
1.000000
0.888678 0.111322
1.000000
0.396734 0.603266
0.435339 0.564661
1.000000
0.855110 0.144890
0.858891 0.141109
0.168222 0.831778
0.241863 0.758137
0.486026 0.513974
0.844932 0.155068
0.043739 0.956261
1.000000
0.014068 0.487086 0.498846
1.000000
0.169967 0.830033
0.667816 0.332184
1.000000
0.747187 0.252813
0.792639 0.207361
1.000000
1.000000
1.000000
0.222173 0.777827
0.418127 0.581873
1.000000
0.900081 0.099919
1.000000
1.000000
0.033403 0.966597
0.150286 0.849714
0.738280 0.159592 0.058758 0.043371
1.000000
1.000000
1.000000
0.015386 0.984614
1.000000
1.000000
1.000000
1.000000
0.874044 0.125956
1.000000
0.028006 0.971994
1.000000
0.081826 0.918174
1.000000
1.000000
1.000000
1.000000
1.000000
1.000000
0.015380 0.984620
0.752424 0.247576
0.780710 0.219290
1.000000
0.369458 0.630542
0.749779 0.250221
1.000000
0.897482 0.102518
0.378866 0.621134
1.000000
1.000000
0.634536 0.365464
0.037245 0.962755
0.426771 0.573229
1.000000
0.795588 0.204412
1.000000
1.000000
0.772702 0.227298
0.856886 0.143114
0.890787 0.109213
1.000000
0.405415 0.594585
1.000000
0.217620 0.782380
1.000000
0.241859 0.758141
1.000000
0.492013 0.507987
0.593115 0.406885
1.000000
0.105976 0.894024
1.000000
1.000000
0.010368 0.385202 0.604430
0.794659 0.205341
0.508511 0.491489
0.783315 0.216685
0.857417 0.142583
1.000000
1.000000
1.000000
0.017298 0.982702
1.000000
1.000000
0.851247 0.148753
1.000000
1.000000
1.000000
1.000000
1.000000
0.532333 0.467667
1.000000
1.000000
0.753791 0.246209
0.565411 0.434589
1.000000
0.884508 0.115492
0.014822 0.362157 0.508311 0.114710
1.000000
0.415612 0.360840 0.223549
0.138491 0.861509
1.000000
0.833423 0.166577
1.000000
0.437193 0.562807
0.065819 0.934181
1.000000
0.718569 0.281431
1.000000
1.000000
0.734246 0.265754
0.130560 0.869440
0.884555 0.115445
1.000000
1.000000
1.000000
1.000000
0.809308 0.190692
0.215558 0.372293 0.412149
1.000000
0.748690 0.251310
0.265786 0.611215 0.122999
1.000000
0.437949 0.562051
0.210009 0.789991
1.000000
1.000000
1.000000
1.000000
0.407848 0.592152
0.164253 0.835747
1.000000
1.000000
1.000000
1.000000
1.000000
1.000000
0.760241 0.239759
1.000000
0.564466 0.435534
0.206674 0.375887 0.417440
1.000000
0.897915 0.102085
0.849553 0.150447
1.000000
0.495010 0.504990
0.888963 0.111037
1.000000
0.672044 0.327956
1.000000
0.799119 0.118825 0.082056
0.187548 0.812452
0.361340 0.638660
0.180801 0.702561 0.116638
0.818006 0.181994
0.753693 0.246307
0.391329 0.608671
0.135140 0.864860
0.880037 0.119963
0.651794 0.272412 0.075794
1.000000
0.820345 0.179655
1.000000
0.511713 0.488287
0.847402 0.152598
1.000000
0.143947 0.856053
0.819423 0.180577
1.000000
0.323711 0.676289
1.000000
1.000000
1.000000
1.000000
0.405395 0.594605
0.427877 0.572123
0.021472 0.978528
0.457409 0.542591
1.000000
1.000000
0.076914 0.923086
0.753273 0.246727
0.418719 0.581281
0.882902 0.117098
1.000000
1.000000
1.000000
0.158078 0.841922
1.000000
0.322343 0.677657
0.897999 0.102001
0.733144 0.212999 0.045451 0.008406
1.000000
0.011728 0.988272
1.000000
0.259179 0.740821
1.000000
1.000000
1.000000
0.437684 0.562316
0.892634 0.107366
1.000000
1.000000
1.000000
0.493097 0.506903
0.690593 0.309407
1.000000
1.000000
0.316738 0.683262
1.000000
1.000000
1.000000
1.000000
1.000000
0.016537 0.418098 0.477135 0.088230
0.532482 0.467518
0.472741 0.527259
0.582584 0.417416
1.000000
0.818260 0.181740
0.093415 0.639839 0.266745
0.025347 0.269875 0.704779
0.832405 0.106472 0.061122
0.593711 0.406289
0.869728 0.130272
0.639773 0.360227
0.018160 0.981840
1.000000
1.000000
1.000000
0.018929 0.981071
1.000000
0.305905 0.694095
0.845956 0.154044
0.837767 0.162233
1.000000
1.000000
1.000000
1.000000
0.870988 0.129012
1.000000
1.000000
1.000000
0.220099 0.779901
1.000000
0.462827 0.537173
1.000000
1.000000
0.839602 0.160398
0.803067 0.196933
1.000000
0.833233 0.166767
0.482772 0.517228
0.274318 0.725682
0.833578 0.166422
1.000000
0.729392 0.270608
1.000000
0.017230 0.982770
1.000000
1.000000
0.734677 0.265323
1.000000
1.000000
0.002149 0.062119 0.935732
1.000000
1.000000
1.000000
0.892724 0.107276
0.878065 0.121935
0.338805 0.661195
1.000000
0.886682 0.113318
0.710288 0.289712
0.481557 0.518443
0.096409 0.675813 0.227778
1.000000
0.355043 0.382224 0.262733
0.392643 0.607357
0.235119 0.764881
0.213867 0.786133
0.015705 0.463759 0.520536
0.621849 0.378151
1.000000
1.000000
0.690327 0.309673
1.000000
0.519751 0.480249
1.000000
1.000000
1.000000
0.368002 0.631998
1.000000
1.000000
0.014075 0.120430 0.865495
0.797114 0.202886
1.000000
0.430126 0.352952 0.216922
1.000000
1.000000
1.000000
1.000000
0.710567 0.241073 0.048359
1.000000
1.000000
1.000000
0.846855 0.153145
0.296128 0.703872
0.223725 0.677373 0.098902
0.358164 0.641836
0.003420 0.025845 0.970735
0.518547 0.481453
0.780042 0.219958
1.000000
0.868344 0.131656
0.482848 0.517152
1.000000
1.000000
0.460693 0.539307
0.908293 0.091707
0.034819 0.965181
0.829760 0.170240
1.000000
0.779551 0.220449
1.000000
1.000000
1.000000
1.000000
1.000000
0.262864 0.376671 0.360465
1.000000
1.000000
0.609605 0.295623 0.094772
1.000000
0.650633 0.349367
1.000000
1.000000
1.000000
0.657154 0.342846
1.000000
1.000000
1.000000
1.000000
1.000000
1.000000
1.000000
0.687011 0.312989
0.387228 0.612772
1.000000
1.000000
0.414758 0.377254 0.207988
0.785400 0.214600
1.000000
1.000000
1.000000
1.000000
1.000000
0.041763 0.732526 0.225712
1.000000
0.450533 0.470732 0.078736
1.000000
0.206513 0.793487
1.000000
0.454947 0.545053
1.000000
1.000000
1.000000
1.000000
0.381351 0.618649
1.000000
1.000000
1.000000
0.869515 0.130485
0.845390 0.154610
1.000000
0.493825 0.506175
1.000000
1.000000
0.233455 0.766545
1.000000
1.000000
1.000000
0.841157 0.096138 0.062705
0.188755 0.393524 0.169759 0.134014 0.113948
1.000000
1.000000
1.000000
0.032246 0.967754
1.000000
0.786977 0.213023
1.000000
0.053589 0.946411
1.000000
1.000000
0.685351 0.236679 0.077969
0.156550 0.843450
1.000000
1.000000
0.908533 0.091467
1.000000
1.000000
1.000000
0.269951 0.628454 0.101595
1.000000
0.435212 0.564788
1.000000
1.000000
0.426581 0.496191 0.077227
1.000000
0.618312 0.381688
1.000000
0.379685 0.620315
0.697769 0.302231
1.000000
0.331430 0.668570
0.680093 0.319907
1.000000
0.715666 0.284334
1.000000
0.380434 0.619566
0.849475 0.150525
0.062381 0.788814 0.148805
1.000000
0.161792 0.838208
0.146174 0.652239 0.201588
1.000000
0.895992 0.104008
1.000000
0.445877 0.554123
0.496655 0.503345
1.000000
1.000000
1.000000
1.000000
0.073157 0.926843
0.434409 0.565591
0.026466 0.973534
1.000000
0.323338 0.676662
1.000000
1.000000
0.560638 0.439362
1.000000
1.000000
0.237378 0.762622
1.000000
0.000862 0.004675 0.023940 0.207658 0.762864
1.000000
1.000000
0.483619 0.516381
1.000000
1.000000
1.000000
0.332433 0.384558 0.283008
0.327610 0.672390
1.000000
1.000000
1.000000
0.745222 0.254778
0.660915 0.339085
0.440656 0.362242 0.197102
0.450652 0.549348
1.000000
0.055699 0.944301
1.000000
0.560475 0.439525
0.045007 0.954993
0.340777 0.659223
0.353167 0.561887 0.084946
1.000000
0.027995 0.972005
0.228754 0.771246
1.000000
1.000000
1.000000
1.000000
0.561487 0.438513
1.000000
1.000000
1.000000
1.000000
1.000000
1.000000
0.910073 0.089927
0.706763 0.293237
0.585617 0.414383
1.000000
1.000000
1.000000
0.018692 0.981308
1.000000
1.000000
1.000000
1.000000
0.384130 0.352777 0.263094
0.097960 0.902040
0.360531 0.639469
0.646383 0.353617
1.000000
1.000000
0.454426 0.363007 0.182567
1.000000
0.838676 0.161324
0.663538 0.336462
1.000000
1.000000
1.000000
0.896617 0.103383
0.683540 0.316460
1.000000
0.337032 0.662968
0.474104 0.525896
0.500297 0.499703
0.754835 0.245165
1.000000
0.737836 0.262164
1.000000
1.000000
0.803751 0.124070 0.072179
0.038968 0.961032
0.378530 0.621470
1.000000
1.000000
1.000000
0.190033 0.809967
0.014060 0.985940
0.903330 0.096670
1.000000
1.000000
0.092543 0.907457
1.000000
0.888542 0.111458
1.000000
0.683945 0.316055
0.450060 0.549940
0.638752 0.361248
0.412200 0.587800
1.000000
1.000000
0.811363 0.188637
0.573862 0.426138
1.000000
1.000000
0.573775 0.306383 0.119841
1.000000
0.563532 0.436468
1.000000
0.252880 0.747120
0.829501 0.170499
1.000000
0.437409 0.562591
1.000000
0.357501 0.642499
0.681576 0.260747 0.057677
0.081679 0.918321
0.149864 0.850136
0.619174 0.380826
1.000000
1.000000
1.000000
0.664235 0.335765
0.464906 0.535094
1.000000
0.044009 0.150962 0.332417 0.472611
1.000000
1.000000
0.267121 0.372912 0.359967
1.000000
1.000000
1.000000
0.755470 0.244530
1.000000
0.910919 0.089081
1.000000
0.610994 0.389006
0.357424 0.374994 0.267582
1.000000
1.000000
1.000000
0.469865 0.530135
0.926380 0.073620
0.826009 0.173991
1.000000
1.000000
1.000000
0.849883 0.150117
0.885536 0.114464
0.206172 0.793828
1.000000
0.317481 0.682519
0.245508 0.754492
1.000000
1.000000
0.539503 0.460497
0.546943 0.453057
0.880245 0.119755
1.000000
0.881901 0.118099
1.000000
0.395045 0.604955
0.908462 0.091538
1.000000
0.397590 0.602410
0.755803 0.204342 0.039855
1.000000
0.907663 0.092337
1.000000
0.764809 0.235191
1.000000
0.519394 0.480606
1.000000
0.335430 0.385389 0.279181
1.000000
1.000000
1.000000
0.606139 0.324754 0.069107
0.510186 0.489814
1.000000
1.000000
1.000000
1.000000
1.000000
0.399093 0.600907
0.555977 0.444023
1.000000
1.000000
0.415884 0.584116
1.000000
1.000000
1.000000
0.881551 0.118449
1.000000
1.000000
1.000000
0.911713 0.088287
1.000000
0.037944 0.962056
1.000000
1.000000
1.000000
1.000000
1.000000
0.379273 0.620727
0.021517 0.978483
1.000000
1.000000
1.000000
0.892105 0.107895
1.000000
1.000000
0.837190 0.162810
0.649916 0.275374 0.074710
1.000000
0.019490 0.980510
1.000000
1.000000
0.001551 0.021525 0.326317 0.650606
1.000000
0.565450 0.434550
1.000000
1.000000
0.824049 0.175951
1.000000
1.000000
1.000000
0.023797 0.976203
1.000000
0.893130 0.106870
0.621387 0.378613
1.000000
1.000000
0.856867 0.143133
0.046660 0.953340
0.064392 0.272951 0.662657
1.000000
0.225893 0.774107
1.000000
0.184528 0.388093 0.427379
1.000000
0.911868 0.088132
1.000000
1.000000
0.912868 0.087132
0.899879 0.100121
0.032083 0.967917
0.907345 0.092655
0.908973 0.091027
0.090861 0.909139
1.000000
0.576450 0.423550
0.863545 0.136455
0.717997 0.232052 0.049951
1.000000
1.000000
1.000000
0.020220 0.979780
1.000000
1.000000
1.000000
0.285956 0.714044
1.000000
0.021767 0.093468 0.282968 0.601797
0.220541 0.779459
0.651432 0.348568
1.000000
1.000000
1.000000
0.817747 0.182253
1.000000
0.499810 0.500190
0.070637 0.929363
1.000000
1.000000
0.216028 0.783972
0.734548 0.265452
0.318282 0.681718
1.000000
0.057028 0.942972
0.681583 0.318417
0.765398 0.234602
0.454456 0.545544
0.123010 0.375926 0.501064
0.002439 0.061322 0.936239
1.000000
0.818447 0.181553
1.000000
1.000000
0.454617 0.545383
0.200311 0.799689
1.000000
1.000000
0.018001 0.435857 0.546142
1.000000
1.000000
1.000000
1.000000
0.219203 0.780797
1.000000
1.000000
0.781215 0.218785
1.000000
0.093816 0.906184
1.000000
1.000000
1.000000
1.000000
0.726236 0.273764
1.000000
0.411550 0.588450
0.735475 0.264525
1.000000
0.398539 0.601461
0.185449 0.814551
1.000000
0.634532 0.365468
1.000000
0.727158 0.272842
0.905862 0.094138
1.000000
0.010754 0.989246
1.000000
1.000000
1.000000
1.000000
1.000000
0.673753 0.326247
1.000000
1.000000
1.000000
1.000000
0.045084 0.954916
1.000000
0.297656 0.593115 0.109229
0.708795 0.291205
1.000000
0.057727 0.942273
1.000000
1.000000
1.000000
1.000000
1.000000
0.692065 0.307935
1.000000
0.328621 0.671379
1.000000
1.000000
1.000000
1.000000
0.750880 0.249120
0.052434 0.947566
1.000000
1.000000
1.000000
1.000000
1.000000
1.000000
1.000000
0.896159 0.103841
1.000000
1.000000
0.040592 0.219831 0.739576
0.029456 0.970544
0.386095 0.613905
1.000000
1.000000
0.183231 0.816769
0.032177 0.967823
0.907743 0.092257
1.000000
0.782750 0.217250
0.524618 0.475382
1.000000
1.000000
1.000000
1.000000
1.000000
0.098144 0.901856
1.000000
0.354339 0.645661
0.006186 0.230908 0.762905
1.000000
0.866775 0.133225
0.418182 0.581818
0.719120 0.280880
1.000000
0.617484 0.382516
1.000000
0.698021 0.301979
1.000000
0.089273 0.328635 0.582092
1.000000
0.079799 0.339556 0.580645
1.000000
1.000000
0.114888 0.885112
0.698488 0.194947 0.060245 0.046320
0.621336 0.378664
1.000000
1.000000
0.212358 0.787642
0.306422 0.380388 0.313190
1.000000
0.837505 0.162495
1.000000
0.046019 0.953981
1.000000
0.911614 0.088386
1.000000
1.000000
0.137872 0.862128
0.027808 0.437815 0.435844 0.098533
0.114116 0.885884
0.848420 0.151580
1.000000
0.911179 0.088821
0.670925 0.329075
0.453767 0.546233
1.000000
1.000000
1.000000
0.055771 0.266813 0.677417
0.735911 0.175548 0.088541
1.000000
0.438380 0.561620
1.000000
0.587685 0.412315
0.177760 0.822240
1.000000
1.000000
0.475109 0.316093 0.141091 0.051363 0.016344
0.807982 0.167106 0.024913
0.527048 0.472952
0.796529 0.203471
1.000000
1.000000
1.000000
0.024578 0.975422
0.467134 0.532866
0.433681 0.566319
1.000000
1.000000
1.000000
1.000000
1.000000
0.908928 0.091072
0.881016 0.118984
0.721943 0.162279 0.115778
1.000000
1.000000
1.000000
0.893771 0.106229
1.000000
1.000000
0.001926 0.040910 0.957164
1.000000
1.000000
1.000000
0.274551 0.725449
1.000000
1.000000
0.740074 0.259926
1.000000
1.000000
0.403160 0.596840
1.000000
0.591787 0.408213
1.000000
1.000000
0.607766 0.178748 0.127497 0.085989
1.000000
1.000000
0.531673 0.468327
1.000000
1.000000
1.000000
1.000000
0.806582 0.193418
0.079067 0.920933
1.000000
0.047713 0.227375 0.724912
0.040666 0.959334
1.000000
0.017410 0.982590
1.000000
1.000000
0.671489 0.257269 0.071242
0.811084 0.127162 0.061754
1.000000
0.574728 0.425272
1.000000
1.000000
1.000000
0.564317 0.338155 0.097528
1.000000
0.863312 0.136688
0.781215 0.218785
0.644648 0.355352
1.000000
0.811759 0.188241
1.000000
1.000000
1.000000
1.000000
1.000000
1.000000
0.044206 0.955794
1.000000
1.000000
1.000000
1.000000
0.615259 0.384741
0.854811 0.145189
1.000000
1.000000
0.523009 0.476991
1.000000
1.000000
1.000000
1.000000
0.208388 0.791612
1.000000
0.596211 0.403789
1.000000
1.000000
1.000000
0.037913 0.962087
0.593011 0.406989
1.000000
0.004834 0.157346 0.580888 0.256932
1.000000
1.000000
1.000000
0.917213 0.082787
0.872447 0.127553
1.000000
1.000000
1.000000
0.044421 0.221395 0.734184
1.000000
1.000000
1.000000
1.000000
0.694435 0.305565
1.000000
0.266827 0.619224 0.113949
0.623713 0.376287
1.000000
1.000000
1.000000
1.000000
1.000000
1.000000
1.000000
1.000000
0.056416 0.943584
1.000000
0.270309 0.729691
1.000000
1.000000
1.000000
1.000000
1.000000
1.000000
1.000000
1.000000
1.000000
0.344234 0.383139 0.272627
0.585867 0.414133
1.000000
1.000000
1.000000
0.714095 0.285905
1.000000
0.675573 0.324427
0.018721 0.981279
0.007158 0.164907 0.827935
0.734214 0.265786
1.000000
0.016643 0.983357
1.000000
1.000000
0.068459 0.726021 0.205520
0.228671 0.771329
0.689274 0.310726
0.417498 0.582502
1.000000
0.429961 0.570039
0.621852 0.378148
0.169176 0.830824
1.000000
0.039288 0.218788 0.741924
0.722880 0.277120
1.000000
0.593541 0.406459
0.512198 0.349235 0.138567
1.000000
0.249974 0.750026
1.000000
0.327616 0.672384
1.000000
1.000000
0.200200 0.799800
1.000000
0.034187 0.269962 0.695852
0.630472 0.369528
1.000000
1.000000
1.000000
0.196510 0.803490
0.352751 0.332819 0.209298 0.105132
1.000000
0.594032 0.405968
0.687011 0.312989
1.000000
0.050506 0.949494
1.000000
0.898516 0.101484
1.000000
1.000000
0.814978 0.185022
0.685275 0.251277 0.063448
1.000000
1.000000
1.000000
1.000000
1.000000
1.000000
0.011247 0.988753
1.000000
0.197207 0.802793
1.000000
1.000000
1.000000
1.000000
0.822659 0.177341
1.000000
0.017618 0.982382
1.000000
0.655808 0.344192
1.000000
0.716541 0.283459
0.234576 0.765424
0.160552 0.839448
1.000000
0.725955 0.274045
0.498428 0.501572
0.699265 0.300735
1.000000
0.760078 0.239922
1.000000
0.019573 0.980427
0.805685 0.194315
0.370375 0.629625
1.000000
1.000000
0.818811 0.181189
1.000000
1.000000
0.881695 0.118305
1.000000
0.742608 0.257392
1.000000
1.000000
1.000000
0.022770 0.977230
0.876264 0.123736
0.031138 0.968862
0.028303 0.971697
1.000000
1.000000
0.857379 0.142621
0.031079 0.968921
1.000000
0.013730 0.373670 0.612600
1.000000
1.000000
0.091344 0.908656
1.000000
1.000000
0.676535 0.323465
1.000000
0.437915 0.562085
1.000000
1.000000
1.000000
1.000000
1.000000
0.886717 0.113283
0.664478 0.254134 0.081389
0.266191 0.733809
0.761024 0.238976
1.000000
0.162700 0.837300
0.006671 0.270486 0.722844
1.000000
0.609904 0.390096
1.000000
0.645470 0.354530
1.000000
0.461457 0.538543
1.000000
0.026010 0.973990
0.024285 0.975715
0.644603 0.355397
0.204504 0.795496
0.113886 0.886114
1.000000
0.814332 0.185668
1.000000
0.723876 0.276124
1.000000
1.000000
0.047388 0.748713 0.203899
0.427227 0.572773
0.690575 0.309425
0.025611 0.974389
0.096609 0.903391
0.699729 0.300271
0.028179 0.587728 0.384093
1.000000
1.000000
1.000000
1.000000
1.000000
1.000000
1.000000
0.744902 0.255098
0.736214 0.263786
0.890915 0.109085
0.907548 0.092452
0.281465 0.718535
1.000000
0.753154 0.246846
1.000000
1.000000
0.883374 0.116626
0.902489 0.097511
0.043680 0.956320
1.000000
1.000000
1.000000
0.421705 0.503155 0.075140
1.000000
0.607203 0.392797
1.000000
0.897812 0.102188
1.000000
0.786282 0.213718
0.846441 0.153559
1.000000
0.026523 0.973477
1.000000
1.000000
0.026003 0.973997
1.000000
1.000000
0.830313 0.169687
0.036101 0.963899
0.868296 0.131704
0.063057 0.568886 0.368057
0.819833 0.180167
0.745304 0.254696
0.642594 0.357406
0.870615 0.129385
1.000000
1.000000
1.000000
1.000000
0.552499 0.447501
0.773449 0.226551
1.000000
0.332104 0.667896
1.000000
0.712487 0.287513
1.000000
0.780786 0.219214
0.157537 0.842463
1.000000
0.481150 0.518850
1.000000
1.000000
0.782041 0.217959
1.000000
0.622297 0.377703
1.000000
1.000000
1.000000
1.000000
1.000000
0.677221 0.322779
1.000000
1.000000
1.000000
1.000000
1.000000
0.032689 0.967311
0.206863 0.793137
0.711681 0.288319
0.016934 0.983066
0.731062 0.268938
1.000000
0.021783 0.588301 0.389916
0.036305 0.963695
0.670871 0.329129
0.854287 0.145713
1.000000
1.000000
0.396695 0.603305
1.000000
1.000000
1.000000
0.789165 0.210835
1.000000
0.055845 0.701578 0.242577
1.000000
0.017303 0.982697
0.265398 0.734602
1.000000
1.000000
0.342927 0.657073
1.000000
1.000000
0.048252 0.951748
1.000000
0.161010 0.838990
1.000000
0.881808 0.118192
0.458383 0.541617
0.113518 0.886482
1.000000
0.886100 0.113900
0.900926 0.099074
1.000000
1.000000
0.119411 0.880589
1.000000
1.000000
0.316571 0.683429
1.000000
1.000000
0.590446 0.409554
1.000000
1.000000
0.646985 0.353015
1.000000
1.000000
1.000000
0.537375 0.462625
0.802298 0.197702
1.000000
1.000000
0.094503 0.905497
1.000000
1.000000
1.000000
0.523854 0.476146
1.000000
0.011664 0.988336
0.556748 0.331398 0.111854
0.693595 0.306405
1.000000
0.382635 0.617365
0.912201 0.087799
1.000000
0.519149 0.480851
1.000000
1.000000
1.000000
1.000000
0.905558 0.094442
1.000000
0.830552 0.169448
1.000000
0.119982 0.880018
0.669668 0.330332
0.401432 0.598568
0.613758 0.386242
0.002081 0.031156 0.355190 0.611573
0.860276 0.139724
1.000000
0.823479 0.176521
0.493610 0.506390
1.000000
1.000000
1.000000
1.000000
0.277861 0.722139
0.774943 0.225057
1.000000
0.469012 0.360022 0.170967
0.164621 0.835379
1.000000
0.638517 0.361483
1.000000
1.000000
1.000000
0.258552 0.741448
1.000000
0.176524 0.629083 0.194393
1.000000
0.563382 0.436618
1.000000
1.000000
1.000000
1.000000
0.596400 0.403600
0.057305 0.942695
0.018757 0.981243
0.254985 0.745015
0.580885 0.419115
1.000000
0.899342 0.100658
1.000000
0.425449 0.574551
0.864814 0.135186
0.481636 0.518364
1.000000
0.537134 0.462866
1.000000
0.905868 0.094132
0.625159 0.298046 0.076794
1.000000
1.000000
1.000000
0.737302 0.262698
1.000000
1.000000
1.000000
0.156398 0.644108 0.199493
1.000000
1.000000
0.031799 0.968201
0.647686 0.352314
1.000000
0.040159 0.959841
0.638045 0.361955
0.465642 0.534358
1.000000
1.000000
1.000000
1.000000
0.019893 0.980107
1.000000
1.000000
1.000000
0.766071 0.233929
1.000000
1.000000
0.776745 0.223255
1.000000
0.686851 0.313149
0.836534 0.163466
0.024041 0.975959
0.908879 0.091121
0.538588 0.461412
1.000000
1.000000
0.167349 0.832651
1.000000
0.300684 0.699316
1.000000
0.784064 0.215936
1.000000
0.232190 0.767810
0.204216 0.795784
0.738556 0.261444
1.000000
1.000000
1.000000
0.475760 0.524240
0.180972 0.819028
0.060641 0.939359
0.452825 0.402355 0.092967 0.051853
0.040004 0.959996
1.000000
0.058670 0.941330
0.198400 0.801600
1.000000
0.720389 0.279611
1.000000
1.000000
1.000000
0.733932 0.266068
0.520408 0.479592
0.885866 0.114134
0.549303 0.450697
1.000000
1.000000
1.000000
0.029368 0.970632
1.000000
1.000000
1.000000
1.000000
0.812734 0.166231 0.021035
1.000000
1.000000
1.000000
0.843088 0.156912
1.000000
1.000000
0.621847 0.312207 0.065946
0.578644 0.421356
1.000000
0.776924 0.223076
1.000000
1.000000
1.000000
1.000000
1.000000
1.000000
1.000000
1.000000
0.345357 0.654643
1.000000
1.000000
0.820292 0.179708
1.000000
1.000000
1.000000
1.000000
1.000000
1.000000
1.000000
0.903621 0.096379
0.273722 0.726278
1.000000
0.407998 0.592002
1.000000
1.000000
1.000000
0.763428 0.236572
1.000000
0.788584 0.211416
