0.001180 0.998820
0.859543 0.140457
0.877203 0.122797
0.954382 0.045618
0.015748 0.984252
0.923099 0.076901
0.823335 0.176665
0.000236 0.999764
0.045977 0.954023
0.012339 0.987661
0.851276 0.148724
0.115716 0.884284
0.000122 0.999878
0.076115 0.923885
0.949013 0.050987
0.488544 0.511456
0.005140 0.994860
0.000060 0.999940
0.905916 0.094084
0.955980 0.044020
0.941415 0.058585
0.772752 0.227248
0.158441 0.841559
0.945190 0.054810
0.440069 0.559931
0.950782 0.049218
0.952586 0.047414
0.000294 0.999706
0.952442 0.047558
0.945378 0.054622
0.809759 0.190241
0.220798 0.779202
0.024879 0.975121
0.204167 0.795833
0.110759 0.889241
0.000022 0.999978
0.756641 0.243359
0.924066 0.075934
0.314744 0.685256
0.939742 0.060258
0.951965 0.048035
0.000710 0.999290
0.950623 0.049377
0.940716 0.059284
0.950380 0.049620
0.897361 0.102639
0.840097 0.159903
0.000140 0.999860
0.872126 0.127874
0.944564 0.055436
0.555426 0.444574
0.953013 0.046987
0.952383 0.047617
0.833990 0.166010
0.948146 0.051854
0.428807 0.571193
0.100949 0.899051
0.940333 0.059667
0.005061 0.994939
0.458243 0.541757
0.223588 0.776412
0.158340 0.841660
0.931411 0.068589
0.150846 0.849154
0.953562 0.046438
0.952754 0.047246
0.937343 0.062657
0.955283 0.044717
0.433656 0.566344
0.954116 0.045884
0.474689 0.525311
0.892940 0.107060
0.080368 0.919632
0.911737 0.088263
0.956481 0.043519
0.955711 0.044289
0.923792 0.076208
0.955044 0.044956
0.140740 0.859260
0.920772 0.079228
0.745360 0.254640
0.000940 0.999060
0.899653 0.100347
0.000001 0.999999
0.086446 0.913554
0.818616 0.181384
0.935809 0.064191
0.847441 0.152559
0.948763 0.051237
0.806111 0.193889
0.944627 0.055373
0.956880 0.043120
0.000007 0.999993
0.168495 0.831505
0.005739 0.994261
0.001779 0.998221
0.000000 1.000000
0.895260 0.104740
0.938052 0.061948
0.620865 0.379135
0.907965 0.092035
0.000003 0.999997
0.924419 0.075581
0.935447 0.064553
0.694772 0.305228
0.040354 0.959646
0.931949 0.068051
0.112449 0.887551
0.922045 0.077955
0.003218 0.996782
0.890072 0.109928
0.001221 0.998779
0.863661 0.136339
0.859080 0.140920
0.950010 0.049990
0.077131 0.922869
0.228261 0.771739
0.947697 0.052303
0.000001 0.999999
0.075520 0.924480
0.000806 0.999194
0.946824 0.053176
0.929879 0.070121
0.905794 0.094206
0.825910 0.174090
0.944788 0.055212
0.957072 0.042928
0.003413 0.996587
0.842437 0.157563
0.658638 0.341362
0.906116 0.093884
0.953681 0.046319
0.718246 0.281754
0.928495 0.071505
0.031714 0.968286
0.000475 0.999525
0.920172 0.079828
0.947069 0.052931
0.922331 0.077669
0.950554 0.049446
0.931139 0.068861
0.911385 0.088615
0.021024 0.978976
0.905981 0.094019
0.943824 0.056176
0.946033 0.053967
0.096130 0.903870
0.003427 0.996573
0.726186 0.273814
0.926751 0.073249
0.955724 0.044276
0.001980 0.998020
0.881861 0.118139
0.894701 0.105299
0.885395 0.114605
0.115729 0.884271
0.899009 0.100991
0.947369 0.052631
0.950255 0.049745
0.893858 0.106142
0.854512 0.145488
0.929285 0.070715
0.952607 0.047393
0.004033 0.995967
0.954913 0.045087
0.000314 0.999686
0.422231 0.577769
0.900780 0.099220
0.956257 0.043743
0.006088 0.993912
0.945264 0.054736
0.883478 0.116522
0.851983 0.148017
0.000004 0.999996
0.013944 0.986056
0.107621 0.892379
0.927543 0.072457
0.933377 0.066623
0.004922 0.995078
0.655814 0.344186
0.955405 0.044595
0.878751 0.121249
0.953159 0.046841
0.127172 0.872828
0.941134 0.058866
0.000161 0.999839
0.950133 0.049867
0.939135 0.060865
0.023794 0.976206
0.425689 0.574311
0.672125 0.327875
0.005442 0.994558
0.952043 0.047957
0.882705 0.117295
0.952511 0.047489
0.775523 0.224477
0.871392 0.128608
0.953727 0.046273
0.146283 0.853717
0.124565 0.875435
0.910807 0.089193
0.946915 0.053085
0.885452 0.114548
0.924733 0.075267
0.955567 0.044433
0.516854 0.483146
0.925088 0.074912
0.947922 0.052078
0.002414 0.997586
0.932205 0.067795
0.000064 0.999936
0.952463 0.047537
0.881850 0.118150
0.000000 1.000000
0.942014 0.057986
0.730151 0.269849
0.000135 0.999865
0.876039 0.123961
0.024808 0.975192
0.940396 0.059604
0.889427 0.110573
0.946831 0.053169
0.046427 0.953573
0.000009 0.999991
0.931048 0.068952
0.908595 0.091405
0.000347 0.999653
0.085775 0.914225
0.151215 0.848785
0.000052 0.999948
0.947783 0.052217
0.577247 0.422753
0.145885 0.854115
0.927301 0.072699
0.798212 0.201788
0.191715 0.808285
0.935665 0.064335
0.491080 0.508920
0.581335 0.418665
0.421812 0.578188
0.939247 0.060753
0.000112 0.999888
0.930778 0.069222
0.081765 0.918235
0.956252 0.043748
0.951685 0.048315
0.935713 0.064287
0.425323 0.574677
0.554829 0.445171
0.930347 0.069653
0.031028 0.968972
0.003311 0.996689
0.066686 0.933314
0.876384 0.123616
0.912591 0.087409
0.888525 0.111475
0.515180 0.484820
0.930653 0.069347
0.953207 0.046793
0.952665 0.047335
0.852951 0.147049
0.157099 0.842901
0.130703 0.869297
0.910879 0.089121
0.002966 0.997034
0.948529 0.051471
0.917074 0.082926
0.044713 0.955287
0.908534 0.091466
0.930743 0.069257
0.000044 0.999956
0.038410 0.961590
0.931696 0.068304
0.026927 0.973073
0.948338 0.051662
0.903716 0.096284
0.056184 0.943816
0.945308 0.054692
0.934549 0.065451
0.404040 0.595960
0.096379 0.903621
0.942740 0.057260
0.073972 0.926028
0.000009 0.999991
0.942426 0.057574
0.002093 0.997907
0.899108 0.100892
0.948640 0.051360
0.897204 0.102796
0.123994 0.876006
0.907772 0.092228
0.009596 0.990404
0.893971 0.106029
0.930122 0.069878
0.024698 0.975302
0.936674 0.063326
0.583496 0.416504
0.923434 0.076566
0.906336 0.093664
0.555375 0.444625
0.024578 0.975422
0.000001 0.999999
0.952891 0.047109
0.079353 0.920647
0.150502 0.849498
0.078436 0.921564
0.952723 0.047277
0.942312 0.057688
0.911880 0.088120
0.951510 0.048490
0.844863 0.155137
0.029224 0.970776
0.670259 0.329741
0.778733 0.221267
0.083353 0.916647
0.109653 0.890347
0.096967 0.903033
0.881191 0.118809
0.000006 0.999994
0.812971 0.187029
0.914778 0.085222
0.938115 0.061885
0.762179 0.237821
0.909904 0.090096
0.546882 0.453118
0.943205 0.056795
0.881904 0.118096
0.325642 0.674358
0.001368 0.998632
0.939828 0.060172
0.391083 0.608917
0.897864 0.102136
0.669845 0.330155
0.119154 0.880846
0.955870 0.044130
0.906372 0.093628
0.939812 0.060188
0.348369 0.651631
0.002248 0.997752
0.941447 0.058553
0.931124 0.068876
0.865735 0.134265
0.099308 0.900692
0.871242 0.128758
0.947347 0.052653
0.939973 0.060027
0.902395 0.097605
0.000002 0.999998
0.539439 0.460561
0.000908 0.999092
0.000007 0.999993
0.953710 0.046290
0.904024 0.095976
0.000032 0.999968
0.001965 0.998035
0.803867 0.196133
0.846332 0.153668
0.915230 0.084770
0.000115 0.999885
0.003163 0.996837
0.000090 0.999910
0.863959 0.136041
0.000313 0.999687
0.039336 0.960664
0.000032 0.999968
0.000444 0.999556
0.843924 0.156076
0.943831 0.056169
0.907112 0.092888
0.956317 0.043683
0.903739 0.096261
0.000505 0.999495
0.951238 0.048762
0.928795 0.071205
0.207357 0.792643
0.880359 0.119641
0.012742 0.987258
0.518502 0.481498
0.830935 0.169065
0.878460 0.121540
0.000003 0.999997
0.579581 0.420419
0.136440 0.863560
0.917789 0.082211
0.000049 0.999951
0.817622 0.182378
0.000992 0.999008
0.952984 0.047016
0.951433 0.048567
0.894348 0.105652
0.942551 0.057449
0.888648 0.111352
0.945211 0.054789
0.921944 0.078056
0.898708 0.101292
0.953409 0.046591
0.124033 0.875967
0.144193 0.855807
0.953706 0.046294
0.092155 0.907845
0.941938 0.058062
0.156062 0.843938
0.120042 0.879958
0.000493 0.999507
0.954826 0.045174
0.955422 0.044578
0.896535 0.103465
0.919371 0.080629
0.942293 0.057707
0.001164 0.998836
0.129004 0.870996
0.866765 0.133235
0.105374 0.894626
0.010104 0.989896
0.087388 0.912612
0.000081 0.999919
0.944077 0.055923
0.931415 0.068585
0.099713 0.900287
0.000519 0.999481
0.956342 0.043658
0.526504 0.473496
0.919041 0.080959
0.645716 0.354284
0.952208 0.047792
0.931838 0.068162
0.024874 0.975126
0.891932 0.108068
0.831387 0.168613
0.000003 0.999997
0.001181 0.998819
0.001884 0.998116
0.940548 0.059452
0.921238 0.078762
0.038862 0.961138
0.937135 0.062865
0.000001 0.999999
0.809543 0.190457
0.002564 0.997436
0.811697 0.188303
0.000002 0.999998
0.004967 0.995033
0.000008 0.999992
0.955591 0.044409
0.925254 0.074746
0.946901 0.053099
0.944967 0.055033
0.131706 0.868294
0.442865 0.557135
0.447426 0.552574
0.851362 0.148638
0.085471 0.914529
0.897434 0.102566
0.912505 0.087495
0.941140 0.058860
0.000020 0.999980
0.903437 0.096563
0.548817 0.451183
0.947796 0.052204
0.955968 0.044032
0.955048 0.044952
0.947291 0.052709
0.921495 0.078505
0.944184 0.055816
0.000021 0.999979
0.945136 0.054864
0.121415 0.878585
0.086965 0.913035
0.486312 0.513688
0.945475 0.054525
0.897946 0.102054
0.000964 0.999036
0.153437 0.846563
0.899832 0.100168
0.216813 0.783187
0.000012 0.999988
0.851391 0.148609
0.007719 0.992281
0.000004 0.999996
0.000001 0.999999
0.943595 0.056405
0.955764 0.044236
0.464441 0.535559
0.058253 0.941747
0.947914 0.052086
0.044635 0.955365
0.395333 0.604667
0.000171 0.999829
0.080043 0.919957
0.013318 0.986682
0.955293 0.044707
0.932152 0.067848
0.000183 0.999817
0.000263 0.999737
0.944986 0.055014
0.137188 0.862812
0.000370 0.999630
0.381584 0.618416
0.000019 0.999981
0.789244 0.210756
0.891921 0.108079
0.470509 0.529491
0.024471 0.975529
0.888564 0.111436
0.012272 0.987728
0.933834 0.066166
0.929768 0.070232
0.003821 0.996179
0.009339 0.990661
0.000862 0.999138
0.940035 0.059965
0.010913 0.989087
0.958427 0.041573
0.085937 0.914063
0.814032 0.185968
0.956030 0.043970
0.063080 0.936920
0.061475 0.938525
0.161340 0.838660
0.770369 0.229631
0.876543 0.123457
0.936789 0.063211
0.870382 0.129618
0.031286 0.968714
0.002690 0.997310
0.951851 0.048149
0.928882 0.071118
0.936147 0.063853
0.076807 0.923193
0.940047 0.059953
0.001748 0.998252
0.948652 0.051348
0.009880 0.990120
0.897695 0.102305
0.027421 0.972579
0.727705 0.272295
0.000231 0.999769
0.934481 0.065519
0.918375 0.081625
0.009256 0.990744
0.833814 0.166186
0.955476 0.044524
0.945189 0.054811
0.953375 0.046625
0.940916 0.059084
0.810757 0.189243
0.958122 0.041878
0.546775 0.453225
0.117246 0.882754
0.914184 0.085816
0.098979 0.901021
0.957775 0.042225
0.000316 0.999684
0.951031 0.048969
0.836868 0.163132
0.832171 0.167829
0.955781 0.044219
0.865039 0.134961
0.464431 0.535569
0.950295 0.049705
0.077801 0.922199
0.911823 0.088177
0.163171 0.836829
0.023864 0.976136
0.847785 0.152215
0.914039 0.085961
0.000123 0.999877
0.572225 0.427775
0.934709 0.065291
0.922147 0.077853
0.850392 0.149608
0.938494 0.061506
0.828796 0.171204
0.071354 0.928646
0.950362 0.049638
0.955848 0.044152
0.907299 0.092701
0.820457 0.179543
0.052298 0.947702
0.944989 0.055011
0.007243 0.992757
0.000000 1.000000
0.041247 0.958753
0.000112 0.999888
0.000003 0.999997
0.880545 0.119455
0.000232 0.999768
0.919903 0.080097
0.953595 0.046405
0.936352 0.063648
0.930259 0.069741
0.927284 0.072716
0.684228 0.315772
0.905187 0.094813
0.032486 0.967514
0.000078 0.999922
0.001353 0.998647
0.941947 0.058053
0.933782 0.066218
0.940783 0.059217
0.000208 0.999792
0.913211 0.086789
0.002899 0.997101
0.826077 0.173923
0.955050 0.044950
0.293306 0.706694
0.146794 0.853206
0.954737 0.045263
0.006286 0.993714
0.953752 0.046248
0.886019 0.113981
0.947276 0.052724
0.943154 0.056846
0.001610 0.998390
0.917250 0.082750
0.950034 0.049966
0.711061 0.288939
0.956080 0.043920
0.129010 0.870990
0.886795 0.113205
0.910143 0.089857
0.951679 0.048321
0.813120 0.186880
0.906461 0.093539
0.001070 0.998930
0.069617 0.930383
0.260869 0.739131
0.000005 0.999995
0.888724 0.111276
0.931354 0.068646
0.051749 0.948251
0.948480 0.051520
0.370657 0.629343
0.000262 0.999738
0.154849 0.845151
0.018950 0.981050
0.001880 0.998120
0.940798 0.059202
0.831462 0.168538
0.919613 0.080387
0.001028 0.998972
0.902945 0.097055
0.781191 0.218809
0.898604 0.101396
0.055068 0.944932
0.000000 1.000000
0.901946 0.098054
0.885485 0.114515
0.945742 0.054258
0.050047 0.949953
0.932890 0.067110
0.372966 0.627034
0.952691 0.047309
0.935635 0.064365
0.956570 0.043430
0.062309 0.937691
0.175643 0.824357
0.950067 0.049933
0.191281 0.808719
0.140359 0.859641
0.937643 0.062357
0.846854 0.153146
0.939322 0.060678
0.000090 0.999910
0.004146 0.995854
0.832460 0.167540
0.049203 0.950797
0.107810 0.892190
0.882174 0.117826
0.893472 0.106528
0.000143 0.999857
0.043886 0.956114
0.864225 0.135775
0.938228 0.061772
0.905744 0.094256
0.953095 0.046905
0.742743 0.257257
0.173245 0.826755
0.923362 0.076638
0.889551 0.110449
0.000089 0.999911
0.000081 0.999919
0.064411 0.935589
0.339896 0.660104
0.889924 0.110076
0.000594 0.999406
0.946837 0.053163
0.885614 0.114386
0.138453 0.861547
0.018784 0.981216
0.000057 0.999943
0.815467 0.184533
0.939870 0.060130
0.001066 0.998934
0.004370 0.995630
0.924077 0.075923
0.728516 0.271484
0.792776 0.207224
0.906424 0.093576
0.119448 0.880552
0.917587 0.082413
0.063058 0.936942
0.929214 0.070786
0.076516 0.923484
0.009284 0.990716
0.115062 0.884938
0.901740 0.098260
0.004294 0.995706
0.075833 0.924167
0.813591 0.186409
0.000031 0.999969
0.133035 0.866965
0.956316 0.043684
0.060573 0.939427
0.000000 1.000000
0.846054 0.153946
0.830042 0.169958
0.004182 0.995818
0.000308 0.999692
0.938787 0.061213
0.950997 0.049003
0.130591 0.869409
0.783421 0.216579
0.957345 0.042655
0.377612 0.622388
0.917571 0.082429
0.886064 0.113936
0.478958 0.521042
0.928261 0.071739
0.822478 0.177522
0.877367 0.122633
0.000665 0.999335
0.627314 0.372686
0.000000 1.000000
0.768502 0.231498
0.903497 0.096503
0.009086 0.990914
0.954974 0.045026
0.952951 0.047049
0.113193 0.886807
0.899456 0.100544
0.014788 0.985212
0.035442 0.964558
0.908067 0.091933
0.000001 0.999999
0.000264 0.999736
0.834826 0.165174
0.719250 0.280750
0.806662 0.193338
0.222491 0.777509
0.769782 0.230218
0.905518 0.094482
0.922353 0.077647
0.632869 0.367131
0.000042 0.999958
0.245124 0.754876
0.950181 0.049819
0.944688 0.055312
0.932309 0.067691
0.000005 0.999995
0.725594 0.274406
0.925304 0.074696
0.012172 0.987828
0.929730 0.070270
0.907677 0.092323
0.885991 0.114009
0.307825 0.692175
0.953316 0.046684
0.920446 0.079554
0.536182 0.463818
0.953599 0.046401
0.915840 0.084160
0.938969 0.061031
0.946713 0.053287
0.695537 0.304463
0.673855 0.326145
0.942468 0.057532
0.741673 0.258327
0.037449 0.962551
0.109293 0.890707
0.004151 0.995849
0.848723 0.151277
0.000426 0.999574
0.385450 0.614550
0.947108 0.052892
0.892784 0.107216
0.908794 0.091206
0.001381 0.998619
0.132550 0.867450
0.052846 0.947154
0.960133 0.039867
0.000341 0.999659
0.942014 0.057986
0.004465 0.995535
0.888528 0.111472
0.891545 0.108455
0.087007 0.912993
0.846859 0.153141
0.862478 0.137522
0.002911 0.997089
0.031081 0.968919
0.913787 0.086213
0.154340 0.845660
0.031470 0.968530
0.061144 0.938856
0.931510 0.068490
0.898153 0.101847
0.935700 0.064300
0.906214 0.093786
0.783273 0.216727
0.938655 0.061345
0.895714 0.104286
0.918484 0.081516
0.020803 0.979197
0.879744 0.120256
0.950179 0.049821
0.939784 0.060216
0.074817 0.925183
0.000038 0.999962
0.951029 0.048971
0.819577 0.180423
0.609938 0.390062
0.828069 0.171931
0.098479 0.901521
0.809644 0.190356
0.954306 0.045694
0.000463 0.999537
0.000900 0.999100
0.000173 0.999827
0.819203 0.180797
0.007185 0.992815
0.000123 0.999877
0.002061 0.997939
0.098449 0.901551
0.883115 0.116885
0.062586 0.937414
0.903694 0.096306
0.028638 0.971362
0.538164 0.461836
0.951113 0.048887
0.775546 0.224454
0.916892 0.083108
0.000002 0.999998
0.015625 0.984375
0.903022 0.096978
0.873002 0.126998
0.836100 0.163900
0.686581 0.313419
0.002670 0.997330
0.008344 0.991656
0.946400 0.053600
0.947545 0.052455
0.938175 0.061825
0.943113 0.056887
0.136650 0.863350
0.045135 0.954865
0.943063 0.056937
0.021262 0.978738
0.075058 0.924942
0.141306 0.858694
0.906795 0.093205
0.932797 0.067203
0.954799 0.045201
0.940442 0.059558
0.000907 0.999093
0.929685 0.070315
0.953936 0.046064
0.000126 0.999874
0.928932 0.071068
0.950287 0.049713
0.931138 0.068862
0.824022 0.175978
0.895274 0.104726
0.926828 0.073172
0.955220 0.044780
0.936705 0.063295
0.013206 0.986794
0.000372 0.999628
0.842815 0.157185
0.948230 0.051770
0.376032 0.623968
0.926127 0.073873
0.209767 0.790233
0.913354 0.086646
0.952441 0.047559
0.864195 0.135805
0.000000 1.000000
0.902503 0.097497
0.939821 0.060179
0.043610 0.956390
0.948516 0.051484
0.783369 0.216631
0.600292 0.399708
0.195831 0.804169
0.061374 0.938626
0.010774 0.989226
0.000181 0.999819
0.536803 0.463197
0.795106 0.204894
0.882688 0.117312
0.892629 0.107371
0.029272 0.970728
0.001673 0.998327
0.944207 0.055793
0.934030 0.065970
0.071377 0.928623
0.954482 0.045518
0.950173 0.049827
0.808840 0.191160
0.486232 0.513768
0.853138 0.146862
0.949249 0.050751
0.119723 0.880277
0.872496 0.127504
0.146622 0.853378
0.898809 0.101191
0.179383 0.820617
0.948219 0.051781
0.956759 0.043241
0.023804 0.976196
0.819621 0.180379
0.937454 0.062546
0.000023 0.999977
0.000273 0.999727
0.866967 0.133033
0.944943 0.055057
0.890144 0.109856
0.003897 0.996103
0.882198 0.117802
0.953302 0.046698
0.111554 0.888446
0.189036 0.810964
0.001503 0.998497
0.853235 0.146765
0.879076 0.120924
0.004707 0.995293
0.948410 0.051590
0.100475 0.899525
0.015590 0.984410
0.891549 0.108451
0.079811 0.920189
0.109092 0.890908
0.626637 0.373363
0.402533 0.597467
0.010554 0.989446
0.071158 0.928842
0.893055 0.106945
0.903997 0.096003
0.891308 0.108692
0.297610 0.702390
0.907229 0.092771
0.909172 0.090828
0.883952 0.116048
0.002888 0.997112
0.050619 0.949381
0.213524 0.786476
0.104429 0.895571
0.433264 0.566736
0.945598 0.054402
0.302837 0.697163
0.947518 0.052482
0.789224 0.210776
0.875712 0.124288
0.001139 0.998861
0.334389 0.665611
0.159541 0.840459
0.000293 0.999707
0.006583 0.993417
0.927653 0.072347
0.913251 0.086749
0.126845 0.873155
0.955181 0.044819
0.873620 0.126380
0.881833 0.118167
0.944107 0.055893
0.116650 0.883350
0.257789 0.742211
0.016348 0.983652
0.940876 0.059124
0.028568 0.971432
0.914486 0.085514
0.117214 0.882786
0.952918 0.047082
0.744017 0.255983
0.000097 0.999903
0.002167 0.997833
0.019238 0.980762
0.054922 0.945078
0.947481 0.052519
0.945043 0.054957
0.046786 0.953214
0.909504 0.090496
0.952094 0.047906
0.088334 0.911666
0.873480 0.126520
0.941434 0.058566
0.924441 0.075559
0.918722 0.081278
0.956193 0.043807
0.830935 0.169065
0.045109 0.954891
0.887752 0.112248
0.012007 0.987993
0.922644 0.077356
0.842359 0.157641
0.000000 1.000000
0.787732 0.212268
0.923742 0.076258
0.955040 0.044960
0.852102 0.147898
0.070745 0.929255
0.830215 0.169785
0.005753 0.994247
0.931190 0.068810
0.674333 0.325667
0.943462 0.056538
0.897999 0.102001
0.185213 0.814787
0.000646 0.999354
0.950205 0.049795
0.127413 0.872587
0.944492 0.055508
0.928792 0.071208
0.001838 0.998162
0.951763 0.048237
0.908686 0.091314
0.009939 0.990061
0.858337 0.141663
0.000025 0.999975
0.002145 0.997855
0.053667 0.946333
0.008498 0.991502
0.938151 0.061849
0.883625 0.116375
0.084470 0.915530
0.589412 0.410588
0.071798 0.928202
0.037771 0.962229
0.024481 0.975519
0.140222 0.859778
0.056207 0.943793
0.003356 0.996644
0.952493 0.047507
0.890546 0.109454
0.709984 0.290016
0.782126 0.217874
0.062551 0.937449
0.935215 0.064785
0.941846 0.058154
0.954928 0.045072
0.936168 0.063832
0.946241 0.053759
0.887227 0.112773
0.003050 0.996950
0.000447 0.999553
0.945021 0.054979
0.949971 0.050029
0.836266 0.163734
0.114326 0.885674
0.829695 0.170305
0.047494 0.952506
0.408753 0.591247
0.921553 0.078447
0.938438 0.061562
0.176055 0.823945
0.886210 0.113790
0.007314 0.992686
0.956911 0.043089
0.950304 0.049696
0.003226 0.996774
0.478407 0.521593
0.065428 0.934572
0.955038 0.044962
0.110381 0.889619
0.867667 0.132333
0.954789 0.045211
0.218492 0.781508
0.349517 0.650483
0.928822 0.071178
0.000620 0.999380
0.944837 0.055163
0.939075 0.060925
0.005464 0.994536
0.936345 0.063655
0.000041 0.999959
0.159954 0.840046
0.905760 0.094240
0.038305 0.961695
0.788347 0.211653
0.107237 0.892763
0.908767 0.091233
0.732813 0.267187
0.054414 0.945586
0.921799 0.078201
0.905687 0.094313
0.953238 0.046762
0.720490 0.279510
0.006935 0.993065
0.879750 0.120250
0.000001 0.999999
0.003218 0.996782
0.026802 0.973198
0.119503 0.880497
0.000033 0.999967
0.000049 0.999951
0.044239 0.955761
0.000023 0.999977
0.897235 0.102765
0.940915 0.059085
0.955116 0.044884
0.460821 0.539179
0.807973 0.192027
0.000001 0.999999
0.560360 0.439640
0.943555 0.056445
0.082609 0.917391
0.855351 0.144649
0.184435 0.815565
0.000120 0.999880
0.012685 0.987315
0.012651 0.987349
0.801208 0.198792
0.000000 1.000000
0.815470 0.184530
0.860837 0.139163
0.277051 0.722949
0.873612 0.126388
0.919680 0.080320
0.911617 0.088383
0.000258 0.999742
0.051174 0.948826
0.886665 0.113335
0.004005 0.995995
0.899247 0.100753
0.261109 0.738891
0.027323 0.972677
0.000087 0.999913
0.044895 0.955105
0.458218 0.541782
0.955802 0.044198
0.931812 0.068188
0.856415 0.143585
0.028280 0.971720
0.096389 0.903611
0.874078 0.125922
0.000016 0.999984
0.000128 0.999872
0.000608 0.999392
0.061244 0.938756
0.013963 0.986037
0.002079 0.997921
0.957866 0.042134
0.067474 0.932526
0.331470 0.668530
0.112753 0.887247
0.949455 0.050545
0.813344 0.186656
0.951333 0.048667
0.118025 0.881975
0.951056 0.048944
0.873199 0.126801
0.002588 0.997412
0.953301 0.046699
0.000111 0.999889
0.951745 0.048255
0.000007 0.999993
0.950008 0.049992
0.601873 0.398127
0.061572 0.938428
0.943623 0.056377
0.111076 0.888924
0.927766 0.072234
0.120831 0.879169
0.877111 0.122889
0.934941 0.065059
0.055499 0.944501
0.891894 0.108106
0.000440 0.999560
0.951997 0.048003
0.914652 0.085348
0.954132 0.045868
0.939851 0.060149
0.952888 0.047112
0.953306 0.046694
0.013551 0.986449
0.059489 0.940511
0.840554 0.159446
0.621174 0.378826
0.896234 0.103766
0.929781 0.070219
0.951167 0.048833
0.943223 0.056777
0.003296 0.996704
0.882318 0.117682
0.003565 0.996435
0.857771 0.142229
0.134337 0.865663
0.751555 0.248445
0.951417 0.048583
0.174037 0.825963
0.608036 0.391964
0.124033 0.875967
0.933242 0.066758
0.094667 0.905333
0.000718 0.999282
0.871291 0.128709
0.957034 0.042966
0.688576 0.311424
0.865875 0.134125
0.879277 0.120723
0.841749 0.158251
0.877625 0.122375
0.857993 0.142007
0.640419 0.359581
0.385505 0.614495
0.014511 0.985489
0.767645 0.232355
0.002051 0.997949
0.948995 0.051005
0.923405 0.076595
0.624132 0.375868
0.951187 0.048813
0.862656 0.137344
0.159860 0.840140
0.738110 0.261890
0.748531 0.251469
0.940286 0.059714
0.203127 0.796873
0.933056 0.066944
0.905569 0.094431
0.869350 0.130650
0.000072 0.999928
0.002457 0.997543
0.898577 0.101423
0.063146 0.936854
0.260099 0.739901
0.791761 0.208239
0.953425 0.046575
0.953388 0.046612
0.922625 0.077375
0.559551 0.440449
0.928479 0.071521
0.845585 0.154415
0.949609 0.050391
0.898415 0.101585
0.272264 0.727736
0.917796 0.082204
0.069682 0.930318
0.954303 0.045697
0.879788 0.120212
0.899253 0.100747
0.946188 0.053812
0.000006 0.999994
0.915763 0.084237
0.934218 0.065782
0.846299 0.153701
0.000002 0.999998
0.882421 0.117579
0.957053 0.042947
0.737164 0.262836
0.390806 0.609194
0.102218 0.897782
0.934111 0.065889
0.893715 0.106285
0.410398 0.589602
0.901044 0.098956
0.948694 0.051306
0.945738 0.054262
0.892996 0.107004
0.753937 0.246063
0.939739 0.060261
0.073486 0.926514
0.900384 0.099616
0.900434 0.099566
0.070554 0.929446
0.421251 0.578749
0.946519 0.053481
0.920294 0.079706
0.934657 0.065343
0.000000 1.000000
0.906956 0.093044
0.000754 0.999246
0.009415 0.990585
0.875194 0.124806
0.001207 0.998793
0.947587 0.052413
0.948770 0.051230
0.942333 0.057667
0.950439 0.049561
0.906802 0.093198
0.127203 0.872797
0.349670 0.650330
0.009507 0.990493
0.955502 0.044498
0.945936 0.054064
0.000537 0.999463
0.951953 0.048047
0.151382 0.848618
0.879384 0.120616
0.000686 0.999314
0.002392 0.997608
0.906501 0.093499
0.439089 0.560911
0.197489 0.802511
0.953376 0.046624
0.134655 0.865345
0.000002 0.999998
0.801434 0.198566
0.799593 0.200407
0.109626 0.890374
0.040501 0.959499
0.041780 0.958220
0.715277 0.284723
0.946992 0.053008
0.893016 0.106984
0.951142 0.048858
0.922849 0.077151
0.094126 0.905874
0.011553 0.988447
0.906753 0.093247
0.934416 0.065584
0.001012 0.998988
0.932077 0.067923
0.886155 0.113845
0.051267 0.948733
0.189109 0.810891
0.162804 0.837196
0.953521 0.046479
0.123130 0.876870
0.386134 0.613866
0.025228 0.974772
0.934588 0.065412
0.954814 0.045186
0.876944 0.123056
0.947982 0.052018
0.886793 0.113207
0.017852 0.982148
0.000674 0.999326
0.945628 0.054372
0.541287 0.458713
0.012264 0.987736
0.029206 0.970794
0.915904 0.084096
0.684844 0.315156
0.928371 0.071629
0.940515 0.059485
0.926212 0.073788
0.836616 0.163384
0.569630 0.430370
0.903575 0.096425
0.018426 0.981574
0.003248 0.996752
0.053134 0.946866
0.001830 0.998170
0.002618 0.997382
0.105778 0.894222
0.808818 0.191182
0.100529 0.899471
0.929936 0.070064
0.091453 0.908547
0.939386 0.060614
0.812317 0.187683
0.002205 0.997795
0.623473 0.376527
0.947636 0.052364
0.129215 0.870785
0.038793 0.961207
0.101099 0.898901
0.705314 0.294686
0.895847 0.104153
0.951877 0.048123
0.890278 0.109722
0.854625 0.145375
0.129887 0.870113
0.000000 1.000000
0.930757 0.069243
0.898013 0.101987
0.211389 0.788611
0.724800 0.275200
0.880170 0.119830
0.000002 0.999998
0.002722 0.997278
0.044437 0.955563
0.000091 0.999909
0.892481 0.107519
0.000029 0.999971
0.138272 0.861728
0.775763 0.224237
0.000065 0.999935
0.074065 0.925935
0.000004 0.999996
0.009577 0.990423
0.937486 0.062514
0.955545 0.044455
0.011810 0.988190
0.001730 0.998270
0.000015 0.999985
0.019768 0.980232
0.606437 0.393563
0.947768 0.052232
0.911496 0.088504
0.900103 0.099897
0.948952 0.051048
0.047483 0.952517
0.054400 0.945600
0.931778 0.068222
0.955506 0.044494
0.954465 0.045535
0.898221 0.101779
0.833013 0.166987
0.854289 0.145711
0.816857 0.183143
0.610159 0.389841
0.001227 0.998773
0.063811 0.936189
0.950739 0.049261
0.000086 0.999914
0.942250 0.057750
0.915920 0.084080
0.961364 0.038636
0.061596 0.938404
0.938586 0.061414
0.913743 0.086257
0.619836 0.380164
0.453388 0.546612
0.923800 0.076200
0.133766 0.866234
0.957050 0.042950
0.800786 0.199214
0.791403 0.208597
0.924337 0.075663
0.005617 0.994383
0.000000 1.000000
0.952452 0.047548
0.546866 0.453134
0.912629 0.087371
0.953396 0.046604
0.464813 0.535187
0.003306 0.996694
0.948914 0.051086
0.330404 0.669596
0.742988 0.257012
0.613835 0.386165
0.945279 0.054721
0.948368 0.051632
0.125977 0.874023
0.951413 0.048587
0.528651 0.471349
0.948828 0.051172
0.000152 0.999848
0.915100 0.084900
0.000787 0.999213
0.832290 0.167710
0.000088 0.999912
0.006467 0.993533
0.937008 0.062992
0.940633 0.059367
0.001044 0.998956
0.788823 0.211177
0.928833 0.071167
0.793277 0.206723
0.901044 0.098956
0.006899 0.993101
0.000007 0.999993
0.000087 0.999913
0.906592 0.093408
0.892360 0.107640
0.014350 0.985650
0.209430 0.790570
0.000002 0.999998
0.953045 0.046955
0.820736 0.179264
0.852588 0.147412
0.103959 0.896041
0.000106 0.999894
0.908433 0.091567
0.908011 0.091989
0.740941 0.259059
0.000030 0.999970
0.001087 0.998913
0.913420 0.086580
0.155772 0.844228
0.031230 0.968770
0.945892 0.054108
0.000067 0.999933
0.146555 0.853445
0.043069 0.956931
0.007194 0.992806
0.958148 0.041852
0.909306 0.090694
0.000007 0.999993
0.811197 0.188803
0.005467 0.994533
0.950991 0.049009
0.928585 0.071415
0.021469 0.978531
0.916128 0.083872
0.151347 0.848653
0.000060 0.999940
0.893210 0.106790
0.758043 0.241957
0.061513 0.938487
0.732255 0.267745
0.118973 0.881027
0.889753 0.110247
0.023813 0.976187
0.000002 0.999998
0.035124 0.964876
0.899127 0.100873
0.162439 0.837561
0.890454 0.109546
0.002098 0.997902
0.000059 0.999941
0.818044 0.181956
0.073069 0.926931
0.936151 0.063849
0.038174 0.961826
0.001262 0.998738
0.927531 0.072469
0.957323 0.042677
0.940605 0.059395
0.166346 0.833654
0.926283 0.073717
0.000994 0.999006
0.700414 0.299586
0.943280 0.056720
0.027108 0.972892
0.816504 0.183496
0.726262 0.273738
0.000109 0.999891
0.387782 0.612218
0.000067 0.999933
0.029331 0.970669
0.904306 0.095694
0.919657 0.080343
0.899142 0.100858
0.323340 0.676660
0.186529 0.813471
0.927104 0.072896
0.909259 0.090741
0.958145 0.041855
0.944442 0.055558
0.905428 0.094572
0.705185 0.294815
0.906548 0.093452
0.944398 0.055602
0.945398 0.054602
0.911820 0.088180
0.126080 0.873920
0.247543 0.752457
0.061964 0.938036
0.956441 0.043559
0.055242 0.944758
0.826977 0.173023
0.079306 0.920694
0.082527 0.917473
0.011154 0.988846
0.902492 0.097508
0.000018 0.999982
0.004805 0.995195
0.017847 0.982153
0.003507 0.996493
0.907951 0.092049
0.135058 0.864942
0.117265 0.882735
0.000029 0.999971
0.002051 0.997949
0.162452 0.837548
0.914657 0.085343
0.653161 0.346839
0.870814 0.129186
0.940513 0.059487
0.049942 0.950058
0.000184 0.999816
0.935036 0.064964
0.008373 0.991627
0.915711 0.084289
0.007243 0.992757
0.895274 0.104726
0.950692 0.049308
0.908448 0.091552
0.946826 0.053174
0.000029 0.999971
0.000078 0.999922
0.946057 0.053943
0.859882 0.140118
0.857738 0.142262
0.929221 0.070779
0.946778 0.053222
0.947401 0.052599
0.936199 0.063801
0.841182 0.158818
0.169907 0.830093
0.948773 0.051227
0.924974 0.075026
0.935908 0.064092
0.000021 0.999979
0.950820 0.049180
0.904584 0.095416
0.955153 0.044847
0.000018 0.999982
0.923775 0.076225
0.955599 0.044401
0.926672 0.073328
0.000954 0.999046
0.001184 0.998816
0.901292 0.098708
0.924356 0.075644
0.617884 0.382116
0.157136 0.842864
0.001046 0.998954
0.256685 0.743315
0.000647 0.999353
0.944052 0.055948
0.841013 0.158987
0.955861 0.044139
0.957093 0.042907
0.000021 0.999979
0.919547 0.080453
0.944211 0.055789
0.000000 1.000000
0.877217 0.122783
0.947171 0.052829
0.948332 0.051668
0.876411 0.123589
0.952856 0.047144
0.001068 0.998932
0.924172 0.075828
0.000101 0.999899
0.000187 0.999813
0.947174 0.052826
0.880109 0.119891
0.952816 0.047184
0.955803 0.044197
0.000306 0.999694
0.886303 0.113697
0.832286 0.167714
0.949392 0.050608
0.926621 0.073379
0.889751 0.110249
0.008784 0.991216
0.949270 0.050730
0.898391 0.101609
0.956259 0.043741
0.933956 0.066044
0.004593 0.995407
0.437437 0.562563
0.056497 0.943503
0.000000 1.000000
0.115226 0.884774
0.000369 0.999631
0.128065 0.871935
0.949554 0.050446
0.892904 0.107096
0.112022 0.887978
0.918629 0.081371
0.000097 0.999903
0.002329 0.997671
0.885718 0.114282
0.947069 0.052931
0.952290 0.047710
0.235773 0.764227
0.150494 0.849506
0.001780 0.998220
0.932349 0.067651
0.047855 0.952145
0.934931 0.065069
0.956117 0.043883
0.951506 0.048494
0.446549 0.553451
0.933732 0.066268
0.942576 0.057424
0.896869 0.103131
0.000013 0.999987
0.952753 0.047247
0.000526 0.999474
0.924983 0.075017
0.014274 0.985726
0.910832 0.089168
0.849494 0.150506
0.309823 0.690177
0.951726 0.048274
0.943592 0.056408
0.904419 0.095581
0.926688 0.073312
0.776542 0.223458
0.945915 0.054085
0.878033 0.121967
0.061879 0.938121
0.909809 0.090191
0.650148 0.349852
0.037185 0.962815
0.278625 0.721375
0.433584 0.566416
0.823135 0.176865
0.861190 0.138810
0.088141 0.911859
0.039734 0.960266
0.440374 0.559626
0.931123 0.068877
0.102422 0.897578
0.802518 0.197482
0.000002 0.999998
0.818318 0.181682
0.905694 0.094306
0.000236 0.999764
0.009601 0.990399
0.866139 0.133861
0.932643 0.067357
0.909078 0.090922
0.000329 0.999671
0.843632 0.156368
0.945462 0.054538
0.625338 0.374662
0.724046 0.275954
0.926030 0.073970
0.950388 0.049612
0.759970 0.240030
0.000308 0.999692
0.946427 0.053573
0.092811 0.907189
0.954991 0.045009
0.000020 0.999980
0.951720 0.048280
0.891008 0.108992
0.921905 0.078095
0.608734 0.391266
0.902530 0.097470
0.051665 0.948335
0.772042 0.227958
0.013287 0.986713
0.052439 0.947561
0.925644 0.074356
0.000001 0.999999
0.011162 0.988838
0.899784 0.100216
0.016444 0.983556
0.074656 0.925344
0.936398 0.063602
0.903391 0.096609
0.943027 0.056973
0.657728 0.342272
0.739592 0.260408
0.952358 0.047642
0.904403 0.095597
0.114743 0.885257
0.015232 0.984768
0.892233 0.107767
0.875979 0.124021
0.003070 0.996930
0.004446 0.995554
0.879028 0.120972
0.953810 0.046190
0.936693 0.063307
0.945306 0.054694
0.005407 0.994593
0.002302 0.997698
0.948397 0.051603
0.294503 0.705497
0.894321 0.105679
0.951373 0.048627
0.950895 0.049105
0.127594 0.872406
0.003451 0.996549
0.943023 0.056977
0.000157 0.999843
0.858608 0.141392
0.928272 0.071728
0.946085 0.053915
0.001625 0.998375
0.000005 0.999995
0.919158 0.080842
0.726719 0.273281
0.102380 0.897620
0.907630 0.092370
0.004557 0.995443
0.874921 0.125079
0.773532 0.226468
0.954116 0.045884
0.915937 0.084063
0.023794 0.976206
0.940635 0.059365
0.152719 0.847281
0.057527 0.942473
0.139064 0.860936
0.748201 0.251799
0.953675 0.046325
0.150804 0.849196
0.925679 0.074321
0.103652 0.896348
0.940005 0.059995
0.917581 0.082419
0.820346 0.179654
0.916075 0.083925
0.945077 0.054923
0.951836 0.048164
0.863661 0.136339
0.843051 0.156949
0.000093 0.999907
0.761357 0.238643
0.944976 0.055024
0.000067 0.999933
0.364431 0.635569
0.072205 0.927795
0.934868 0.065132
0.956757 0.043243
0.009815 0.990185
0.000027 0.999973
0.919744 0.080256
0.002099 0.997901
0.918835 0.081165
0.940442 0.059558
0.000289 0.999711
0.916667 0.083333
0.554256 0.445744
0.958091 0.041909
0.239389 0.760611
0.945599 0.054401
0.194169 0.805831
0.114714 0.885286
0.165186 0.834814
0.015254 0.984746
0.903408 0.096592
0.955490 0.044510
0.002503 0.997497
0.897437 0.102563
0.828071 0.171929
0.914764 0.085236
0.866129 0.133871
0.170066 0.829934
0.680453 0.319547
0.947001 0.052999
0.948273 0.051727
0.880993 0.119007
0.080345 0.919655
0.857576 0.142424
0.001991 0.998009
0.890643 0.109357
0.899486 0.100514
0.941541 0.058459
0.002121 0.997879
0.925006 0.074994
0.908436 0.091564
0.950715 0.049285
0.894868 0.105132
0.917037 0.082963
0.677002 0.322998
0.029910 0.970090
0.103162 0.896838
0.940312 0.059688
0.014039 0.985961
0.406258 0.593742
0.930194 0.069806
0.900616 0.099384
0.099156 0.900844
0.012247 0.987753
0.067390 0.932610
0.953381 0.046619
0.001300 0.998700
0.177266 0.822734
0.844263 0.155737
0.954306 0.045694
0.929961 0.070039
0.154974 0.845026
0.893715 0.106285
0.005913 0.994087
0.910494 0.089506
0.002354 0.997646
0.160621 0.839379
0.955538 0.044462
0.770431 0.229569
0.909734 0.090266
0.948883 0.051117
0.947770 0.052230
0.920892 0.079108
0.010574 0.989426
0.932943 0.067057
0.883754 0.116246
0.832869 0.167131
0.057140 0.942860
0.894253 0.105747
0.074125 0.925875
0.000006 0.999994
0.913102 0.086898
0.945707 0.054293
0.877597 0.122403
0.831450 0.168550
0.933423 0.066577
0.952428 0.047572
0.000217 0.999783
0.000137 0.999863
0.923750 0.076250
0.108979 0.891021
0.014523 0.985477
0.906177 0.093823
0.865601 0.134399
0.947288 0.052712
0.953139 0.046861
0.007040 0.992960
0.950032 0.049968
0.944353 0.055647
0.906806 0.093194
0.045847 0.954153
0.090476 0.909524
0.951876 0.048124
0.000122 0.999878
0.000765 0.999235
0.884784 0.115216
0.650414 0.349586
0.583533 0.416467
0.376090 0.623910
0.000072 0.999928
0.743687 0.256313
0.332812 0.667188
0.000054 0.999946
0.910722 0.089278
0.181630 0.818370
0.893669 0.106331
0.954517 0.045483
0.856511 0.143489
0.011187 0.988813
0.934266 0.065734
0.000004 0.999996
0.937790 0.062210
0.956123 0.043877
0.075090 0.924910
0.133274 0.866726
0.894037 0.105963
0.090905 0.909095
0.136145 0.863855
0.932714 0.067286
0.001367 0.998633
0.091784 0.908216
0.956114 0.043886
0.933782 0.066218
0.915952 0.084048
0.125979 0.874021
0.950065 0.049935
0.828551 0.171449
0.940773 0.059227
0.001325 0.998675
0.948808 0.051192
0.939037 0.060963
0.000007 0.999993
0.004211 0.995789
0.949642 0.050358
0.000081 0.999919
0.817875 0.182125
0.000800 0.999200
0.907656 0.092344
0.818071 0.181929
0.013424 0.986576
0.106388 0.893612
0.000055 0.999945
0.001484 0.998516
0.955409 0.044591
0.956822 0.043178
0.942139 0.057861
0.036313 0.963687
0.956588 0.043412
0.000745 0.999255
0.688089 0.311911
0.939541 0.060459
0.003626 0.996374
0.898012 0.101988
0.852280 0.147720
0.957069 0.042931
0.861845 0.138155
0.008741 0.991259
0.149012 0.850988
0.002784 0.997216
0.002425 0.997575
0.934492 0.065508
0.950725 0.049275
0.000003 0.999997
0.054972 0.945028
0.000010 0.999990
0.895867 0.104133
0.095026 0.904974
0.072777 0.927223
0.707869 0.292131
0.934094 0.065906
0.675644 0.324356
0.954558 0.045442
0.905668 0.094332
0.531033 0.468967
0.936218 0.063782
0.850071 0.149929
0.000004 0.999996
0.150705 0.849295
0.843196 0.156804
0.078514 0.921486
0.897276 0.102724
0.059397 0.940603
0.944075 0.055925
0.000011 0.999989
0.896715 0.103285
0.709588 0.290412
0.945681 0.054319
0.000219 0.999781
