0.998484 0.001516
0.000017 0.999983
0.021200 0.978800
0.000006 0.999994
0.994994 0.005006
0.000010 0.999990
0.000022 0.999978
0.999057 0.000943
0.981091 0.018909
0.995448 0.004552
0.026463 0.973537
0.980578 0.019422
0.860210 0.139790
0.964346 0.035654
0.001061 0.998939
0.411142 0.588858
0.998786 0.001214
0.999185 0.000815
0.000012 0.999988
0.000006 0.999994
0.000007 0.999993
0.198524 0.801476
0.926152 0.073848
0.000007 0.999993
0.616550 0.383450
0.000006 0.999994
0.000006 0.999994
0.154752 0.845248
0.001013 0.998987
0.001135 0.998865
0.163883 0.836117
0.897420 0.102580
0.970306 0.029694
0.885315 0.114685
0.982392 0.017608
0.998614 0.001386
0.239086 0.760914
0.000009 0.999991
0.771771 0.228229
0.001241 0.998759
0.000006 0.999994
0.997657 0.002343
0.001054 0.998946
0.000008 0.999992
0.001040 0.998960
0.042447 0.957553
0.000019 0.999981
0.999261 0.000739
0.097113 0.902887
0.001148 0.998852
0.318213 0.681787
0.000987 0.999013
0.001017 0.998983
0.033753 0.966247
0.000007 0.999993
0.636718 0.363282
0.792880 0.207120
0.000007 0.999993
0.998783 0.001217
0.298623 0.701377
0.000091 0.999909
0.945078 0.054922
0.001403 0.998597
0.947884 0.052116
0.000006 0.999994
0.001005 0.998995
0.000008 0.999992
0.000006 0.999994
0.000068 0.999932
0.000966 0.999034
0.472225 0.527775
0.000013 0.999987
0.981819 0.018181
0.001802 0.998198
0.000006 0.999994
0.000006 0.999994
0.000010 0.999990
0.000006 0.999994
0.986537 0.013463
0.000010 0.999990
0.134707 0.865293
0.997616 0.002384
0.017597 0.982403
0.999074 0.000926
0.919408 0.080592
0.154453 0.845547
0.011425 0.988575
0.000018 0.999982
0.000007 0.999993
0.003757 0.996243
0.010110 0.989890
0.000006 0.999994
0.154771 0.845229
0.960037 0.039963
0.651501 0.348499
0.998034 0.001966
0.000108 0.999892
0.000013 0.999987
0.000008 0.999992
0.355620 0.644380
0.000011 0.999989
0.991791 0.008209
0.032563 0.967437
0.001389 0.998611
0.006092 0.993908
0.835110 0.164890
0.000009 0.999991
0.000101 0.999899
0.013939 0.986061
0.998233 0.001767
0.002152 0.997848
0.997792 0.002208
0.000017 0.999983
0.000019 0.999981
0.000006 0.999994
0.992644 0.007356
0.831156 0.168844
0.000007 0.999993
0.000108 0.999892
0.992705 0.007295
0.996210 0.003790
0.001115 0.998885
0.001501 0.998499
0.054021 0.945979
0.030646 0.969354
0.000007 0.999993
0.000921 0.999079
0.999002 0.000998
0.000018 0.999982
0.183952 0.816048
0.000012 0.999988
0.000006 0.999994
0.005509 0.994491
0.001476 0.998524
0.996135 0.003865
0.998214 0.001786
0.015018 0.984982
0.000007 0.999993
0.001598 0.998402
0.009671 0.990329
0.000009 0.999991
0.000011 0.999989
0.997236 0.002764
0.000012 0.999988
0.000007 0.999993
0.000007 0.999993
0.990038 0.009962
0.998904 0.001096
0.000033 0.999967
0.001497 0.998503
0.000006 0.999994
0.000108 0.999892
0.002572 0.997428
0.002103 0.997897
0.000014 0.999986
0.980570 0.019430
0.017792 0.982208
0.001093 0.998907
0.000006 0.999994
0.002103 0.997897
0.025912 0.974088
0.000009 0.999991
0.000006 0.999994
0.997701 0.002299
0.000953 0.999047
0.999169 0.000831
0.488416 0.511584
0.001995 0.998005
0.000930 0.999070
0.998694 0.001306
0.000007 0.999993
0.000014 0.999986
0.081670 0.918330
0.999267 0.000733
0.996672 0.003328
0.982686 0.017314
0.012982 0.987018
0.013075 0.986925
0.996906 0.003094
0.060403 0.939597
0.000006 0.999994
0.000015 0.999985
0.000995 0.999005
0.928805 0.071195
0.000008 0.999992
0.993082 0.006918
0.000006 0.999994
0.001324 0.998676
0.997156 0.002844
0.011048 0.988952
0.336486 0.663514
0.993208 0.006792
0.001005 0.998995
0.002276 0.997724
0.000006 0.999994
0.000027 0.999973
0.000016 0.999984
0.000006 0.999994
0.984923 0.015077
0.987264 0.012736
0.000011 0.999989
0.001103 0.998897
0.002227 0.997773
0.000010 0.999990
0.000006 0.999994
0.391524 0.608476
0.000009 0.999991
0.000007 0.999993
0.999014 0.000986
0.000009 0.999991
0.997575 0.002425
0.001014 0.998986
0.020924 0.979076
0.996716 0.003284
0.000007 0.999993
0.267923 0.732077
0.999064 0.000936
0.000015 0.999985
0.987205 0.012795
0.010916 0.989084
0.000014 0.999986
0.000007 0.999993
0.978778 0.021222
0.964628 0.035372
0.000009 0.999991
0.000011 0.999989
0.995455 0.004545
0.991872 0.008128
0.944837 0.055163
0.999186 0.000814
0.000007 0.999993
0.000051 0.999949
0.935872 0.064128
0.000009 0.999991
0.000024 0.999976
0.916462 0.083538
0.012499 0.987501
0.554948 0.445052
0.353915 0.646085
0.000069 0.999931
0.000008 0.999992
0.983876 0.016124
0.000009 0.999991
0.805927 0.194073
0.000006 0.999994
0.000006 0.999994
0.000009 0.999991
0.551422 0.448578
0.008928 0.991072
0.000009 0.999991
0.992153 0.007847
0.895790 0.104210
0.984093 0.015907
0.000015 0.999985
0.050184 0.949816
0.048788 0.951212
0.000059 0.999941
0.000009 0.999991
0.000983 0.999017
0.000006 0.999994
0.059401 0.940599
0.936820 0.063180
0.978759 0.021241
0.001819 0.998181
0.995608 0.004392
0.001088 0.998912
0.001692 0.998308
0.990647 0.009353
0.001907 0.998093
0.000009 0.999991
0.998019 0.001981
0.933339 0.066661
0.000009 0.999991
0.953498 0.046502
0.000007 0.999993
0.000012 0.999988
0.994420 0.005580
0.000007 0.999993
0.000008 0.999992
0.106062 0.893938
0.976079 0.023921
0.010479 0.989521
0.964753 0.035247
0.999267 0.000733
0.011013 0.988987
0.995456 0.004544
0.000012 0.999988
0.001085 0.998915
0.000013 0.999987
0.987284 0.012716
0.000011 0.999989
0.998145 0.001855
0.000013 0.999987
0.000009 0.999991
0.017575 0.982425
0.000008 0.999992
0.414586 0.585414
0.000010 0.999990
0.000012 0.999988
0.009142 0.990858
0.993315 0.006685
0.999074 0.000926
0.000006 0.999994
0.970538 0.029462
0.985817 0.014183
0.990695 0.009305
0.000006 0.999994
0.000007 0.999993
0.001825 0.998175
0.000006 0.999994
0.000019 0.999981
0.996449 0.003551
0.062427 0.937573
0.208478 0.791522
0.991253 0.008747
0.989188 0.010812
0.978104 0.021896
0.090990 0.909010
0.998280 0.001720
0.003580 0.996420
0.000011 0.999989
0.011376 0.988624
0.237146 0.762854
0.051530 0.948470
0.008870 0.991130
0.010455 0.989545
0.020423 0.979577
0.601348 0.398652
0.999180 0.000820
0.010867 0.989133
0.584025 0.415975
0.034904 0.965096
0.246094 0.753906
0.000100 0.999900
0.000006 0.999994
0.000012 0.999988
0.011470 0.988530
0.584664 0.415336
0.995371 0.004629
0.000008 0.999992
0.000009 0.999991
0.000016 0.999984
0.900463 0.099537
0.072752 0.927248
0.000007 0.999993
0.021658 0.978342
0.001967 0.998033
0.997859 0.002141
0.000056 0.999944
0.999209 0.000791
0.998616 0.001384
0.000006 0.999994
0.001962 0.998038
0.995539 0.004461
0.998899 0.001101
0.003819 0.996181
0.000019 0.999981
0.049038 0.950962
0.994148 0.005852
0.997024 0.002976
0.999068 0.000932
0.000016 0.999984
0.999171 0.000829
0.992640 0.007360
0.999186 0.000814
0.997697 0.002303
0.026132 0.973868
0.000007 0.999993
0.017790 0.982210
0.000927 0.999073
0.055847 0.944153
0.000108 0.999892
0.000006 0.999994
0.000009 0.999991
0.848195 0.151805
0.002316 0.997684
0.998023 0.001977
0.000060 0.999940
0.029283 0.970717
0.000014 0.999986
0.994175 0.005825
0.393628 0.606372
0.987106 0.012894
0.035443 0.964557
0.994851 0.005149
0.003545 0.996455
0.998999 0.001001
0.000006 0.999994
0.000006 0.999994
0.000013 0.999987
0.001190 0.998810
0.002177 0.997823
0.010019 0.989981
0.001600 0.998400
0.000013 0.999987
0.000006 0.999994
0.966643 0.033357
0.971161 0.028839
0.000987 0.999013
0.984448 0.015552
0.010522 0.989478
0.968727 0.031273
0.987379 0.012621
0.017867 0.982133
0.000006 0.999994
0.000006 0.999994
0.019228 0.980772
0.000010 0.999990
0.010579 0.989421
0.859629 0.140371
0.988020 0.011980
0.000016 0.999984
0.957724 0.042276
0.998488 0.001512
0.982544 0.017456
0.996390 0.003610
0.010723 0.989277
0.000009 0.999991
0.977660 0.022340
0.994730 0.005270
0.000006 0.999994
0.469848 0.530152
0.000010 0.999990
0.064578 0.935422
0.000006 0.999994
0.029945 0.970055
0.996834 0.003166
0.000013 0.999987
0.067139 0.932861
0.997859 0.002141
0.999106 0.000894
0.498010 0.501990
0.000008 0.999992
0.033719 0.966281
0.995896 0.004104
0.001292 0.998708
0.498455 0.501545
0.103938 0.896062
0.858181 0.141819
0.003604 0.996396
0.996404 0.003596
0.017827 0.982173
0.999188 0.000812
0.000006 0.999994
0.000009 0.999991
0.000007 0.999993
0.000007 0.999993
0.967357 0.032643
0.091357 0.908643
0.523741 0.476259
0.000018 0.999982
0.991027 0.008973
0.058497 0.941503
0.000011 0.999989
0.000007 0.999993
0.999187 0.000813
0.040513 0.959487
0.000056 0.999944
0.001127 0.998873
0.000006 0.999994
0.000006 0.999994
0.000007 0.999993
0.026995 0.973005
0.001154 0.998846
0.998615 0.001385
0.000007 0.999993
0.987374 0.012626
0.799025 0.200975
0.528640 0.471360
0.000007 0.999993
0.000012 0.999988
0.994584 0.005416
0.938270 0.061730
0.000012 0.999988
0.744365 0.255635
0.998615 0.001385
0.113398 0.886602
0.996720 0.003280
0.999267 0.000733
0.995545 0.004455
0.001174 0.998826
0.000940 0.999060
0.010640 0.989360
0.994052 0.005948
0.001120 0.998880
0.000105 0.999895
0.012886 0.987114
0.998601 0.001399
0.986394 0.013606
0.995651 0.004349
0.000006 0.999994
0.001391 0.998609
0.980520 0.019480
0.993044 0.006956
0.000007 0.999993
0.986896 0.013104
0.017869 0.982131
0.553872 0.446128
0.999073 0.000927
0.000025 0.999975
0.020068 0.979932
0.579853 0.420147
0.000106 0.999894
0.020664 0.979336
0.992717 0.007283
0.001379 0.998621
0.013823 0.986177
0.995435 0.004565
0.965096 0.034904
0.786995 0.213005
0.001269 0.998731
0.996185 0.003815
0.000005 0.999995
0.016907 0.983093
0.000022 0.999978
0.000006 0.999994
0.992221 0.007779
0.982589 0.017411
0.961135 0.038865
0.000027 0.999973
0.002415 0.997585
0.001318 0.998682
0.073360 0.926640
0.996251 0.003749
0.000108 0.999892
0.000006 0.999994
0.001538 0.998462
0.000008 0.999992
0.991802 0.008198
0.001250 0.998750
0.998029 0.001971
0.009351 0.990649
0.164031 0.835969
0.002036 0.997964
0.994414 0.005586
0.000034 0.999966
0.999256 0.000744
0.000008 0.999992
0.000010 0.999990
0.017785 0.982215
0.000020 0.999980
0.000006 0.999994
0.010602 0.989398
0.000006 0.999994
0.000007 0.999993
0.000022 0.999978
0.000005 0.999995
0.000059 0.999941
0.988766 0.011234
0.000012 0.999988
0.975322 0.024678
0.000006 0.999994
0.993627 0.006373
0.001036 0.998964
0.000019 0.999981
0.000023 0.999977
0.000006 0.999994
0.000017 0.999983
0.544274 0.455726
0.000006 0.999994
0.017000 0.983000
0.036663 0.963337
0.000099 0.999901
0.958426 0.041574
0.118005 0.881995
0.000012 0.999988
0.999066 0.000934
0.000052 0.999948
0.000008 0.999992
0.000010 0.999990
0.060226 0.939774
0.010977 0.989023
0.003342 0.996658
0.987669 0.012331
0.001062 0.998938
0.000933 0.999067
0.000011 0.999989
0.004134 0.995866
0.994146 0.005854
0.000007 0.999993
0.164196 0.835804
0.996716 0.003284
0.995809 0.004191
0.999182 0.000818
0.999074 0.000926
0.000014 0.999986
0.998593 0.001407
0.000010 0.999990
0.000006 0.999994
0.001325 0.998675
0.001494 0.998506
0.001508 0.998492
0.006396 0.993604
0.017909 0.982091
0.942540 0.057460
0.999184 0.000816
0.899406 0.100594
0.000007 0.999993
0.000009 0.999991
0.001245 0.998755
0.997548 0.002452
0.001779 0.998221
0.915235 0.084765
0.068275 0.931725
0.000006 0.999994
0.728955 0.271045
0.986014 0.013986
0.000006 0.999994
0.998714 0.001286
0.000006 0.999994
0.000014 0.999986
0.001105 0.998895
0.000007 0.999993
0.999148 0.000852
0.000010 0.999990
0.000006 0.999994
0.238336 0.761664
0.000931 0.999069
0.987946 0.012054
0.002242 0.997758
0.000011 0.999989
0.000006 0.999994
0.031379 0.968621
0.000011 0.999989
0.998126 0.001874
0.921893 0.078107
0.784492 0.215508
0.983919 0.016081
0.000013 0.999987
0.029329 0.970671
0.994636 0.005364
0.001082 0.998918
0.545983 0.454017
0.999252 0.000748
0.946356 0.053644
0.017642 0.982358
0.898938 0.101062
0.001236 0.998764
0.028165 0.971835
0.033708 0.966292
0.994593 0.005407
0.055434 0.944566
0.181744 0.818256
0.000012 0.999988
0.986817 0.013183
0.983920 0.016080
0.000012 0.999988
0.000014 0.999986
0.000007 0.999993
0.994835 0.005165
0.001398 0.998602
0.701714 0.298286
0.000006 0.999994
0.011474 0.988526
0.000006 0.999994
0.993074 0.006926
0.954889 0.045111
0.009239 0.990761
0.917861 0.082139
0.972863 0.027137
0.000008 0.999992
0.000019 0.999981
0.011937 0.988063
0.999263 0.000737
0.998992 0.001008
0.093099 0.906901
0.994481 0.005519
0.963772 0.036228
0.000014 0.999986
0.000013 0.999987
0.999180 0.000820
0.979712 0.020288
0.024153 0.975847
0.000008 0.999992
0.000012 0.999988
0.000006 0.999994
0.081861 0.918139
0.940645 0.059355
0.000010 0.999990
0.002215 0.997785
0.996386 0.003614
0.998014 0.001986
0.992088 0.007912
0.754326 0.245674
0.002151 0.997849
0.999229 0.000771
0.001116 0.998884
0.002253 0.997747
0.985558 0.014442
0.995970 0.004030
0.976986 0.023014
0.165082 0.834918
0.001255 0.998745
0.960080 0.039920
0.981905 0.018095
0.000010 0.999990
0.263909 0.736091
0.000025 0.999975
0.000012 0.999988
0.000099 0.999901
0.001711 0.998289
0.986463 0.013537
0.000009 0.999991
0.960945 0.039055
0.996490 0.003510
0.988477 0.011523
0.056215 0.943785
0.808331 0.191669
0.973407 0.026593
0.000022 0.999978
0.996398 0.003602
0.016271 0.983729
0.000006 0.999994
0.979597 0.020403
0.999267 0.000733
0.086857 0.913143
0.000020 0.999980
0.000108 0.999892
0.748980 0.251020
0.000008 0.999992
0.000006 0.999994
0.943504 0.056496
0.204612 0.795388
0.000006 0.999994
0.012433 0.987567
0.000010 0.999990
0.002218 0.997782
0.000061 0.999939
0.030882 0.969118
0.000022 0.999978
0.050883 0.949117
0.993992 0.006008
0.007390 0.992610
0.995545 0.004455
0.192395 0.807605
0.000012 0.999988
0.163893 0.836107
0.000006 0.999994
0.000006 0.999994
0.989173 0.010827
0.002029 0.997971
0.998080 0.001920
0.995834 0.004166
0.001886 0.998114
0.000108 0.999892
0.996342 0.003658
0.091081 0.908919
0.274807 0.725193
0.000022 0.999978
0.736424 0.263576
0.000028 0.999972
0.001909 0.998091
0.000010 0.999990
0.297715 0.702285
0.154768 0.845232
0.863190 0.136810
0.000006 0.999994
0.000007 0.999993
0.000008 0.999992
0.999188 0.000812
0.048741 0.951259
0.013181 0.986819
0.993685 0.006315
0.000009 0.999991
0.016235 0.983765
0.000014 0.999986
0.000082 0.999918
0.000006 0.999994
0.000010 0.999990
0.471068 0.528932
0.000006 0.999994
0.001731 0.998269
0.011143 0.988857
0.000007 0.999993
0.000036 0.999964
0.226025 0.773975
0.000007 0.999993
0.136746 0.863254
0.990452 0.009548
0.975837 0.024163
0.000108 0.999892
0.000018 0.999982
0.998227 0.001773
0.674155 0.325845
0.001137 0.998863
0.000013 0.999987
0.000011 0.999989
0.997308 0.002692
0.970202 0.029798
0.974890 0.025110
0.000879 0.999121
0.993007 0.006993
0.001255 0.998745
0.998970 0.001030
0.002171 0.997829
0.000013 0.999987
0.980344 0.019656
0.003038 0.996962
0.000016 0.999984
0.995112 0.004888
0.996286 0.003714
0.000011 0.999989
0.974196 0.025804
0.986594 0.013406
0.993794 0.006206
0.000009 0.999991
0.042705 0.957295
0.001342 0.998658
0.001916 0.998084
0.157131 0.842869
0.000008 0.999992
0.000013 0.999987
0.000010 0.999990
0.992932 0.007068
0.090703 0.909297
0.001039 0.998961
0.001241 0.998759
0.979185 0.020815
0.999186 0.000814
0.001031 0.998969
0.156009 0.843991
0.007806 0.992194
0.000021 0.999979
0.878636 0.121364
0.105634 0.894366
0.000974 0.999026
0.997950 0.002050
0.000108 0.999892
0.994132 0.005868
0.152737 0.847263
0.000108 0.999892
0.999180 0.000820
0.000108 0.999892
0.978210 0.021790
0.002341 0.997659
0.993198 0.006802
0.000014 0.999986
0.984197 0.015803
0.009077 0.990923
0.000006 0.999994
0.000027 0.999973
0.000010 0.999990
0.999188 0.000812
0.740316 0.259684
0.018155 0.981845
0.002461 0.997539
0.096720 0.903280
0.006268 0.993732
0.994086 0.005914
0.000108 0.999892
0.001112 0.998888
0.001092 0.998908
0.000008 0.999992
0.001207 0.998793
0.985968 0.014032
0.989889 0.010111
0.000007 0.999993
0.996971 0.003029
0.156575 0.843425
0.985164 0.014836
0.000011 0.999989
0.011928 0.988072
0.000963 0.999037
0.010651 0.989349
0.999128 0.000872
0.000009 0.999991
0.000006 0.999994
0.997564 0.002436
0.000009 0.999991
0.000006 0.999994
0.000009 0.999991
0.103531 0.896469
0.000013 0.999987
0.000009 0.999991
0.000006 0.999994
0.011274 0.988726
0.995063 0.004937
0.994752 0.005248
0.135266 0.864734
0.000007 0.999993
0.000075 0.999925
0.013897 0.986103
0.741876 0.258124
0.000011 0.999989
0.000997 0.999003
0.002695 0.997305
0.998023 0.001977
0.040789 0.959211
0.000008 0.999992
0.994966 0.005034
0.000006 0.999994
0.000027 0.999973
0.000050 0.999950
0.926747 0.073253
0.993820 0.006180
0.997216 0.002784
0.996370 0.003630
0.000058 0.999942
0.034173 0.965827
0.000014 0.999986
0.062645 0.937355
0.996440 0.003560
0.997162 0.002838
0.010168 0.989832
0.000008 0.999992
0.993029 0.006971
0.000006 0.999994
0.000006 0.999994
0.003653 0.996347
0.422219 0.577781
0.081038 0.918962
0.000006 0.999994
0.988902 0.011098
0.023808 0.976192
0.984902 0.015098
0.002020 0.997980
0.923312 0.076688
0.000007 0.999993
0.000006 0.999994
0.993127 0.006873
0.030195 0.969805
0.001305 0.998695
0.972549 0.027451
0.999250 0.000750
0.000016 0.999984
0.000007 0.999993
0.000013 0.999987
0.998888 0.001112
0.000014 0.999986
0.000981 0.999019
0.933483 0.066517
0.917425 0.082575
0.498082 0.501918
0.000018 0.999982
0.067594 0.932406
0.993403 0.006597
0.001073 0.998927
0.954917 0.045083
0.849712 0.150288
0.000013 0.999987
0.992316 0.007684
0.000100 0.999900
0.305711 0.694289
0.107803 0.892197
0.495545 0.504455
0.993030 0.006970
0.002104 0.997896
0.000012 0.999988
0.000013 0.999987
0.792567 0.207433
0.000011 0.999989
0.000011 0.999989
0.000014 0.999986
0.997885 0.002115
0.989016 0.010984
0.808308 0.191692
0.000100 0.999900
0.615572 0.384428
0.000007 0.999993
0.730384 0.269616
0.001102 0.998898
0.153578 0.846422
0.002803 0.997197
0.748611 0.251389
0.699957 0.300043
0.964319 0.035681
0.999250 0.000750
0.998662 0.001338
0.000009 0.999991
0.000011 0.999989
0.978970 0.021030
0.000952 0.999048
0.116527 0.883473
0.002369 0.997631
0.000007 0.999993
0.906085 0.093915
0.816394 0.183606
0.975411 0.024589
0.000007 0.999993
0.996000 0.004000
0.000011 0.999989
0.987694 0.012306
0.000996 0.999004
0.045607 0.954393
0.999183 0.000817
0.997482 0.002518
0.978884 0.021116
0.986644 0.013356
0.000007 0.999993
0.000007 0.999993
0.995797 0.004203
0.001856 0.998144
0.000006 0.999994
0.979974 0.020026
0.000015 0.999985
0.000008 0.999992
0.032501 0.967499
0.015522 0.984478
0.000006 0.999994
0.003445 0.996555
0.988085 0.011915
0.000014 0.999986
0.998122 0.001878
0.000010 0.999990
0.134747 0.865253
0.997507 0.002493
0.000026 0.999974
0.000009 0.999991
0.000006 0.999994
0.000017 0.999983
0.000103 0.999897
0.094255 0.905745
0.993850 0.006150
0.001411 0.998589
0.335771 0.664229
0.001215 0.998785
0.000012 0.999988
0.935734 0.064266
0.998194 0.001806
0.009115 0.990885
0.872787 0.127213
0.000007 0.999993
0.000009 0.999991
0.995967 0.004033
0.001010 0.998990
0.001867 0.998133
0.996169 0.003831
0.002868 0.997132
0.999187 0.000813
0.997971 0.002029
0.978184 0.021816
0.996603 0.003397
0.011360 0.988640
0.000014 0.999986
0.731582 0.268418
0.000051 0.999949
0.985366 0.014634
0.992912 0.007088
0.997212 0.002788
0.145863 0.854137
0.994431 0.005569
0.979537 0.020463
0.000006 0.999994
0.000013 0.999987
0.005641 0.994359
0.201817 0.798183
0.992253 0.007747
0.001330 0.998670
0.001206 0.998794
0.000006 0.999994
0.000008 0.999992
0.000007 0.999993
0.000013 0.999987
0.997532 0.002468
0.999161 0.000839
0.001151 0.998849
0.000006 0.999994
0.000019 0.999981
0.974264 0.025736
0.093320 0.906680
0.993873 0.006127
0.556807 0.443193
0.000010 0.999990
0.001266 0.998734
0.956722 0.043278
0.002244 0.997756
0.997149 0.002851
0.000006 0.999994
0.000006 0.999994
0.997446 0.002554
0.576142 0.423858
0.925885 0.074115
0.000006 0.999994
0.989562 0.010438
0.000016 0.999984
0.000006 0.999994
0.807771 0.192229
0.469487 0.530513
0.000009 0.999991
0.976737 0.023263
0.000007 0.999993
0.001271 0.998729
0.993109 0.006891
0.000008 0.999992
0.998018 0.001982
0.968518 0.031482
0.000012 0.999988
0.995939 0.004061
0.004303 0.995697
0.988886 0.011114
0.052035 0.947965
0.048151 0.951849
0.979029 0.020971
0.000010 0.999990
0.000012 0.999988
0.000990 0.999010
0.194319 0.805681
0.000108 0.999892
0.002327 0.997673
0.971102 0.028898
0.997320 0.002680
0.993416 0.006584
0.958148 0.041852
0.998020 0.001980
0.998612 0.001388
0.988989 0.011011
0.000108 0.999892
0.002037 0.997963
0.001218 0.998782
0.000006 0.999994
0.588125 0.411875
0.000023 0.999977
0.999267 0.000733
0.443341 0.556659
0.001222 0.998778
0.991349 0.008651
0.082031 0.917969
0.936604 0.063396
0.980546 0.019454
0.998093 0.001907
0.997852 0.002148
0.035472 0.964528
0.998280 0.001720
0.000022 0.999978
0.024339 0.975661
0.760502 0.239498
0.002449 0.997551
0.046875 0.953125
0.000011 0.999989
0.983808 0.016192
0.993786 0.006214
0.002196 0.997804
0.998882 0.001118
0.002014 0.997986
0.000087 0.999913
0.984775 0.015225
0.994841 0.005159
0.978957 0.021043
0.000067 0.999933
0.000006 0.999994
0.000008 0.999992
0.000017 0.999983
0.991040 0.008960
0.960400 0.039600
0.000016 0.999984
0.994858 0.005142
0.999179 0.000821
0.982531 0.017469
0.993153 0.006847
0.992435 0.007565
0.997681 0.002319
0.000005 0.999995
0.984146 0.015854
0.702382 0.297618
0.986663 0.013337
0.001054 0.998946
0.000022 0.999978
0.000006 0.999994
0.987586 0.012414
0.000006 0.999994
0.000015 0.999985
0.999037 0.000963
0.000006 0.999994
0.995957 0.004043
0.000006 0.999994
0.998296 0.001704
0.000006 0.999994
0.405535 0.594465
0.993806 0.006194
0.010372 0.989628
0.981364 0.018636
0.000009 0.999991
0.988422 0.011578
0.002391 0.997609
0.000008 0.999992
0.000105 0.999895
0.002141 0.997859
0.998569 0.001431
0.000006 0.999994
0.001871 0.998129
0.000975 0.999025
0.001239 0.998761
0.001015 0.998985
0.000987 0.999013
0.985966 0.014034
0.987182 0.012818
0.137362 0.862638
0.000044 0.999956
0.000013 0.999987
0.012432 0.987568
0.000006 0.999994
0.000007 0.999993
0.017839 0.982161
0.002292 0.997708
0.997434 0.002566
0.000017 0.999983
0.987417 0.012583
0.004804 0.995196
0.000006 0.999994
0.940500 0.059500
0.318955 0.681045
0.975633 0.024367
0.028715 0.971285
0.935281 0.064719
0.997465 0.002535
0.000015 0.999985
0.000006 0.999994
0.172934 0.827066
0.000016 0.999984
0.000014 0.999986
0.003441 0.996559
0.000014 0.999986
0.000017 0.999983
0.367788 0.632212
0.562938 0.437062
0.989596 0.010404
0.000028 0.999972
0.858296 0.141704
0.000006 0.999994
0.001559 0.998441
0.377034 0.622966
0.000006 0.999994
0.027447 0.972553
0.968299 0.031701
0.215596 0.784404
0.209652 0.790348
0.010952 0.989048
0.920804 0.079196
0.001392 0.998608
0.000012 0.999988
0.099267 0.900733
0.999069 0.000931
0.959041 0.040959
0.000012 0.999988
0.993286 0.006714
0.757277 0.242723
0.192325 0.807675
0.000006 0.999994
0.000006 0.999994
0.013844 0.986156
0.363593 0.636407
0.000009 0.999991
0.132865 0.867135
0.001061 0.998939
0.000012 0.999988
0.013629 0.986371
0.000010 0.999990
0.985576 0.014424
0.008661 0.991339
0.000015 0.999985
0.000012 0.999988
0.001166 0.998834
0.749095 0.250905
0.000011 0.999989
0.000008 0.999992
0.118184 0.881816
0.998296 0.001704
0.066932 0.933068
0.000006 0.999994
0.216380 0.783620
0.108997 0.891003
0.979415 0.020585
0.001368 0.998632
0.019866 0.980134
0.650770 0.349230
0.000012 0.999988
0.000006 0.999994
0.000007 0.999993
0.000013 0.999987
0.240967 0.759033
0.000008 0.999992
0.975939 0.024061
0.000012 0.999988
0.000012 0.999988
0.979797 0.020203
0.000069 0.999931
0.010302 0.989698
0.001643 0.998357
0.001363 0.998637
0.999267 0.000733
0.000012 0.999988
0.983602 0.016398
0.674495 0.325505
0.000015 0.999985
0.999190 0.000810
0.001156 0.998844
0.001096 0.998904
0.001192 0.998808
0.000006 0.999994
0.002040 0.997960
0.978952 0.021048
0.534900 0.465100
0.996844 0.003156
0.000943 0.999057
0.001120 0.998880
0.017866 0.982134
0.000006 0.999994
0.966107 0.033893
0.002407 0.997593
0.997925 0.002075
0.998349 0.001651
0.053666 0.946334
0.446241 0.553759
0.920912 0.079088
0.000987 0.999013
0.969734 0.030266
0.995544 0.004456
0.107332 0.892668
0.004085 0.995915
0.947859 0.052141
0.995554 0.004446
0.000105 0.999895
0.232485 0.767515
0.009822 0.990178
0.000013 0.999987
0.000006 0.999994
0.000010 0.999990
0.966536 0.033464
0.997093 0.002907
0.000011 0.999989
0.000008 0.999992
0.995298 0.004702
0.000008 0.999992
0.000013 0.999987
0.000105 0.999895
0.744293 0.255707
0.958239 0.041761
0.000006 0.999994
0.928965 0.071035
0.107943 0.892057
0.881828 0.118172
0.001365 0.998635
0.000006 0.999994
0.000014 0.999986
0.000007 0.999993
0.020680 0.979320
0.994690 0.005310
0.999227 0.000773
0.000007 0.999993
0.000057 0.999943
0.998266 0.001734
0.951493 0.048507
0.035444 0.964556
0.000040 0.999960
0.000009 0.999991
0.011599 0.988401
0.025614 0.974386
0.064059 0.935941
0.405658 0.594342
0.000012 0.999988
0.000107 0.999893
0.999045 0.000955
0.988794 0.011206
0.999043 0.000957
0.994851 0.005149
0.989034 0.010966
0.143380 0.856620
0.983365 0.016635
0.000009 0.999991
0.990318 0.009682
0.000008 0.999992
0.003589 0.996411
0.999122 0.000878
0.000047 0.999953
0.009507 0.990493
0.978613 0.021387
0.989974 0.010026
0.990682 0.009318
0.050301 0.949699
0.002119 0.997881
0.000006 0.999994
0.000013 0.999987
0.000017 0.999983
0.987555 0.012445
0.999267 0.000733
0.012432 0.987568
0.000012 0.999988
0.000095 0.999905
0.000033 0.999967
0.000016 0.999984
0.985675 0.014325
0.963215 0.036785
0.994894 0.005106
0.995961 0.004039
0.000014 0.999986
0.998020 0.001980
0.987120 0.012880
0.086942 0.913058
0.998611 0.001389
0.968221 0.031779
0.960850 0.039150
0.998115 0.001885
0.001303 0.998697
0.000006 0.999994
0.997042 0.002958
0.997756 0.002244
0.998022 0.001978
0.994230 0.005770
0.000048 0.999952
0.000007 0.999993
0.000011 0.999989
0.002034 0.997966
0.000007 0.999993
0.986210 0.013790
0.994431 0.005569
0.000008 0.999992
0.000944 0.999056
0.000006 0.999994
0.018953 0.981047
0.000021 0.999979
0.000017 0.999983
0.003563 0.996437
0.205004 0.794996
0.999094 0.000906
0.985040 0.014960
0.000006 0.999994
0.017871 0.982129
0.000007 0.999993
0.014757 0.985243
0.000005 0.999995
0.993874 0.006126
0.001265 0.998735
0.001747 0.998253
0.361937 0.638063
0.000067 0.999933
0.026316 0.973684
0.015975 0.984025
0.000006 0.999994
0.000025 0.999975
0.153412 0.846588
0.000009 0.999991
0.996717 0.003283
0.999188 0.000812
0.000006 0.999994
0.317445 0.682555
0.050684 0.949316
0.000006 0.999994
0.517106 0.482894
0.898132 0.101868
0.001081 0.998919
0.758379 0.241621
0.051915 0.948085
0.000047 0.999953
0.000007 0.999993
0.001101 0.998899
0.988572 0.011428
0.001037 0.998963
0.009141 0.990859
0.000007 0.999993
0.999180 0.000820
0.000010 0.999990
0.999213 0.000787
0.003210 0.996790
0.998609 0.001391
0.997305 0.002695
0.001294 0.998706
0.000007 0.999993
0.999121 0.000879
0.083560 0.916440
0.000009 0.999991
0.081046 0.918954
0.000012 0.999988
0.998574 0.001426
0.997983 0.002017
0.999262 0.000738
0.002012 0.997988
0.020048 0.979952
0.000107 0.999893
0.418778 0.581222
0.999267 0.000733
0.000006 0.999994
0.155192 0.844808
0.002966 0.997034
0.979090 0.020910
0.997971 0.002029
0.038052 0.961948
0.000011 0.999989
0.046509 0.953491
0.999266 0.000734
0.997406 0.002594
0.000011 0.999989
0.974095 0.025905
0.985465 0.014535
0.001164 0.998836
0.999070 0.000930
0.967572 0.032428
0.983732 0.016268
0.997121 0.002879
0.000005 0.999995
0.000011 0.999989
0.995544 0.004456
0.000026 0.999974
0.998872 0.001128
0.000006 0.999994
0.000009 0.999991
0.000107 0.999893
0.001716 0.998284
0.965525 0.034475
0.000108 0.999892
0.000013 0.999987
0.210927 0.789073
0.993327 0.006673
0.241562 0.758438
0.977708 0.022292
0.000014 0.999986
0.997133 0.002867
0.999074 0.000926
0.996425 0.003575
0.002017 0.997983
0.967561 0.032439
0.000013 0.999987
0.999038 0.000962
0.999185 0.000815
0.153363 0.846637
0.992723 0.007277
0.022819 0.977181
0.977252 0.022748
0.997710 0.002290
0.001479 0.998521
0.000006 0.999994
0.011436 0.988564
0.962789 0.037211
0.000009 0.999991
0.999206 0.000794
0.000037 0.999963
0.000007 0.999993
0.985275 0.014725
0.108712 0.891288
0.247813 0.752187
0.960799 0.039201
0.672341 0.327659
0.997499 0.002501
0.992077 0.007923
0.000012 0.999988
0.000010 0.999990
0.002191 0.997809
0.720657 0.279343
0.000093 0.999907
0.031267 0.968733
0.001841 0.998159
0.000005 0.999995
0.000007 0.999993
0.000011 0.999989
0.241659 0.758341
0.002127 0.997873
0.000007 0.999993
0.001154 0.998846
0.000011 0.999989
0.966627 0.033373
0.014450 0.985550
0.993128 0.006872
0.000006 0.999994
0.993824 0.006176
0.095724 0.904276
0.987660 0.012340
0.000103 0.999897
0.992904 0.007096
0.000012 0.999988
0.996402 0.003598
0.994168 0.005832
0.961359 0.038641
0.997763 0.002237
0.016549 0.983451
0.972905 0.027095
0.956296 0.043704
0.999073 0.000927
0.859240 0.140760
0.956846 0.043154
0.001730 0.998270
0.353848 0.646152
0.043629 0.956371
0.000008 0.999992
0.978682 0.021318
0.971026 0.028974
0.000008 0.999992
0.998616 0.001384
0.001814 0.998186
0.993332 0.006668
0.000013 0.999987
0.000006 0.999994
0.039095 0.960905
0.010380 0.989620
0.498450 0.501550
0.000108 0.999892
0.000007 0.999993
0.025205 0.974795
0.000017 0.999983
0.000009 0.999991
0.000007 0.999993
0.009523 0.990477
0.001310 0.998690
0.135927 0.864073
0.736693 0.263307
0.000007 0.999993
0.000009 0.999991
0.000008 0.999992
0.998615 0.001385
0.001028 0.998972
0.016646 0.983354
0.000006 0.999994
0.999267 0.000733
0.032515 0.967485
0.000006 0.999994
0.000009 0.999991
0.999003 0.000997
0.997393 0.002607
0.001982 0.998018
0.001576 0.998424
0.384720 0.615280
0.973769 0.026231
0.994541 0.005459
0.760222 0.239778
0.996589 0.003411
0.010142 0.989858
0.063941 0.936059
0.000006 0.999994
0.000922 0.999078
0.999187 0.000813
0.000010 0.999990
0.001156 0.998844
0.998280 0.001720
0.000015 0.999985
0.000007 0.999993
0.009379 0.990621
0.002409 0.997591
0.000006 0.999994
0.997844 0.002156
0.032005 0.967995
0.999263 0.000737
0.998258 0.001742
0.000007 0.999993
0.002340 0.997660
0.000006 0.999994
0.000006 0.999994
0.997986 0.002014
0.049661 0.950339
0.065888 0.934112
0.000007 0.999993
0.000009 0.999991
0.063166 0.936834
0.000108 0.999892
0.001058 0.998942
0.057989 0.942011
0.000006 0.999994
0.000008 0.999992
0.997180 0.002820
0.225681 0.774319
0.987800 0.012200
0.998023 0.001977
0.988329 0.011671
0.999248 0.000752
0.986829 0.013171
0.001052 0.998948
0.000013 0.999987
0.000099 0.999901
0.001702 0.998298
0.999262 0.000738
0.994820 0.005180
0.064867 0.935133
0.001123 0.998877
0.000006 0.999994
0.710234 0.289766
0.969934 0.030066
0.998928 0.001072
0.000009 0.999991
0.988181 0.011819
0.012780 0.987220
0.000006 0.999994
0.000006 0.999994
0.523843 0.476157
0.000008 0.999992
0.000007 0.999993
0.000013 0.999987
0.999267 0.000733
0.000006 0.999994
0.997780 0.002220
0.000010 0.999990
0.994836 0.005164
0.000011 0.999989
0.083929 0.916071
0.533387 0.466613
0.000006 0.999994
0.001184 0.998816
0.000012 0.999988
0.001512 0.998488
0.189560 0.810440
0.000007 0.999993
0.095930 0.904070
0.857414 0.142586
0.052021 0.947979
0.248236 0.751764
0.151398 0.848602
0.000083 0.999917
0.101948 0.898052
0.000021 0.999979
0.002692 0.997308
0.978559 0.021441
0.982177 0.017823
0.000066 0.999934
0.013516 0.986484
0.821649 0.178351
0.033161 0.966839
0.999188 0.000812
0.157423 0.842577
0.000012 0.999988
0.983814 0.016186
0.998439 0.001561
0.000016 0.999984
0.028887 0.971113
0.000011 0.999989
0.999053 0.000947
0.003040 0.996960
0.000007 0.999993
0.258194 0.741806
0.046978 0.953022
0.013915 0.986085
0.000006 0.999994
0.236141 0.763859
0.999255 0.000745
0.000007 0.999993
0.893706 0.106294
0.000948 0.999052
0.989006 0.010994
0.001023 0.998977
0.000013 0.999987
0.000010 0.999990
0.007576 0.992424
0.000012 0.999988
0.863557 0.136443
0.004469 0.995531
0.996179 0.003821
0.756420 0.243580
0.001589 0.998411
0.998023 0.001977
0.996022 0.003978
0.000012 0.999988
0.997709 0.002291
0.992180 0.007820
0.000008 0.999992
0.000012 0.999988
0.000007 0.999993
0.268993 0.731007
0.236682 0.763318
0.000006 0.999994
0.000012 0.999988
0.987989 0.012011
0.651531 0.348469
0.002162 0.997838
0.093287 0.906713
0.996014 0.003986
0.876131 0.123869
0.000015 0.999985
0.000989 0.999011
0.011287 0.988713
0.000007 0.999993
0.995246 0.004754
0.999003 0.000997
0.010004 0.989996
0.731491 0.268509
0.043527 0.956473
0.000006 0.999994
0.001044 0.998956
0.986757 0.013243
0.998887 0.001113
0.000007 0.999993
0.998005 0.001995
0.000018 0.999982
0.001484 0.998516
0.000007 0.999993
0.999068 0.000932
0.994860 0.005140
0.000010 0.999990
0.000033 0.999967
0.950079 0.049921
0.000012 0.999988
0.943248 0.056752
0.000016 0.999984
0.120791 0.879209
0.000966 0.999034
0.000010 0.999990
0.997156 0.002844
0.000008 0.999992
0.939226 0.060774
0.973186 0.026814
0.000097 0.999903
0.210120 0.789880
0.000006 0.999994
0.985655 0.014345
0.031620 0.968380
0.989078 0.010922
0.000008 0.999992
0.048234 0.951766
0.069997 0.930003
0.000011 0.999989
0.000007 0.999993
0.001011 0.998989
0.002653 0.997347
0.003052 0.996948
0.999182 0.000818
0.225069 0.774931
0.000007 0.999993
0.998610 0.001390
0.607978 0.392022
0.992369 0.007631
0.011609 0.988391
0.000006 0.999994
0.998322 0.001678
0.749088 0.250912
0.027557 0.972443
0.997982 0.002018
0.000010 0.999990
0.001275 0.998725
0.999174 0.000826
0.001708 0.998292
0.008572 0.991428
0.000005 0.999995
0.014557 0.985443
0.000007 0.999993
0.923186 0.076814
0.000100 0.999900
0.000095 0.999905
0.997864 0.002136
0.039995 0.960005
0.000006 0.999994
0.995802 0.004198
0.000013 0.999987
0.146426 0.853574
0.001758 0.998242
0.002589 0.997411
0.966173 0.033827
0.273666 0.726334
0.009585 0.990415
0.001075 0.998925
0.090375 0.909625
0.967190 0.032810
0.000017 0.999983
0.998381 0.001619
0.002160 0.997840
0.000012 0.999988
0.001222 0.998778
0.993013 0.006987
0.000009 0.999991
0.000011 0.999989
0.000006 0.999994
0.000013 0.999987
0.034637 0.965363
0.000039 0.999961
0.996688 0.003312
0.873966 0.126034
0.010757 0.989243
0.997977 0.002023
0.011853 0.988147
0.001441 0.998559
0.000012 0.999988
0.989589 0.010411
0.994837 0.005163
0.985823 0.014177
0.000006 0.999994
0.997794 0.002206
0.930507 0.069493
0.000019 0.999981
0.000961 0.999039
0.000009 0.999991
0.969003 0.030997
0.000013 0.999987
0.996654 0.003346
0.000011 0.999989
0.997958 0.002042
0.943866 0.056134
0.000006 0.999994
0.093970 0.906030
0.000011 0.999989
0.001086 0.998914
0.001121 0.998879
0.000010 0.999990
0.998239 0.001761
0.001376 0.998624
0.000014 0.999986
0.141859 0.858141
0.993577 0.006423
0.000013 0.999987
0.953714 0.046286
0.996404 0.003596
0.000011 0.999989
0.009847 0.990153
0.002374 0.997626
0.028383 0.971617
0.011823 0.988177
0.000006 0.999994
0.000108 0.999892
0.999260 0.000740
0.001557 0.998443
0.915119 0.084881
0.852573 0.147427
0.000012 0.999988
0.002761 0.997239
0.010399 0.989601
0.000006 0.999994
0.997619 0.002381
0.000006 0.999994
0.010818 0.989182
0.000012 0.999988
0.988621 0.011379
0.991285 0.008715
0.000006 0.999994
0.985636 0.014364
0.999213 0.000787
0.002624 0.997376
0.364860 0.635140
0.295988 0.704012
0.011827 0.988173
0.999264 0.000736
0.000031 0.999969
0.756581 0.243419
0.998017 0.001983
0.000011 0.999989
0.000093 0.999907
0.000013 0.999987
0.000006 0.999994
0.000017 0.999983
0.998398 0.001602
0.012473 0.987527
0.998616 0.001384
0.000008 0.999992
0.000006 0.999994
0.992135 0.007865
0.986041 0.013959
0.002102 0.997898
0.979462 0.020538
0.977391 0.022609
0.001403 0.998597
0.899224 0.100776
0.990303 0.009697
0.000006 0.999994
0.001358 0.998642
0.001717 0.998283
0.979662 0.020338
0.000006 0.999994
0.003328 0.996672
0.011516 0.988484
0.000108 0.999892
0.001080 0.998920
0.000008 0.999992
0.954582 0.045418
0.994156 0.005844
0.000006 0.999994
0.998272 0.001728
0.163095 0.836905
0.983575 0.016425
0.000011 0.999989
0.030426 0.969574
0.998011 0.001989
0.975960 0.024040
0.999071 0.000929
0.999085 0.000915
0.000006 0.999994
0.000006 0.999994
0.001202 0.998798
0.991166 0.008834
0.000006 0.999994
0.000108 0.999892
0.000039 0.999961
0.001247 0.998753
0.990375 0.009625
0.000012 0.999988
0.059922 0.940078
0.000006 0.999994
0.000016 0.999984
0.996428 0.003572
0.984470 0.015530
0.365816 0.634184
0.365898 0.634102
0.012144 0.987856
0.000006 0.999994
0.999267 0.000733
0.350699 0.649301
0.997760 0.002240
0.000013 0.999987
0.980836 0.019164
0.992298 0.007702
0.000036 0.999964
0.023361 0.976639
0.127093 0.872907
0.000961 0.999039
0.000012 0.999988
0.085712 0.914288
0.001312 0.998688
0.000019 0.999981
0.998616 0.001384
0.933808 0.066192
0.000019 0.999981
0.992633 0.007367
0.042354 0.957646
0.994009 0.005991
0.000007 0.999993
0.859337 0.140663
0.042589 0.957411
0.202992 0.797008
0.010565 0.989435
0.999173 0.000827
