2000 2 2
0.000693 0.997791
0.000133 0.001383
0.000001 0.000016
0.853524 0.146460
0.001151 0.020049
0.869312 0.109488
0.000001 0.000005
0.951880 0.048114
0.011166 0.983828
0.003058 0.001948
0.000001 0.000009
0.918471 0.081520
0.000001 0.000021
0.805107 0.194872
0.000135 0.998923
0.000017 0.000925
0.026973 0.954118
0.015057 0.003852
0.007526 0.987922
0.002335 0.002217
0.001208 0.025256
0.845645 0.127891
0.094949 0.885629
0.018195 0.001227
0.000002 0.860208
0.000054 0.139736
0.043250 0.921096
0.030895 0.004758
0.000125 0.000936
0.947485 0.051454
0.009811 0.401331
0.454435 0.134422
0.003607 0.995179
0.000405 0.000809
0.000029 0.999155
0.000003 0.000812
0.000001 0.000011
0.899207 0.100781
0.000001 0.000005
0.954587 0.045407
0.000001 0.000007
0.938102 0.061890
0.015984 0.182540
0.740336 0.061140
0.085072 0.841080
0.068920 0.004927
0.000001 0.000006
0.942169 0.057824
0.071686 0.544864
0.363473 0.019978
0.000001 0.000006
0.948695 0.051299
0.000001 0.000005
0.950586 0.049408
0.000000 0.154752
0.000124 0.845125
0.000125 0.000888
0.950207 0.048780
0.000124 0.001011
0.943297 0.055567
0.016990 0.146893
0.786916 0.049201
0.121005 0.776415
0.098031 0.004549
0.006167 0.964139
0.013938 0.015756
0.094493 0.790822
0.108140 0.006545
0.085398 0.896994
0.016365 0.001243
0.000009 0.998605
0.000002 0.001384
0.032120 0.206967
0.727036 0.033877
0.000001 0.000009
0.920297 0.079694
0.096104 0.675667
0.217187 0.011042
0.000123 0.001118
0.937338 0.061421
0.000001 0.000005
0.950700 0.049294
0.000338 0.997320
0.000105 0.002238
0.000125 0.000929
0.947896 0.051051
0.000001 0.000007
0.936330 0.063662
0.000125 0.000915
0.948653 0.050307
0.003723 0.038725
0.890566 0.066987
0.000001 0.000018
0.831221 0.168760
0.000069 0.999192
0.000007 0.000732
0.011942 0.085171
0.858604 0.044284
0.000124 0.001024
0.942594 0.056258
0.008151 0.310063
0.534696 0.147090
0.000125 0.000861
0.951678 0.047336
0.000125 0.000892
0.949966 0.049017
0.001144 0.032609
0.801121 0.165126
0.000001 0.000006
0.945380 0.054613
0.084992 0.551726
0.346993 0.016289
0.003442 0.789438
0.077902 0.129218
0.000001 0.000007
0.937658 0.062335
0.003638 0.995145
0.000409 0.000809
0.002902 0.295721
0.403823 0.297554
0.000000 0.000091
0.163706 0.836203
0.103982 0.841096
0.051887 0.003035
0.000122 0.001281
0.928213 0.070384
0.098297 0.849587
0.049050 0.003066
0.000001 0.000005
0.951134 0.048860
0.000125 0.000880
0.950647 0.048348
0.000001 0.000007
0.934721 0.065271
0.000001 0.000005
0.953845 0.046149
0.000000 0.000068
0.372814 0.627118
0.000125 0.000841
0.952827 0.046207
0.020047 0.452178
0.453761 0.074014
0.000001 0.000013
0.883793 0.116194
0.059721 0.922098
0.016355 0.001826
0.000119 0.001683
0.905719 0.092479
0.000001 0.000005
0.955376 0.044619
0.000001 0.000005
0.954492 0.045503
0.000001 0.000009
0.915721 0.084270
0.000001 0.000005
0.953291 0.046703
0.126587 0.859951
0.012832 0.000630
0.000001 0.000009
0.916764 0.083227
0.005283 0.129424
0.735067 0.130226
0.000472 0.997144
0.000147 0.002237
0.001182 0.016415
0.892757 0.089646
0.000000 0.999074
0.000000 0.000926
0.021718 0.897690
0.062046 0.018546
0.017263 0.137190
0.799597 0.045951
0.001235 0.010190
0.932926 0.055649
0.000001 0.000017
0.839910 0.160072
0.000001 0.000006
0.946465 0.053528
0.000105 0.003652
0.795525 0.200718
0.001247 0.008863
0.941488 0.048402
0.000001 0.000005
0.955607 0.044388
0.000000 0.154771
0.000002 0.845227
0.128680 0.831357
0.038179 0.001784
0.000031 0.651470
0.002273 0.346226
0.001043 0.996991
0.000249 0.001718
0.000000 0.000108
0.000000 0.999892
0.000001 0.000012
0.886805 0.113182
0.000001 0.000007
0.933621 0.066371
0.026304 0.329317
0.590884 0.053496
0.000001 0.000011
0.901118 0.098871
0.000001 0.991791
0.000001 0.008208
0.003837 0.028726
0.917746 0.049691
0.000122 0.001267
0.928967 0.069643
0.000087 0.006004
0.663937 0.329971
0.001311 0.833799
0.029444 0.135446
0.000001 0.000008
0.925513 0.074478
0.000000 0.000101
0.068529 0.931370
0.001214 0.012725
0.916568 0.069494
0.002015 0.996219
0.000386 0.001380
0.000117 0.002035
0.885998 0.111850
0.000694 0.997098
0.000194 0.002014
0.000001 0.000016
0.850913 0.149070
0.000001 0.000018
0.830905 0.169077
0.000001 0.000006
0.946959 0.053035
0.065867 0.926777
0.006677 0.000679
0.069202 0.761954
0.156392 0.012452
0.000001 0.000006
0.945436 0.054558
0.000000 0.000108
0.000000 0.999891
0.065253 0.927453
0.006615 0.000680
0.000393 0.995817
0.000196 0.003593
0.000124 0.000990
0.944454 0.054431
0.000121 0.001379
0.922710 0.075790
0.006455 0.047566
0.898118 0.047861
0.001070 0.029576
0.807832 0.161522
0.000001 0.000006
0.942766 0.057227
0.000126 0.000796
0.955353 0.043725
0.002644 0.996358
0.000268 0.000730
0.000001 0.000018
0.836880 0.163102
0.004568 0.179384
0.635552 0.180496
0.000001 0.000011
0.898970 0.101019
0.000001 0.000005
0.952542 0.047452
0.000092 0.005418
0.696765 0.297726
0.000122 0.001355
0.924069 0.074454
0.027393 0.968742
0.003078 0.000787
0.000279 0.997936
0.000066 0.001719
0.001307 0.013710
0.915556 0.069426
0.000001 0.000006
0.944245 0.055749
0.000121 0.001477
0.917209 0.081193
0.001354 0.008317
0.948215 0.042114
0.000001 0.000008
0.927692 0.072300
0.000001 0.000010
0.905681 0.094308
0.017513 0.979723
0.001968 0.000796
0.000001 0.000011
0.899280 0.100709
0.000001 0.000006
0.941648 0.058345
0.000001 0.000006
0.944166 0.055827
0.082103 0.907935
0.009224 0.000738
0.002546 0.996359
0.000286 0.000810
0.000001 0.000033
0.699623 0.300344
0.000121 0.001375
0.922914 0.075589
0.000001 0.000005
0.954451 0.045544
0.000000 0.000108
0.000921 0.998971
0.000113 0.002458
0.862321 0.135107
0.000117 0.001986
0.888746 0.109151
0.000001 0.000013
0.877246 0.122740
0.094993 0.885576
0.018203 0.001227
0.001180 0.016612
0.891488 0.090720
0.000124 0.000969
0.945669 0.053238
0.000001 0.000006
0.948652 0.051342
0.000117 0.001986
0.888754 0.109143
0.001212 0.024700
0.849011 0.125076
0.000001 0.000008
0.925966 0.074025
0.000001 0.000005
0.949627 0.050367
0.002452 0.995249
0.000584 0.001715
0.000125 0.000828
0.953558 0.045489
0.000172 0.998997
0.000019 0.000812
0.010239 0.478177
0.382427 0.129158
0.000118 0.001877
0.894833 0.103172
0.000126 0.000804
0.954865 0.044205
0.004435 0.994258
0.000498 0.000808
0.000001 0.000006
0.943275 0.056719
0.000001 0.000013
0.880008 0.119978
0.006053 0.075617
0.842245 0.076085
0.000002 0.999265
0.000000 0.000733
0.010236 0.986435
0.001962 0.001367
0.083851 0.898835
0.016068 0.001246
0.001222 0.011760
0.922797 0.064222
0.001324 0.011750
0.927423 0.059502
0.002783 0.994123
0.000864 0.002231
0.000912 0.059492
0.638341 0.301256
0.000001 0.000005
0.953727 0.046267
0.000001 0.000014
0.869488 0.130497
0.000125 0.000869
0.951224 0.047782
0.055898 0.872907
0.063971 0.007224
0.000001 0.000007
0.935160 0.064832
0.000044 0.993038
0.000043 0.006875
0.000001 0.000006
0.947807 0.052187
0.000123 0.001201
0.932681 0.065996
0.018230 0.978926
0.002048 0.000795
0.000051 0.010998
0.384564 0.604388
0.040983 0.295503
0.630632 0.032882
0.002342 0.990866
0.001673 0.005119
0.000125 0.000880
0.950652 0.048344
0.000116 0.002160
0.879018 0.118706
0.000001 0.000005
0.950462 0.049532
0.000001 0.000026
0.757756 0.242217
0.000001 0.000015
0.858546 0.141438
0.000001 0.000005
0.952571 0.047423
0.127993 0.856930
0.014380 0.000696
0.106989 0.880275
0.012021 0.000715
0.000001 0.000010
0.904075 0.095914
0.000124 0.000979
0.945114 0.053783
0.000116 0.002111
0.881737 0.116036
0.000001 0.000009
0.918806 0.081185
0.000001 0.000005
0.953628 0.046367
0.010381 0.381143
0.480815 0.127661
0.000001 0.000009
0.919660 0.080331
0.000001 0.000006
0.944250 0.055744
0.001566 0.997448
0.000176 0.000810
0.000001 0.000008
0.927865 0.072126
0.000025 0.997550
0.000008 0.002417
0.000125 0.000889
0.950103 0.048882
0.001153 0.019771
0.871105 0.107971
0.000000 0.996716
0.000000 0.003284
0.000001 0.000007
0.939820 0.060172
0.030875 0.237047
0.693570 0.038507
0.000080 0.998984
0.000010 0.000926
0.000001 0.000014
0.868842 0.131143
0.013634 0.973571
0.008438 0.004357
0.001240 0.009676
0.936241 0.052843
0.000001 0.000014
0.872566 0.127420
0.000001 0.000006
0.944453 0.055540
0.027412 0.951367
0.016964 0.004258
0.000001 0.964627
0.000003 0.035369
0.000001 0.000008
0.926415 0.073576
0.000001 0.000010
0.903369 0.096620
0.000146 0.995309
0.000090 0.004454
0.073538 0.918334
0.007455 0.000673
0.092652 0.852185
0.051723 0.003440
0.000024 0.999161
0.000003 0.000812
0.000001 0.000006
0.945422 0.054572
0.000000 0.000051
0.529083 0.470866
0.083608 0.852264
0.059725 0.004403
0.000001 0.000008
0.923586 0.076405
0.000001 0.000023
0.786305 0.213671
0.111120 0.805342
0.079378 0.004160
0.001329 0.011170
0.930939 0.056561
0.071232 0.483716
0.424220 0.020832
0.014845 0.339069
0.554501 0.091584
0.000000 0.000069
0.366233 0.633698
0.000001 0.000007
0.935842 0.064150
0.000020 0.983856
0.000046 0.016079
0.000001 0.000008
0.927481 0.072511
0.002832 0.803095
0.063614 0.130459
0.000001 0.000005
0.955199 0.044795
0.000001 0.000006
0.949081 0.050913
0.000001 0.000008
0.926724 0.073267
0.025347 0.526075
0.390039 0.058539
0.000066 0.008862
0.504075 0.486997
0.000001 0.000008
0.925728 0.074263
0.021636 0.970517
0.005925 0.001922
0.000086 0.895704
0.001363 0.102847
0.051341 0.932752
0.014060 0.001847
0.000001 0.000014
0.871144 0.128841
0.006510 0.043673
0.905873 0.043944
0.003650 0.045138
0.873131 0.078081
0.000000 0.000059
0.455215 0.544726
0.000001 0.000008
0.923111 0.076880
0.000125 0.000858
0.951866 0.047151
0.000001 0.000005
0.951455 0.048539
0.003528 0.055873
0.843948 0.096650
0.096011 0.840810
0.059417 0.003763
0.104523 0.874236
0.020029 0.001211
0.000119 0.001700
0.904784 0.093398
0.001614 0.993993
0.000806 0.003587
0.000124 0.000964
0.945956 0.052956
0.000120 0.001572
0.911944 0.086364
0.032714 0.957933
0.007719 0.001634
0.000118 0.001789
0.899780 0.098313
0.000001 0.000008
0.925794 0.074197
0.000017 0.998002
0.000005 0.001976
0.004476 0.928862
0.026658 0.040003
0.000001 0.000008
0.924351 0.075640
0.004133 0.949365
0.017474 0.029029
0.000001 0.000006
0.946133 0.053860
0.000001 0.000011
0.897583 0.102405
0.042787 0.951632
0.004807 0.000773
0.000001 0.000006
0.942082 0.057911
0.000001 0.000008
0.930254 0.069738
0.000513 0.105548
0.359459 0.534479
0.070546 0.905533
0.021890 0.002032
0.001243 0.009235
0.939085 0.050436
0.042674 0.922079
0.030484 0.004763
0.000004 0.999263
0.000000 0.000733
0.001342 0.009671
0.940016 0.048971
0.000948 0.994508
0.000529 0.004015
0.000001 0.000011
0.894065 0.105923
0.000124 0.000961
0.946114 0.052801
0.000001 0.000012
0.889742 0.110245
0.106814 0.880470
0.012001 0.000715
0.000001 0.000011
0.901873 0.098116
0.007312 0.990833
0.000937 0.000918
0.000001 0.000012
0.890135 0.109853
0.000001 0.000008
0.925415 0.074576
0.000002 0.017573
0.016707 0.965718
0.000001 0.000007
0.932977 0.067015
0.035301 0.379285
0.543209 0.042205
0.000001 0.000009
0.918876 0.081114
0.000001 0.000011
0.899518 0.100470
0.000065 0.009078
0.491988 0.498869
0.017354 0.975960
0.004753 0.001933
0.000000 0.999074
0.000000 0.000926
0.000001 0.000005
0.951140 0.048854
0.052402 0.918137
0.026149 0.003313
0.133749 0.852069
0.013558 0.000625
0.065941 0.924753
0.008448 0.000857
0.000001 0.000005
0.950591 0.049402
0.000001 0.000007
0.937973 0.062020
0.000119 0.001706
0.904437 0.093738
0.000001 0.000005
0.950114 0.049880
0.000001 0.000019
0.827636 0.172345
0.024582 0.971867
0.002762 0.000790
0.000894 0.061533
0.625978 0.311594
0.026762 0.181715
0.754477 0.037045
0.071201 0.920052
0.008000 0.000748
0.089728 0.899460
0.010081 0.000731
0.073412 0.904692
0.020105 0.001792
0.012072 0.078918
0.867978 0.041032
0.000002 0.998278
0.000000 0.001720
0.000106 0.003474
0.805506 0.190914
0.000001 0.000010
0.909572 0.090418
0.001236 0.010141
0.933245 0.055379
0.032479 0.204667
0.729607 0.033247
0.006491 0.045040
0.903151 0.045319
0.000067 0.008803
0.507330 0.483800
0.001244 0.009211
0.939243 0.050302
0.001158 0.019265
0.874365 0.105212
0.013360 0.587988
0.302408 0.096244
0.000870 0.998310
0.000088 0.000732
0.001240 0.009627
0.936559 0.052574
0.022976 0.561049
0.353545 0.062431
0.002779 0.032125
0.890646 0.074450
0.009783 0.236311
0.641803 0.112103
0.000000 0.000099
0.081894 0.918007
0.000001 0.000005
0.953716 0.046278
0.000001 0.000011
0.899986 0.100002
0.001338 0.010131
0.937227 0.051303
0.014365 0.570299
0.322694 0.092642
0.001101 0.994270
0.000615 0.004014
0.000001 0.000007
0.936118 0.063874
0.000001 0.000008
0.925113 0.074878
0.000001 0.000015
0.860777 0.139207
0.019136 0.881327
0.074668 0.024868
0.006183 0.066569
0.860266 0.066982
0.000001 0.000006
0.945657 0.054336
0.002917 0.018740
0.934912 0.043431
0.000118 0.001849
0.896424 0.101609
0.000001 0.997858
0.000000 0.002141
0.000000 0.000055
0.489989 0.509956
0.000578 0.998631
0.000059 0.000732
0.000003 0.998613
0.000000 0.001384
0.000001 0.000005
0.952583 0.047411
0.000118 0.001844
0.896693 0.101345
0.000010 0.995529
0.000006 0.004455
0.001384 0.997515
0.000177 0.000924
0.000104 0.003715
0.792006 0.204175
0.000001 0.000018
0.833623 0.166359
0.006527 0.042511
0.908187 0.042775
0.000035 0.994112
0.000029 0.005824
0.001686 0.995338
0.000565 0.002411
0.000053 0.999014
0.000007 0.000926
0.000001 0.000016
0.855005 0.144978
0.000156 0.999014
0.000018 0.000812
0.031456 0.961184
0.006028 0.001332
0.000016 0.999170
0.000002 0.000812
0.000208 0.997489
0.000065 0.002238
0.001109 0.025024
0.837208 0.136660
0.000001 0.000007
0.939360 0.060633
0.001283 0.016507
0.898621 0.083588
0.000126 0.000801
0.955037 0.044036
0.006428 0.049418
0.894429 0.049725
0.000000 0.000108
0.000231 0.999661
0.000001 0.000006
0.948614 0.051380
0.000001 0.000008
0.925319 0.074672
0.061484 0.786712
0.138948 0.012857
0.000115 0.002201
0.876731 0.120953
0.010458 0.987565
0.001175 0.000802
0.000000 0.000060
0.449240 0.550700
0.001081 0.028202
0.816703 0.154014
0.000001 0.000014
0.874123 0.125863
0.000001 0.994174
0.000001 0.005824
0.024117 0.369511
0.545890 0.060483
0.120929 0.866177
0.012259 0.000635
0.003803 0.031639
0.909828 0.054730
0.000014 0.994837
0.000010 0.005139
0.000106 0.003439
0.807466 0.188989
0.000594 0.998405
0.000076 0.000925
0.000001 0.000005
0.950560 0.049434
0.000001 0.000005
0.950114 0.049880
0.000001 0.000012
0.888556 0.111431
0.000124 0.001066
0.940209 0.058601
0.000116 0.002061
0.884585 0.113238
0.001247 0.008772
0.942076 0.047904
0.000121 0.001479
0.917105 0.081295
0.000001 0.000012
0.890326 0.109662
0.000001 0.000005
0.951183 0.048810
0.090197 0.876447
0.031167 0.002190
0.114856 0.856305
0.027364 0.001475
0.000125 0.000862
0.951651 0.047362
0.074578 0.909869
0.014291 0.001261
0.001243 0.009279
0.938802 0.050675
0.125165 0.843562
0.029819 0.001453
0.105962 0.881417
0.011905 0.000716
0.000000 0.017867
0.000214 0.981918
0.000001 0.000005
0.953705 0.046289
0.000001 0.000005
0.954202 0.045792
0.001271 0.017958
0.889837 0.090934
0.000001 0.000009
0.914856 0.085134
0.001243 0.009336
0.938434 0.050987
0.000033 0.859597
0.000734 0.139637
0.111842 0.876179
0.011338 0.000642
0.000001 0.000015
0.861069 0.138916
0.061835 0.895889
0.038267 0.004009
0.007748 0.990741
0.000785 0.000726
0.066646 0.915898
0.015878 0.001578
0.000030 0.996360
0.000015 0.003595
0.001345 0.009378
0.941786 0.047491
0.000001 0.000008
0.928058 0.071933
0.075048 0.902612
0.020553 0.001788
0.000185 0.994545
0.000132 0.005138
0.000001 0.000005
0.954820 0.045174
0.034916 0.434932
0.486343 0.043809
0.000001 0.000010
0.911803 0.088187
0.000875 0.063703
0.612842 0.322580
0.000001 0.000005
0.950047 0.049947
0.003867 0.026078
0.924945 0.045111
0.021126 0.975707
0.002374 0.000793
0.000001 0.000012
0.888145 0.111842
0.003439 0.063700
0.822672 0.110189
0.000001 0.997857
0.000000 0.002141
0.000737 0.998369
0.000083 0.000811
0.000006 0.498003
0.000901 0.501090
0.000001 0.000007
0.937127 0.062866
0.003823 0.029896
0.914567 0.051714
0.033526 0.962370
0.003399 0.000705
0.000123 0.001169
0.934476 0.064233
0.000000 0.498455
0.000000 0.501545
0.005730 0.098209
0.797244 0.098817
0.000060 0.858121
0.001359 0.140460
0.000106 0.003498
0.804143 0.192253
0.000001 0.996404
0.000000 0.003595
0.000000 0.017827
0.002484 0.979689
0.000003 0.999185
0.000000 0.000812
0.000001 0.000005
0.953912 0.046082
0.000001 0.000009
0.920470 0.079520
0.000001 0.000006
0.944483 0.055510
0.000001 0.000006
0.943087 0.056906
0.098923 0.868434
0.030695 0.001949
0.000546 0.090810
0.412715 0.495928
0.027361 0.496380
0.421024 0.055235
0.000001 0.000017
0.844347 0.155636
0.073231 0.917796
0.008228 0.000746
0.006390 0.052108
0.889072 0.052431
0.000001 0.000010
0.905227 0.094762
0.000001 0.000007
0.938725 0.061268
0.000010 0.999177
0.000001 0.000812
0.003745 0.036768
0.895885 0.063602
0.000000 0.000055
0.487996 0.511949
0.000124 0.001003
0.943777 0.055097
0.000001 0.000005
0.954344 0.045650
0.000001 0.000005
0.951934 0.048061
0.000001 0.000006
0.943564 0.056429
0.002862 0.024134
0.917075 0.055930
0.000124 0.001030
0.942218 0.056627
0.000009 0.998606
0.000002 0.001384
0.000001 0.000006
0.943272 0.056721
0.106003 0.881371
0.011910 0.000716
0.003192 0.795833
0.071696 0.129279
0.046754 0.481886
0.438665 0.032695
0.000001 0.000006
0.943614 0.056379
0.000001 0.000012
0.892989 0.106998
0.000392 0.994193
0.000280 0.005136
0.093640 0.844631
0.057950 0.003780
0.000001 0.000011
0.895261 0.104727
0.013065 0.731301
0.181975 0.073660
0.000005 0.998610
0.000001 0.001384
0.012787 0.100610
0.838874 0.047728
0.004804 0.991916
0.001316 0.001964
0.000002 0.999266
0.000000 0.000733
0.000000 0.995544
0.000000 0.004455
0.000124 0.001050
0.941122 0.057704
0.000126 0.000814
0.954303 0.044757
0.000054 0.010586
0.407596 0.581764
0.051867 0.942185
0.005258 0.000691
0.000124 0.000996
0.944148 0.054732
0.000000 0.000105
0.028127 0.971768
0.000037 0.012849
0.280996 0.706118
0.000078 0.998524
0.000015 0.001384
0.064335 0.922059
0.012328 0.001278
0.008743 0.986908
0.002394 0.001954
0.000001 0.000005
0.953885 0.046110
0.000122 0.001269
0.928860 0.069748
0.000028 0.980492
0.000076 0.019404
0.000085 0.992959
0.000081 0.006874
0.000001 0.000006
0.941099 0.058894
0.123021 0.863875
0.012471 0.000633
0.000000 0.017869
0.000150 0.981982
0.015819 0.538053
0.358057 0.088071
0.000008 0.999065
0.000001 0.000926
0.000001 0.000024
0.778991 0.220984
0.001263 0.018805
0.884708 0.095224
0.066838 0.513015
0.398053 0.022094
0.000000 0.000106
0.017320 0.982573
0.001258 0.019406
0.881069 0.098267
0.007470 0.985247
0.003728 0.003555
0.000122 0.001257
0.929541 0.069080
0.001318 0.012505
0.922856 0.063321
0.001964 0.993472
0.000980 0.003585
0.001514 0.963582
0.006230 0.028674
0.000012 0.786983
0.000437 0.212568
0.000123 0.001146
0.935761 0.062970
0.006776 0.989409
0.001856 0.001959
0.000001 0.000005
0.956722 0.043272
0.000007 0.016899
0.054375 0.928718
0.000001 0.000021
0.803496 0.196482
0.000001 0.000005
0.954448 0.045546
0.053933 0.938288
0.006910 0.000869
0.045190 0.937398
0.015140 0.002271
0.119165 0.841970
0.036976 0.001889
0.000001 0.000026
0.755911 0.244062
0.000115 0.002300
0.871186 0.126400
0.000123 0.001196
0.932981 0.065700
0.006174 0.067187
0.859037 0.067603
0.026352 0.969899
0.002961 0.000788
0.000000 0.000108
0.001470 0.998421
0.000001 0.000005
0.949873 0.050120
0.000121 0.001417
0.920600 0.077863
0.000001 0.000007
0.932057 0.067935
0.066278 0.925523
0.007447 0.000752
0.000123 0.001126
0.936854 0.061897
0.001065 0.996964
0.000254 0.001718
0.001253 0.008098
0.946424 0.044225
0.000008 0.164023
0.005384 0.830585
0.000117 0.001919
0.892531 0.105433
0.016374 0.978040
0.003901 0.001685
0.000001 0.000033
0.695290 0.304677
0.000119 0.999137
0.000012 0.000732
0.000001 0.000008
0.930491 0.069501
0.000001 0.000010
0.911771 0.088218
0.000001 0.017785
0.004850 0.977365
0.000001 0.000019
0.824325 0.175656
0.000001 0.000005
0.953424 0.046570
0.001346 0.009256
0.942529 0.046870
0.000001 0.000005
0.951548 0.048446
0.000001 0.000007
0.937680 0.062313
0.000001 0.000021
0.804001 0.195977
0.000001 0.000005
0.956708 0.043286
0.000000 0.000058
0.461034 0.538907
0.104429 0.884337
0.010586 0.000648
0.000001 0.000011
0.899265 0.100723
0.073006 0.902316
0.022653 0.002025
0.000001 0.000005
0.956043 0.043952
0.000098 0.993529
0.000085 0.006287
0.000125 0.000911
0.948899 0.050065
0.000001 0.000019
0.828633 0.171347
0.000001 0.000022
0.793736 0.206241
0.000001 0.000005
0.954055 0.045940
0.000001 0.000016
0.850681 0.149302
0.025867 0.518407
0.398040 0.057686
0.000001 0.000006
0.948773 0.051221
0.000006 0.016994
0.049085 0.933914
0.003789 0.032873
0.906473 0.056865
0.000000 0.000098
0.090820 0.909081
0.003751 0.954675
0.014636 0.026938
0.012683 0.105322
0.832031 0.049964
0.000001 0.000011
0.898540 0.101448
0.000064 0.999002
0.000008 0.000926
0.000000 0.000052
0.523261 0.476687
0.000001 0.000007
0.931733 0.068259
0.000001 0.000009
0.916218 0.083773
0.003519 0.056707
0.841681 0.098093
0.001239 0.009737
0.935845 0.053178
0.000108 0.003235
0.818902 0.177756
0.057624 0.930044
0.011042 0.001289
0.000125 0.000937
0.947440 0.051498
0.000126 0.000808
0.954674 0.044393
0.000001 0.000011
0.900611 0.099378
0.000102 0.004032
0.774256 0.221610
0.045241 0.948905
0.005083 0.000771
0.000001 0.000006
0.943112 0.056881
0.000006 0.164190
0.004373 0.831430
0.000000 0.996716
0.000000 0.003284
0.034392 0.961416
0.003486 0.000705
0.000060 0.999122
0.000007 0.000812
0.000001 0.999073
0.000000 0.000926
0.000001 0.000013
0.876106 0.123880
0.000125 0.998468
0.000024 0.001384
0.000001 0.000009
0.913749 0.086241
0.000001 0.000005
0.952080 0.047914
0.000123 0.001203
0.932586 0.066089
0.000121 0.001372
0.923096 0.075410
0.000121 0.001386
0.922300 0.076192
0.000085 0.006311
0.646769 0.346835
0.001282 0.016627
0.897897 0.084194
0.004550 0.937990
0.023068 0.034392
0.000037 0.999147
0.000004 0.000812
0.000034 0.899373
0.000516 0.100078
0.000001 0.000007
0.939765 0.060227
0.000001 0.000008
0.926739 0.073252
0.000123 0.001122
0.937118 0.061637
0.000107 0.997441
0.000036 0.002417
0.000119 0.001660
0.907019 0.091202
0.000156 0.915079
0.001958 0.082807
0.003426 0.064849
0.819548 0.112177
0.000001 0.000005
0.953369 0.046626
0.042968 0.685987
0.242992 0.028053
0.131795 0.854218
0.013360 0.000626
0.000001 0.000005
0.951991 0.048003
0.004257 0.994456
0.000478 0.000808
0.000001 0.000005
0.951971 0.048023
0.000001 0.000013
0.881161 0.118825
0.000124 0.000981
0.944985 0.053910
0.000001 0.000007
0.938496 0.061496
0.001191 0.997957
0.000121 0.000732
0.000001 0.000010
0.911985 0.088005
0.000001 0.000006
0.948594 0.051400
0.014828 0.223508
0.686802 0.074862
0.000126 0.000805
0.954831 0.044238
0.112575 0.875371
0.011412 0.000642
0.000116 0.002127
0.880894 0.116864
0.000001 0.000011
0.902986 0.097003
0.000001 0.000005
0.950273 0.049721
0.001063 0.030316
0.803059 0.165561
0.000001 0.000011
0.900404 0.099584
0.000654 0.997472
0.000156 0.001718
0.013448 0.908445
0.052473 0.025634
0.047038 0.737454
0.193563 0.021945
0.000001 0.983918
0.000001 0.016080
0.000001 0.000013
0.883703 0.116284
0.003874 0.025455
0.926638 0.044033
0.046058 0.948577
0.004669 0.000695
0.000125 0.000957
0.946310 0.052608
0.010160 0.535823
0.328670 0.125347
0.000150 0.999102
0.000015 0.000732
0.101392 0.844965
0.050595 0.003049
0.000002 0.017640
0.012920 0.969438
0.000068 0.898871
0.001040 0.100022
0.000123 0.001113
0.937592 0.061172
0.001091 0.027074
0.823982 0.147854
0.003823 0.029884
0.914598 0.051694
0.000379 0.994214
0.000271 0.005136
0.006434 0.049000
0.895262 0.049304
0.016471 0.165273
0.762899 0.055357
0.000001 0.000012
0.893739 0.106249
0.041301 0.945515
0.011311 0.001873
0.000000 0.983920
0.000000 0.016080
0.000001 0.000011
0.896376 0.103612
0.000001 0.000013
0.878150 0.121836
0.000001 0.000006
0.941179 0.058814
0.044074 0.950761
0.004468 0.000697
0.000122 0.001276
0.928486 0.070116
0.087222 0.614493
0.283826 0.014460
0.000001 0.000005
0.950604 0.049390
0.001235 0.010239
0.932606 0.055920
0.000001 0.000005
0.954748 0.045246
0.054858 0.938217
0.006163 0.000762
0.128673 0.826215
0.043110 0.002002
0.001254 0.007985
0.947152 0.043608
0.109137 0.808724
0.077961 0.004178
0.107651 0.865212
0.025647 0.001491
0.000001 0.000007
0.935053 0.064939
0.000001 0.000018
0.830812 0.169169
0.001334 0.010602
0.934375 0.053688
0.000047 0.999216
0.000005 0.000732
0.002735 0.996258
0.000277 0.000730
0.005887 0.087212
0.819149 0.087752
0.042236 0.952245
0.004745 0.000774
0.066109 0.897664
0.032988 0.003239
0.000001 0.000013
0.878165 0.121821
0.000001 0.000012
0.888666 0.111322
0.000075 0.999105
0.000008 0.000812
0.025885 0.953827
0.016019 0.004269
0.001228 0.022925
0.859759 0.116088
0.000001 0.000007
0.935677 0.064315
0.000001 0.000011
0.899501 0.100487
0.000001 0.000005
0.951730 0.048264
0.002289 0.079572
0.733731 0.184408
0.112963 0.827681
0.056369 0.002987
0.000001 0.000009
0.917799 0.082192
0.000116 0.002099
0.882435 0.115350
0.000038 0.996348
0.000019 0.003595
0.000034 0.997981
0.000009 0.001976
0.054975 0.937113
0.007043 0.000868
0.104007 0.650319
0.235047 0.010628
0.000117 0.002034
0.886071 0.111779
0.000385 0.998844
0.000039 0.000732
0.000124 0.000992
0.944389 0.054495
0.000116 0.002137
0.880310 0.117437
0.122300 0.863258
0.013741 0.000701
0.013929 0.982041
0.002669 0.001361
0.000008 0.976978
0.000025 0.022990
0.021313 0.143768
0.796086 0.038832
0.000123 0.001132
0.936548 0.062197
0.000117 0.959963
0.000663 0.039258
0.000913 0.980992
0.002063 0.016032
0.000001 0.000009
0.918040 0.081950
0.031084 0.232825
0.698270 0.037821
0.000001 0.000025
0.773466 0.226509
0.000001 0.000011
0.900157 0.099832
0.000000 0.000099
0.083794 0.916107
0.000120 0.001591
0.910842 0.087447
0.050048 0.936415
0.011923 0.001613
0.000001 0.000009
0.921332 0.078658
0.041560 0.919385
0.033669 0.005386
0.005651 0.990840
0.001547 0.001962
0.096111 0.892366
0.010798 0.000725
0.006423 0.049792
0.893684 0.050101
0.000080 0.808250
0.002592 0.189077
0.051709 0.921697
0.023557 0.003036
0.000001 0.000021
0.803285 0.196693
0.000012 0.996386
0.000006 0.003595
0.000012 0.016259
0.090189 0.893540
0.000001 0.000005
0.955100 0.044894
0.034049 0.945548
0.016991 0.003412
0.000000 0.999267
0.000000 0.000733
0.005978 0.080879
0.831763 0.081380
0.000001 0.000019
0.820115 0.179865
0.000000 0.000108
0.002199 0.997693
0.000003 0.748977
0.000156 0.250864
0.000001 0.000008
0.930615 0.069376
0.000001 0.000005
0.949655 0.050339
0.072792 0.870712
0.051998 0.004498
0.026929 0.177683
0.759164 0.036223
0.000001 0.000005
0.955512 0.044483
0.000040 0.012393
0.306514 0.681053
0.000001 0.000010
0.911044 0.088946
0.000116 0.002102
0.882272 0.115510
0.000000 0.000061
0.439496 0.560443
0.003856 0.027026
0.922367 0.046751
0.000001 0.000022
0.800141 0.199836
0.003626 0.047257
0.867370 0.081746
0.000230 0.993762
0.000186 0.005822
0.000078 0.007312
0.590775 0.401835
0.000000 0.995545
0.000000 0.004455
0.016162 0.176234
0.748577 0.059028
0.000001 0.000011
0.896592 0.103396
0.000009 0.163884
0.006225 0.829881
0.000001 0.000005
0.953528 0.046467
0.000001 0.000005
0.951524 0.048470
0.100381 0.888791
0.010176 0.000652
0.000117 0.001911
0.892937 0.105034
0.011808 0.986272
0.001197 0.000723
0.030095 0.965739
0.003381 0.000785
0.000119 0.001767
0.901011 0.097104
0.000000 0.000108
0.000000 0.999892
0.000127 0.996215
0.000063 0.003595
0.005916 0.085164
0.823227 0.085692
0.030516 0.244291
0.685509 0.039684
0.000001 0.000022
0.798735 0.201242
0.015403 0.721022
0.196917 0.066659
0.000001 0.000027
0.750518 0.249455
0.000118 0.001791
0.899686 0.098405
0.000001 0.000010
0.911483 0.088507
0.013104 0.284610
0.606958 0.095328
0.000000 0.154768
0.000017 0.845215
0.114128 0.749061
0.130611 0.006199
0.000001 0.000006
0.947040 0.052953
0.000001 0.000006
0.942779 0.057214
0.000001 0.000008
0.928442 0.071549
0.000002 0.999186
0.000000 0.000812
0.001013 0.047728
0.709575 0.241684
0.001220 0.011961
0.921499 0.065320
0.005509 0.988177
0.002749 0.003566
0.000001 0.000008
0.925959 0.074033
0.001194 0.015041
0.901625 0.082140
0.000001 0.000013
0.881530 0.118457
0.000000 0.000081
0.248276 0.751643
0.000001 0.000005
0.951909 0.048085
0.000001 0.000009
0.915956 0.084035
0.039145 0.431923
0.489846 0.039085
0.000001 0.000005
0.951975 0.048019
0.000120 0.001611
0.909722 0.088547
0.001238 0.009905
0.934766 0.054091
0.000001 0.000006
0.942987 0.057006
0.000001 0.000035
0.673427 0.326537
0.009197 0.216829
0.661238 0.112737
0.000001 0.000007
0.937657 0.062336
0.005253 0.131493
0.730946 0.132308
0.027905 0.962547
0.007642 0.001906
0.081766 0.894071
0.022392 0.001771
0.000000 0.000108
0.002401 0.997491
0.000001 0.000018
0.835442 0.164539
0.000225 0.998001
0.000054 0.001719
0.079205 0.594950
0.309057 0.016788
0.000124 0.001013
0.943181 0.055681
0.000001 0.000012
0.886280 0.113707
0.000001 0.000011
0.902194 0.097795
0.000829 0.996479
0.000278 0.002414
0.102533 0.867669
0.028080 0.001718
0.028307 0.946583
0.020221 0.004890
0.000126 0.000753
0.957749 0.041372
0.000124 0.992883
0.000119 0.006874
0.000123 0.001132
0.936541 0.062204
0.002959 0.996010
0.000300 0.000730
0.000116 0.002054
0.884942 0.112888
0.000001 0.000012
0.887590 0.112397
0.065156 0.915188
0.017844 0.001812
0.000110 0.002928
0.836028 0.160933
0.000001 0.000016
0.856337 0.143647
0.001570 0.993542
0.000877 0.004011
0.026044 0.970242
0.002926 0.000788
0.000001 0.000010
0.908512 0.091478
0.128543 0.845652
0.024632 0.001172
0.019875 0.966719
0.009918 0.003488
0.054428 0.939366
0.005517 0.000689
0.000001 0.000008
0.926774 0.073218
0.003720 0.038985
0.889858 0.067437
0.000123 0.001219
0.931660 0.066998
0.000118 0.001798
0.899282 0.098802
0.010664 0.146467
0.766715 0.076154
0.000001 0.000007
0.933736 0.066256
0.000001 0.000012
0.887430 0.112558
0.000001 0.000009
0.913428 0.086561
0.014017 0.978915
0.004696 0.002372
0.011802 0.078901
0.867365 0.041932
0.000125 0.000915
0.948694 0.050266
0.000123 0.001117
0.937352 0.061407
0.053546 0.925639
0.018502 0.002313
0.000018 0.999168
0.000002 0.000812
0.000125 0.000906
0.949197 0.049773
0.017218 0.138791
0.797504 0.046487
0.000075 0.007732
0.567285 0.424908
0.000001 0.000021
0.808725 0.191254
0.012181 0.866455
0.080141 0.041223
0.005705 0.099929
0.793818 0.100548
0.000125 0.000849
0.952395 0.046632
0.000270 0.997680
0.000074 0.001976
0.000000 0.000108
0.000467 0.999425
0.000055 0.994076
0.000045 0.005824
0.017313 0.135424
0.801904 0.045359
0.000000 0.000108
0.003645 0.996247
0.000070 0.999110
0.000008 0.000812
0.000000 0.000108
0.001114 0.998778
0.073020 0.905190
0.019997 0.001793
0.000115 0.002226
0.875315 0.122344
0.053745 0.939453
0.006038 0.000763
0.000001 0.000013
0.880144 0.119843
0.015114 0.969083
0.010797 0.005006
0.000065 0.009012
0.495668 0.495254
0.000001 0.000006
0.949071 0.050922
0.000001 0.000026
0.760525 0.239448
0.000001 0.000010
0.911791 0.088198
0.000001 0.999187
0.000000 0.000812
0.000255 0.740061
0.011807 0.247877
0.001280 0.016875
0.896391 0.085453
0.000114 0.002347
0.868554 0.128985
0.005835 0.090886
0.811831 0.091449
0.000086 0.006182
0.653973 0.339758
0.001098 0.992988
0.000785 0.005129
0.000000 0.000108
0.004674 0.995218
0.000124 0.000988
0.944586 0.054302
0.000124 0.000968
0.945737 0.053171
0.000001 0.000007
0.935632 0.064361
0.000124 0.001083
0.939263 0.059530
0.118624 0.867344
0.013328 0.000705
0.035537 0.954352
0.008466 0.001644
0.000001 0.000006
0.940866 0.059127
0.016549 0.980423
0.002120 0.000908
0.000073 0.156502
0.050928 0.792497
0.125838 0.859326
0.014138 0.000698
0.000001 0.000011
0.900873 0.099115
0.001231 0.010697
0.929656 0.058416
0.000125 0.000838
0.952984 0.046053
0.001242 0.009409
0.937964 0.051385
0.000536 0.998593
0.000060 0.000811
0.000001 0.000008
0.926367 0.073624
0.000001 0.000005
0.952599 0.047395
0.000057 0.997507
0.000019 0.002417
0.000001 0.000008
0.925300 0.074691
0.000001 0.000006
0.948478 0.051516
0.000001 0.000008
0.927723 0.072268
0.005736 0.097795
0.798068 0.098401
0.000001 0.000012
0.889417 0.110571
0.000001 0.000008
0.922017 0.077973
0.000001 0.000005
0.952872 0.047122
0.001237 0.010037
0.933912 0.054814
0.008779 0.986284
0.002724 0.002213
0.000155 0.994597
0.000110 0.005138
0.017820 0.117446
0.825397 0.039337
0.000001 0.000006
0.945142 0.054852
0.000000 0.000075
0.305653 0.694272
0.001317 0.012579
0.922404 0.063700
0.013263 0.728614
0.184734 0.073390
0.000001 0.000010
0.908117 0.091872
0.000125 0.000872
0.951096 0.047907
0.000113 0.002582
0.855405 0.141901
0.000000 0.998023
0.000000 0.001976
0.003742 0.037047
0.895127 0.064084
0.000001 0.000007
0.937202 0.062791
0.037881 0.957085
0.004256 0.000778
0.000001 0.000006
0.946960 0.053034
0.000001 0.000026
0.757329 0.242644
0.000000 0.000050
0.540680 0.459269
0.125424 0.801323
0.070018 0.003235
0.054166 0.939654
0.005491 0.000689
0.007372 0.989843
0.001413 0.001372
0.000071 0.996299
0.000035 0.003595
0.000000 0.000057
0.470883 0.529059
0.001039 0.033134
0.784877 0.180950
0.000001 0.000013
0.877501 0.122485
0.006329 0.056316
0.880690 0.056665
0.024662 0.971778
0.002771 0.000790
0.001009 0.996153
0.000349 0.002489
0.001246 0.008922
0.941106 0.048726
0.000001 0.000008
0.930062 0.069930
0.062033 0.930996
0.006288 0.000682
0.000001 0.000005
0.953348 0.046647
0.000001 0.000006
0.947909 0.052084
0.000105 0.003548
0.801367 0.194979
0.012506 0.409713
0.467115 0.110665
0.006062 0.074976
0.843521 0.075440
0.000001 0.000006
0.947768 0.052225
0.103077 0.885825
0.010449 0.000649
0.001129 0.022680
0.852334 0.123858
0.128183 0.856720
0.014402 0.000696
0.000118 0.001902
0.893453 0.104527
0.101411 0.821901
0.072442 0.004246
0.000001 0.000006
0.945443 0.054550
0.000001 0.000005
0.955416 0.044578
0.016098 0.977029
0.004776 0.002096
0.001074 0.029121
0.810771 0.159034
0.000123 0.001183
0.933704 0.064991
0.000002 0.972546
0.000009 0.027442
0.000178 0.999071
0.000018 0.000732
0.000001 0.000015
0.861752 0.138232
0.000001 0.000006
0.942936 0.057057
0.000001 0.000013
0.882558 0.117429
0.002694 0.996194
0.000303 0.000809
0.000001 0.000014
0.874390 0.125595
0.000125 0.000855
0.952006 0.047013
0.051747 0.881736
0.059220 0.007297
0.109755 0.807670
0.078403 0.004172
0.000005 0.498076
0.000755 0.501163
0.000001 0.000017
0.841932 0.158050
0.006258 0.061337
0.870689 0.061717
0.002066 0.991337
0.001476 0.005121
0.000125 0.000948
0.946827 0.052100
0.056615 0.898301
0.040443 0.004640
0.000499 0.849213
0.011286 0.139002
0.000001 0.000013
0.884500 0.115487
0.069126 0.923190
0.007007 0.000677
0.000000 0.000100
0.073909 0.925990
0.012872 0.292839
0.596205 0.098084
0.000498 0.107305
0.348826 0.543372
0.000042 0.495502
0.005882 0.498573
0.062025 0.931005
0.006288 0.000682
0.000117 0.001987
0.888684 0.109212
0.000001 0.000011
0.898549 0.101439
0.000001 0.000013
0.882336 0.117651
0.098195 0.694371
0.197342 0.010091
0.000001 0.000011
0.901453 0.098536
0.000001 0.000010
0.904125 0.095864
0.000001 0.000013
0.879960 0.120026
0.001761 0.996124
0.000416 0.001700
0.039689 0.949327
0.009365 0.001620
0.043596 0.764712
0.170114 0.021578
0.000000 0.000100
0.076612 0.923288
0.071887 0.543685
0.364494 0.019935
0.000001 0.000006
0.942951 0.057042
0.042881 0.687503
0.241605 0.028012
0.000124 0.000978
0.945174 0.053724
0.010482 0.143096
0.770373 0.076049
0.000112 0.002692
0.849271 0.147926
0.000014 0.748597
0.000652 0.250736
0.051425 0.648533
0.274966 0.025076
0.124212 0.840107
0.034017 0.001664
0.000171 0.999080
0.000017 0.000732
0.004726 0.993936
0.000531 0.000808
0.000001 0.000008
0.924113 0.075878
0.000001 0.000010
0.907568 0.092421
0.103410 0.875560
0.019816 0.001213
0.000125 0.000826
0.953635 0.045413
0.018364 0.098163
0.850594 0.032879
0.000115 0.002254
0.873751 0.123880
0.000001 0.000007
0.939481 0.060511
0.035260 0.870825
0.079684 0.014231
0.075890 0.740504
0.171505 0.012102
0.003855 0.971556
0.008712 0.015878
0.000001 0.000007
0.938587 0.061405
0.024192 0.971808
0.003099 0.000900
0.000001 0.000010
0.906400 0.093589
0.103132 0.884562
0.011587 0.000719
0.000125 0.000870
0.951173 0.047831
0.000941 0.044666
0.710463 0.243930
0.000048 0.999135
0.000005 0.000812
0.001282 0.996200
0.000380 0.002137
0.006713 0.972171
0.010314 0.010802
0.041937 0.944708
0.011485 0.001871
0.000001 0.000006
0.945849 0.054145
0.000001 0.000006
0.941604 0.058389
0.034511 0.961286
0.003498 0.000705
0.000119 0.001738
0.902657 0.095487
0.000001 0.000005
0.950259 0.049735
0.066520 0.913453
0.018217 0.001809
0.000001 0.000015
0.864902 0.135083
0.000001 0.000007
0.936805 0.063187
0.003837 0.028664
0.917916 0.049583
0.001303 0.014219
0.912473 0.072004
0.000001 0.000005
0.954828 0.045166
0.000107 0.003338
0.813135 0.183421
0.031481 0.956604
0.009768 0.002146
0.000001 0.000013
0.877720 0.122266
0.009568 0.988554
0.001075 0.000803
0.000001 0.000009
0.918745 0.081245
0.017835 0.116912
0.826094 0.039159
0.000000 0.997507
0.000000 0.002493
0.000001 0.000025
0.767735 0.232239
0.000001 0.000009
0.919676 0.080315
0.000001 0.000005
0.953830 0.046164
0.000001 0.000017
0.845462 0.154521
0.000000 0.000103
0.045993 0.953904
0.005870 0.088384
0.816813 0.088932
0.002771 0.991080
0.001715 0.004435
0.000122 0.001289
0.927769 0.070821
0.041035 0.294736
0.631432 0.032797
0.000124 0.001091
0.938804 0.059981
0.000001 0.000012
0.891121 0.108866
0.122911 0.812823
0.061333 0.002933
0.000367 0.997827
0.000087 0.001719
0.001255 0.007860
0.947959 0.042925
0.024782 0.848005
0.101978 0.025235
0.000001 0.000006
0.941501 0.058492
0.000001 0.000008
0.924416 0.075576
0.000886 0.995081
0.000442 0.003591
0.000125 0.000885
0.950333 0.048656
0.000119 0.001748
0.902058 0.096075
0.006836 0.989333
0.001872 0.001959
0.000111 0.002756
0.845647 0.151486
0.000013 0.999174
0.000001 0.000812
0.001308 0.996663
0.000312 0.001717
0.032239 0.945944
0.017998 0.003819
0.005234 0.991370
0.001433 0.001963
0.001236 0.010124
0.933351 0.055289
0.000001 0.000013
0.879624 0.120362
0.001910 0.729672
0.071331 0.197087
0.000000 0.000051
0.531230 0.468719
0.054695 0.930671
0.013031 0.001603
0.030025 0.962887
0.005754 0.001334
0.020442 0.976770
0.002072 0.000716
0.000166 0.145696
0.116357 0.737781
0.048098 0.946333
0.004876 0.000694
0.000754 0.978783
0.001970 0.018492
0.000001 0.000005
0.950296 0.049698
0.000001 0.000013
0.882106 0.117880
0.000091 0.005551
0.689315 0.305044
0.020055 0.181762
0.749088 0.049095
0.053678 0.938575
0.006877 0.000870
0.000123 0.001207
0.932326 0.066344
0.000124 0.001082
0.939331 0.059464
0.000001 0.000005
0.953743 0.046251
0.000001 0.000007
0.932261 0.067731
0.000001 0.000006
0.941238 0.058755
0.000001 0.000013
0.883813 0.116173
0.001810 0.995722
0.000496 0.001972
0.000242 0.998920
0.000027 0.000812
0.000124 0.001027
0.942407 0.056442
0.000001 0.000006
0.948441 0.051552
0.000001 0.000019
0.827644 0.172337
0.087562 0.886702
0.023980 0.001756
0.005884 0.087436
0.818703 0.087978
0.040933 0.952940
0.005244 0.000883
0.024956 0.531851
0.384011 0.059182
0.000001 0.000009
0.916472 0.083519
0.000123 0.001143
0.935907 0.062826
0.133524 0.823197
0.041431 0.001847
0.000116 0.002129
0.880779 0.116976
0.004792 0.992357
0.001142 0.001710
0.000001 0.000005
0.955578 0.044416
0.000001 0.000006
0.948203 0.051791
0.002129 0.995317
0.000583 0.001971
0.075651 0.500491
0.404505 0.019352
0.012388 0.913497
0.048339 0.025776
0.000001 0.000005
0.953706 0.046288
0.096512 0.893050
0.009784 0.000655
0.000001 0.000015
0.861130 0.138855
0.000001 0.000005
0.952835 0.047159
0.043739 0.764032
0.170670 0.021559
0.003851 0.465636
0.283049 0.247464
0.000001 0.000008
0.924327 0.075664
0.000086 0.976651
0.000281 0.022982
0.000001 0.000006
0.942007 0.057986
0.000123 0.001148
0.935637 0.063092
0.002483 0.990626
0.001774 0.005117
0.000001 0.000008
0.930491 0.069501
0.000019 0.997999
0.000005 0.001976
0.126050 0.842468
0.030030 0.001451
0.000001 0.000011
0.898998 0.100991
0.033101 0.962837
0.003356 0.000706
0.000101 0.004202
0.764752 0.230945
0.092435 0.896451
0.010385 0.000728
0.006483 0.045551
0.902132 0.045833
0.001018 0.047133
0.713177 0.238672
0.035201 0.943828
0.017565 0.003406
0.000001 0.000009
0.917195 0.082795
0.000001 0.000011
0.898540 0.101448
0.000125 0.000865
0.951484 0.047526
0.009627 0.184691
0.707526 0.098155
0.000000 0.000108
0.004324 0.995568
0.000115 0.002211
0.876145 0.121528
0.000000 0.971102
0.000000 0.028898
0.001834 0.995487
0.000544 0.002136
0.020601 0.972815
0.004908 0.001676
0.077502 0.880646
0.038674 0.003178
0.000013 0.998007
0.000004 0.001976
0.000020 0.998592
0.000004 0.001384
0.033294 0.955695
0.009118 0.001893
0.000000 0.000108
0.000008 0.999883
0.000117 0.001920
0.892474 0.105489
0.000124 0.001095
0.938627 0.060154
0.000001 0.000005
0.953364 0.046630
0.065379 0.522746
0.389362 0.022513
0.000001 0.000022
0.796904 0.203073
0.000001 0.999267
0.000000 0.000733
0.037026 0.406314
0.515733 0.040926
0.000123 0.001099
0.938394 0.060383
0.070342 0.921006
0.007903 0.000748
0.006048 0.075983
0.841515 0.076454
0.121150 0.815454
0.060454 0.002943
0.000018 0.980528
0.000049 0.019404
0.009830 0.988262
0.001104 0.000803
0.009616 0.988237
0.001232 0.000916
0.001129 0.034343
0.790619 0.173909
0.000000 0.998280
0.000000 0.001720
0.000001 0.000021
0.804680 0.195298
0.001124 0.023215
0.848883 0.126779
0.053085 0.707417
0.218447 0.021051
0.000114 0.002335
0.869229 0.128322
0.006558 0.040317
0.912558 0.040567
0.000001 0.000010
0.903742 0.096247
0.000051 0.983758
0.000115 0.016077
0.041616 0.952170
0.005332 0.000882
0.000116 0.002080
0.883503 0.114301
0.002749 0.996132
0.000309 0.000809
0.000118 0.001896
0.893768 0.104218
0.000000 0.000087
0.196896 0.803017
0.014296 0.970479
0.010212 0.005013
0.000028 0.994814
0.000020 0.005139
0.027120 0.951837
0.016784 0.004260
0.000000 0.000066
0.387087 0.612846
0.000001 0.000005
0.954619 0.045375
0.000001 0.000008
0.928455 0.071536
0.000001 0.000016
0.848473 0.151510
0.019720 0.971320
0.006607 0.002353
0.057460 0.902940
0.035560 0.004041
0.000001 0.000015
0.861921 0.138063
0.000005 0.994853
0.000003 0.005139
0.000078 0.999101
0.000009 0.000812
0.000128 0.982403
0.000310 0.017159
0.054155 0.938998
0.006084 0.000763
0.008041 0.984394
0.004013 0.003552
0.001261 0.996421
0.000345 0.001973
0.000001 0.000005
0.956281 0.043713
0.051145 0.933000
0.014007 0.001848
0.054009 0.648373
0.273845 0.023773
0.097672 0.888991
0.012514 0.000824
0.000125 0.000929
0.947902 0.051045
0.000001 0.000021
0.802316 0.197662
0.000001 0.000006
0.948521 0.051473
0.104103 0.883483
0.011696 0.000718
0.000001 0.000005
0.949584 0.050410
0.000001 0.000014
0.868711 0.131274
0.001357 0.997680
0.000153 0.000811
0.000001 0.000005
0.951135 0.048859
0.000040 0.995917
0.000022 0.004020
0.000001 0.000005
0.950157 0.049837
0.000003 0.998293
0.000001 0.001703
0.000001 0.000006
0.948443 0.051551
0.035960 0.369575
0.553341 0.041124
0.054307 0.939499
0.005505 0.000689
0.001244 0.009128
0.939781 0.049847
0.090809 0.890556
0.017401 0.001234
0.000001 0.000009
0.921029 0.078962
0.107846 0.880576
0.010933 0.000646
0.000115 0.002276
0.872538 0.125072
0.000001 0.000007
0.932097 0.067895
0.000000 0.000105
0.034177 0.965718
0.000117 0.002025
0.886582 0.111276
0.000247 0.998323
0.000047 0.001383
0.000001 0.000005
0.949587 0.050406
0.000119 0.001752
0.901846 0.096284
0.000125 0.000850
0.952337 0.046688
0.000123 0.001116
0.937452 0.061309
0.000125 0.000890
0.950056 0.048929
0.000125 0.000861
0.951679 0.047334
0.005170 0.980796
0.005917 0.008117
0.039956 0.947226
0.010942 0.001876
0.017759 0.119603
0.822578 0.040060
0.000000 0.000044
0.593427 0.406529
0.000001 0.000012
0.889129 0.110858
0.001227 0.011205
0.926376 0.061192
0.000001 0.000005
0.949863 0.050131
0.000001 0.000007
0.938775 0.061218
0.000000 0.017839
0.001808 0.980353
0.000116 0.002177
0.878095 0.119613
0.002173 0.995261
0.000595 0.001971
0.000001 0.000017
0.845859 0.154124
0.117843 0.869574
0.011946 0.000637
0.000097 0.004707
0.736503 0.258693
0.000001 0.000005
0.949404 0.050590
0.113256 0.827244
0.056515 0.002985
0.012488 0.306468
0.578396 0.102649
0.096918 0.878715
0.022868 0.001499
0.003881 0.024834
0.928326 0.042959
0.035616 0.899665
0.054723 0.009996
0.000356 0.997109
0.000119 0.002416
0.000001 0.000014
0.866613 0.133371
0.000001 0.000005
0.955920 0.044074
0.004728 0.168206
0.657818 0.169248
0.000001 0.000015
0.860893 0.139091
0.000001 0.000014
0.874986 0.124999
0.000107 0.003334
0.813319 0.183239
0.000001 0.000014
0.873421 0.126564
0.000001 0.000016
0.851785 0.148199
0.038706 0.329082
0.595594 0.036619
0.011516 0.551422
0.324646 0.112416
0.007462 0.982134
0.005331 0.005073
0.000001 0.000027
0.750439 0.249534
0.000054 0.858242
0.001224 0.140480
0.000001 0.000006
0.947505 0.052488
0.000121 0.001438
0.919429 0.079012
0.038033 0.339001
0.585243 0.037722
0.000001 0.000006
0.948352 0.051642
0.001199 0.026248
0.839635 0.132917
0.126980 0.841319
0.030252 0.001449
0.015488 0.200107
0.717380 0.067024
0.015661 0.193991
0.725372 0.064976
0.001239 0.009712
0.936007 0.053041
0.122196 0.798608
0.075622 0.003574
0.000122 0.001270
0.928841 0.069767
0.000001 0.000011
0.900069 0.099919
0.011896 0.087371
0.855306 0.045427
0.000041 0.999028
0.000005 0.000926
0.000222 0.958819
0.001273 0.039686
0.000001 0.000012
0.893814 0.106174
0.052956 0.940330
0.005950 0.000764
0.042704 0.714573
0.216523 0.026200
0.023619 0.168705
0.768007 0.039669
0.000001 0.000005
0.952122 0.047872
0.000001 0.000005
0.951732 0.048262
0.001214 0.012629
0.917187 0.068969
0.014514 0.349079
0.542119 0.094288
0.000001 0.000008
0.924198 0.075794
0.017890 0.114975
0.828625 0.038510
0.000125 0.000936
0.947505 0.051434
0.000001 0.000012
0.892321 0.107667
0.000031 0.013597
0.239126 0.747245
0.000001 0.000010
0.911854 0.088135
0.053806 0.931771
0.012819 0.001605
0.001259 0.007402
0.950915 0.040423
0.000001 0.000014
0.869744 0.130241
0.000001 0.000011
0.894449 0.105539
0.000124 0.001042
0.941565 0.057269
0.000000 0.749095
0.000002 0.250903
0.000001 0.000010
0.908719 0.091271
0.000001 0.000008
0.929869 0.070123
0.012679 0.105504
0.831766 0.050050
0.000001 0.998296
0.000000 0.001703
0.006267 0.060664
0.872028 0.061040
0.000001 0.000005
0.955785 0.044210
0.015465 0.200915
0.716325 0.067295
0.000488 0.108510
0.341530 0.549473
0.079901 0.899513
0.019036 0.001550
0.000122 0.001246
0.930171 0.068461
0.001265 0.018601
0.885944 0.094190
0.080744 0.570027
0.332267 0.016963
0.000001 0.000011
0.895616 0.104372
0.000001 0.000006
0.947177 0.052816
0.000001 0.000006
0.942976 0.057017
0.000001 0.000013
0.884184 0.115802
0.032022 0.208945
0.724832 0.034201
0.000001 0.000007
0.937340 0.062653
0.041461 0.934477
0.020689 0.003372
0.000001 0.000011
0.895009 0.104979
0.000001 0.000012
0.892413 0.107574
0.051758 0.928039
0.017884 0.002319
0.000000 0.000069
0.361223 0.638707
0.001349 0.008954
0.944357 0.045340
0.000120 0.001522
0.914701 0.083656
0.000122 0.001241
0.930463 0.068174
0.000000 0.999267
0.000000 0.000733
0.000001 0.000011
0.899968 0.100020
0.000144 0.983457
0.000326 0.016072
0.000085 0.674410
0.005572 0.319933
0.000001 0.000014
0.870712 0.129274
0.000769 0.998421
0.000078 0.000732
0.000124 0.001032
0.942128 0.056716
0.000124 0.000972
0.945507 0.053397
0.000124 0.001068
0.940113 0.058695
0.000001 0.000006
0.947532 0.052462
0.000117 0.001923
0.892292 0.105668
0.103508 0.875444
0.019835 0.001213
0.008646 0.526253
0.322957 0.142143
0.006081 0.990763
0.001449 0.001707
0.000126 0.000817
0.954155 0.044902
0.000124 0.000996
0.944140 0.054740
0.000000 0.017866
0.000266 0.981867
0.000001 0.000005
0.950063 0.049931
0.117623 0.848484
0.032212 0.001680
0.000115 0.002293
0.871598 0.125995
0.000364 0.997561
0.000100 0.001976
0.001407 0.996942
0.000270 0.001381
0.006460 0.047206
0.898835 0.047499
0.008792 0.437449
0.407239 0.146520
0.122020 0.798892
0.075513 0.003575
0.000125 0.000862
0.951628 0.047385
0.104258 0.865475
0.028552 0.001714
0.000000 0.995544
0.000000 0.004455
0.005680 0.101651
0.790387 0.102281
0.000102 0.003983
0.777050 0.218865
0.057926 0.889933
0.046928 0.005214
0.032608 0.962946
0.003664 0.000782
0.000000 0.000105
0.026467 0.973428
0.014998 0.217487
0.694670 0.072845
0.001249 0.008573
0.943361 0.046817
0.000001 0.000012
0.887556 0.112431
0.000001 0.000005
0.949242 0.050752
0.000001 0.000009
0.918677 0.081313
0.060509 0.906027
0.030194 0.003269
0.008020 0.989072
0.001537 0.001371
0.000001 0.000011
0.900430 0.099558
0.000001 0.000007
0.931370 0.068622
0.000403 0.994896
0.000249 0.004452
0.000001 0.000008
0.928891 0.071100
0.000001 0.000013
0.882409 0.117578
0.000000 0.000105
0.035063 0.964832
0.005958 0.738336
0.134853 0.120854
0.114758 0.843481
0.039653 0.002108
0.000001 0.000005
0.951603 0.048391
0.055755 0.873210
0.063808 0.007227
0.000497 0.107446
0.347967 0.544089
0.001312 0.880515
0.020193 0.097979
0.000122 0.001243
0.930348 0.068287
0.000001 0.000005
0.953034 0.046960
0.000001 0.000014
0.872690 0.127296
0.000001 0.000006
0.946363 0.053631
0.001258 0.019422
0.880972 0.098348
0.012285 0.982405
0.003364 0.001946
0.000399 0.998828
0.000040 0.000732
0.000001 0.000006
0.943671 0.056322
0.000000 0.000057
0.476460 0.523483
0.009957 0.988310
0.001009 0.000724
0.004943 0.946550
0.020340 0.028167
0.003803 0.031640
0.909825 0.054732
0.000000 0.000039
0.636990 0.362970
0.000001 0.000008
0.923482 0.076509
0.001337 0.010261
0.936439 0.051962
0.002876 0.022738
0.921690 0.052696
0.003475 0.060585
0.831140 0.104801
0.023494 0.382164
0.531788 0.062554
0.000001 0.000011
0.897356 0.102633
0.000000 0.000107
0.011374 0.988519
0.002215 0.996829
0.000225 0.000731
0.040176 0.948618
0.009572 0.001634
0.001305 0.997738
0.000147 0.000811
0.001134 0.993716
0.000702 0.004447
0.091113 0.897921
0.010237 0.000730
0.012109 0.131271
0.794347 0.062274
0.080278 0.903087
0.015383 0.001251
0.000001 0.000008
0.926484 0.073508
0.079587 0.910732
0.008942 0.000740
0.000001 0.000007
0.935772 0.064220
0.000106 0.003484
0.804969 0.191442
0.001442 0.997681
0.000146 0.000731
0.000000 0.000047
0.569790 0.430163
0.001252 0.008256
0.945407 0.045085
0.105294 0.873319
0.020177 0.001210
0.029664 0.960311
0.008124 0.001902
0.085375 0.905307
0.008655 0.000664
0.000900 0.049401
0.679913 0.269786
0.000117 0.002003
0.887823 0.110057
0.000001 0.000005
0.949803 0.050190
0.000001 0.000013
0.882348 0.117638
0.000001 0.000016
0.848268 0.151715
0.116472 0.871082
0.011807 0.000639
0.000000 0.999267
0.000000 0.000733
0.001227 0.011206
0.926372 0.061196
0.000001 0.000012
0.891600 0.108388
0.000000 0.000095
0.121656 0.878249
0.000001 0.000033
0.698504 0.301463
0.000001 0.000016
0.855705 0.144279
0.000000 0.985674
0.000001 0.014325
0.000292 0.962924
0.001478 0.035306
0.038535 0.956359
0.004329 0.000777
0.000033 0.995928
0.000018 0.004020
0.000001 0.000014
0.873491 0.126495
0.000014 0.998006
0.000004 0.001976
0.120791 0.866329
0.012245 0.000635
0.003211 0.083730
0.768220 0.144838
0.000028 0.998583
0.000005 0.001384
0.044673 0.923548
0.027646 0.004133
0.000000 0.960849
0.000001 0.039149
0.007553 0.990562
0.000968 0.000918
0.000123 0.001180
0.933866 0.064831
0.000001 0.000005
0.954126 0.045868
0.008284 0.988758
0.001587 0.001370
0.000986 0.996770
0.000270 0.001974
0.000006 0.998016
0.000002 0.001976
0.013979 0.980251
0.003828 0.001941
0.000000 0.000047
0.563338 0.436614
0.000001 0.000006
0.946145 0.053848
0.000001 0.000010
0.905230 0.094759
0.000117 0.001917
0.892628 0.105338
0.000001 0.000006
0.945768 0.054225
0.034275 0.951935
0.011483 0.002306
0.048090 0.946341
0.004875 0.000694
0.000001 0.000008
0.928278 0.071713
0.000126 0.000818
0.954085 0.044971
0.000001 0.000005
0.953205 0.046789
0.001273 0.017680
0.891517 0.089530
0.000001 0.000020
0.812678 0.187301
0.000001 0.000016
0.848000 0.151983
0.000106 0.003457
0.806443 0.189994
0.004262 0.200742
0.593010 0.201986
0.000847 0.998246
0.000095 0.000811
0.043612 0.941428
0.012940 0.002020
0.000001 0.000006
0.948140 0.051853
0.000000 0.017871
0.000034 0.982096
0.000001 0.000007
0.939744 0.060248
0.001207 0.013551
0.911239 0.074003
0.000001 0.000004
0.958902 0.041093
0.047687 0.946187
0.005358 0.000769
0.000123 0.001142
0.935963 0.062772
0.000120 0.001627
0.908819 0.089434
0.025758 0.336179
0.583036 0.055027
0.000000 0.000067
0.383007 0.616926
0.002869 0.023447
0.919346 0.054338
0.000014 0.015960
0.106904 0.877122
0.000001 0.000005
0.955836 0.044159
0.000001 0.000024
0.778913 0.221062
0.010743 0.142669
0.772409 0.074179
0.000001 0.000009
0.920067 0.079924
0.003396 0.993322
0.001054 0.002229
0.000000 0.999188
0.000000 0.000812
0.000001 0.000005
0.951202 0.048791
0.008168 0.309277
0.535838 0.146718
0.006503 0.044181
0.904861 0.044455
0.000001 0.000005
0.951186 0.048808
0.027844 0.489263
0.428451 0.054443
0.000126 0.898006
0.001942 0.099926
0.000125 0.000956
0.946377 0.052542
0.102170 0.656209
0.230897 0.010724
0.000986 0.050929
0.690190 0.257895
0.000000 0.000046
0.574373 0.425581
0.000001 0.000006
0.942508 0.057485
0.000124 0.000977
0.945231 0.053668
0.106358 0.882214
0.010782 0.000647
0.000125 0.000912
0.948825 0.050138
0.000065 0.009076
0.492060 0.498799
0.000001 0.000006
0.945263 0.054731
0.000077 0.999102
0.000009 0.000812
0.000001 0.000010
0.910539 0.089451
0.000545 0.998667
0.000055 0.000732
0.000109 0.003102
0.826334 0.170456
0.000038 0.998570
0.000007 0.001384
0.004130 0.993175
0.000984 0.001711
0.000123 0.001171
0.934346 0.064360
0.000001 0.000007
0.938229 0.061764
0.000605 0.998516
0.000068 0.000811
0.003250 0.080310
0.777518 0.138922
0.000001 0.000008
0.925119 0.074872
0.003279 0.077767
0.784432 0.134522
0.000001 0.000011
0.895616 0.104372
0.005511 0.993063
0.000619 0.000807
0.000003 0.997981
0.000001 0.002016
0.000051 0.999212
0.000005 0.000732
0.000118 0.001895
0.893854 0.104134
0.001264 0.018785
0.884830 0.095122
0.000000 0.000107
0.009007 0.990886
0.001157 0.417621
0.161012 0.420210
0.000001 0.999267
0.000000 0.000733
0.000001 0.000005
0.951713 0.048281
0.017242 0.137950
0.798603 0.046205
0.000111 0.002855
0.840126 0.156909
0.081277 0.897813
0.019363 0.001547
0.000046 0.997926
0.000013 0.002016
0.003773 0.034279
0.902652 0.059296
0.000001 0.000011
0.901102 0.098886
0.001033 0.045477
0.723205 0.230286
0.000014 0.999252
0.000001 0.000733
0.000535 0.996870
0.000179 0.002415
0.000001 0.000010
0.908341 0.091648
0.129076 0.845019
0.024734 0.001171
0.016480 0.968985
0.010199 0.004336
0.000124 0.001040
0.941687 0.057149
0.000038 0.999032
0.000005 0.000926
0.112224 0.855348
0.030734 0.001694
0.025672 0.958060
0.012811 0.003457
0.004909 0.992212
0.001170 0.001709
0.000001 0.000005
0.956600 0.043395
0.000001 0.000010
0.903742 0.096247
0.000002 0.995542
0.000001 0.004455
0.000001 0.000025
0.766483 0.233491
0.003937 0.994935
0.000399 0.000729
0.000001 0.000005
0.949509 0.050484
0.000001 0.000008
0.923940 0.076051
0.000000 0.000107
0.012100 0.987793
0.000120 0.001596
0.910556 0.087728
0.117287 0.848238
0.032762 0.001713
0.000000 0.000108
0.000024 0.999868
0.000001 0.000012
0.889317 0.110670
0.019743 0.191184
0.737433 0.051640
0.052590 0.940737
0.005909 0.000764
0.018694 0.222869
0.698240 0.060198
0.087129 0.890579
0.020758 0.001534
0.000001 0.000013
0.880587 0.119399
0.018442 0.978691
0.002072 0.000795
0.000001 0.999073
0.000000 0.000926
0.028264 0.968161
0.002865 0.000710
0.000118 0.001899
0.893608 0.104375
0.130104 0.837457
0.030996 0.001443
0.000001 0.000013
0.883328 0.116659
0.001351 0.997687
0.000152 0.000811
0.000027 0.999158
0.000003 0.000812
0.017295 0.136068
0.801062 0.045575
0.058013 0.934710
0.006518 0.000759
0.002905 0.019913
0.931032 0.046150
0.016815 0.960438
0.016098 0.006649
0.000508 0.997202
0.000151 0.002140
0.000122 0.001358
0.923906 0.074615
0.000001 0.000005
0.955756 0.044238
0.001339 0.010097
0.937433 0.051131
0.129851 0.832938
0.035561 0.001650
0.000001 0.000009
0.921209 0.078782
0.000610 0.998596
0.000062 0.000732
0.000001 0.000037
0.659660 0.340303
0.000001 0.000007
0.939028 0.060965
0.013586 0.971689
0.009705 0.005019
0.005660 0.103052
0.787598 0.103690
0.018480 0.229334
0.690243 0.061944
0.000010 0.960789
0.000055 0.039147
0.079686 0.592655
0.310936 0.016723
0.000026 0.997472
0.000009 0.002492
0.021917 0.970160
0.006002 0.001921
0.000001 0.000011
0.898410 0.101578
0.000001 0.000009
0.915478 0.084512
0.000116 0.002075
0.883764 0.114045
0.061297 0.659360
0.259182 0.020161
0.000000 0.000093
0.144412 0.855495
0.003851 0.027416
0.921308 0.047424
0.000119 0.001722
0.903529 0.094630
0.000001 0.000005
0.956532 0.043462
0.000001 0.000006
0.940569 0.059424
0.000001 0.000011
0.900432 0.099557
0.014732 0.226928
0.682333 0.076008
0.000117 0.002011
0.887382 0.110490
0.000001 0.000006
0.942389 0.057604
0.000124 0.001030
0.942263 0.056583
0.000001 0.000010
0.906525 0.093464
0.090243 0.876384
0.031183 0.002190
0.000025 0.014425
0.192820 0.792730
0.054381 0.938747
0.006110 0.000763
0.000001 0.000005
0.955065 0.044930
0.048130 0.945694
0.005408 0.000768
0.005849 0.089875
0.813844 0.090432
0.057672 0.929987
0.011052 0.001289
0.000000 0.000103
0.053390 0.946507
0.004318 0.988586
0.002672 0.004424
0.000001 0.000011
0.896952 0.103037
0.000006 0.996396
0.000003 0.003595
0.002250 0.991918
0.001393 0.004439
0.002972 0.958386
0.011598 0.027043
0.002283 0.995480
0.000539 0.001699
0.001191 0.015358
0.899577 0.083873
0.107472 0.865433
0.025604 0.001491
0.071892 0.884405
0.040133 0.003570
0.000013 0.999060
0.000002 0.000926
0.000053 0.859187
0.001190 0.139570
0.118828 0.838018
0.041060 0.002094
0.000120 0.001610
0.909778 0.088492
0.039720 0.314128
0.611197 0.034955
0.002688 0.040941
0.861490 0.094881
0.000001 0.000007
0.935454 0.064539
0.027569 0.951114
0.017061 0.004256
0.000019 0.971007
0.000079 0.028895
0.000001 0.000007
0.930886 0.069106
0.006477 0.992139
0.000657 0.000727
0.000119 0.001695
0.905063 0.093123
0.003618 0.989714
0.002239 0.004429
0.000001 0.000012
0.889417 0.110571
0.000001 0.000006
0.948177 0.051817
0.003761 0.035334
0.899784 0.061121
0.001348 0.009032
0.943881 0.045739
0.000000 0.498450
0.000011 0.501539
0.000000 0.000108
0.000032 0.999860
0.000001 0.000006
0.943805 0.056189
0.001219 0.023986
0.853335 0.121460
0.000001 0.000016
0.850728 0.149255
0.000001 0.000009
0.920836 0.079154
0.000001 0.000006
0.944632 0.055361
0.001252 0.008271
0.945308 0.045169
0.000123 0.001187
0.933451 0.065239
0.017801 0.118125
0.824508 0.039565
0.006441 0.730252
0.144682 0.118626
0.000001 0.000006
0.943845 0.056148
0.000001 0.000009
0.920872 0.079119
0.000001 0.000007
0.932011 0.067981
0.000009 0.998606
0.000002 0.001384
0.000125 0.000903
0.949330 0.049642
0.001190 0.015455
0.898951 0.084404
0.000001 0.000005
0.953335 0.046659
0.000008 0.999258
0.000001 0.000733
0.003837 0.028678
0.917877 0.049608
0.000001 0.000005
0.953097 0.046897
0.000001 0.000008
0.922595 0.077396
0.000559 0.998445
0.000072 0.000925
0.000573 0.996820
0.000192 0.002415
0.000118 0.001864
0.895579 0.102439
0.000121 0.001455
0.918469 0.079955
0.037474 0.347246
0.576640 0.038640
0.130791 0.842978
0.025063 0.001168
0.000453 0.994088
0.000324 0.005135
0.042097 0.718125
0.213447 0.026331
0.000282 0.996307
0.000129 0.003282
0.001246 0.008896
0.941277 0.048581
0.003476 0.060465
0.831465 0.104594
0.000001 0.000005
0.954607 0.045387
0.000126 0.000796
0.955319 0.043759
0.000009 0.999178
0.000001 0.000812
0.000001 0.000009
0.914083 0.085907
0.000124 0.001032
0.942118 0.056726
0.000000 0.998280
0.000000 0.001720
0.000001 0.000014
0.871322 0.128663
0.000001 0.000006
0.945434 0.054560
0.001253 0.008126
0.946246 0.044375
0.000115 0.002294
0.871510 0.126081
0.000001 0.000005
0.951211 0.048783
0.000660 0.997184
0.000181 0.001975
0.003843 0.028162
0.919278 0.048716
0.000049 0.999214
0.000005 0.000732
0.000092 0.998166
0.000022 0.001720
0.000001 0.000006
0.943530 0.056463
0.000115 0.002225
0.875389 0.122271
0.000001 0.000005
0.950751 0.049243
0.000001 0.000005
0.954190 0.045805
0.000137 0.997850
0.000037 0.001976
0.003640 0.046021
0.870732 0.079607
0.003454 0.062435
0.826111 0.108001
0.000001 0.000006
0.946481 0.053512
0.000001 0.000008
0.922807 0.077184
0.006322 0.056844
0.879638 0.057196
0.000000 0.000108
0.004880 0.995012
0.000125 0.000933
0.947656 0.051286
0.006397 0.051592
0.890100 0.051911
0.000001 0.000005
0.954862 0.045133
0.000001 0.000007
0.930863 0.069129
0.003110 0.994070
0.000852 0.001969
0.001617 0.224065
0.386727 0.387592
0.044384 0.943416
0.010574 0.001625
0.000000 0.998023
0.000000 0.001976
0.097438 0.890891
0.010947 0.000724
0.000198 0.999049
0.000020 0.000732
0.110897 0.875932
0.012460 0.000712
0.000125 0.000928
0.947968 0.050979
0.000001 0.000012
0.889374 0.110613
0.000000 0.000099
0.086901 0.913000
0.000120 0.001582
0.911365 0.086933
0.000052 0.999210
0.000005 0.000732
0.001185 0.993634
0.000734 0.004447
0.006297 0.058570
0.876200 0.058933
0.000124 0.000999
0.944000 0.054878
0.000001 0.000005
0.950919 0.049075
0.013795 0.696439
0.212269 0.077496
0.120055 0.849878
0.028602 0.001464
0.001153 0.997775
0.000148 0.000924
0.000001 0.000008
0.925034 0.074957
0.036272 0.951909
0.009934 0.001885
0.001327 0.011453
0.929221 0.057998
0.000001 0.000005
0.954331 0.045663
0.000001 0.000006
0.948904 0.051090
0.027354 0.496489
0.420910 0.055247
0.000001 0.000008
0.929287 0.070705
0.000001 0.000007
0.939262 0.060730
0.000001 0.000012
0.889787 0.110201
0.000006 0.999261
0.000001 0.000733
0.000001 0.000005
0.950345 0.049648
0.000270 0.997509
0.000080 0.002140
0.000001 0.000009
0.914788 0.085202
0.009519 0.985317
0.002954 0.002211
0.000001 0.000010
0.905525 0.094464
0.006020 0.077909
0.837679 0.078392
0.006262 0.527125
0.290057 0.176556
0.000001 0.000005
0.949219 0.050775
0.000124 0.001060
0.940577 0.058239
0.000001 0.000011
0.898399 0.101590
0.000121 0.001391
0.922058 0.076430
0.016244 0.173316
0.752389 0.058051
0.000001 0.000006
0.943998 0.055995
0.013183 0.082747
0.864816 0.039254
0.003088 0.854326
0.047520 0.095065
0.006484 0.045537
0.902160 0.045819
0.008495 0.239741
0.624353 0.127411
0.000029 0.151369
0.021952 0.826650
0.000000 0.000082
0.239572 0.760345
0.000549 0.101399
0.384585 0.513467
0.000001 0.000020
0.813614 0.186365
0.000113 0.002580
0.855531 0.141776
0.062476 0.916082
0.019386 0.002056
0.021855 0.960322
0.013525 0.004298
0.000000 0.000066
0.388892 0.611041
0.001321 0.012195
0.924731 0.061754
0.005690 0.815959
0.087555 0.090796
0.001048 0.032113
0.791464 0.175375
0.000001 0.999187
0.000000 0.000812
0.017177 0.140246
0.795603 0.046974
0.000001 0.000012
0.892713 0.107274
0.000048 0.983766
0.000109 0.016077
0.006726 0.991713
0.000756 0.000806
0.000001 0.000016
0.856646 0.143338
0.003879 0.025008
0.927854 0.043259
0.000001 0.000010
0.903386 0.096603
0.000171 0.998882
0.000022 0.000925
0.000110 0.002930
0.835963 0.160997
0.000001 0.000006
0.943476 0.056517
0.008286 0.249907
0.608992 0.132814
0.000929 0.046050
0.701537 0.251484
0.001317 0.012598
0.922290 0.063795
0.000001 0.000006
0.947590 0.052404
0.032272 0.203869
0.730489 0.033370
0.000122 0.999134
0.000012 0.000732
0.000001 0.000006
0.942738 0.057255
0.011468 0.882238
0.068299 0.037995
0.000126 0.000823
0.953847 0.045205
0.000004 0.989002
0.000006 0.010989
0.000125 0.000898
0.949613 0.049363
0.000001 0.000012
0.886867 0.113120
0.000001 0.000009
0.917142 0.082849
0.000076 0.007499
0.580296 0.412129
0.000001 0.000011
0.896585 0.103403
0.002641 0.860916
0.040645 0.095798
0.000099 0.004370
0.755385 0.240146
0.008897 0.987282
0.002120 0.001701
0.001059 0.755361
0.039554 0.204026
0.000121 0.001469
0.917698 0.080712
0.000000 0.998023
0.000000 0.001976
0.007375 0.988648
0.002020 0.001958
0.000001 0.000011
0.894897 0.105091
0.013274 0.984435
0.001491 0.000800
0.062882 0.929298
0.007065 0.000755
0.000001 0.000007
0.933451 0.066541
0.000001 0.000011
0.897716 0.102272
0.000001 0.000006
0.940947 0.059046
0.013938 0.255055
0.645579 0.085428
0.022044 0.214638
0.713107 0.050211
0.000001 0.000005
0.950574 0.049420
0.000001 0.000011
0.895208 0.104780
0.100483 0.887506
0.011290 0.000721
0.000136 0.651395
0.009785 0.338684
0.000117 0.002045
0.885441 0.112397
0.012023 0.081264
0.864461 0.042252
0.001557 0.994457
0.000709 0.003276
0.000131 0.876000
0.002513 0.121356
0.000001 0.000014
0.868295 0.131690
0.000125 0.000864
0.951520 0.047491
0.001237 0.010051
0.933823 0.054889
0.000001 0.000006
0.943456 0.056537
0.003262 0.991984
0.001486 0.003268
0.001664 0.997339
0.000187 0.000810
0.001351 0.008653
0.946179 0.043817
0.032550 0.698940
0.232420 0.036089
0.003711 0.039816
0.887598 0.068875
0.000001 0.000006
0.948857 0.051136
0.000125 0.000919
0.948467 0.050489
0.111540 0.875218
0.012532 0.000711
0.002704 0.996182
0.000304 0.000809
0.000001 0.000007
0.937989 0.062004
0.000069 0.997935
0.000019 0.001976
0.000001 0.000017
0.843976 0.156007
0.000122 0.001363
0.923637 0.074879
0.000001 0.000006
0.942936 0.057057
0.001081 0.997987
0.000121 0.000811
0.000001 0.994859
0.000001 0.005139
0.000001 0.000009
0.914338 0.085652
0.000001 0.000032
0.703653 0.296315
0.055149 0.894929
0.044678 0.005243
0.000001 0.000012
0.893698 0.106290
0.000332 0.942916
0.002636 0.054116
0.000001 0.000015
0.862581 0.137404
0.005485 0.115306
0.763188 0.116021
0.000125 0.000841
0.952827 0.046207
0.000001 0.000010
0.910840 0.089150
0.018230 0.978926
0.002048 0.000795
0.000001 0.000007
0.935059 0.064934
0.092078 0.847148
0.056983 0.003791
0.030721 0.942466
0.021945 0.004868
0.000000 0.000097
0.102283 0.897620
0.015647 0.194473
0.724743 0.065137
0.000001 0.000005
0.951967 0.048028
0.135361 0.850294
0.013722 0.000623
0.003847 0.027772
0.920340 0.048041
0.090719 0.898358
0.010193 0.000730
0.000001 0.000007
0.936702 0.063290
0.006539 0.041695
0.909813 0.041953
0.003406 0.066590
0.814814 0.115190
0.000001 0.000010
0.909296 0.090694
0.000001 0.000006
0.942449 0.057544
0.000125 0.000885
0.950327 0.048663
0.000113 0.002540
0.857756 0.139591
0.000110 0.002942
0.835265 0.161684
0.000052 0.999130
0.000006 0.000812
0.027324 0.197745
0.736393 0.038538
0.000001 0.000006
0.942394 0.057599
0.000031 0.998580
0.000006 0.001384
0.021233 0.586745
0.326732 0.065290
0.061188 0.931181
0.006875 0.000757
0.001234 0.010375
0.931731 0.056660
0.000001 0.000005
0.955559 0.044435
0.007775 0.990546
0.000874 0.000805
0.000000 0.749088
0.000011 0.250901
0.002856 0.024702
0.915196 0.057246
0.001265 0.996717
0.000301 0.001717
0.000001 0.000009
0.913998 0.085992
0.000123 0.001152
0.935429 0.063296
0.000127 0.999047
0.000014 0.000812
0.000120 0.001588
0.911031 0.087261
0.000069 0.008503
0.524151 0.467277
0.000001 0.000005
0.956949 0.043045
0.000025 0.014532
0.186800 0.798643
0.000001 0.000006
0.943060 0.056933
0.118303 0.804883
0.073212 0.003602
0.000000 0.000100
0.075731 0.924169
0.000000 0.000095
0.123596 0.876309
0.011886 0.985978
0.001335 0.000801
0.003751 0.036244
0.897309 0.062696
0.000001 0.000005
0.952469 0.047525
0.001221 0.994580
0.000609 0.003589
0.000001 0.000012
0.890220 0.109768
0.017496 0.128930
0.810390 0.043184
0.000120 0.001638
0.908215 0.090028
0.000113 0.002476
0.861337 0.136074
0.135984 0.830189
0.032397 0.001430
0.017594 0.256072
0.657168 0.069166
0.001251 0.008334
0.944904 0.045511
0.000125 0.000951
0.946689 0.052236
0.012085 0.078290
0.868919 0.040706
0.046358 0.920831
0.028689 0.004121
0.000001 0.000016
0.851303 0.148680
0.001239 0.997141
0.000237 0.001382
0.000117 0.002044
0.885526 0.112314
0.000001 0.000012
0.891154 0.108834
0.000123 0.001098
0.938436 0.060343
0.000809 0.992204
0.000708 0.006279
0.000001 0.000009
0.920825 0.079166
0.000001 0.000011
0.901828 0.098161
0.000001 0.000006
0.947980 0.052014
0.000001 0.000012
0.890814 0.109174
0.003813 0.030824
0.912043 0.053320
0.000001 0.000039
0.642829 0.357132
0.025647 0.971041
0.002600 0.000712
0.010723 0.863244
0.079659 0.046375
0.001241 0.009516
0.937276 0.051967
0.010871 0.987105
0.001221 0.000802
0.000045 0.011808
0.339221 0.648926
0.000122 0.001319
0.926069 0.072490
0.000001 0.000011
0.895314 0.104674
0.086133 0.903455
0.009677 0.000734
0.008277 0.986560
0.002773 0.002390
0.044961 0.940862
0.012313 0.001863
0.000001 0.000005
0.952064 0.047930
0.000689 0.997105
0.000192 0.002014
0.106334 0.824173
0.065805 0.003688
0.000001 0.000019
0.827014 0.172966
0.000125 0.000835
0.953132 0.045907
0.000001 0.000008
0.925053 0.074938
0.123997 0.845006
0.029541 0.001456
0.000001 0.000012
0.887039 0.112948
0.003603 0.993050
0.001118 0.002228
0.000001 0.000010
0.903502 0.096487
0.001363 0.996595
0.000325 0.001717
0.106437 0.837430
0.053112 0.003022
0.000001 0.000005
0.953751 0.046243
0.003131 0.090839
0.748894 0.157136
0.000001 0.000010
0.903554 0.096435
0.000124 0.000962
0.946071 0.052843
0.000124 0.000996
0.944120 0.054760
0.000001 0.000009
0.913907 0.086083
0.008517 0.989722
0.000957 0.000804
0.000122 0.001254
0.929725 0.068899
0.000001 0.000013
0.879849 0.120137
0.017629 0.124230
0.816531 0.041610
0.050344 0.943233
0.005656 0.000766
0.000001 0.000012
0.890242 0.109745
0.033792 0.919922
0.038673 0.007613
0.000002 0.996402
0.000001 0.003595
0.000001 0.000010
0.907028 0.092961
0.001249 0.008598
0.943196 0.046957
0.000115 0.002259
0.873497 0.124129
0.001089 0.027293
0.822563 0.149054
0.001232 0.010591
0.930339 0.057839
0.000001 0.000005
0.950169 0.049825
0.000000 0.000108
0.000086 0.999806
0.000073 0.999187
0.000007 0.000732
0.000121 0.001436
0.919526 0.078917
0.031167 0.883952
0.070435 0.014446
0.000400 0.852172
0.008996 0.138431
0.000001 0.000011
0.900329 0.099659
0.000112 0.002649
0.851641 0.145597
0.001348 0.009051
0.943767 0.045834
0.000001 0.000005
0.951186 0.048808
0.005248 0.992371
0.001006 0.001375
0.000001 0.000006
0.948391 0.051603
0.001344 0.009474
0.941210 0.047972
0.000001 0.000011
0.899835 0.100153
0.034650 0.953972
0.009489 0.001889
0.079372 0.911913
0.008046 0.000668
0.000001 0.000005
0.949406 0.050588
0.000020 0.985615
0.000041 0.014324
0.000538 0.998675
0.000055 0.000732
0.000113 0.002511
0.859380 0.137995
0.047384 0.317476
0.605789 0.029351
0.007493 0.288495
0.550690 0.153322
0.000045 0.011782
0.340668 0.647505
0.000036 0.999227
0.000004 0.000732
0.000001 0.000030
0.722458 0.277511
0.098152 0.658429
0.232157 0.011262
0.000023 0.997995
0.000006 0.001976
0.000001 0.000010
0.905329 0.094660
0.000000 0.000093
0.138157 0.861750
0.000001 0.000012
0.888453 0.111535
0.000001 0.000005
0.952046 0.047948
0.000001 0.000016
0.850116 0.149867
0.008650 0.989747
0.000877 0.000726
0.001330 0.011143
0.931101 0.056426
0.000002 0.998614
0.000000 0.001384
0.000001 0.000007
0.934075 0.065917
0.000001 0.000005
0.954899 0.045096
0.063289 0.928846
0.007111 0.000755
0.117964 0.868077
0.013254 0.000705
0.000117 0.001985
0.888824 0.109074
0.068406 0.911056
0.018734 0.001804
0.111726 0.865665
0.021410 0.001200
0.000122 0.001281
0.928179 0.070418
0.000047 0.899178
0.000719 0.100056
0.079726 0.910577
0.008957 0.000740
0.000001 0.000005
0.954674 0.045321
0.000122 0.001236
0.930736 0.067906
0.000120 0.001597
0.910508 0.087775
0.099769 0.879893
0.019118 0.001219
0.000001 0.000006
0.948080 0.051914
0.000108 0.003220
0.819704 0.176968
0.001338 0.010178
0.936943 0.051540
0.000000 0.000108
0.000713 0.999179
0.000125 0.000955
0.946426 0.052494
0.000001 0.000007
0.935665 0.064327
0.000000 0.954581
0.000003 0.045416
0.002271 0.991885
0.001405 0.004439
0.000001 0.000006
0.948157 0.051837
0.000033 0.998239
0.000008 0.001720
0.021381 0.141714
0.798627 0.038278
0.000157 0.983418
0.000354 0.016071
0.000001 0.000011
0.900850 0.099139
0.001072 0.029355
0.809264 0.160310
0.010563 0.987448
0.001187 0.000802
0.081312 0.894648
0.022268 0.001772
0.000027 0.999044
0.000003 0.000926
0.000922 0.998164
0.000104 0.000811
0.000001 0.000005
0.953617 0.046377
0.000001 0.000005
0.955594 0.044400
0.000124 0.001078
0.939529 0.059269
0.025274 0.965892
0.006921 0.001913
0.000001 0.000005
0.955378 0.044617
0.000000 0.000108
0.000324 0.999568
0.000001 0.000039
0.641745 0.358216
0.000123 0.001124
0.936982 0.061770
0.001258 0.989117
0.001440 0.008186
0.000001 0.000012
0.893662 0.106326
0.003522 0.056399
0.842517 0.097561
0.000001 0.000005
0.955811 0.044183
0.000001 0.000016
0.854253 0.145730
0.005881 0.990546
0.001611 0.001962
0.132059 0.852412
0.014837 0.000693
0.000006 0.365810
0.001398 0.632786
0.000005 0.365893
0.001172 0.632930
0.001229 0.010915
0.928250 0.059606
0.000001 0.000005
0.949369 0.050625
0.000001 0.999267
0.000000 0.000733
0.000180 0.350519
0.042966 0.606336
0.000004 0.997757
0.000001 0.002239
0.000001 0.000012
0.887836 0.112151
0.073880 0.906956
0.017601 0.001563
0.061828 0.930470
0.006946 0.000756
0.000001 0.000036
0.670112 0.329851
0.002899 0.020462
0.929218 0.047421
0.002750 0.124343
0.657816 0.215091
0.000125 0.000836
0.953097 0.045942
0.000001 0.000011
0.898384 0.101604
0.000691 0.085021
0.483759 0.430530
0.000123 0.001189
0.933348 0.065340
0.000001 0.000018
0.833990 0.165991
0.000001 0.998614
0.000000 0.001384
0.086534 0.847275
0.061815 0.004377
0.000001 0.000018
0.835077 0.164905
0.065977 0.926655
0.006688 0.000679
0.003724 0.038630
0.890823 0.066823
0.052294 0.941714
0.005301 0.000690
0.000001 0.000006
0.941917 0.058076
0.000000 0.859337
0.000004 0.140659
0.003721 0.038868
0.890177 0.067234
0.009687 0.193305
0.696502 0.100506
0.001346 0.009219
0.942751 0.046684
0.000137 0.999036
0.000015 0.000812
