0.553077 0.324912 0.122011
0.909798 0.090202
0.757174 0.242826
1.000000
0.560925 0.439075
1.000000
1.000000
1.000000
1.000000
1.000000
0.888143 0.111857
1.000000
1.000000
0.450415 0.549585
1.000000
1.000000
0.577699 0.422301
0.765848 0.234152
0.663774 0.336226
1.000000
0.099923 0.900077
0.037203 0.962797
0.278809 0.721191
0.087278 0.912722
0.115574 0.884426
0.049406 0.950594
1.000000
1.000000
1.000000
1.000000
0.049221 0.950779
1.000000
1.000000
1.000000
0.161121 0.838879
0.800991 0.199009
1.000000
1.000000
0.150000 0.850000
1.000000
1.000000
1.000000
0.004750 0.205312 0.789938
1.000000
1.000000
1.000000
0.898163 0.101837
1.000000
1.000000
1.000000
0.756659 0.243341
1.000000
1.000000
1.000000
1.000000
1.000000
1.000000
1.000000
0.589017 0.410983
1.000000
1.000000
1.000000
1.000000
0.230894 0.769106
1.000000
0.026697 0.973303
1.000000
1.000000
0.725619 0.274381
1.000000
0.693736 0.306264
1.000000
1.000000
1.000000
1.000000
1.000000
1.000000
1.000000
1.000000
1.000000
0.842946 0.157054
0.648476 0.351524
1.000000
1.000000
0.537635 0.462365
0.093370 0.906630
1.000000
0.904765 0.095235
0.057954 0.942046
0.863813 0.136187
0.032561 0.967439
1.000000
1.000000
1.000000
1.000000
0.643910 0.356090
1.000000
1.000000
1.000000
1.000000
0.619104 0.380896
1.000000
0.025167 0.974833
1.000000
0.831881 0.168119
0.620064 0.379936
1.000000
1.000000
0.223755 0.776245
1.000000
0.874207 0.125793
0.677813 0.322187
1.000000
1.000000
1.000000
0.335396 0.664604
1.000000
0.077811 0.922189
1.000000
1.000000
0.725545 0.274455
1.000000
0.023153 0.976847
0.060078 0.939922
1.000000
1.000000
0.020030 0.979970
1.000000
0.801408 0.137271 0.061321
1.000000
1.000000
1.000000
0.850615 0.149385
0.296941 0.703059
0.317463 0.375177 0.307360
0.683740 0.241261 0.061574 0.013425
1.000000
0.068415 0.931585
0.378523 0.621477
1.000000
1.000000
0.666880 0.333120
0.355329 0.376507 0.268165
0.662555 0.337445
1.000000
1.000000
0.280898 0.719102
1.000000
0.846840 0.153160
1.000000
1.000000
0.797363 0.202637
1.000000
0.663384 0.336616
1.000000
1.000000
0.519705 0.480295
1.000000
1.000000
0.797836 0.202164
0.884269 0.115731
1.000000
1.000000
0.591679 0.408321
1.000000
0.713507 0.286493
1.000000
0.747324 0.252676
1.000000
0.578312 0.421688
1.000000
0.910622 0.089378
1.000000
1.000000
0.535028 0.464972
1.000000
0.173198 0.826802
1.000000
1.000000
0.760049 0.158540 0.081411
1.000000
1.000000
1.000000
0.314115 0.685885
1.000000
1.000000
0.050443 0.949557
1.000000
1.000000
0.764935 0.235065
0.086283 0.913717
1.000000
1.000000
0.903185 0.096815
0.034399 0.965601
1.000000
1.000000
1.000000
1.000000
1.000000
0.565757 0.434243
1.000000
0.897627 0.102373
0.314777 0.685223
0.027044 0.972956
1.000000
0.332598 0.667402
0.018698 0.981302
0.610404 0.389596
0.245961 0.754039
0.770857 0.229143
0.036890 0.963110
0.589417 0.410583
1.000000
1.000000
1.000000
0.797352 0.202648
0.446744 0.453924 0.099332
0.525276 0.474724
0.006313 0.167787 0.825900
1.000000
0.084633 0.915367
0.494534 0.505466
1.000000
0.251661 0.748339
0.705720 0.294280
1.000000
0.308078 0.691922
1.000000
1.000000
0.077792 0.922208
1.000000
1.000000
1.000000
0.879374 0.120626
1.000000
0.029719 0.970281
1.000000
1.000000
0.725566 0.274434
0.170787 0.829213
1.000000
1.000000
1.000000
1.000000
1.000000
0.011667 0.988333
1.000000
0.769330 0.230670
0.267514 0.732486
1.000000
1.000000
0.420403 0.579597
0.872189 0.127811
1.000000
0.024080 0.975920
1.000000
1.000000
1.000000
1.000000
0.697374 0.302626
1.000000
1.000000
1.000000
0.675652 0.324348
1.000000
0.054128 0.662390 0.283482
1.000000
0.393654 0.606346
0.238027 0.761973
1.000000
1.000000
1.000000
1.000000
0.073236 0.926764
0.717929 0.282071
0.178497 0.821503
0.007639 0.323653 0.668709
0.195940 0.804060
0.651706 0.234869 0.113424
1.000000
0.031314 0.968686
0.467633 0.532367
1.000000
1.000000
1.000000
0.794795 0.205205
1.000000
0.692294 0.307706
1.000000
1.000000
1.000000
0.874739 0.125261
0.266930 0.733070
0.790327 0.209673
0.197244 0.802756
0.245057 0.754943
1.000000
0.652829 0.347171
1.000000
1.000000
1.000000
1.000000
0.440757 0.559243
1.000000
1.000000
0.029543 0.970457
0.032323 0.967677
0.392246 0.607754
1.000000
1.000000
0.491915 0.508085
1.000000
1.000000
0.297777 0.702223
0.040793 0.209384 0.749823
1.000000
1.000000
1.000000
0.823443 0.112351 0.064206
1.000000
1.000000
0.051849 0.948151
1.000000
1.000000
1.000000
0.673895 0.326105
0.651621 0.348379
0.642918 0.357082
0.067935 0.932065
1.000000
0.057995 0.486494 0.455510
1.000000
1.000000
0.022193 0.977807
1.000000
1.000000
0.652982 0.347018
1.000000
0.017289 0.982711
1.000000
0.915100 0.084900
0.529810 0.470190
0.295251 0.704749
1.000000
0.016515 0.983485
1.000000
0.897236 0.102764
0.767973 0.232027
0.675519 0.324481
1.000000
1.000000
1.000000
1.000000
1.000000
0.878284 0.121716
1.000000
1.000000
1.000000
1.000000
0.833661 0.166339
0.476188 0.449478 0.074334
1.000000
0.480207 0.519793
1.000000
0.688113 0.311887
0.873051 0.126949
1.000000
0.246097 0.753903
1.000000
0.009010 0.217782 0.773208
1.000000
0.004733 0.212119 0.783149
1.000000
0.321194 0.678806
0.909672 0.090328
0.581276 0.418724
1.000000
1.000000
0.901483 0.098517
1.000000
0.518857 0.481143
0.192266 0.807734
0.026214 0.973786
1.000000
0.857047 0.142953
1.000000
1.000000
1.000000
0.770794 0.229206
1.000000
0.876794 0.123206
0.028543 0.971457
0.047087 0.599480 0.353433
1.000000
1.000000
1.000000
1.000000
1.000000
1.000000
0.055110 0.944890
1.000000
1.000000
1.000000
1.000000
1.000000
0.629378 0.370622
1.000000
0.028161 0.971839
1.000000
0.170756 0.829244
0.882014 0.117986
0.347273 0.652727
0.557239 0.442761
0.330521 0.669479
0.765512 0.234488
1.000000
1.000000
0.090212 0.356097 0.553691
0.691410 0.308590
1.000000
0.367481 0.632519
0.278902 0.721098
0.811205 0.188795
1.000000
0.015496 0.984504
0.342884 0.374180 0.282936
0.881289 0.118711
0.738506 0.261494
1.000000
0.651875 0.348125
1.000000
0.112665 0.887335
0.007560 0.251797 0.740643
0.148651 0.266006 0.298701 0.286641
1.000000
1.000000
0.203941 0.577365 0.218693
1.000000
0.835599 0.099286 0.065115
1.000000
1.000000
1.000000
1.000000
0.309024 0.690976
0.085391 0.914609
1.000000
1.000000
0.768550 0.231450
0.645174 0.354826
0.905633 0.094367
0.086436 0.368036 0.545528
0.094421 0.905579
0.514223 0.485777
1.000000
0.817157 0.182843
0.029048 0.388592 0.582360
1.000000
1.000000
1.000000
0.011665 0.988335
1.000000
1.000000
1.000000
0.791811 0.208189
1.000000
0.239962 0.760038
0.629578 0.370422
1.000000
1.000000
0.800404 0.199596
1.000000
1.000000
0.809559 0.190441
1.000000
0.820600 0.179400
1.000000
1.000000
1.000000
1.000000
1.000000
1.000000
0.743592 0.256408
0.435295 0.564705
1.000000
1.000000
1.000000
1.000000
0.381986 0.618014
1.000000
1.000000
1.000000
1.000000
1.000000
1.000000
1.000000
1.000000
0.663296 0.336704
0.793311 0.206689
0.838363 0.095475 0.066162
0.612232 0.387768
1.000000
0.816870 0.183130
0.666487 0.333513
0.611040 0.388960
0.003584 0.111399 0.557066 0.327951
1.000000
0.417273 0.322276 0.166273 0.069220 0.024958
0.678705 0.321295
0.792278 0.207722
0.006647 0.397361 0.595992
1.000000
0.016629 0.983371
1.000000
0.888054 0.111946
1.000000
0.409787 0.590213
0.446945 0.553055
1.000000
0.854349 0.145651
0.859804 0.140196
0.167564 0.832436
0.241456 0.758544
0.489196 0.510804
0.840462 0.159538
0.043431 0.956569
1.000000
0.013955 0.487517 0.498529
1.000000
0.169423 0.830577
0.662772 0.337228
1.000000
0.741880 0.258120
0.794349 0.205651
1.000000
1.000000
1.000000
0.221725 0.778275
0.418423 0.581577
1.000000
0.899765 0.100235
1.000000
1.000000
0.033161 0.966839
0.149868 0.850132
0.738682 0.157966 0.059023 0.044328
1.000000
1.000000
1.000000
0.014504 0.985496
1.000000
1.000000
1.000000
1.000000
0.873993 0.126007
1.000000
0.027845 0.972155
1.000000
0.074796 0.925204
1.000000
1.000000
1.000000
1.000000
1.000000
1.000000
0.014487 0.985513
0.747280 0.252720
0.777065 0.222935
1.000000
0.369487 0.630513
0.752225 0.247775
1.000000
0.897156 0.102844
0.393231 0.606769
1.000000
1.000000
0.636039 0.363961
0.034814 0.965186
0.436899 0.563101
1.000000
0.791426 0.208574
1.000000
1.000000
0.767125 0.232875
0.852903 0.147097
0.891603 0.108397
1.000000
0.405639 0.594361
1.000000
0.216941 0.783059
1.000000
0.241623 0.758377
1.000000
0.492822 0.507178
0.589298 0.410702
1.000000
0.105128 0.894872
1.000000
1.000000
0.010248 0.385099 0.604654
0.790299 0.209701
0.509288 0.490712
0.778895 0.221105
0.859053 0.140947
1.000000
1.000000
1.000000
0.017119 0.982881
1.000000
1.000000
0.852364 0.147636
1.000000
1.000000
1.000000
1.000000
1.000000
0.535863 0.464137
1.000000
1.000000
0.754884 0.245116
0.566608 0.433392
1.000000
0.884689 0.115311
0.014707 0.362628 0.509088 0.113578
1.000000
0.415658 0.358156 0.226186
0.128623 0.871377
1.000000
0.834680 0.165320
1.000000
0.448726 0.551274
0.065355 0.934645
1.000000
0.713784 0.286216
1.000000
1.000000
0.728920 0.271080
0.129924 0.870076
0.884993 0.115007
1.000000
1.000000
1.000000
1.000000
0.810980 0.189020
0.225314 0.370036 0.404651
1.000000
0.750407 0.249593
0.265820 0.612038 0.122142
1.000000
0.449143 0.550857
0.209408 0.790592
1.000000
1.000000
1.000000
1.000000
0.423828 0.576172
0.150706 0.849294
1.000000
1.000000
1.000000
1.000000
1.000000
1.000000
0.755135 0.244865
1.000000
0.566497 0.433503
0.214129 0.375294 0.410577
1.000000
0.898657 0.101343
0.851203 0.148797
1.000000
0.499053 0.500947
0.890026 0.109974
1.000000
0.673629 0.326371
1.000000
0.799139 0.117852 0.083008
0.174235 0.825765
0.361345 0.638655
0.180423 0.704123 0.115454
0.813810 0.186190
0.748451 0.251549
0.403995 0.596005
0.125221 0.874779
0.881273 0.118727
0.645560 0.275809 0.078630
1.000000
0.821517 0.178483
1.000000
0.511944 0.488056
0.843504 0.156496
1.000000
0.143357 0.856643
0.814964 0.185036
1.000000
0.323472 0.676528
1.000000
1.000000
1.000000
1.000000
0.405625 0.594375
0.441782 0.558218
0.021083 0.978917
0.467856 0.532144
1.000000
1.000000
0.076144 0.923856
0.747495 0.252505
0.433735 0.566265
0.882370 0.117630
1.000000
1.000000
1.000000
0.148443 0.851557
1.000000
0.322728 0.677272
0.897644 0.102356
0.727648 0.216197 0.047212 0.008943
1.000000
0.011244 0.988756
1.000000
0.260638 0.739362
1.000000
1.000000
1.000000
0.438093 0.561907
0.893655 0.106345
1.000000
1.000000
1.000000
0.494170 0.505830
0.685125 0.314875
1.000000
1.000000
0.316997 0.683003
1.000000
1.000000
1.000000
1.000000
1.000000
0.016416 0.418831 0.477603 0.087150
0.531161 0.468839
0.478338 0.521662
0.583863 0.416137
1.000000
0.813792 0.186208
0.093080 0.642209 0.264711
0.023957 0.270268 0.705775
0.831718 0.105986 0.062296
0.595139 0.404861
0.868511 0.131489
0.641044 0.358956
0.017556 0.982444
1.000000
1.000000
1.000000
0.018732 0.981268
1.000000
0.305734 0.694266
0.842233 0.157767
0.837058 0.162942
1.000000
1.000000
1.000000
1.000000
0.872049 0.127951
1.000000
1.000000
1.000000
0.219820 0.780180
1.000000
0.463369 0.536631
1.000000
1.000000
0.837900 0.162100
0.805272 0.194728
1.000000
0.834561 0.165439
0.487576 0.512424
0.274558 0.725442
0.829516 0.170484
1.000000
0.723517 0.276483
1.000000
0.017000 0.983000
1.000000
1.000000
0.730230 0.269770
1.000000
1.000000
0.002016 0.062226 0.935758
1.000000
1.000000
1.000000
0.893822 0.106178
0.879350 0.120650
0.348597 0.651403
1.000000
0.887137 0.112863
0.705994 0.294006
0.485588 0.514412
0.096020 0.677586 0.226394
1.000000
0.357981 0.377506 0.264513
0.409268 0.590732
0.234551 0.765449
0.213296 0.786704
0.015570 0.464106 0.520325
0.623326 0.376674
1.000000
1.000000
0.692217 0.307783
1.000000
0.519970 0.480030
1.000000
1.000000
1.000000
0.382667 0.617333
1.000000
1.000000
0.013141 0.119162 0.867696
0.793977 0.206023
1.000000
0.429731 0.350490 0.219779
1.000000
1.000000
1.000000
1.000000
0.703796 0.245427 0.050778
1.000000
1.000000
1.000000
0.842945 0.157055
0.300447 0.699553
0.223408 0.678679 0.097912
0.374345 0.625655
0.003061 0.024833 0.972106
0.518530 0.481470
0.776512 0.223488
1.000000
0.867494 0.132506
0.483402 0.516598
1.000000
1.000000
0.461296 0.538704
0.908810 0.091190
0.032930 0.967070
0.827490 0.172510
1.000000
0.774619 0.225381
1.000000
1.000000
1.000000
1.000000
1.000000
0.273837 0.369344 0.356819
1.000000
1.000000
0.602587 0.299097 0.098316
1.000000
0.652011 0.347989
1.000000
1.000000
1.000000
0.651731 0.348269
1.000000
1.000000
1.000000
1.000000
1.000000
1.000000
1.000000
0.688071 0.311929
0.387289 0.612711
1.000000
1.000000
0.412134 0.376099 0.211767
0.780992 0.219008
1.000000
1.000000
1.000000
1.000000
1.000000
0.041570 0.734348 0.224082
1.000000
0.451265 0.470308 0.078426
1.000000
0.206162 0.793838
1.000000
0.463066 0.536934
1.000000
1.000000
1.000000
1.000000
0.397902 0.602098
1.000000
1.000000
1.000000
0.869318 0.130682
0.846401 0.153599
1.000000
0.496393 0.503607
1.000000
1.000000
0.233084 0.766916
1.000000
1.000000
1.000000
0.840747 0.095569 0.063684
0.189907 0.395620 0.167189 0.132767 0.114517
1.000000
1.000000
1.000000
0.031006 0.968994
1.000000
0.788806 0.211194
1.000000
0.053261 0.946739
1.000000
1.000000
0.686963 0.234751 0.078286
0.155845 0.844155
1.000000
1.000000
0.908851 0.091149
1.000000
1.000000
1.000000
0.269885 0.629356 0.100759
1.000000
0.450252 0.549748
1.000000
1.000000
0.427139 0.495684 0.077177
1.000000
0.612580 0.387420
1.000000
0.393989 0.606011
0.693215 0.306785
1.000000
0.339449 0.660551
0.674284 0.325716
1.000000
0.711661 0.288339
1.000000
0.393387 0.606613
0.850947 0.149053
0.062088 0.790789 0.147123
1.000000
0.150948 0.849052
0.145861 0.653748 0.200391
1.000000
0.896855 0.103145
1.000000
0.454867 0.545133
0.508930 0.491070
1.000000
1.000000
1.000000
1.000000
0.072682 0.927318
0.435942 0.564058
0.025070 0.974930
1.000000
0.327115 0.672885
1.000000
1.000000
0.557440 0.442560
1.000000
1.000000
0.230243 0.769757
1.000000
0.000771 0.004238 0.023438 0.208370 0.763182
1.000000
1.000000
0.491285 0.508715
1.000000
1.000000
1.000000
0.337545 0.378640 0.283815
0.327566 0.672434
1.000000
1.000000
1.000000
0.739941 0.260059
0.655938 0.344062
0.437746 0.361767 0.200487
0.461476 0.538524
1.000000
0.055361 0.944639
1.000000
0.561600 0.438400
0.044683 0.955317
0.349394 0.650606
0.353417 0.562186 0.084397
1.000000
0.027484 0.972516
0.228163 0.771837
1.000000
1.000000
1.000000
1.000000
0.559337 0.440663
1.000000
1.000000
1.000000
1.000000
1.000000
1.000000
0.909849 0.090151
0.700386 0.299614
0.587836 0.412164
1.000000
1.000000
1.000000
0.018405 0.981595
1.000000
1.000000
1.000000
1.000000
0.389746 0.346550 0.263704
0.097607 0.902393
0.360500 0.639500
0.641722 0.358278
1.000000
1.000000
0.450792 0.362898 0.186310
1.000000
0.834679 0.165321
0.657741 0.342259
1.000000
1.000000
1.000000
0.897465 0.102535
0.679284 0.320716
1.000000
0.350422 0.649578
0.479696 0.520304
0.502193 0.497807
0.750326 0.249674
1.000000
0.733383 0.266617
1.000000
1.000000
0.800788 0.124851 0.074362
0.036247 0.963753
0.394416 0.605584
1.000000
1.000000
1.000000
0.189425 0.810575
0.013733 0.986267
0.904173 0.095827
1.000000
1.000000
0.091969 0.908031
1.000000
0.888506 0.111494
1.000000
0.686522 0.313478
0.459303 0.540697
0.644944 0.355056
0.412481 0.587519
1.000000
1.000000
0.812594 0.187406
0.570002 0.429998
1.000000
1.000000
0.568795 0.308337 0.122868
1.000000
0.561848 0.438152
1.000000
0.248422 0.751578
0.830173 0.169827
1.000000
0.450535 0.549465
1.000000
0.357432 0.642568
0.674509 0.265045 0.060447
0.081262 0.918738
0.149248 0.850752
0.613619 0.386381
1.000000
1.000000
1.000000
0.665918 0.334082
0.472273 0.527727
1.000000
0.041011 0.150275 0.342809 0.465904
1.000000
1.000000
0.275851 0.368509 0.355640
1.000000
1.000000
1.000000
0.758560 0.241440
1.000000
0.911487 0.088513
1.000000
0.606046 0.393954
0.360328 0.371233 0.268439
1.000000
1.000000
1.000000
0.475898 0.524102
0.923673 0.076327
0.827789 0.172211
1.000000
1.000000
1.000000
0.849645 0.150355
0.882179 0.117821
0.205601 0.794399
1.000000
0.324858 0.675142
0.245346 0.754654
1.000000
1.000000
0.537468 0.462532
0.543843 0.456157
0.880187 0.119813
1.000000
0.881571 0.118429
1.000000
0.402818 0.597182
0.908991 0.091009
1.000000
0.397922 0.602078
0.750389 0.207974 0.041637
1.000000
0.908503 0.091497
1.000000
0.766531 0.233469
1.000000
0.519078 0.480922
1.000000
0.341293 0.378560 0.280147
1.000000
1.000000
1.000000
0.607370 0.323452 0.069179
0.511830 0.488170
1.000000
1.000000
1.000000
1.000000
1.000000
0.415411 0.584589
0.553303 0.446697
1.000000
1.000000
0.425988 0.574012
1.000000
1.000000
1.000000
0.881187 0.118813
1.000000
1.000000
1.000000
0.912123 0.087877
1.000000
0.037728 0.962272
1.000000
1.000000
1.000000
1.000000
1.000000
0.396004 0.603996
0.021242 0.978758
1.000000
1.000000
1.000000
0.892890 0.107110
1.000000
1.000000
0.838987 0.161013
0.643479 0.278911 0.077610
1.000000
0.018764 0.981236
1.000000
1.000000
0.001467 0.021491 0.325970 0.651072
1.000000
0.561762 0.438238
1.000000
1.000000
0.821176 0.178824
1.000000
1.000000
1.000000
0.023489 0.976511
1.000000
0.894097 0.105903
0.616608 0.383392
1.000000
1.000000
0.855669 0.144331
0.046391 0.953609
0.058797 0.271432 0.669771
1.000000
0.221005 0.778995
1.000000
0.190448 0.388602 0.420951
1.000000
0.912230 0.087770
1.000000
1.000000
0.912967 0.087033
0.900587 0.099413
0.030211 0.969789
0.907929 0.092071
0.909067 0.090933
0.086566 0.913434
1.000000
0.573584 0.426416
0.862745 0.137255
0.711995 0.235865 0.052141
1.000000
1.000000
1.000000
0.020030 0.979970
1.000000
1.000000
1.000000
0.286538 0.713462
1.000000
0.019424 0.086442 0.285060 0.609074
0.220051 0.779949
0.652613 0.347387
1.000000
1.000000
1.000000
0.819442 0.180558
1.000000
0.511780 0.488220
0.068689 0.931311
1.000000
1.000000
0.215496 0.784504
0.738008 0.261992
0.318256 0.681744
1.000000
0.056627 0.943373
0.682868 0.317132
0.761149 0.238851
0.454941 0.545059
0.123161 0.387459 0.489380
0.002279 0.061386 0.936335
1.000000
0.820221 0.179779
1.000000
1.000000
0.455141 0.544859
0.199640 0.800360
1.000000
1.000000
0.017622 0.436624 0.545755
1.000000
1.000000
1.000000
1.000000
0.218814 0.781186
1.000000
1.000000
0.783085 0.216915
1.000000
0.093388 0.906612
1.000000
1.000000
1.000000
1.000000
0.727593 0.272407
1.000000
0.426622 0.573378
0.729924 0.270076
1.000000
0.398752 0.601248
0.184769 0.815231
1.000000
0.636097 0.363903
1.000000
0.721069 0.278931
0.906407 0.093593
1.000000
0.010422 0.989578
1.000000
1.000000
1.000000
1.000000
1.000000
0.672648 0.327352
1.000000
1.000000
1.000000
1.000000
0.044763 0.955237
1.000000
0.297785 0.593769 0.108446
0.702825 0.297175
1.000000
0.057005 0.942995
1.000000
1.000000
1.000000
1.000000
1.000000
0.694150 0.305850
1.000000
0.338411 0.661589
1.000000
1.000000
1.000000
1.000000
0.752002 0.247998
0.052060 0.947940
1.000000
1.000000
1.000000
1.000000
1.000000
1.000000
1.000000
0.897045 0.102955
1.000000
1.000000
0.036137 0.209216 0.754647
0.029240 0.970760
0.399097 0.600903
1.000000
1.000000
0.182529 0.817471
0.031993 0.968007
0.908305 0.091695
1.000000
0.784801 0.215199
0.523513 0.476487
1.000000
1.000000
1.000000
1.000000
1.000000
0.097413 0.902587
1.000000
0.354197 0.645803
0.006014 0.230374 0.763612
1.000000
0.868653 0.131347
0.422590 0.577410
0.720950 0.279050
1.000000
0.611807 0.388193
1.000000
0.692589 0.307411
1.000000
0.084612 0.338228 0.577160
1.000000
0.075747 0.355114 0.569139
1.000000
1.000000
0.114387 0.885613
0.699279 0.193269 0.060329 0.047123
0.616243 0.383757
1.000000
1.000000
0.205115 0.794885
0.314525 0.373284 0.312191
1.000000
0.836035 0.163965
1.000000
0.045763 0.954237
1.000000
0.911413 0.088587
1.000000
1.000000
0.137209 0.862791
0.027649 0.438715 0.436010 0.097626
0.105554 0.894446
0.846609 0.153391
1.000000
0.908116 0.091884
0.665983 0.334017
0.462771 0.537229
1.000000
1.000000
1.000000
0.050623 0.267314 0.682063
0.737986 0.173388 0.088625
1.000000
0.449290 0.550710
1.000000
0.585475 0.414525
0.177443 0.822557
1.000000
1.000000
0.468969 0.316527 0.143821 0.053360 0.017324
0.803137 0.170683 0.026180
0.526536 0.473464
0.793313 0.206687
1.000000
1.000000
1.000000
0.024342 0.975658
0.474449 0.525551
0.446712 0.553288
1.000000
1.000000
1.000000
1.000000
1.000000
0.908810 0.091190
0.880772 0.119228
0.721749 0.161213 0.117039
1.000000
1.000000
1.000000
0.890556 0.109444
1.000000
1.000000
0.001795 0.041196 0.957009
1.000000
1.000000
1.000000
0.275605 0.724395
1.000000
1.000000
0.735677 0.264323
1.000000
1.000000
0.404383 0.595617
1.000000
0.587422 0.412578
1.000000
1.000000
0.609492 0.176058 0.127174 0.087277
1.000000
1.000000
0.540136 0.459864
1.000000
1.000000
1.000000
1.000000
0.803075 0.196925
0.078658 0.921342
1.000000
0.042486 0.211871 0.745643
0.040430 0.959570
1.000000
0.017202 0.982798
1.000000
1.000000
0.665700 0.260491 0.073809
0.811642 0.125970 0.062389
1.000000
0.570631 0.429369
1.000000
1.000000
1.000000
0.566284 0.336606 0.097110
1.000000
0.864399 0.135601
0.783084 0.216916
0.640580 0.359420
1.000000
0.807513 0.192487
1.000000
1.000000
1.000000
1.000000
1.000000
1.000000
0.042284 0.957716
1.000000
1.000000
1.000000
1.000000
0.616701 0.383299
0.853979 0.146021
1.000000
1.000000
0.523664 0.476336
1.000000
1.000000
1.000000
1.000000
0.196937 0.803063
1.000000
0.592420 0.407580
1.000000
1.000000
1.000000
0.035386 0.964614
0.587919 0.412081
1.000000
0.004741 0.157130 0.582267 0.255862
1.000000
1.000000
1.000000
0.914287 0.085713
0.873758 0.126242
1.000000
1.000000
1.000000
0.039697 0.205253 0.755050
1.000000
1.000000
1.000000
1.000000
0.695631 0.304369
1.000000
0.266747 0.620280 0.112973
0.618585 0.381415
1.000000
1.000000
1.000000
1.000000
1.000000
1.000000
1.000000
1.000000
0.055912 0.944088
1.000000
0.270162 0.729838
1.000000
1.000000
1.000000
1.000000
1.000000
1.000000
1.000000
1.000000
1.000000
0.348200 0.377888 0.273912
0.586803 0.413197
1.000000
1.000000
1.000000
0.707939 0.292061
1.000000
0.677244 0.322756
0.018610 0.981390
0.006977 0.164676 0.828348
0.735765 0.264235
1.000000
0.015606 0.984394
1.000000
1.000000
0.068125 0.727962 0.203913
0.224834 0.775166
0.683639 0.316361
0.432723 0.567277
1.000000
0.442477 0.557523
0.624330 0.375670
0.156373 0.843627
1.000000
0.037604 0.210525 0.751871
0.724412 0.275588
1.000000
0.589389 0.410611
0.505896 0.351112 0.142991
1.000000
0.249641 0.750359
1.000000
0.334302 0.665698
1.000000
1.000000
0.187568 0.812432
1.000000
0.032246 0.270105 0.697649
0.632342 0.367658
1.000000
1.000000
1.000000
0.195867 0.804133
0.350301 0.330664 0.211160 0.107875
1.000000
0.589759 0.410241
0.688070 0.311930
1.000000
0.049788 0.950212
1.000000
0.895387 0.104613
1.000000
1.000000
0.816168 0.183832
0.686881 0.249550 0.063569
1.000000
1.000000
1.000000
1.000000
1.000000
1.000000
0.010943 0.989057
1.000000
0.196645 0.803355
1.000000
1.000000
1.000000
1.000000
0.818252 0.181748
1.000000
0.017454 0.982546
1.000000
0.650392 0.349608
1.000000
0.718100 0.281900
0.234205 0.765795
0.158874 0.841126
1.000000
0.721058 0.278942
0.509830 0.490170
0.693116 0.306884
1.000000
0.762685 0.237315
1.000000
0.019449 0.980551
0.800990 0.199010
0.370608 0.629392
1.000000
1.000000
0.819649 0.180351
1.000000
1.000000
0.882528 0.117472
1.000000
0.738139 0.261861
1.000000
1.000000
1.000000
0.022518 0.977482
0.877213 0.122787
0.030909 0.969091
0.028144 0.971856
1.000000
1.000000
0.859159 0.140841
0.030824 0.969176
1.000000
0.013359 0.373926 0.612715
1.000000
1.000000
0.090544 0.909456
1.000000
1.000000
0.671774 0.328226
1.000000
0.449170 0.550830
1.000000
1.000000
1.000000
1.000000
1.000000
0.887937 0.112063
0.658640 0.257263 0.084097
0.265876 0.734124
0.756459 0.243541
1.000000
0.162068 0.837932
0.006545 0.270021 0.723433
1.000000
0.610872 0.389128
1.000000
0.640333 0.359667
1.000000
0.469583 0.530417
1.000000
0.025856 0.974144
0.024080 0.975920
0.652223 0.347777
0.203834 0.796166
0.113531 0.886469
1.000000
0.809722 0.190278
1.000000
0.717986 0.282014
1.000000
1.000000
0.047173 0.750590 0.202237
0.428087 0.571913
0.689249 0.310751
0.025402 0.974598
0.096135 0.903865
0.701381 0.298619
0.028002 0.588858 0.383140
1.000000
1.000000
1.000000
1.000000
1.000000
1.000000
1.000000
0.740223 0.259777
0.732085 0.267915
0.890445 0.109555
0.907800 0.092200
0.287277 0.712723
1.000000
0.748083 0.251917
1.000000
1.000000
0.883200 0.116800
0.899241 0.100759
0.041702 0.958298
1.000000
1.000000
1.000000
0.422257 0.502893 0.074851
1.000000
0.608322 0.391678
1.000000
0.897846 0.102154
1.000000
0.787698 0.212302
0.845215 0.154785
1.000000
0.026295 0.973705
1.000000
1.000000
0.025731 0.974269
1.000000
1.000000
0.825369 0.174631
0.035835 0.964165
0.869532 0.130468
0.062839 0.569839 0.367322
0.816878 0.183122
0.747182 0.252818
0.637385 0.362615
0.869622 0.130378
1.000000
1.000000
1.000000
1.000000
0.549584 0.450416
0.774885 0.225115
1.000000
0.343157 0.656843
1.000000
0.714048 0.285952
1.000000
0.784698 0.215302
0.156583 0.843417
1.000000
0.481997 0.518003
1.000000
1.000000
0.784041 0.215959
1.000000
0.617260 0.382740
1.000000
1.000000
1.000000
1.000000
1.000000
0.673380 0.326620
1.000000
1.000000
1.000000
1.000000
1.000000
0.032439 0.967561
0.198323 0.801677
0.707263 0.292737
0.016645 0.983355
0.725693 0.274307
1.000000
0.021640 0.589450 0.388911
0.036003 0.963997
0.665015 0.334985
0.850659 0.149341
1.000000
1.000000
0.411467 0.588533
1.000000
1.000000
1.000000
0.791015 0.208985
1.000000
0.055561 0.703397 0.241043
1.000000
0.016979 0.983021
0.261300 0.738700
1.000000
1.000000
0.343848 0.656152
1.000000
1.000000
0.047712 0.952288
1.000000
0.160549 0.839451
1.000000
0.882954 0.117046
0.458919 0.541081
0.112943 0.887057
1.000000
0.886636 0.113364
0.900887 0.099113
1.000000
1.000000
0.118773 0.881227
1.000000
1.000000
0.326497 0.673503
1.000000
1.000000
0.586800 0.413200
1.000000
1.000000
0.641912 0.358088
1.000000
1.000000
1.000000
0.538284 0.461716
0.799464 0.200536
1.000000
1.000000
0.093909 0.906091
1.000000
1.000000
1.000000
0.522595 0.477405
1.000000
0.011483 0.988517
0.549637 0.334364 0.115998
0.695286 0.304714
1.000000
0.382905 0.617095
0.912374 0.087626
1.000000
0.522368 0.477632
1.000000
1.000000
1.000000
1.000000
0.905711 0.094289
1.000000
0.832098 0.167902
1.000000
0.119316 0.880684
0.663646 0.336354
0.401637 0.598363
0.615133 0.384867
0.001991 0.031048 0.354869 0.612092
0.861680 0.138320
1.000000
0.821363 0.178637
0.497354 0.502646
1.000000
1.000000
1.000000
1.000000
0.277760 0.722240
0.776670 0.223330
1.000000
0.465182 0.359963 0.174854
0.153230 0.846770
1.000000
0.633721 0.366279
1.000000
1.000000
1.000000
0.258080 0.741920
1.000000
0.176496 0.630006 0.193498
1.000000
0.564544 0.435456
1.000000
1.000000
1.000000
1.000000
0.597600 0.402400
0.057033 0.942967
0.018531 0.981469
0.254619 0.745381
0.579003 0.420997
1.000000
0.900167 0.099833
1.000000
0.439447 0.560553
0.866201 0.133799
0.488228 0.511772
1.000000
0.538036 0.461964
1.000000
0.906527 0.093473
0.626772 0.296436 0.076792
1.000000
1.000000
1.000000
0.732537 0.267463
1.000000
1.000000
1.000000
0.156118 0.645539 0.198343
1.000000
1.000000
0.031567 0.968433
0.643541 0.356459
1.000000
0.039865 0.960135
0.639626 0.360374
0.473125 0.526875
1.000000
1.000000
1.000000
1.000000
0.018489 0.981511
1.000000
1.000000
1.000000
0.760997 0.239003
1.000000
1.000000
0.771739 0.228261
1.000000
0.681777 0.318223
0.838289 0.161711
0.023859 0.976141
0.908935 0.091065
0.536830 0.463170
1.000000
1.000000
0.166676 0.833324
1.000000
0.308881 0.691119
1.000000
0.785467 0.214533
1.000000
0.220989 0.779011
0.203554 0.796446
0.733211 0.266789
1.000000
1.000000
1.000000
0.476322 0.523678
0.166505 0.833495
0.060213 0.939787
0.453335 0.401713 0.092517 0.052435
0.039636 0.960364
1.000000
0.058294 0.941706
0.197727 0.802273
1.000000
0.715881 0.284119
1.000000
1.000000
1.000000
0.728017 0.271983
0.521288 0.478712
0.886021 0.113979
0.546545 0.453455
1.000000
1.000000
1.000000
0.029197 0.970803
1.000000
1.000000
1.000000
1.000000
0.807347 0.170352 0.022301
1.000000
1.000000
1.000000
0.844758 0.155242
1.000000
1.000000
0.623328 0.310735 0.065937
0.575832 0.424168
1.000000
0.771858 0.228142
1.000000
1.000000
1.000000
1.000000
1.000000
1.000000
1.000000
1.000000
0.357745 0.642255
1.000000
1.000000
0.819860 0.180140
1.000000
1.000000
1.000000
1.000000
1.000000
1.000000
1.000000
0.903462 0.096538
0.278350 0.721650
1.000000
0.421944 0.578056
1.000000
1.000000
1.000000
0.766311 0.233689
1.000000
0.784191 0.215809
