0.000593 0.999407 -0.000000
0.848028 0.151972 0.000000
0.864398 0.135602 -0.000000
0.949576 0.050424 0.000000
0.012923 0.987077 -0.000000
0.914023 0.085977 0.000000
0.787463 0.212537 -0.000000
0.000102 0.999898 -0.000000
0.038557 0.961443 0.000000
0.007959 0.992041 0.000000
0.842965 0.157035 0.000000
0.110199 0.889801 -0.000000
0.000027 0.999973 -0.000000
0.072203 0.927797 0.000000
0.946344 0.053656 -0.000000
0.441764 0.558236 -0.000000
0.003166 0.996834 -0.000000
0.000019 0.999981 0.000000
0.892934 0.107066 -0.000000
0.953350 0.046650 0.000000
0.935084 0.064916 -0.000000
0.741105 0.258895 0.000000
0.149464 0.850536 -0.000000
0.939459 0.060541 -0.000000
0.430420 0.569580 -0.000000
0.946880 0.053120 -0.000000
0.948780 0.051220 0.000000
0.000056 0.999944 0.000000
0.948411 0.051589 0.000000
0.941647 0.058353 -0.000000
0.798554 0.201446 -0.000000
0.216784 0.783216 0.000000
0.016432 0.983568 -0.000000
0.200624 0.799376 0.000000
0.093717 0.906283 0.000000
0.000006 0.999994 0.000000
0.761083 0.238917 0.000000
0.916836 0.083164 -0.000000
0.311710 0.688290 -0.000000
0.935367 0.064633 -0.000000
0.949576 0.050424 0.000000
0.000284 0.999716 0.000000
0.945675 0.054325 -0.000000
0.932258 0.067742 0.000000
0.947337 0.052663 -0.000000
0.891269 0.108731 0.000000
0.822957 0.177043 -0.000000
0.000043 0.999957 0.000000
0.868960 0.131040 0.000000
0.941036 0.058964 0.000000
0.530756 0.469244 0.000000
0.950731 0.049269 -0.000000
0.947984 0.052016 -0.000000
0.769217 0.230783 -0.000000
0.942871 0.057129 -0.000000
0.434237 0.565763 -0.000000
0.066256 0.933744 0.000000
0.935227 0.064773 0.000000
0.003278 0.996722 0.000000
0.359797 0.640203 -0.000000
0.120493 0.879507 -0.000000
0.153049 0.846951 0.000000
0.925482 0.074518 0.000000
0.143796 0.856204 0.000000
0.948919 0.051081 0.000000
0.949056 0.050944 0.000000
0.932305 0.067695 0.000000
0.952567 0.047433 -0.000000
0.319723 0.680277 0.000000
0.951926 0.048074 -0.000000
0.472632 0.527368 -0.000000
0.874771 0.125229 0.000000
0.071866 0.928134 0.000000
0.900120 0.099880 -0.000000
0.954411 0.045589 -0.000000
0.953416 0.046584 0.000000
0.908130 0.091870 0.000000
0.951712 0.048288 0.000000
0.137500 0.862500 -0.000000
0.913096 0.086904 -0.000000
0.735650 0.264350 -0.000000
0.000418 0.999582 0.000000
0.888397 0.111603 -0.000000
0.000000 1.000000 -0.000000
0.081306 0.918694 -0.000000
0.815244 0.184756 -0.000000
0.932628 0.067372 -0.000000
0.832931 0.167069 0.000000
0.944449 0.055551 -0.000000
0.786227 0.213773 0.000000
0.941099 0.058901 0.000000
0.954484 0.045516 -0.000000
0.000001 0.999999 0.000000
0.164680 0.835320 0.000000
0.000983 0.999017 0.000000
0.000959 0.999041 0.000000
0.000000 1.000000 0.000000
0.878559 0.121441 -0.000000
0.929557 0.070443 -0.000000
0.613247 0.386753 0.000000
0.894636 0.105364 0.000000
0.000001 0.999999 0.000000
0.919007 0.080993 0.000000
0.922854 0.077146 -0.000000
0.634267 0.365733 0.000000
0.023842 0.976158 0.000000
0.919397 0.080603 0.000000
0.043553 0.956447 -0.000000
0.913777 0.086223 -0.000000
0.001829 0.998171 0.000000
0.882804 0.117196 -0.000000
0.000664 0.999336 0.000000
0.838508 0.161492 0.000000
0.801509 0.198491 -0.000000
0.944105 0.055895 0.000000
0.068165 0.931835 -0.000000
0.222530 0.777470 -0.000000
0.943465 0.056535 -0.000000
0.000000 1.000000 0.000000
0.068253 0.931747 0.000000
0.000445 0.999555 0.000000
0.942544 0.057456 -0.000000
0.916067 0.083933 0.000000
0.903546 0.096454 0.000000
0.792007 0.207993 -0.000000
0.940901 0.059099 -0.000000
0.954115 0.045885 -0.000000
0.002525 0.997475 0.000000
0.832259 0.167741 -0.000000
0.623159 0.376841 0.000000
0.891956 0.108044 -0.000000
0.951539 0.048461 0.000000
0.677090 0.322910 -0.000000
0.920209 0.079791 -0.000000
0.029259 0.970741 -0.000000
0.000259 0.999741 -0.000000
0.913680 0.086320 0.000000
0.941725 0.058275 -0.000000
0.912652 0.087348 -0.000000
0.948694 0.051306 -0.000000
0.924427 0.075573 0.000000
0.900395 0.099605 0.000000
0.018055 0.981945 -0.000000
0.893012 0.106988 0.000000
0.939673 0.060327 0.000000
0.942474 0.057526 0.000000
0.086641 0.913359 0.000000
0.002383 0.997617 0.000000
0.673787 0.326213 0.000000
0.919530 0.080470 -0.000000
0.953327 0.046673 0.000000
0.000457 0.999543 -0.000000
0.842801 0.157199 0.000000
0.883584 0.116416 0.000000
0.869599 0.130401 -0.000000
0.110360 0.889640 -0.000000
0.886650 0.113350 0.000000
0.944365 0.055635 0.000000
0.947207 0.052793 0.000000
0.884495 0.115505 0.000000
0.846481 0.153519 -0.000000
0.922927 0.077073 -0.000000
0.946845 0.053155 -0.000000
0.002316 0.997684 0.000000
0.952595 0.047405 0.000000
0.000121 0.999879 -0.000000
0.365289 0.634711 -0.000000
0.889710 0.110290 0.000000
0.953869 0.046131 -0.000000
0.004044 0.995956 0.000000
0.941455 0.058545 -0.000000
0.877071 0.122929 0.000000
0.844781 0.155219 -0.000000
0.000001 0.999999 0.000000
0.010737 0.989263 -0.000000
0.092904 0.907096 -0.000000
0.920771 0.079229 -0.000000
0.924304 0.075696 -0.000000
0.002747 0.997253 -0.000000
0.624632 0.375368 -0.000000
0.952220 0.047780 0.000000
0.860731 0.139269 0.000000
0.949716 0.050284 -0.000000
0.112995 0.887005 -0.000000
0.929298 0.070702 -0.000000
0.000049 0.999951 -0.000000
0.945766 0.054234 -0.000000
0.926552 0.073448 0.000000
0.017344 0.982656 -0.000000
0.349869 0.650131 -0.000000
0.671102 0.328898 0.000000
0.003018 0.996982 0.000000
0.949649 0.050351 0.000000
0.876118 0.123882 0.000000
0.948689 0.051311 -0.000000
0.741585 0.258415 -0.000000
0.845743 0.154257 0.000000
0.951552 0.048448 0.000000
0.138232 0.861768 0.000000
0.113590 0.886410 -0.000000
0.897659 0.102341 0.000000
0.943719 0.056281 0.000000
0.878851 0.121149 0.000000
0.913025 0.086975 -0.000000
0.951937 0.048063 -0.000000
0.466842 0.533158 0.000000
0.914470 0.085530 -0.000000
0.940865 0.059135 -0.000000
0.001277 0.998723 0.000000
0.923807 0.076193 -0.000000
0.000018 0.999982 -0.000000
0.948255 0.051745 -0.000000
0.862954 0.137046 0.000000
0.000000 1.000000 0.000000
0.937784 0.062216 -0.000000
0.718822 0.281178 -0.000000
0.000063 0.999937 0.000000
0.862312 0.137688 -0.000000
0.019678 0.980322 -0.000000
0.934873 0.065127 0.000000
0.856067 0.143933 -0.000000
0.942366 0.057634 0.000000
0.042391 0.957609 -0.000000
0.000002 0.999998 0.000000
0.922039 0.077961 -0.000000
0.898639 0.101361 0.000000
0.000168 0.999832 0.000000
0.076379 0.923621 -0.000000
0.137923 0.862077 0.000000
0.000014 0.999986 0.000000
0.943349 0.056651 0.000000
0.485552 0.514448 -0.000000
0.140413 0.859587 0.000000
0.920107 0.079893 -0.000000
0.775469 0.224531 -0.000000
0.188731 0.811269 0.000000
0.929179 0.070821 -0.000000
0.498772 0.501228 0.000000
0.558021 0.441979 0.000000
0.318526 0.681474 0.000000
0.932751 0.067249 0.000000
0.000041 0.999959 -0.000000
0.924465 0.075535 0.000000
0.054801 0.945199 0.000000
0.954284 0.045716 0.000000
0.946676 0.053324 0.000000
0.917715 0.082285 0.000000
0.405926 0.594074 -0.000000
0.456939 0.543061 0.000000
0.921380 0.078620 -0.000000
0.024592 0.975408 0.000000
0.000669 0.999331 0.000000
0.064059 0.935941 -0.000000
0.866556 0.133444 -0.000000
0.912117 0.087883 -0.000000
0.865230 0.134770 -0.000000
0.401792 0.598208 0.000000
0.915704 0.084296 0.000000
0.950914 0.049086 0.000000
0.950383 0.049617 -0.000000
0.842512 0.157488 0.000000
0.153229 0.846771 -0.000000
0.118582 0.881418 0.000000
0.899133 0.100867 -0.000000
0.002015 0.997985 -0.000000
0.943858 0.056142 -0.000000
0.907533 0.092467 -0.000000
0.036612 0.963388 0.000000
0.891340 0.108660 -0.000000
0.921048 0.078952 0.000000
0.000011 0.999989 -0.000000
0.025573 0.974427 -0.000000
0.917134 0.082866 0.000000
0.017596 0.982404 0.000000
0.944217 0.055783 -0.000000
0.891990 0.108010 -0.000000
0.040639 0.959361 0.000000
0.939090 0.060910 -0.000000
0.926198 0.073802 0.000000
0.321905 0.678095 -0.000000
0.088398 0.911602 0.000000
0.938193 0.061807 0.000000
0.072126 0.927874 0.000000
0.000002 0.999998 -0.000000
0.940384 0.059616 0.000000
0.001071 0.998929 -0.000000
0.889655 0.110345 -0.000000
0.944062 0.055938 0.000000
0.882834 0.117166 -0.000000
0.113812 0.886188 -0.000000
0.896307 0.103693 0.000000
0.007175 0.992825 0.000000
0.886958 0.113042 0.000000
0.920969 0.079031 0.000000
0.011811 0.988189 0.000000
0.929578 0.070422 -0.000000
0.573722 0.426278 -0.000000
0.914482 0.085518 -0.000000
0.893111 0.106889 -0.000000
0.433469 0.566531 -0.000000
0.020015 0.979985 -0.000000
0.000000 1.000000 -0.000000
0.949568 0.050432 0.000000
0.077666 0.922334 0.000000
0.143746 0.856254 -0.000000
0.070355 0.929645 0.000000
0.948735 0.051265 0.000000
0.934018 0.065982 -0.000000
0.897484 0.102516 0.000000
0.948868 0.051132 0.000000
0.810440 0.189560 0.000000
0.025609 0.974391 0.000000
0.584482 0.415518 -0.000000
0.783156 0.216844 0.000000
0.075235 0.924765 0.000000
0.091301 0.908699 -0.000000
0.089976 0.910024 0.000000
0.878886 0.121114 -0.000000
0.000001 0.999999 0.000000
0.799174 0.200826 0.000000
0.904643 0.095357 0.000000
0.931048 0.068952 -0.000000
0.761946 0.238054 -0.000000
0.909310 0.090690 0.000000
0.472883 0.527117 -0.000000
0.937932 0.062068 0.000000
0.869703 0.130297 0.000000
0.306542 0.693458 -0.000000
0.000686 0.999314 0.000000
0.936049 0.063951 0.000000
0.362676 0.637324 0.000000
0.889350 0.110650 -0.000000
0.633480 0.366520 0.000000
0.057496 0.942504 0.000000
0.951815 0.048185 0.000000
0.893886 0.106114 0.000000
0.937416 0.062584 -0.000000
0.325936 0.674064 0.000000
0.001344 0.998656 -0.000000
0.931074 0.068926 0.000000
0.919511 0.080489 0.000000
0.856286 0.143714 0.000000
0.088691 0.911309 -0.000000
0.861760 0.138240 -0.000000
0.944127 0.055873 0.000000
0.935900 0.064100 -0.000000
0.891104 0.108896 -0.000000
0.000001 0.999999 0.000000
0.444796 0.555204 0.000000
0.000459 0.999541 -0.000000
0.000001 0.999999 -0.000000
0.951592 0.048408 -0.000000
0.889731 0.110269 0.000000
0.000008 0.999992 -0.000000
0.001269 0.998731 0.000000
0.781337 0.218663 0.000000
0.821693 0.178307 -0.000000
0.914180 0.085820 0.000000
0.000037 0.999963 -0.000000
0.001634 0.998366 -0.000000
0.000042 0.999958 -0.000000
0.846658 0.153342 -0.000000
0.000103 0.999897 0.000000
0.035741 0.964259 -0.000000
0.000011 0.999989 -0.000000
0.000173 0.999827 0.000000
0.833329 0.166671 0.000000
0.935082 0.064918 -0.000000
0.892816 0.107184 -0.000000
0.954149 0.045851 0.000000
0.898224 0.101776 0.000000
0.000114 0.999886 -0.000000
0.946243 0.053757 0.000000
0.922090 0.077910 0.000000
0.193626 0.806374 0.000000
0.873855 0.126145 0.000000
0.010686 0.989314 0.000000
0.386492 0.613508 0.000000
0.805263 0.194737 0.000000
0.870381 0.129619 -0.000000
0.000001 0.999999 0.000000
0.560738 0.439262 0.000000
0.129831 0.870169 -0.000000
0.909805 0.090195 0.000000
0.000012 0.999988 0.000000
0.798542 0.201458 -0.000000
0.000465 0.999535 0.000000
0.948318 0.051682 0.000000
0.948938 0.051062 -0.000000
0.883406 0.116594 -0.000000
0.938308 0.061692 0.000000
0.881386 0.118614 -0.000000
0.941691 0.058309 -0.000000
0.912919 0.087081 -0.000000
0.882053 0.117947 0.000000
0.949146 0.050854 -0.000000
0.118319 0.881681 0.000000
0.139776 0.860224 0.000000
0.950023 0.049977 -0.000000
0.085483 0.914517 0.000000
0.938417 0.061583 -0.000000
0.153293 0.846707 0.000000
0.115262 0.884738 -0.000000
0.000101 0.999899 0.000000
0.952723 0.047277 -0.000000
0.953128 0.046872 0.000000
0.886073 0.113927 0.000000
0.910642 0.089358 0.000000
0.937343 0.062657 0.000000
0.000530 0.999470 -0.000000
0.117596 0.882404 -0.000000
0.856033 0.143967 -0.000000
0.095055 0.904945 0.000000
0.007254 0.992746 0.000000
0.077863 0.922137 -0.000000
0.000026 0.999974 -0.000000
0.942272 0.057728 -0.000000
0.924899 0.075101 0.000000
0.091666 0.908334 -0.000000
0.000200 0.999800 0.000000
0.953461 0.046539 0.000000
0.516116 0.483884 -0.000000
0.904688 0.095312 -0.000000
0.582967 0.417033 0.000000
0.948088 0.051912 0.000000
0.926013 0.073987 -0.000000
0.022208 0.977792 -0.000000
0.885001 0.114999 -0.000000
0.821349 0.178651 -0.000000
0.000001 0.999999 0.000000
0.000584 0.999416 -0.000000
0.000461 0.999539 0.000000
0.934006 0.065994 -0.000000
0.915742 0.084258 -0.000000
0.035054 0.964946 -0.000000
0.932248 0.067752 -0.000000
0.000000 1.000000 0.000000
0.796940 0.203060 0.000000
0.000818 0.999182 -0.000000
0.797690 0.202310 -0.000000
0.000000 1.000000 -0.000000
0.001317 0.998683 -0.000000
0.000002 0.999998 -0.000000
0.952403 0.047597 -0.000000
0.916062 0.083938 -0.000000
0.942355 0.057645 -0.000000
0.941361 0.058639 0.000000
0.127078 0.872922 -0.000000
0.388312 0.611688 -0.000000
0.449262 0.550738 0.000000
0.837895 0.162105 0.000000
0.077662 0.922338 0.000000
0.893701 0.106299 0.000000
0.898129 0.101871 -0.000000
0.936471 0.063529 -0.000000
0.000006 0.999994 -0.000000
0.896131 0.103869 0.000000
0.432509 0.567491 -0.000000
0.940209 0.059791 -0.000000
0.952886 0.047114 0.000000
0.949062 0.050938 0.000000
0.940027 0.059973 0.000000
0.918452 0.081548 -0.000000
0.940650 0.059350 -0.000000
0.000005 0.999995 0.000000
0.941564 0.058436 -0.000000
0.114351 0.885649 -0.000000
0.065289 0.934711 -0.000000
0.483891 0.516109 -0.000000
0.941921 0.058079 -0.000000
0.888662 0.111338 0.000000
0.000484 0.999516 -0.000000
0.149268 0.850732 0.000000
0.891307 0.108693 0.000000
0.175885 0.824115 0.000000
0.000003 0.999997 -0.000000
0.851646 0.148354 0.000000
0.004923 0.995077 0.000000
0.000001 0.999999 0.000000
0.000000 1.000000 0.000000
0.939112 0.060888 0.000000
0.953244 0.046756 -0.000000
0.357217 0.642783 0.000000
0.055909 0.944091 0.000000
0.940868 0.059132 0.000000
0.018407 0.981593 0.000000
0.195691 0.804309 0.000000
0.000052 0.999948 0.000000
0.073379 0.926621 -0.000000
0.009417 0.990583 0.000000
0.952634 0.047366 -0.000000
0.925987 0.074013 -0.000000
0.000062 0.999938 0.000000
0.000110 0.999890 0.000000
0.937461 0.062539 -0.000000
0.133252 0.866748 -0.000000
0.000065 0.999935 -0.000000
0.366372 0.633628 0.000000
0.000005 0.999995 -0.000000
0.769588 0.230412 -0.000000
0.880456 0.119544 0.000000
0.459361 0.540639 -0.000000
0.012795 0.987205 0.000000
0.876565 0.123435 0.000000
0.010306 0.989694 -0.000000
0.925822 0.074178 0.000000
0.918722 0.081278 0.000000
0.002301 0.997699 -0.000000
0.006556 0.993444 0.000000
0.000247 0.999753 -0.000000
0.931924 0.068076 0.000000
0.006899 0.993101 0.000000
0.955247 0.044753 0.000000
0.035186 0.964814 0.000000
0.793847 0.206153 -0.000000
0.953031 0.046969 -0.000000
0.058641 0.941359 0.000000
0.059083 0.940917 -0.000000
0.150888 0.849112 0.000000
0.742905 0.257095 0.000000
0.866701 0.133299 0.000000
0.929691 0.070309 -0.000000
0.860204 0.139796 -0.000000
0.027425 0.972575 0.000000
0.000857 0.999143 0.000000
0.948173 0.051827 -0.000000
0.912563 0.087437 -0.000000
0.928211 0.071789 0.000000
0.070644 0.929356 0.000000
0.934194 0.065806 0.000000
0.001018 0.998982 -0.000000
0.946808 0.053192 0.000000
0.003084 0.996916 -0.000000
0.888236 0.111764 -0.000000
0.015208 0.984792 -0.000000
0.664348 0.335652 -0.000000
0.000077 0.999923 -0.000000
0.926793 0.073207 0.000000
0.905334 0.094666 -0.000000
0.002679 0.997321 -0.000000
0.815352 0.184648 -0.000000
0.951563 0.048437 0.000000
0.942680 0.057320 0.000000
0.949991 0.050009 0.000000
0.934749 0.065251 -0.000000
0.798356 0.201644 -0.000000
0.955454 0.044546 -0.000000
0.386917 0.613083 -0.000000
0.112345 0.887655 -0.000000
0.884139 0.115861 -0.000000
0.092235 0.907765 0.000000
0.954480 0.045520 -0.000000
0.000111 0.999889 -0.000000
0.947210 0.052790 0.000000
0.821255 0.178745 0.000000
0.753489 0.246511 0.000000
0.952572 0.047428 0.000000
0.836236 0.163764 0.000000
0.388019 0.611981 -0.000000
0.947406 0.052594 -0.000000
0.031758 0.968242 -0.000000
0.908721 0.091279 0.000000
0.050862 0.949138 0.000000
0.014352 0.985648 0.000000
0.841811 0.158189 -0.000000
0.882631 0.117369 -0.000000
0.000044 0.999956 -0.000000
0.477432 0.522568 0.000000
0.928944 0.071056 0.000000
0.910498 0.089502 0.000000
0.840609 0.159391 -0.000000
0.935779 0.064221 -0.000000
0.809741 0.190259 -0.000000
0.066076 0.933924 -0.000000
0.944956 0.055044 -0.000000
0.953884 0.046116 -0.000000
0.894324 0.105676 -0.000000
0.725119 0.274881 -0.000000
0.048383 0.951617 0.000000
0.941388 0.058612 -0.000000
0.002791 0.997209 0.000000
0.000000 1.000000 -0.000000
0.034851 0.965149 0.000000
0.000041 0.999959 -0.000000
0.000001 0.999999 -0.000000
0.872285 0.127715 0.000000
0.000099 0.999901 0.000000
0.907812 0.092188 -0.000000
0.950726 0.049274 -0.000000
0.929307 0.070693 -0.000000
0.916405 0.083595 -0.000000
0.917884 0.082116 0.000000
0.611646 0.388354 0.000000
0.893349 0.106651 0.000000
0.023749 0.976251 0.000000
0.000023 0.999977 -0.000000
0.000241 0.999759 -0.000000
0.937761 0.062239 -0.000000
0.919782 0.080218 0.000000
0.933935 0.066065 0.000000
0.000102 0.999898 0.000000
0.901397 0.098603 -0.000000
0.001600 0.998400 0.000000
0.820326 0.179674 0.000000
0.951860 0.048140 -0.000000
0.278565 0.721435 -0.000000
0.142946 0.857054 0.000000
0.949515 0.050485 0.000000
0.003613 0.996387 -0.000000
0.950371 0.049629 0.000000
0.876942 0.123058 -0.000000
0.943144 0.056856 0.000000
0.934023 0.065977 -0.000000
0.001092 0.998908 0.000000
0.906918 0.093082 0.000000
0.947300 0.052700 -0.000000
0.692441 0.307559 -0.000000
0.953972 0.046028 -0.000000
0.119051 0.880949 0.000000
0.875833 0.124167 -0.000000
0.896092 0.103908 0.000000
0.949012 0.050988 0.000000
0.795650 0.204350 -0.000000
0.894862 0.105138 -0.000000
0.000631 0.999369 0.000000
0.062598 0.937402 -0.000000
0.223205 0.776795 0.000000
0.000001 0.999999 -0.000000
0.879328 0.120672 0.000000
0.929718 0.070282 0.000000
0.049544 0.950456 -0.000000
0.944673 0.055327 0.000000
0.309665 0.690335 0.000000
0.000108 0.999892 -0.000000
0.148864 0.851136 -0.000000
0.009231 0.990769 -0.000000
0.000679 0.999321 -0.000000
0.934918 0.065082 -0.000000
0.819289 0.180711 0.000000
0.917262 0.082738 0.000000
0.000424 0.999576 0.000000
0.900467 0.099533 -0.000000
0.777192 0.222808 0.000000
0.889527 0.110473 0.000000
0.050251 0.949749 -0.000000
0.000000 1.000000 0.000000
0.891396 0.108604 0.000000
0.871433 0.128567 0.000000
0.936822 0.063178 0.000000
0.046999 0.953001 0.000000
0.924579 0.075421 0.000000
0.368774 0.631226 0.000000
0.948714 0.051286 0.000000
0.932163 0.067837 0.000000
0.953106 0.046894 0.000000
0.059694 0.940306 -0.000000
0.167846 0.832154 -0.000000
0.946890 0.053110 0.000000
0.182835 0.817165 -0.000000
0.126532 0.873468 0.000000
0.932676 0.067324 0.000000
0.814995 0.185005 0.000000
0.932337 0.067663 0.000000
0.000030 0.999970 0.000000
0.002223 0.997777 0.000000
0.817932 0.182068 0.000000
0.044854 0.955146 0.000000
0.091496 0.908504 -0.000000
0.874736 0.125264 0.000000
0.884590 0.115410 -0.000000
0.000051 0.999949 -0.000000
0.040054 0.959946 -0.000000
0.858250 0.141750 -0.000000
0.933318 0.066682 0.000000
0.893738 0.106262 0.000000
0.950516 0.049484 -0.000000
0.729934 0.270066 0.000000
0.165436 0.834564 -0.000000
0.912486 0.087514 0.000000
0.876185 0.123815 0.000000
0.000037 0.999963 -0.000000
0.000024 0.999976 -0.000000
0.059672 0.940328 -0.000000
0.337972 0.662028 -0.000000
0.883086 0.116914 0.000000
0.000311 0.999689 -0.000000
0.942408 0.057592 0.000000
0.875859 0.124141 -0.000000
0.133190 0.866810 -0.000000
0.014705 0.985295 0.000000
0.000019 0.999981 0.000000
0.818863 0.181137 -0.000000
0.933761 0.066239 0.000000
0.000592 0.999408 -0.000000
0.002072 0.997928 0.000000
0.912144 0.087856 0.000000
0.729724 0.270276 0.000000
0.755391 0.244609 -0.000000
0.894194 0.105806 -0.000000
0.060151 0.939849 -0.000000
0.904485 0.095515 0.000000
0.060793 0.939207 -0.000000
0.913600 0.086400 0.000000
0.073866 0.926134 -0.000000
0.005643 0.994357 0.000000
0.099385 0.900615 0.000000
0.898681 0.101319 -0.000000
0.001731 0.998269 0.000000
0.074558 0.925442 -0.000000
0.793950 0.206050 0.000000
0.000012 0.999988 -0.000000
0.062119 0.937881 0.000000
0.954032 0.045968 0.000000
0.043634 0.956366 -0.000000
0.000000 1.000000 0.000000
0.829629 0.170371 0.000000
0.810744 0.189256 -0.000000
0.001226 0.998774 0.000000
0.000088 0.999912 -0.000000
0.922443 0.077557 0.000000
0.948456 0.051544 -0.000000
0.119232 0.880768 0.000000
0.788177 0.211823 -0.000000
0.953852 0.046148 -0.000000
0.248042 0.751958 -0.000000
0.904717 0.095283 -0.000000
0.879320 0.120680 0.000000
0.405977 0.594023 0.000000
0.924293 0.075707 -0.000000
0.777551 0.222449 -0.000000
0.864765 0.135235 -0.000000
0.000268 0.999732 -0.000000
0.557885 0.442115 -0.000000
0.000000 1.000000 -0.000000
0.761118 0.238882 -0.000000
0.889964 0.110036 0.000000
0.004490 0.995510 -0.000000
0.952242 0.047758 0.000000
0.950249 0.049751 -0.000000
0.107551 0.892449 0.000000
0.887188 0.112812 0.000000
0.011489 0.988511 -0.000000
0.031553 0.968447 -0.000000
0.894505 0.105495 -0.000000
0.000000 1.000000 -0.000000
0.000142 0.999858 0.000000
0.823975 0.176025 -0.000000
0.712881 0.287119 0.000000
0.791738 0.208262 -0.000000
0.202743 0.797257 0.000000
0.731866 0.268134 0.000000
0.894564 0.105436 0.000000
0.900605 0.099395 -0.000000
0.607737 0.392263 -0.000000
0.000007 0.999993 0.000000
0.243719 0.756281 -0.000000
0.944175 0.055825 -0.000000
0.941027 0.058973 -0.000000
0.924880 0.075120 0.000000
0.000001 0.999999 0.000000
0.697092 0.302908 0.000000
0.920293 0.079707 -0.000000
0.005746 0.994254 0.000000
0.922362 0.077638 0.000000
0.898114 0.101886 -0.000000
0.877701 0.122299 -0.000000
0.201536 0.798464 -0.000000
0.950657 0.049343 0.000000
0.911729 0.088271 0.000000
0.521960 0.478040 -0.000000
0.950521 0.049479 0.000000
0.904141 0.095859 -0.000000
0.933298 0.066702 0.000000
0.939474 0.060526 -0.000000
0.653509 0.346491 -0.000000
0.667058 0.332942 -0.000000
0.933029 0.066971 -0.000000
0.731149 0.268851 0.000000
0.033736 0.966264 0.000000
0.099123 0.900877 -0.000000
0.001475 0.998525 -0.000000
0.822810 0.177190 0.000000
0.000189 0.999811 0.000000
0.390071 0.609929 0.000000
0.939766 0.060234 0.000000
0.880305 0.119695 0.000000
0.895763 0.104237 0.000000
0.000909 0.999091 0.000000
0.128197 0.871803 -0.000000
0.044703 0.955297 -0.000000
0.955891 0.044109 0.000000
0.000179 0.999821 -0.000000
0.931486 0.068514 -0.000000
0.002415 0.997585 -0.000000
0.882203 0.117797 -0.000000
0.884297 0.115703 0.000000
0.079144 0.920856 -0.000000
0.826292 0.173708 0.000000
0.850880 0.149120 -0.000000
0.002097 0.997903 0.000000
0.026960 0.973040 0.000000
0.903752 0.096248 -0.000000
0.151402 0.848598 0.000000
0.028185 0.971815 -0.000000
0.058698 0.941302 -0.000000
0.922263 0.077737 0.000000
0.889207 0.110793 0.000000
0.928134 0.071866 -0.000000
0.892962 0.107038 -0.000000
0.771449 0.228551 0.000000
0.929131 0.070869 0.000000
0.879654 0.120346 -0.000000
0.908580 0.091420 0.000000
0.016904 0.983096 -0.000000
0.878515 0.121485 -0.000000
0.947601 0.052399 0.000000
0.935321 0.064679 0.000000
0.069426 0.930574 -0.000000
0.000011 0.999989 -0.000000
0.947786 0.052214 0.000000
0.810384 0.189616 0.000000
0.527090 0.472910 -0.000000
0.789588 0.210412 0.000000
0.086700 0.913300 0.000000
0.789407 0.210593 0.000000
0.950904 0.049096 -0.000000
0.000264 0.999736 -0.000000
0.000261 0.999739 -0.000000
0.000060 0.999940 0.000000
0.818952 0.181048 0.000000
0.001952 0.998048 0.000000
0.000052 0.999948 0.000000
0.000643 0.999357 -0.000000
0.087759 0.912241 -0.000000
0.868340 0.131660 -0.000000
0.057168 0.942832 -0.000000
0.854701 0.145299 0.000000
0.023502 0.976498 0.000000
0.457727 0.542273 -0.000000
0.947230 0.052770 -0.000000
0.746771 0.253229 0.000000
0.907089 0.092911 0.000000
0.000000 1.000000 0.000000
0.009617 0.990383 -0.000000
0.892676 0.107324 -0.000000
0.864880 0.135120 0.000000
0.799727 0.200273 -0.000000
0.622508 0.377492 -0.000000
0.001360 0.998640 0.000000
0.002764 0.997236 -0.000000
0.943176 0.056824 -0.000000
0.944330 0.055670 0.000000
0.933289 0.066711 0.000000
0.935947 0.064053 -0.000000
0.127124 0.872876 -0.000000
0.042879 0.957121 0.000000
0.938832 0.061168 -0.000000
0.016503 0.983497 0.000000
0.035473 0.964527 0.000000
0.138051 0.861949 -0.000000
0.895425 0.104575 0.000000
0.929094 0.070906 -0.000000
0.951585 0.048415 0.000000
0.938066 0.061934 0.000000
0.000401 0.999599 -0.000000
0.923308 0.076692 -0.000000
0.951411 0.048589 0.000000
0.000048 0.999952 -0.000000
0.921899 0.078101 0.000000
0.946849 0.053151 -0.000000
0.924501 0.075499 -0.000000
0.783620 0.216380 -0.000000
0.884132 0.115868 -0.000000
0.917454 0.082546 -0.000000
0.950714 0.049286 -0.000000
0.933699 0.066301 -0.000000
0.010061 0.989939 0.000000
0.000196 0.999804 0.000000
0.843376 0.156624 -0.000000
0.942295 0.057705 -0.000000
0.247737 0.752263 0.000000
0.921477 0.078523 -0.000000
0.187828 0.812172 0.000000
0.903465 0.096535 -0.000000
0.950138 0.049862 -0.000000
0.847462 0.152538 0.000000
0.000000 1.000000 -0.000000
0.895516 0.104484 -0.000000
0.934815 0.065185 0.000000
0.040624 0.959376 0.000000
0.945553 0.054447 0.000000
0.731860 0.268140 0.000000
0.484284 0.515716 -0.000000
0.194388 0.805612 -0.000000
0.057969 0.942031 0.000000
0.007247 0.992753 0.000000
0.000065 0.999935 -0.000000
0.410557 0.589443 0.000000
0.777590 0.222410 0.000000
0.872955 0.127045 0.000000
0.881551 0.118449 0.000000
0.025703 0.974297 0.000000
0.001128 0.998872 0.000000
0.940663 0.059337 0.000000
0.926397 0.073603 -0.000000
0.065306 0.934694 0.000000
0.952351 0.047649 0.000000
0.945862 0.054138 0.000000
0.794949 0.205051 -0.000000
0.473470 0.526530 -0.000000
0.846200 0.153800 -0.000000
0.946433 0.053567 -0.000000
0.107702 0.892298 0.000000
0.834504 0.165496 -0.000000
0.138326 0.861674 0.000000
0.888976 0.111024 0.000000
0.168394 0.831606 -0.000000
0.942972 0.057028 0.000000
0.954229 0.045771 -0.000000
0.018435 0.981565 -0.000000
0.804985 0.195015 0.000000
0.930465 0.069535 0.000000
0.000006 0.999994 0.000000
0.000146 0.999854 0.000000
0.857097 0.142903 -0.000000
0.941084 0.058916 0.000000
0.875448 0.124552 0.000000
0.002348 0.997652 -0.000000
0.867183 0.132817 0.000000
0.951096 0.048904 -0.000000
0.110343 0.889657 -0.000000
0.186682 0.813318 -0.000000
0.000408 0.999592 0.000000
0.831071 0.168929 -0.000000
0.874879 0.125121 0.000000
0.002705 0.997295 0.000000
0.945634 0.054366 0.000000
0.093828 0.906172 0.000000
0.009164 0.990836 -0.000000
0.877957 0.122043 0.000000
0.072567 0.927433 -0.000000
0.050974 0.949026 0.000000
0.591638 0.408362 0.000000
0.303332 0.696668 -0.000000
0.003462 0.996538 -0.000000
0.065528 0.934472 0.000000
0.885201 0.114799 -0.000000
0.893826 0.106174 -0.000000
0.873584 0.126416 -0.000000
0.293370 0.706630 -0.000000
0.896198 0.103802 -0.000000
0.899488 0.100512 0.000000
0.876574 0.123426 0.000000
0.001678 0.998322 -0.000000
0.047476 0.952524 -0.000000
0.213832 0.786168 -0.000000
0.057792 0.942208 0.000000
0.438470 0.561530 0.000000
0.940552 0.059448 -0.000000
0.268444 0.731556 -0.000000
0.943362 0.056638 -0.000000
0.772599 0.227401 -0.000000
0.821482 0.178518 0.000000
0.000412 0.999588 0.000000
0.318450 0.681550 -0.000000
0.156338 0.843662 0.000000
0.000125 0.999875 0.000000
0.004237 0.995763 -0.000000
0.920870 0.079130 0.000000
0.902115 0.097885 -0.000000
0.119565 0.880435 -0.000000
0.952495 0.047505 0.000000
0.864791 0.135209 0.000000
0.866449 0.133551 0.000000
0.935117 0.064883 -0.000000
0.113227 0.886773 -0.000000
0.237569 0.762431 -0.000000
0.009791 0.990209 0.000000
0.936478 0.063522 -0.000000
0.026025 0.973975 0.000000
0.898377 0.101623 -0.000000
0.111815 0.888185 -0.000000
0.949844 0.050156 -0.000000
0.678728 0.321272 0.000000
0.000031 0.999969 0.000000
0.001304 0.998696 0.000000
0.015201 0.984799 0.000000
0.051869 0.948131 0.000000
0.944364 0.055636 0.000000
0.938508 0.061492 0.000000
0.031165 0.968835 -0.000000
0.896360 0.103640 0.000000
0.948700 0.051300 0.000000
0.081245 0.918755 0.000000
0.856892 0.143108 0.000000
0.932438 0.067562 0.000000
0.919332 0.080668 -0.000000
0.909021 0.090979 0.000000
0.953619 0.046381 -0.000000
0.795942 0.204058 -0.000000
0.037808 0.962192 -0.000000
0.867791 0.132209 -0.000000
0.009501 0.990499 -0.000000
0.915162 0.084838 0.000000
0.845125 0.154875 -0.000000
0.000000 1.000000 -0.000000
0.749018 0.250982 -0.000000
0.915869 0.084131 0.000000
0.952764 0.047236 0.000000
0.839303 0.160697 0.000000
0.030687 0.969313 -0.000000
0.815493 0.184507 0.000000
0.003563 0.996437 -0.000000
0.924763 0.075237 -0.000000
0.670297 0.329703 -0.000000
0.934692 0.065308 -0.000000
0.884649 0.115351 -0.000000
0.182663 0.817337 0.000000
0.000330 0.999670 0.000000
0.948332 0.051668 0.000000
0.125959 0.874041 -0.000000
0.938808 0.061192 0.000000
0.920322 0.079678 0.000000
0.000983 0.999017 -0.000000
0.949295 0.050705 0.000000
0.895808 0.104192 0.000000
0.007693 0.992307 -0.000000
0.833649 0.166351 -0.000000
0.000009 0.999991 -0.000000
0.001249 0.998751 0.000000
0.047152 0.952848 -0.000000
0.005297 0.994703 -0.000000
0.931234 0.068766 0.000000
0.876226 0.123774 -0.000000
0.064504 0.935496 0.000000
0.476752 0.523248 0.000000
0.063946 0.936054 0.000000
0.033827 0.966173 0.000000
0.020725 0.979275 -0.000000
0.098884 0.901116 0.000000
0.049923 0.950077 -0.000000
0.002268 0.997732 -0.000000
0.948301 0.051699 -0.000000
0.874012 0.125988 0.000000
0.670043 0.329957 -0.000000
0.756710 0.243290 0.000000
0.058615 0.941385 -0.000000
0.929864 0.070136 -0.000000
0.937274 0.062726 0.000000
0.952700 0.047300 -0.000000
0.928628 0.071372 0.000000
0.936561 0.063439 -0.000000
0.880971 0.119029 0.000000
0.001783 0.998217 -0.000000
0.000167 0.999833 0.000000
0.940329 0.059671 -0.000000
0.947068 0.052932 -0.000000
0.819820 0.180180 -0.000000
0.108559 0.891441 -0.000000
0.819926 0.180074 -0.000000
0.044748 0.955252 0.000000
0.408890 0.591110 -0.000000
0.911736 0.088264 -0.000000
0.933822 0.066178 -0.000000
0.173242 0.826758 0.000000
0.876213 0.123787 -0.000000
0.004862 0.995138 0.000000
0.954400 0.045600 0.000000
0.946306 0.053694 0.000000
0.002319 0.997681 -0.000000
0.481147 0.518853 0.000000
0.056626 0.943374 -0.000000
0.952527 0.047473 0.000000
0.102219 0.897781 0.000000
0.855302 0.144698 0.000000
0.951057 0.048943 -0.000000
0.210732 0.789268 0.000000
0.237046 0.762954 0.000000
0.920095 0.079905 -0.000000
0.000226 0.999774 0.000000
0.939469 0.060531 0.000000
0.932730 0.067270 -0.000000
0.003367 0.996633 -0.000000
0.924993 0.075007 -0.000000
0.000016 0.999984 0.000000
0.151969 0.848031 0.000000
0.892669 0.107331 0.000000
0.034660 0.965340 -0.000000
0.742123 0.257877 -0.000000
0.098496 0.901504 0.000000
0.908384 0.091616 0.000000
0.697319 0.302681 0.000000
0.051165 0.948835 0.000000
0.912815 0.087185 0.000000
0.891541 0.108459 -0.000000
0.950148 0.049852 0.000000
0.714155 0.285845 -0.000000
0.002852 0.997148 0.000000
0.873281 0.126719 0.000000
0.000000 1.000000 -0.000000
0.001785 0.998215 -0.000000
0.024309 0.975691 0.000000
0.112616 0.887384 -0.000000
0.000008 0.999992 0.000000
0.000013 0.999987 -0.000000
0.040672 0.959328 -0.000000
0.000003 0.999997 -0.000000
0.888635 0.111365 0.000000
0.936758 0.063242 0.000000
0.951787 0.048213 0.000000
0.448565 0.551435 0.000000
0.786978 0.213022 -0.000000
0.000000 1.000000 -0.000000
0.545285 0.454715 -0.000000
0.933647 0.066353 0.000000
0.074044 0.925956 -0.000000
0.839918 0.160082 0.000000
0.178423 0.821577 0.000000
0.000040 0.999960 0.000000
0.009475 0.990525 0.000000
0.009345 0.990655 -0.000000
0.782905 0.217095 -0.000000
0.000000 1.000000 0.000000
0.794833 0.205167 -0.000000
0.839433 0.160567 0.000000
0.266031 0.733969 0.000000
0.865618 0.134382 -0.000000
0.918553 0.081447 -0.000000
0.896055 0.103945 -0.000000
0.000111 0.999889 0.000000
0.043063 0.956937 -0.000000
0.881118 0.118882 -0.000000
0.002379 0.997621 -0.000000
0.889130 0.110870 0.000000
0.148775 0.851225 -0.000000
0.022035 0.977965 0.000000
0.000027 0.999973 -0.000000
0.042834 0.957166 0.000000
0.325202 0.674798 -0.000000
0.953579 0.046421 0.000000
0.925310 0.074690 0.000000
0.841323 0.158677 -0.000000
0.024563 0.975437 -0.000000
0.089707 0.910293 -0.000000
0.849871 0.150129 -0.000000
0.000004 0.999996 -0.000000
0.000061 0.999939 0.000000
0.000327 0.999673 -0.000000
0.059149 0.940851 0.000000
0.010486 0.989514 0.000000
0.001271 0.998729 0.000000
0.954863 0.045137 -0.000000
0.062867 0.937133 0.000000
0.323818 0.676182 0.000000
0.107310 0.892690 0.000000
0.946741 0.053259 -0.000000
0.792242 0.207758 -0.000000
0.945895 0.054105 0.000000
0.113126 0.886874 0.000000
0.948266 0.051734 -0.000000
0.864758 0.135242 -0.000000
0.000919 0.999081 -0.000000
0.949230 0.050770 0.000000
0.000037 0.999963 -0.000000
0.948734 0.051266 0.000000
0.000002 0.999998 -0.000000
0.947038 0.052962 0.000000
0.577324 0.422676 0.000000
0.058093 0.941907 0.000000
0.938686 0.061314 -0.000000
0.105146 0.894854 -0.000000
0.914714 0.085286 0.000000
0.116251 0.883749 -0.000000
0.868800 0.131200 0.000000
0.929475 0.070525 0.000000
0.021730 0.978270 -0.000000
0.882249 0.117751 0.000000
0.000203 0.999797 0.000000
0.947382 0.052618 -0.000000
0.889204 0.110796 0.000000
0.950961 0.049039 0.000000
0.935468 0.064532 0.000000
0.947723 0.052277 -0.000000
0.950460 0.049540 -0.000000
0.009147 0.990853 -0.000000
0.043939 0.956061 -0.000000
0.839934 0.160066 -0.000000
0.568771 0.431229 0.000000
0.882438 0.117562 0.000000
0.925566 0.074434 -0.000000
0.948697 0.051303 -0.000000
0.934682 0.065318 -0.000000
0.001057 0.998943 -0.000000
0.874726 0.125274 0.000000
0.002187 0.997813 0.000000
0.834577 0.165423 -0.000000
0.125126 0.874874 0.000000
0.723203 0.276797 -0.000000
0.947659 0.052341 -0.000000
0.165522 0.834478 0.000000
0.574232 0.425768 0.000000
0.115602 0.884398 0.000000
0.931241 0.068759 -0.000000
0.086208 0.913792 -0.000000
0.000325 0.999675 -0.000000
0.862466 0.137534 -0.000000
0.954949 0.045051 0.000000
0.636961 0.363039 0.000000
0.856420 0.143580 0.000000
0.871292 0.128708 -0.000000
0.785920 0.214080 0.000000
0.869785 0.130215 0.000000
0.846105 0.153895 -0.000000
0.628739 0.371261 -0.000000
0.294099 0.705901 -0.000000
0.011384 0.988616 -0.000000
0.734479 0.265521 0.000000
0.000832 0.999168 0.000000
0.946160 0.053840 0.000000
0.915982 0.084018 -0.000000
0.622053 0.377947 -0.000000
0.945793 0.054207 -0.000000
0.818698 0.181302 0.000000
0.154178 0.845822 0.000000
0.727432 0.272568 -0.000000
0.733801 0.266199 0.000000
0.934413 0.065587 -0.000000
0.192701 0.807299 -0.000000
0.925150 0.074850 -0.000000
0.895065 0.104935 0.000000
0.865088 0.134912 -0.000000
0.000031 0.999969 -0.000000
0.000939 0.999061 -0.000000
0.889716 0.110284 0.000000
0.054864 0.945136 -0.000000
0.258460 0.741540 -0.000000
0.791527 0.208473 -0.000000
0.950966 0.049034 -0.000000
0.950249 0.049751 0.000000
0.914434 0.085566 0.000000
0.553726 0.446274 -0.000000
0.920259 0.079741 0.000000
0.847155 0.152845 0.000000
0.945930 0.054070 -0.000000
0.886795 0.113205 -0.000000
0.213004 0.786996 0.000000
0.906208 0.093792 -0.000000
0.063776 0.936224 0.000000
0.950323 0.049677 -0.000000
0.860058 0.139942 0.000000
0.890326 0.109674 0.000000
0.937347 0.062653 -0.000000
0.000001 0.999999 -0.000000
0.901815 0.098185 -0.000000
0.925757 0.074243 0.000000
0.842610 0.157390 0.000000
0.000000 1.000000 -0.000000
0.874340 0.125660 0.000000
0.954667 0.045333 -0.000000
0.726219 0.273781 -0.000000
0.301138 0.698862 -0.000000
0.095462 0.904538 0.000000
0.926778 0.073222 -0.000000
0.880846 0.119154 0.000000
0.414707 0.585293 -0.000000
0.890831 0.109169 0.000000
0.945805 0.054195 -0.000000
0.940510 0.059490 -0.000000
0.875579 0.124421 -0.000000
0.759114 0.240886 -0.000000
0.935142 0.064858 -0.000000
0.052981 0.947019 0.000000
0.890189 0.109811 -0.000000
0.884517 0.115483 -0.000000
0.068631 0.931369 0.000000
0.309260 0.690740 0.000000
0.944979 0.055021 0.000000
0.909644 0.090356 -0.000000
0.926765 0.073235 -0.000000
0.000000 1.000000 0.000000
0.893352 0.106648 -0.000000
0.000305 0.999695 0.000000
0.003522 0.996478 0.000000
0.866806 0.133194 -0.000000
0.000611 0.999389 -0.000000
0.937068 0.062932 -0.000000
0.942687 0.057313 -0.000000
0.938325 0.061675 -0.000000
0.944826 0.055174 -0.000000
0.877542 0.122458 0.000000
0.119413 0.880587 0.000000
0.314930 0.685070 -0.000000
0.006036 0.993964 -0.000000
0.953203 0.046797 0.000000
0.942737 0.057263 0.000000
0.000143 0.999857 -0.000000
0.948449 0.051551 0.000000
0.147740 0.852260 0.000000
0.864661 0.135339 -0.000000
0.000323 0.999677 -0.000000
0.001200 0.998800 0.000000
0.904284 0.095716 0.000000
0.395309 0.604691 -0.000000
0.196867 0.803133 0.000000
0.950297 0.049703 -0.000000
0.130482 0.869518 -0.000000
0.000000 1.000000 -0.000000
0.791192 0.208808 -0.000000
0.755285 0.244715 -0.000000
0.100357 0.899643 -0.000000
0.032505 0.967495 0.000000
0.017425 0.982575 0.000000
0.704131 0.295869 0.000000
0.942399 0.057601 -0.000000
0.882677 0.117323 0.000000
0.947622 0.052378 -0.000000
0.914768 0.085232 0.000000
0.087314 0.912686 0.000000
0.007994 0.992006 0.000000
0.894405 0.105595 -0.000000
0.928502 0.071498 0.000000
0.000433 0.999567 -0.000000
0.925975 0.074025 0.000000
0.879252 0.120748 -0.000000
0.024907 0.975093 -0.000000
0.105337 0.894663 0.000000
0.146899 0.853101 -0.000000
0.949953 0.050047 -0.000000
0.116162 0.883838 0.000000
0.317210 0.682790 0.000000
0.018715 0.981285 -0.000000
0.926596 0.073404 0.000000
0.951504 0.048496 -0.000000
0.869000 0.131000 0.000000
0.944898 0.055102 -0.000000
0.878276 0.121724 0.000000
0.013761 0.986239 -0.000000
0.000295 0.999705 -0.000000
0.941897 0.058103 0.000000
0.417186 0.582814 0.000000
0.009891 0.990109 0.000000
0.022204 0.977796 0.000000
0.911596 0.088404 0.000000
0.589887 0.410113 0.000000
0.918793 0.081207 -0.000000
0.935283 0.064717 0.000000
0.923028 0.076972 0.000000
0.833062 0.166938 0.000000
0.541259 0.458741 0.000000
0.891677 0.108323 -0.000000
0.007374 0.992626 -0.000000
0.001859 0.998141 -0.000000
0.046631 0.953369 -0.000000
0.001176 0.998824 -0.000000
0.001319 0.998681 0.000000
0.096997 0.903003 0.000000
0.803999 0.196001 0.000000
0.090991 0.909009 -0.000000
0.923251 0.076749 0.000000
0.085497 0.914503 0.000000
0.932453 0.067547 0.000000
0.798926 0.201074 -0.000000
0.001164 0.998836 0.000000
0.518879 0.481121 0.000000
0.945784 0.054216 0.000000
0.121696 0.878304 0.000000
0.036758 0.963242 0.000000
0.087591 0.912409 0.000000
0.656998 0.343002 0.000000
0.880278 0.119722 -0.000000
0.947995 0.052005 0.000000
0.874850 0.125150 -0.000000
0.842364 0.157636 -0.000000
0.126121 0.873879 -0.000000
0.000000 1.000000 0.000000
0.924711 0.075289 0.000000
0.885775 0.114225 0.000000
0.069996 0.930004 0.000000
0.673050 0.326950 0.000000
0.829775 0.170225 -0.000000
0.000000 1.000000 -0.000000
0.001185 0.998815 -0.000000
0.041271 0.958729 0.000000
0.000030 0.999970 0.000000
0.853624 0.146376 -0.000000
0.000011 0.999989 0.000000
0.127880 0.872120 -0.000000
0.767921 0.232079 0.000000
0.000018 0.999982 0.000000
0.070570 0.929430 0.000000
0.000001 0.999999 0.000000
0.007649 0.992351 0.000000
0.930812 0.069188 0.000000
0.952866 0.047134 -0.000000
0.008344 0.991656 -0.000000
0.000931 0.999069 -0.000000
0.000004 0.999996 0.000000
0.016105 0.983895 0.000000
0.522754 0.477246 0.000000
0.944674 0.055326 0.000000
0.899122 0.100878 -0.000000
0.885616 0.114384 -0.000000
0.942890 0.057110 -0.000000
0.044064 0.955936 0.000000
0.051484 0.948516 0.000000
0.924956 0.075044 -0.000000
0.953062 0.046938 0.000000
0.952088 0.047912 0.000000
0.887588 0.112412 -0.000000
0.792097 0.207903 0.000000
0.842253 0.157747 -0.000000
0.797156 0.202844 -0.000000
0.585002 0.414998 0.000000
0.000743 0.999257 0.000000
0.050610 0.949390 0.000000
0.945760 0.054240 0.000000
0.000014 0.999986 -0.000000
0.937469 0.062531 -0.000000
0.909197 0.090803 -0.000000
0.956711 0.043289 -0.000000
0.045966 0.954034 0.000000
0.933786 0.066214 -0.000000
0.904462 0.095538 -0.000000
0.597904 0.402096 -0.000000
0.321885 0.678115 0.000000
0.920713 0.079287 0.000000
0.087505 0.912495 -0.000000
0.954770 0.045230 0.000000
0.757746 0.242254 -0.000000
0.774983 0.225017 0.000000
0.915999 0.084001 0.000000
0.003570 0.996430 0.000000
0.000000 1.000000 0.000000
0.950094 0.049906 -0.000000
0.541516 0.458484 0.000000
0.910151 0.089849 0.000000
0.949164 0.050836 0.000000
0.448494 0.551506 -0.000000
0.001346 0.998654 -0.000000
0.944312 0.055688 -0.000000
0.334806 0.665194 -0.000000
0.639852 0.360148 -0.000000
0.537508 0.462492 -0.000000
0.940028 0.059972 -0.000000
0.942604 0.057396 -0.000000
0.109206 0.890794 -0.000000
0.946758 0.053242 0.000000
0.460560 0.539440 0.000000
0.941965 0.058035 -0.000000
0.000051 0.999949 0.000000
0.906344 0.093656 0.000000
0.000471 0.999529 -0.000000
0.821493 0.178507 -0.000000
0.000025 0.999975 -0.000000
0.004085 0.995915 -0.000000
0.932120 0.067880 -0.000000
0.936039 0.063961 0.000000
0.000445 0.999555 0.000000
0.773390 0.226610 -0.000000
0.921598 0.078402 -0.000000
0.782601 0.217399 0.000000
0.890831 0.109169 0.000000
0.005502 0.994498 0.000000
0.000002 0.999998 -0.000000
0.000038 0.999962 -0.000000
0.881481 0.118519 -0.000000
0.880050 0.119950 -0.000000
0.005950 0.994050 0.000000
0.126045 0.873955 -0.000000
0.000000 1.000000 -0.000000
0.950526 0.049474 -0.000000
0.811261 0.188739 -0.000000
0.828529 0.171471 -0.000000
0.097100 0.902900 0.000000
0.000034 0.999966 0.000000
0.904464 0.095536 0.000000
0.894550 0.105450 0.000000
0.708483 0.291517 0.000000
0.000009 0.999991 0.000000
0.000483 0.999517 -0.000000
0.903693 0.096307 0.000000
0.151339 0.848661 -0.000000
0.022886 0.977114 -0.000000
0.937975 0.062025 0.000000
0.000029 0.999971 -0.000000
0.139331 0.860669 0.000000
0.034478 0.965522 0.000000
0.005200 0.994800 -0.000000
0.955216 0.044784 0.000000
0.898526 0.101474 -0.000000
0.000002 0.999998 -0.000000
0.720523 0.279477 -0.000000
0.003476 0.996524 -0.000000
0.948177 0.051823 0.000000
0.919671 0.080329 0.000000
0.007130 0.992870 0.000000
0.905386 0.094614 -0.000000
0.148160 0.851840 0.000000
0.000011 0.999989 -0.000000
0.886077 0.113923 -0.000000
0.756007 0.243993 0.000000
0.055603 0.944397 0.000000
0.702116 0.297884 0.000000
0.098261 0.901739 -0.000000
0.871651 0.128349 0.000000
0.017751 0.982249 -0.000000
0.000000 1.000000 0.000000
0.027635 0.972365 0.000000
0.888855 0.111145 0.000000
0.159176 0.840824 0.000000
0.876758 0.123242 -0.000000
0.001095 0.998905 -0.000000
0.000016 0.999984 0.000000
0.818334 0.181666 0.000000
0.057386 0.942614 -0.000000
0.931878 0.068122 0.000000
0.028505 0.971495 -0.000000
0.000361 0.999639 0.000000
0.920758 0.079242 0.000000
0.954357 0.045643 -0.000000
0.937215 0.062785 -0.000000
0.163850 0.836150 -0.000000
0.916470 0.083530 0.000000
0.000467 0.999533 -0.000000
0.620088 0.379912 -0.000000
0.935029 0.064971 0.000000
0.020162 0.979838 -0.000000
0.769645 0.230355 0.000000
0.691519 0.308481 -0.000000
0.000040 0.999960 0.000000
0.392471 0.607529 0.000000
0.000019 0.999981 -0.000000
0.026551 0.973449 0.000000
0.893024 0.106976 0.000000
0.911631 0.088369 0.000000
0.868456 0.131544 -0.000000
0.316983 0.683017 0.000000
0.113539 0.886461 0.000000
0.923359 0.076641 -0.000000
0.898474 0.101526 0.000000
0.955151 0.044849 -0.000000
0.937063 0.062937 -0.000000
0.895971 0.104029 -0.000000
0.688912 0.311088 0.000000
0.867265 0.132735 0.000000
0.940562 0.059438 0.000000
0.939643 0.060357 0.000000
0.901829 0.098171 0.000000
0.116864 0.883136 -0.000000
0.151072 0.848928 0.000000
0.058995 0.941005 -0.000000
0.953845 0.046155 0.000000
0.051826 0.948174 -0.000000
0.812816 0.187184 -0.000000
0.059875 0.940125 -0.000000
0.035428 0.964572 -0.000000
0.004511 0.995489 0.000000
0.891966 0.108034 0.000000
0.000004 0.999996 -0.000000
0.002804 0.997196 0.000000
0.012046 0.987954 -0.000000
0.002317 0.997683 -0.000000
0.893709 0.106291 -0.000000
0.130643 0.869357 0.000000
0.106842 0.893158 -0.000000
0.000008 0.999992 -0.000000
0.000789 0.999211 -0.000000
0.157179 0.842821 0.000000
0.905454 0.094546 -0.000000
0.648591 0.351409 -0.000000
0.857966 0.142034 0.000000
0.930615 0.069385 -0.000000
0.039948 0.960052 0.000000
0.000055 0.999945 -0.000000
0.926991 0.073009 0.000000
0.006113 0.993887 -0.000000
0.894803 0.105197 0.000000
0.004800 0.995200 -0.000000
0.884132 0.115868 -0.000000
0.945882 0.054118 0.000000
0.899109 0.100891 -0.000000
0.943770 0.056230 0.000000
0.000005 0.999995 0.000000
0.000014 0.999986 -0.000000
0.941764 0.058236 0.000000
0.849827 0.150173 -0.000000
0.844580 0.155420 0.000000
0.912426 0.087574 0.000000
0.942690 0.057310 -0.000000
0.945810 0.054190 0.000000
0.931141 0.068859 -0.000000
0.843099 0.156901 0.000000
0.135601 0.864399 -0.000000
0.939141 0.060859 -0.000000
0.916991 0.083009 -0.000000
0.928395 0.071605 0.000000
0.000005 0.999995 0.000000
0.948233 0.051767 -0.000000
0.895973 0.104027 0.000000
0.951691 0.048309 0.000000
0.000005 0.999995 0.000000
0.919801 0.080199 -0.000000
0.950855 0.049145 0.000000
0.918692 0.081308 -0.000000
0.000426 0.999574 0.000000
0.000508 0.999492 -0.000000
0.890648 0.109352 0.000000
0.913073 0.086927 0.000000
0.610420 0.389580 -0.000000
0.153974 0.846026 -0.000000
0.000594 0.999406 0.000000
0.254462 0.745538 0.000000
0.000269 0.999731 -0.000000
0.941133 0.058867 -0.000000
0.829563 0.170437 -0.000000
0.953503 0.046497 0.000000
0.954026 0.045974 0.000000
0.000005 0.999995 0.000000
0.909006 0.090994 -0.000000
0.940432 0.059568 -0.000000
0.000000 1.000000 0.000000
0.866085 0.133915 -0.000000
0.943862 0.056138 -0.000000
0.946760 0.053240 0.000000
0.867464 0.132536 -0.000000
0.949738 0.050262 -0.000000
0.000679 0.999321 0.000000
0.922116 0.077884 -0.000000
0.000030 0.999970 0.000000
0.000073 0.999927 -0.000000
0.940202 0.059798 0.000000
0.871525 0.128475 -0.000000
0.948960 0.051040 -0.000000
0.952820 0.047180 0.000000
0.000102 0.999898 0.000000
0.862590 0.137410 0.000000
0.827312 0.172688 -0.000000
0.943878 0.056122 0.000000
0.919228 0.080772 -0.000000
0.882302 0.117698 0.000000
0.002866 0.997134 0.000000
0.946431 0.053569 -0.000000
0.894815 0.105185 -0.000000
0.953622 0.046378 0.000000
0.927952 0.072048 -0.000000
0.003466 0.996534 0.000000
0.345385 0.654615 0.000000
0.053391 0.946609 -0.000000
0.000000 1.000000 -0.000000
0.102074 0.897926 0.000000
0.000134 0.999866 0.000000
0.118698 0.881302 0.000000
0.946780 0.053220 0.000000
0.886488 0.113512 0.000000
0.069177 0.930823 -0.000000
0.904461 0.095539 0.000000
0.000036 0.999964 -0.000000
0.001617 0.998383 -0.000000
0.879506 0.120494 -0.000000
0.941428 0.058572 0.000000
0.949698 0.050302 0.000000
0.217213 0.782787 0.000000
0.146317 0.853683 -0.000000
0.000971 0.999029 0.000000
0.917816 0.082184 0.000000
0.044557 0.955443 0.000000
0.926334 0.073666 0.000000
0.952789 0.047211 -0.000000
0.946584 0.053416 -0.000000
0.449819 0.550181 -0.000000
0.925072 0.074928 -0.000000
0.936272 0.063728 0.000000
0.883111 0.116889 -0.000000
0.000003 0.999997 0.000000
0.948127 0.051873 -0.000000
0.000241 0.999759 0.000000
0.904507 0.095493 0.000000
0.011013 0.988987 -0.000000
0.900840 0.099160 0.000000
0.838186 0.161814 -0.000000
0.284754 0.715246 0.000000
0.946994 0.053006 -0.000000
0.938117 0.061883 -0.000000
0.892900 0.107100 -0.000000
0.918031 0.081969 -0.000000
0.761392 0.238608 -0.000000
0.942243 0.057757 0.000000
0.877834 0.122166 -0.000000
0.042029 0.957971 0.000000
0.907512 0.092488 0.000000
0.616405 0.383595 0.000000
0.013422 0.986578 -0.000000
0.208735 0.791265 -0.000000
0.342756 0.657244 0.000000
0.804935 0.195065 -0.000000
0.850641 0.149359 0.000000
0.075972 0.924028 0.000000
0.031637 0.968363 -0.000000
0.344371 0.655629 0.000000
0.921174 0.078826 0.000000
0.085803 0.914197 0.000000
0.782975 0.217025 -0.000000
0.000000 1.000000 -0.000000
0.807560 0.192440 0.000000
0.880097 0.119903 -0.000000
0.000109 0.999891 0.000000
0.005881 0.994119 -0.000000
0.847633 0.152367 -0.000000
0.930878 0.069122 -0.000000
0.898144 0.101856 0.000000
0.000117 0.999883 0.000000
0.829171 0.170829 0.000000
0.941664 0.058336 -0.000000
0.609407 0.390593 0.000000
0.681498 0.318502 -0.000000
0.921337 0.078663 0.000000
0.945086 0.054914 -0.000000
0.764936 0.235064 -0.000000
0.000062 0.999938 -0.000000
0.939382 0.060618 -0.000000
0.068890 0.931110 -0.000000
0.953083 0.046917 0.000000
0.000005 0.999995 0.000000
0.948029 0.051971 -0.000000
0.883367 0.116633 -0.000000
0.912796 0.087204 0.000000
0.555211 0.444789 0.000000
0.891228 0.108772 0.000000
0.036794 0.963206 0.000000
0.739925 0.260075 0.000000
0.009231 0.990769 -0.000000
0.032169 0.967831 0.000000
0.910409 0.089591 0.000000
0.000000 1.000000 -0.000000
0.007963 0.992037 0.000000
0.890584 0.109416 -0.000000
0.013355 0.986645 0.000000
0.065480 0.934520 0.000000
0.930674 0.069326 0.000000
0.892584 0.107416 -0.000000
0.939042 0.060958 0.000000
0.661074 0.338926 -0.000000
0.730869 0.269131 0.000000
0.948972 0.051028 0.000000
0.886127 0.113873 0.000000
0.108561 0.891439 0.000000
0.006705 0.993295 -0.000000
0.879586 0.120414 0.000000
0.876782 0.123218 -0.000000
0.001704 0.998296 0.000000
0.001630 0.998370 -0.000000
0.857813 0.142187 -0.000000
0.949678 0.050322 0.000000
0.933551 0.066449 -0.000000
0.941764 0.058236 -0.000000
0.004226 0.995774 0.000000
0.001520 0.998480 -0.000000
0.946761 0.053239 0.000000
0.238941 0.761059 -0.000000
0.888392 0.111608 0.000000
0.946553 0.053447 -0.000000
0.946570 0.053430 0.000000
0.120476 0.879524 -0.000000
0.002658 0.997342 -0.000000
0.933220 0.066780 -0.000000
0.000052 0.999948 -0.000000
0.829459 0.170541 -0.000000
0.919571 0.080429 0.000000
0.940113 0.059887 0.000000
0.000910 0.999090 -0.000000
0.000001 0.999999 0.000000
0.909755 0.090245 -0.000000
0.682743 0.317257 -0.000000
0.097399 0.902601 0.000000
0.879478 0.120522 0.000000
0.001994 0.998006 0.000000
0.850269 0.149731 -0.000000
0.764294 0.235706 -0.000000
0.951926 0.048074 -0.000000
0.906283 0.093717 -0.000000
0.017344 0.982656 0.000000
0.929756 0.070244 0.000000
0.145355 0.854645 0.000000
0.048328 0.951672 0.000000
0.076938 0.923062 -0.000000
0.732634 0.267366 -0.000000
0.950435 0.049565 0.000000
0.146796 0.853204 0.000000
0.922921 0.077079 0.000000
0.097931 0.902069 -0.000000
0.933701 0.066299 0.000000
0.915168 0.084832 -0.000000
0.816331 0.183669 0.000000
0.902703 0.097297 0.000000
0.940113 0.059887 0.000000
0.949215 0.050785 0.000000
0.852738 0.147262 -0.000000
0.828296 0.171704 0.000000
0.000038 0.999962 -0.000000
0.765448 0.234552 0.000000
0.940100 0.059900 -0.000000
0.000021 0.999979 0.000000
0.332487 0.667513 -0.000000
0.064167 0.935833 0.000000
0.931200 0.068800 -0.000000
0.954508 0.045492 0.000000
0.007685 0.992315 0.000000
0.000006 0.999994 0.000000
0.916442 0.083558 0.000000
0.001193 0.998807 -0.000000
0.909402 0.090598 -0.000000
0.930877 0.069123 -0.000000
0.000074 0.999926 0.000000
0.905932 0.094068 0.000000
0.498174 0.501826 0.000000
0.955952 0.044048 0.000000
0.147411 0.852589 -0.000000
0.940812 0.059188 -0.000000
0.188455 0.811545 0.000000
0.050863 0.949137 -0.000000
0.094227 0.905773 0.000000
0.011491 0.988509 0.000000
0.898814 0.101186 -0.000000
0.949685 0.050315 -0.000000
0.001365 0.998635 0.000000
0.883568 0.116432 0.000000
0.827491 0.172509 -0.000000
0.902235 0.097765 -0.000000
0.857265 0.142735 -0.000000
0.166140 0.833860 -0.000000
0.669344 0.330656 0.000000
0.945400 0.054600 0.000000
0.945493 0.054507 0.000000
0.880877 0.119123 0.000000
0.070036 0.929964 -0.000000
0.845617 0.154383 -0.000000
0.001123 0.998877 0.000000
0.881322 0.118678 0.000000
0.882914 0.117086 -0.000000
0.935861 0.064139 0.000000
0.001110 0.998890 -0.000000
0.917002 0.082998 0.000000
0.895604 0.104396 -0.000000
0.945503 0.054497 -0.000000
0.887415 0.112585 -0.000000
0.914700 0.085300 0.000000
0.609943 0.390057 0.000000
0.026702 0.973298 -0.000000
0.079708 0.920292 -0.000000
0.936876 0.063124 -0.000000
0.010517 0.989483 0.000000
0.283024 0.716976 0.000000
0.922526 0.077474 -0.000000
0.890633 0.109367 -0.000000
0.092235 0.907765 0.000000
0.010041 0.989959 0.000000
0.049144 0.950856 -0.000000
0.950896 0.049104 0.000000
0.000611 0.999389 -0.000000
0.166972 0.833028 -0.000000
0.809833 0.190167 0.000000
0.952338 0.047662 0.000000
0.920375 0.079625 0.000000
0.151536 0.848464 0.000000
0.880974 0.119026 -0.000000
0.003837 0.996163 0.000000
0.896793 0.103207 -0.000000
0.001239 0.998761 -0.000000
0.157875 0.842125 -0.000000
0.952135 0.047865 0.000000
0.734027 0.265973 -0.000000
0.897780 0.102220 0.000000
0.943791 0.056209 0.000000
0.940998 0.059002 -0.000000
0.907046 0.092954 -0.000000
0.008558 0.991442 -0.000000
0.926919 0.073081 -0.000000
0.876541 0.123459 0.000000
0.835067 0.164933 0.000000
0.054768 0.945232 0.000000
0.886893 0.113107 -0.000000
0.070723 0.929277 0.000000
0.000001 0.999999 0.000000
0.901313 0.098687 -0.000000
0.943299 0.056701 0.000000
0.870187 0.129813 -0.000000
0.816640 0.183360 -0.000000
0.929837 0.070163 0.000000
0.948111 0.051889 0.000000
0.000037 0.999963 0.000000
0.000050 0.999950 0.000000
0.915755 0.084245 -0.000000
0.094896 0.905104 -0.000000
0.006242 0.993758 0.000000
0.895002 0.104998 0.000000
0.837859 0.162141 0.000000
0.943104 0.056896 0.000000
0.949504 0.050496 -0.000000
0.005613 0.994387 -0.000000
0.946916 0.053084 -0.000000
0.940995 0.059005 -0.000000
0.893244 0.106756 0.000000
0.042438 0.957562 0.000000
0.084228 0.915772 -0.000000
0.947140 0.052860 -0.000000
0.000032 0.999968 -0.000000
0.000472 0.999528 -0.000000
0.832896 0.167104 0.000000
0.655188 0.344812 -0.000000
0.534192 0.465808 0.000000
0.311775 0.688225 0.000000
0.000023 0.999977 -0.000000
0.703181 0.296819 -0.000000
0.327433 0.672567 0.000000
0.000016 0.999984 0.000000
0.900278 0.099722 0.000000
0.106662 0.893338 0.000000
0.883979 0.116021 0.000000
0.949842 0.050158 0.000000
0.844240 0.155760 -0.000000
0.008166 0.991834 -0.000000
0.930702 0.069298 -0.000000
0.000001 0.999999 0.000000
0.930632 0.069368 -0.000000
0.953822 0.046178 -0.000000
0.066000 0.934000 -0.000000
0.128685 0.871315 -0.000000
0.884444 0.115556 -0.000000
0.083332 0.916668 0.000000
0.130035 0.869965 0.000000
0.924119 0.075881 -0.000000
0.000448 0.999552 -0.000000
0.085464 0.914536 0.000000
0.953393 0.046607 -0.000000
0.928165 0.071835 0.000000
0.905675 0.094325 -0.000000
0.112338 0.887662 0.000000
0.946379 0.053621 0.000000
0.811999 0.188001 0.000000
0.936074 0.063926 0.000000
0.000411 0.999589 0.000000
0.944576 0.055424 -0.000000
0.932558 0.067442 -0.000000
0.000001 0.999999 -0.000000
0.003259 0.996741 -0.000000
0.946822 0.053178 0.000000
0.000022 0.999978 0.000000
0.821661 0.178339 -0.000000
0.000338 0.999662 0.000000
0.894465 0.105535 -0.000000
0.803192 0.196808 -0.000000
0.010339 0.989661 0.000000
0.100595 0.899405 0.000000
0.000018 0.999982 0.000000
0.000727 0.999273 0.000000
0.952072 0.047928 0.000000
0.954514 0.045486 -0.000000
0.937393 0.062607 0.000000
0.028625 0.971375 0.000000
0.954315 0.045685 0.000000
0.000151 0.999849 0.000000
0.596173 0.403827 -0.000000
0.934838 0.065162 -0.000000
0.002058 0.997942 -0.000000
0.890005 0.109995 0.000000
0.840149 0.159851 0.000000
0.954703 0.045297 -0.000000
0.847420 0.152580 0.000000
0.006493 0.993507 -0.000000
0.144275 0.855725 0.000000
0.000747 0.999253 -0.000000
0.000605 0.999395 -0.000000
0.924699 0.075301 -0.000000
0.948156 0.051844 0.000000
0.000000 1.000000 0.000000
0.034880 0.965120 -0.000000
0.000002 0.999998 -0.000000
0.880076 0.119924 0.000000
0.087826 0.912174 -0.000000
0.064971 0.935029 0.000000
0.633780 0.366220 -0.000000
0.930276 0.069724 -0.000000
0.646750 0.353250 0.000000
0.952035 0.047965 -0.000000
0.891230 0.108770 0.000000
0.442845 0.557155 -0.000000
0.930915 0.069085 -0.000000
0.818020 0.181980 -0.000000
0.000001 0.999999 0.000000
0.145701 0.854299 -0.000000
0.827497 0.172503 -0.000000
0.067178 0.932822 -0.000000
0.891908 0.108092 0.000000
0.055791 0.944209 -0.000000
0.939950 0.060050 0.000000
0.000002 0.999998 -0.000000
0.891215 0.108785 -0.000000
0.703113 0.296887 -0.000000
0.942657 0.057343 -0.000000
0.000110 0.999890 -0.000000
