2000 3
3 2 2 1 2 1 1 1 1 1 2 1 1 2 1 1 2 2 2 1 2 2 2 2 2 2 1 1 1 1 2 1 1 1 2 2 1 1 2 1 1 1 3 1 1 1 2 1 1 1 2 1 1 1 1 1 1 1 2 1 1 1 1 2 1 2 1 1 2 1 2 1 1 1 1 1 1 1 1 1 2 2 1 1 2 2 1 2 2 2 2 1 1 1 1 2 1 1 1 1 2 1 2 1 2 2 1 1 2 1 2 2 1 1 1 2 1 2 1 1 2 1 2 2 1 1 2 1 3 1 1 1 2 2 3 4 1 2 2 1 1 2 3 2 1 1 2 1 2 1 1 2 1 2 1 1 2 1 1 2 2 1 1 2 1 2 1 2 1 2 1 2 1 1 2 1 2 1 1 3 1 1 1 2 1 1 2 1 1 2 2 1 1 2 2 1 1 1 1 1 2 1 2 2 2 1 2 2 2 2 2 2 2 1 1 1 2 3 2 3 1 2 2 1 2 2 1 2 1 1 2 1 1 1 2 1 2 1 1 2 2 1 1 1 1 1 2 1 2 2 1 1 2 2 1 2 1 1 1 1 2 1 1 1 2 1 3 1 2 2 1 1 1 1 2 2 2 3 2 3 1 2 2 1 1 1 2 1 2 1 1 1 2 2 2 2 2 1 2 1 1 1 1 2 1 1 2 2 2 1 1 2 1 1 2 3 1 1 1 3 1 1 2 1 1 1 2 2 2 2 1 3 1 1 2 1 1 2 1 2 1 2 2 2 1 2 1 2 2 2 1 1 1 1 1 2 1 1 1 1 2 3 1 2 1 2 2 1 2 1 3 1 3 1 2 2 2 1 1 2 1 2 2 2 1 2 1 1 1 2 1 2 2 3 1 1 1 1 1 1 2 1 1 1 1 1 2 1 2 1 2 2 2 2 2 2 1 1 3 2 1 2 2 2 1 2 3 2 2 1 2 1 2 3 4 1 1 3 1 3 1 1 1 1 2 2 1 1 2 2 2 3 2 2 1 2 3 1 1 1 2 1 1 1 2 1 2 2 1 1 2 1 1 2 1 2 1 1 1 1 1 1 2 2 1 1 1 1 2 1 1 1 1 1 1 1 1 2 2 3 2 1 2 2 2 4 1 5 2 2 3 1 2 1 2 1 2 2 1 2 2 2 2 2 2 2 1 3 1 2 2 1 2 2 1 1 1 2 2 1 2 1 1 2 2 4 1 1 1 2 1 1 1 1 2 1 2 1 2 1 1 1 1 1 1 2 2 2 1 2 2 1 2 2 1 1 2 2 2 1 2 1 1 2 2 2 1 2 1 2 1 2 1 2 2 1 2 1 1 3 2 2 2 2 1 1 1 2 1 1 2 1 1 1 1 1 2 1 1 2 2 1 2 4 1 3 2 1 2 1 2 2 1 2 1 1 2 2 2 1 1 1 1 2 3 1 2 3 1 2 2 1 1 1 1 2 2 1 1 1 1 1 1 2 1 2 3 1 2 2 1 2 2 1 2 1 3 2 2 3 2 2 2 2 2 3 1 2 1 2 2 1 2 2 1 2 1 1 1 1 2 2 2 2 1 1 2 2 2 2 1 1 1 2 1 2 2 4 1 2 1 2 1 1 1 2 2 1 1 1 2 2 1 1 2 1 1 1 1 1 4 2 2 2 1 2 3 3 3 2 2 2 2 1 1 1 2 1 2 2 2 1 1 1 1 2 1 1 1 2 1 2 1 1 2 2 1 2 2 2 2 1 2 1 2 1 1 2 1 1 3 1 1 1 2 2 2 1 2 2 2 3 1 3 2 2 2 3 2 1 1 2 1 2 1 1 1 2 1 1 3 2 1 3 1 1 1 1 3 1 1 1 2 2 3 2 3 2 2 1 2 2 1 1 2 2 2 2 1 2 1 1 1 1 1 3 1 1 3 1 2 1 1 1 2 1 1 1 1 1 1 1 2 2 1 1 3 2 1 1 1 1 1 3 1 3 1 2 1 2 1 1 1 1 2 1 1 1 2 2 1 2 1 1 2 1 1 1 3 5 1 1 1 2 1 2 1 2 1 1 3 2 1 1 2 1 1 1 3 1 2 1 1 3 1 2 1 2 2 1 2 2 1 2 1 2 2 3 1 2 3 1 2 1 2 2 1 1 1 1 2 2 2 1 2 1 1 2 1 1 2 1 5 1 1 2 1 1 1 3 2 1 1 1 2 2 3 2 1 2 1 2 2 2 3 1 2 2 1 1 1 1 2 1 1 1 1 1 1 2 2 2 1 1 1 2 1 1 1 1 3 2 2 2 1 1 3 1 2 2 1 1 1 2 2 1 2 2 2 2 1 2 1 1 3 2 2 1 1 1 2 2 2 1 1 2 1 2 1 2 2 2 2 1 1 2 2 1 1 3 1 2 1 2 2 1 2 1 2 3 2 2 2 1 1 1 2 2 1 4 1 1 3 1 1 1 2 1 2 1 2 3 1 1 1 2 2 2 1 1 1 2 2 2 1 2 2 1 1 2 2 2 1 2 1 2 2 1 2 3 1 2 1 2 1 2 1 3 1 1 1 3 2 1 1 1 1 1 2 2 1 1 2 1 1 1 2 1 1 1 2 1 2 1 1 1 1 1 2 2 1 1 1 2 1 1 2 3 1 2 1 1 4 1 2 1 1 2 1 1 1 2 1 2 2 1 1 2 2 3 1 2 1 3 1 2 1 1 2 2 2 2 2 2 1 2 2 3 1 1 1 2 1 1 1 2 1 4 2 2 1 1 1 2 1 2 2 1 1 2 2 2 1 2 2 2 2 3 3 1 2 1 1 2 2 1 1 3 1 1 1 1 2 1 1 2 1 2 1 1 1 1 2 1 2 2 1 2 2 1 2 1 2 2 1 2 1 1 1 1 1 2 1 1 1 1 2 1 3 2 1 2 1 1 1 1 1 2 1 2 1 1 1 1 2 2 1 1 1 1 1 1 1 2 1 1 3 2 2 1 1 2 2 2 1 2 2 1 1 1 1 1 2 1 2 3 1 2 2 2 1 2 1 2 1 3 1 3 1 1 2 4 2 1 1 2 3 1 2 1 2 1 2 1 1 2 4 2 2 1 2 2 2 1 1 1 3 3 1 2 1 2 2 1 1 5 3 2 2 1 1 1 2 2 2 1 1 1 1 1 2 2 3 1 1 1 2 1 1 3 1 1 1 2 1 1 2 1 1 2 1 2 1 1 4 1 1 2 1 1 1 1 2 2 1 3 2 1 2 1 1 3 3 1 2 1 1 1 3 1 2 2 2 1 2 1 1 1 1 1 1 2 1 1 1 1 2 2 1 1 2 1 1 1 1 2 1 2 1 1 1 2 2 1 4 1 1 1 2 2 1 1 1 3 1 1 1 1 2 1 3 2 1 1 1 1 1 1 1 1 2 1 2 1 1 1 1 1 1 1 1 1 3 2 1 1 1 2 1 2 2 3 2 1 2 1 1 3 2 2 2 1 2 2 2 1 3 2 1 2 3 1 2 1 2 1 1 2 1 3 2 1 1 1 2 4 1 2 2 1 2 1 2 1 1 2 3 1 1 1 1 1 1 2 1 2 1 1 1 1 2 1 2 1 2 1 2 2 2 1 2 2 2 1 2 1 2 2 2 1 1 2 1 1 2 1 2 1 1 1 2 2 2 2 1 1 2 2 1 3 1 1 2 1 1 2 1 2 1 1 1 1 1 2 3 2 2 1 2 3 1 2 1 2 1 2 1 2 2 2 2 2 1 2 1 2 1 1 3 2 2 2 2 2 3 1 1 1 1 1 1 1 2 2 2 2 2 1 2 1 1 2 2 2 1 1 1 3 1 2 1 2 1 2 2 1 2 1 1 2 1 1 2 2 2 3 2 2 2 2 1 1 1 1 2 2 1 2 1 2 1 2 2 1 2 1 1 2 1 2 1 1 1 1 1 2 1 1 1 1 1 2 2 2 2 2 1 3 2 2 2 1 1 2 1 1 1 2 1 3 1 2 2 1 1 2 1 1 2 1 2 1 2 2 2 1 2 2 1 1 2 1 1 2 1 1 2 1 1 2 1 1 1 2 2 1 1 2 1 1 1 2 1 2 3 2 1 2 2 1 2 1 1 1 1 2 1 2 1 2 2 2 2 4 2 1 2 2 1 1 1 1 2 2 1 3 2 1 2 1 1 1 2 1 3 1 2 1 1 1 1 2 2 2 2 2 1 2 1 2 2 2 1 2 1 2 3 1 1 1 2 1 1 1 3 1 1 2 2 1 2 2 2 1 1 1 1 2 1 1 1 2 1 1 2 1 2 2 2 2 2 1 1 2 1 2 1 2 1 2 2 2 1 1 1 2 2 2 4 2 1 2 2 1 2 1 1 1 2 2 2 2 1 1 1 2 1 1 1 1 3 1 1 1 2 1 1 3 2 1 2 1 1 1 1 1 1 1 1 2 1 1 2 1 1 1 1 1 1 1 2 2 1 2 1 1 1 2 1 2
0.004428 0.000001 0.000000
0.457273 0.326860 0.147897
0.047280 0.013874 0.002387
0.872457 0.008619
0.032004 0.064397
0.013563 0.008960
0.742701 0.179117
0.011604 0.041320
0.012816 0.012442
0.972950
0.009519
0.017531
0.062857 0.000173
0.397499 0.470028
0.052473 0.016970
0.947034
0.035944
0.017021
0.855255
0.112193
0.032552
0.000899
0.941753
0.057348
0.185546
0.702781
0.111673
0.052274
0.846636
0.101090
0.852405 0.027478
0.030627 0.066009
0.013570 0.009911
0.478099
0.407555
0.114345
0.000107
0.939324
0.060569
0.235499 0.035345
0.204636 0.423034
0.056913 0.044573
0.965985
0.021225
0.012790
0.554192
0.380373
0.065435
0.021483 0.000002
0.450481 0.458788
0.052574 0.016672
0.000218 0.000000
0.680201 0.263224
0.050647 0.005710
0.644185 0.293078
0.009688 0.031285
0.010325 0.011438
0.973715
0.012859
0.013426
0.098063 0.869522
0.001858 0.010320
0.007850 0.012388
0.002279 0.840785
0.001199 0.011036
0.035098 0.109602
0.123000 0.424270
0.064923 0.234602
0.061695 0.091510
0.081495 0.885098
0.001968 0.009133
0.007715 0.014591
0.007584 0.745786
0.010134 0.061600
0.054576 0.120319
0.045946 0.926675
0.001165 0.007147
0.006931 0.012136
0.970268
0.014252
0.015480
0.000221
0.915854
0.083925
0.970733
0.013237
0.016029
0.963263
0.022398
0.014339
0.013666 0.888877
0.003379 0.020137
0.022225 0.051716
0.667820
0.187041
0.145139
0.057742
0.844271
0.097987
0.579426
0.297747
0.122827
0.001962 0.534760
0.011162 0.076573
0.106306 0.269237
0.000075 0.000000
0.721647 0.223139
0.050646 0.004493
0.873430
0.081050
0.045520
0.943499
0.039370
0.017131
0.014121 0.698502
0.016112 0.090422
0.059990 0.120853
0.957976
0.027636
0.014388
0.968312
0.019248
0.012440
0.002547
0.927047
0.070406
0.001154 0.206901 0.763676
0.000269 0.001546 0.005052
0.003230 0.008023 0.010150
0.962101
0.013465
0.024434
0.967727
0.018494
0.013779
0.934110
0.045816
0.020073
0.847224 0.010092
0.042300 0.074698
0.015253 0.010432
0.000527
0.932049
0.067423
0.931916
0.036401
0.031683
0.962216
0.024124
0.013660
0.595074 0.002696
0.134229 0.220924
0.030538 0.016540
0.969682
0.017588
0.012730
0.970932
0.012597
0.016470
0.882631
0.022076
0.095293
0.967582
0.013419
0.018998
0.722776
0.183385
0.093839
0.119025
0.788291
0.092683
0.958846
0.024875
0.016279
0.021231 0.000006
0.464279 0.446194
0.052364 0.015927
0.502029
0.422671
0.075301
0.213559
0.673891
0.112551
0.569970
0.292439
0.137591
0.950544
0.033839
0.015618
0.067285 0.528307
0.040780 0.183985
0.068234 0.111409
0.972202
0.010280
0.017518
0.020089 0.952015
0.001088 0.006079
0.006895 0.013833
0.955558
0.029706
0.014736
0.971944
0.014490
0.013567
0.416644 0.000045
0.248189 0.264676
0.052884 0.017563
0.970703
0.016576
0.012722
0.564390 0.009181
0.120962 0.249302
0.033323 0.022841
0.915296
0.062793
0.021911
0.341459
0.543592
0.114949
0.932921
0.048437
0.018642
0.972549
0.014923
0.012529
0.973408
0.013862
0.012730
0.945174
0.010596
0.044230
0.972258
0.013068
0.014674
0.580082
0.298660
0.121259
0.940393
0.041766
0.017841
0.773580 0.013244
0.060879 0.119753
0.019596 0.012949
0.003267 0.000000
0.552343 0.377638
0.053634 0.013118
0.924686
0.055296
0.020019
0.000003
0.951542
0.048454
0.176824 0.004308
0.297142 0.445564
0.052508 0.023653
0.062280 0.850517
0.006526 0.031492
0.017407 0.031779
0.956883
0.028420
0.014697
0.860963 0.006915
0.037130 0.071072
0.014682 0.009237
0.054999 0.916696
0.001305 0.007833
0.007103 0.012063
0.795522 0.032141
0.055063 0.089294
0.018656 0.009324
0.024782 0.943985
0.001376 0.007510
0.007517 0.014830
0.973235
0.013610
0.013156
0.000005
0.927152
0.072843
0.622542
0.241746
0.135713
0.003575
0.013441
0.982984
0.006543 0.000000
0.534790 0.395444
0.051465 0.011758
0.000000
0.943392
0.056608
0.922934
0.055496
0.021570
0.959353
0.014564
0.026083
0.738080
0.208452
0.053468
0.600955 0.338348
0.009049 0.029838
0.010204 0.011606
0.000006
0.950930
0.049064
0.011675 0.946564
0.001412 0.008416
0.010074 0.021858
0.959482
0.012933
0.027584
0.700380 0.000544
0.106768 0.150483
0.028847 0.012977
0.042348 0.000006
0.484337 0.399818
0.056442 0.017048
0.955720
0.013433
0.030847
0.059097
0.012216
0.928687
0.218198 0.736426
0.004658 0.018773
0.008919 0.013027
0.013524
0.902556
0.083920
0.845046 0.068200
0.020321 0.046041
0.010747 0.009645
0.004369 0.000000
0.575404 0.359109
0.051181 0.009937
0.887066
0.086377
0.026557
0.895033
0.018301
0.086667
0.969299
0.012200
0.018501
0.215765 0.200206
0.096146 0.332109
0.070395 0.085379
0.528014
0.365469
0.106517
0.075295 0.894759
0.001998 0.009516
0.006857 0.011575
0.000001
0.941738
0.058261
0.373601
0.503679
0.122720
0.002582 0.000000
0.631371 0.307276
0.050989 0.007782
0.965301
0.018647
0.016053
0.008843 0.942849
0.001266 0.006896
0.011891 0.028255
0.046561 0.906227
0.003111 0.015687
0.010173 0.018242
0.854898
0.113549
0.031553
0.964753
0.021646
0.013601
0.014411 0.960572
0.000662 0.004664
0.006531 0.013160
0.015338
0.914034
0.070628
0.776697 0.087478 0.000367
0.017396 0.040500 0.054235
0.009819 0.009131 0.004377
0.698953
0.253435
0.047612
0.927528
0.052785
0.019687
0.969821
0.017910
0.012269
0.727044 0.002194
0.097181 0.137036
0.026465 0.010080
0.289541 0.666259
0.005093 0.018576
0.008515 0.012015
0.130855 0.012161 0.000177
0.163202 0.295101 0.322415
0.036596 0.027888 0.011604
0.001762 0.000001 0.000000 0.000000
0.586761 0.252425 0.079570 0.021760
0.049015 0.007800 0.000837 0.000070
0.947578
0.035340
0.017081
0.062685 0.905208
0.001703 0.008270
0.007557 0.014577
0.369063 0.582041
0.006240 0.021865
0.008987 0.011804
0.972003
0.013552
0.014446
0.950052
0.034468
0.015480
0.643470 0.294236
0.010975 0.031200
0.009389 0.010730
0.089314 0.000930 0.000001
0.217125 0.325725 0.296765
0.037031 0.024238 0.008870
0.643009 0.294304
0.009678 0.031251
0.010320 0.011437
0.961593
0.023835
0.014572
0.963320
0.023014
0.013666
0.129251 0.372756
0.064944 0.259262
0.071866 0.101921
0.015242
0.909832
0.074926
0.734210 0.000698
0.091792 0.134920
0.026111 0.012269
0.946398
0.037401
0.016201
0.972089
0.014894
0.013017
0.001523 0.000000
0.687232 0.217656
0.085853 0.007736
0.915062
0.016677
0.068261
0.645909 0.281791
0.012814 0.037085
0.011485 0.010916
0.912727
0.064467
0.022805
0.481151
0.398634
0.120216
0.504060 0.431428
0.009461 0.031661
0.010660 0.012730
0.964614
0.022245
0.013141
0.969096
0.017634
0.013270
0.774376 0.148024
0.015619 0.040945
0.010899 0.010136
0.850091 0.033610
0.029108 0.063893
0.013330 0.009968
0.948332
0.035177
0.016491
0.971693
0.009280
0.019028
0.015259 0.000001
0.469408 0.447671
0.052284 0.015377
0.973029
0.014001
0.012970
0.001134 0.000000
0.603842 0.341452
0.047344 0.006228
0.491028
0.435559
0.073414
0.725950 0.205982
0.011554 0.035036
0.010541 0.010937
0.974149
0.012542
0.013309
0.025766 0.000008
0.449638 0.455137
0.052574 0.016876
0.965104
0.021144
0.013751
0.891673 0.021012
0.018664 0.048746
0.011745 0.008160
0.893583
0.080338
0.026078
0.000015
0.949664
0.050321
0.058384 0.000166
0.395651 0.467616
0.053753 0.024429
0.533720
0.206643
0.259637
0.168097 0.790331
0.003851 0.016137
0.008492 0.013093
0.960320
0.014847
0.024833
0.019707
0.889767
0.090526
0.628998 0.024426 0.000249
0.094907 0.119698 0.094794
0.023103 0.010954 0.002871
0.972482
0.013086
0.014432
0.901022
0.075104
0.023875
0.970929
0.014030
0.015041
0.216387 0.249331
0.068309 0.296737
0.076854 0.092381
0.963045
0.009231
0.027724
0.000399
0.934352
0.065250
0.045171 0.925288
0.001471 0.007489
0.007073 0.013509
0.961885
0.009413
0.028702
0.125076
0.759812
0.115112
0.409758 0.000457
0.282188 0.244935
0.050800 0.011861
0.022631 0.832470
0.008410 0.045828
0.030343 0.060318
0.017817
0.893376
0.088807
0.968809
0.018400
0.012791
0.884591 0.028574
0.018182 0.048384
0.011816 0.008453
0.028572 0.943384
0.001217 0.006544
0.006857 0.013427
0.795317
0.167173
0.037511
0.894953
0.079485
0.025562
0.969896
0.017772
0.012332
0.636801
0.192216
0.170982
0.581875
0.219678
0.198447
0.549649 0.392178
0.008370 0.028111
0.009993 0.011699
0.964334
0.022198
0.013467
0.873022 0.038445
0.020076 0.048098
0.011292 0.009067
0.309376 0.644744
0.005089 0.019780
0.008936 0.012075
0.021774 0.951953
0.000756 0.005096
0.006790 0.013631
0.604397
0.331064
0.064538
0.325940 0.627952
0.005323 0.020039
0.008848 0.011897
0.009520 0.956322
0.000833 0.005132
0.008582 0.019611
0.009694 0.000000
0.493982 0.430572
0.051895 0.013856
0.241603 0.717512
0.004214 0.016598
0.008228 0.011845
0.000190 0.000000
0.674779 0.274601
0.046188 0.004243
0.031657 0.940231
0.000905 0.005814
0.007158 0.014234
0.576724 0.352268
0.008591 0.034954
0.013031 0.014432
0.000001
0.953371
0.046628
0.959603
0.026690
0.013707
0.874362
0.052780
0.072857
0.000528 0.000000
0.715122 0.228780
0.050606 0.004964
0.434603 0.423397 0.047400
0.009060 0.023793 0.038164
0.007420 0.009423 0.006738
0.085004 0.000020
0.339393 0.501913
0.053813 0.019858
0.001698 0.163956 0.799375
0.000406 0.002030 0.006076
0.003784 0.009512 0.013162
0.911171
0.011361
0.077468
0.082302 0.887210
0.002099 0.009881
0.006931 0.011577
0.165979 0.000674
0.269050 0.483116
0.054972 0.026209
0.000012
0.947720
0.052268
0.247676 0.710818
0.004293 0.017026
0.008334 0.011853
0.681286 0.252866
0.012422 0.033436
0.009539 0.010451
0.001056
0.937087
0.061856
0.172251 0.285968
0.080227 0.296164
0.071399 0.093991
0.578371
0.206220
0.215409
0.000190
0.937247
0.062563
0.074365 0.895376
0.001938 0.009219
0.006971 0.012131
0.589089
0.343646
0.067264
0.473370
0.416051
0.110579
0.946570
0.037221
0.016209
0.807281 0.010474
0.058117 0.095644
0.019414 0.009070
0.595554
0.278486
0.125960
0.018198 0.943705
0.001685 0.008358
0.009013 0.019040
0.735204
0.187046
0.077750
0.664870
0.279683
0.055447
0.406830 0.000249
0.261759 0.256650
0.054510 0.020001
0.165348 0.797864
0.003184 0.012934
0.007835 0.012835
0.000207
0.942613
0.057181
0.952752
0.030525
0.016724
0.095041
0.816049
0.088909
0.972230
0.015448
0.012322
0.970311
0.012405
0.017283
0.000912 0.941210
0.000296 0.002899
0.013815 0.040868
0.550524
0.376885
0.072591
0.547205 0.000124
0.179024 0.216045
0.041765 0.015836
0.262720 0.695067
0.004495 0.017487
0.008387 0.011846
0.145598
0.742912
0.111490
0.003137
0.020493
0.976370
0.295520 0.018730
0.150137 0.423670
0.063108 0.048836
0.841421 0.059683
0.024235 0.052971
0.012260 0.009430
0.948681
0.031843
0.019476
0.002720 0.920933
0.001078 0.007652
0.018467 0.049149
0.523238
0.399096
0.077666
0.955455
0.013164
0.031381
0.969885
0.017337
0.012777
0.968924
0.018715
0.012362
0.672761 0.227483
0.018661 0.053967
0.013374 0.013755
0.515774
0.373793
0.110433
0.585874
0.211974
0.202152
0.936881
0.044162
0.018956
0.009883 0.000010
0.570437 0.357636
0.051415 0.010619
0.967454
0.015192
0.017354
0.051050 0.645949 0.254858
0.001675 0.007048 0.017002
0.005008 0.009038 0.008374
0.203136
0.683372
0.113492
0.387017 0.559450
0.005210 0.023405
0.011130 0.013787
0.235221 0.723423
0.004155 0.016905
0.008385 0.011911
0.000142
0.937661
0.062197
0.064007
0.843709
0.092284
0.956283
0.013078
0.030640
0.048272
0.859577
0.092151
0.070352 0.900011
0.001913 0.009186
0.006832 0.011706
0.697136 0.237381
0.010757 0.033287
0.010395 0.011043
0.000984 0.341078
0.013629 0.084884
0.149851 0.409574
0.003631 0.322608 0.643292
0.000430 0.002283 0.006903
0.003498 0.008006 0.009349
0.194062 0.767313
0.003626 0.015187
0.008030 0.011783
0.380869 0.000492 0.000000
0.208386 0.215127 0.133849
0.041544 0.016267 0.003465
0.391751
0.494050
0.114198
0.022671 0.944100
0.001308 0.007264
0.008052 0.016606
0.262474 0.001543
0.194753 0.451543
0.056096 0.033591
0.000031
0.943923
0.056046
0.962881
0.023193
0.013926
0.006958
0.914150
0.078892
0.772740 0.155454
0.013409 0.037596
0.010555 0.010245
0.968290
0.014426
0.017284
0.678033 0.256921
0.008797 0.032591
0.011675 0.011982
0.583085
0.202245
0.214669
0.928644
0.052013
0.019343
0.045467
0.868422
0.086111
0.846626 0.070333
0.019050 0.043983
0.010469 0.009539
0.262337 0.695374
0.004486 0.017538
0.008410 0.011854
0.020684 0.000000
0.655975 0.240423
0.076126 0.006791
0.193295 0.768853
0.003561 0.014453
0.007871 0.011966
0.186139 0.600109
0.023291 0.100740
0.035908 0.053813
0.943216
0.040041
0.016743
0.633530 0.304247
0.009491 0.030905
0.010313 0.011514
0.580082
0.346721
0.073197
0.107211
0.793257
0.099533
0.000004
0.957642
0.042354
0.970114
0.015407
0.014480
0.298682 0.015379
0.166635 0.414510
0.057226 0.047568
0.645405
0.195143
0.159452
0.360616
0.523581
0.115803
0.023166 0.948623
0.001118 0.006164
0.006958 0.013971
0.022982 0.937068
0.001066 0.006068
0.009740 0.023077
0.385271 0.562811
0.005239 0.022758
0.010667 0.013254
0.968076
0.019092
0.012832
0.877122
0.093017
0.029861
0.131178 0.002439
0.312110 0.468073
0.053864 0.032337
0.696410
0.248615
0.054975
0.877360
0.083775
0.038865
0.174437 0.285109
0.072898 0.291410
0.077258 0.098888
0.000008 0.012578 0.480785
0.000993 0.007574 0.032960
0.043494 0.151620 0.269987
0.421197
0.457000
0.121802
0.940942
0.028428
0.030630
0.000019
0.944894
0.055088
0.783869 0.043161 0.000181
0.028726 0.055642 0.063146
0.012017 0.009392 0.003866
0.935194
0.046592
0.018213
0.963148
0.014704
0.022148
0.010454 0.887147
0.003414 0.024772
0.024006 0.050208
0.949441
0.031210
0.019349
0.555338
0.378416
0.066246
0.966510
0.014322
0.019168
0.658585 0.265474
0.011675 0.039492
0.012399 0.012373
0.385650 0.001438
0.212589 0.340717
0.041670 0.017935
0.005431 0.000000
0.534042 0.397420
0.051408 0.011700
0.061657 0.903980
0.002566 0.010983
0.007417 0.013397
0.530362
0.390859
0.078780
0.051845 0.472539 0.418077
0.002077 0.008337 0.019706
0.005562 0.010776 0.011082
0.736332
0.216128
0.047540
0.109212
0.775569
0.115219
0.016323 0.956532
0.000652 0.004569
0.007015 0.014909
0.927494
0.052928
0.019578
0.960570
0.025251
0.014179
0.415980 0.000343
0.189405 0.335477
0.040593 0.018201
0.007535
0.923734
0.068731
0.006384 0.952286
0.000763 0.004953
0.010331 0.025284
0.954270
0.013984
0.031746
0.885872 0.005599
0.026785 0.060782
0.013184 0.007778
0.179533 0.000833
0.296493 0.443352
0.050684 0.029106
0.279015 0.645119
0.010692 0.036572
0.011846 0.016756
0.964349
0.022468
0.013183
0.006839 0.958921
0.000689 0.005312
0.008704 0.019534
0.928288
0.051447
0.020265
0.000008 0.000000
0.832394 0.122756
0.043424 0.001419
0.530441 0.000205
0.191100 0.219139
0.043333 0.015782
0.003592 0.000000
0.573070 0.362282
0.051117 0.009939
0.000023
0.943734
0.056243
0.969829
0.017937
0.012233
0.925924
0.054123
0.019953
0.000086
0.940890
0.059025
0.008442
0.920357
0.071202
0.808252 0.013232
0.057079 0.092364
0.018647 0.010425
0.868944
0.102408
0.028648
0.952178
0.027267
0.020555
0.000300
0.937364
0.062336
0.012133
0.901703
0.086163
0.000338 0.000000
0.751683 0.200146
0.044918 0.002914
0.467610 0.420007 0.012008
0.008089 0.024520 0.042617
0.008280 0.010295 0.006574
0.000775
0.008879
0.990346
0.158193 0.014975
0.287212 0.448079
0.054537 0.037003
0.000120
0.943740
0.056140
0.001466 0.000000
0.588352 0.350230
0.050927 0.009025
0.832099 0.039583
0.034115 0.069669
0.014314 0.010220
0.965104
0.012347
0.022549
0.241826 0.706920
0.004294 0.021086
0.010987 0.014886
0.972876
0.014151
0.012973
0.002130 0.208634 0.740547
0.000582 0.003223 0.010248
0.005101 0.012853 0.016681
0.000393
0.910682
0.088926
0.001151 0.214221 0.756768
0.000271 0.001553 0.005063
0.003202 0.007887 0.009884
0.947891
0.036058
0.016051
0.209207 0.323581
0.069421 0.256125
0.061535 0.080131
0.889773 0.020116
0.019535 0.050414
0.011949 0.008212
0.055400 0.001118
0.442801 0.428959
0.052808 0.018913
0.527444
0.392217
0.080338
0.858602
0.111306
0.030092
0.873005 0.029706
0.023646 0.052715
0.011948 0.008980
0.000008
0.946386
0.053606
0.477645 0.259875
0.045009 0.149452
0.031834 0.036185
0.019529 0.616979
0.023643 0.126351
0.072767 0.140731
0.011331 0.940862
0.001384 0.008403
0.011537 0.026483
0.000124
0.945251
0.054625
0.792541 0.044517
0.051797 0.083221
0.017486 0.010438
0.004105
0.924828
0.071067
0.971270
0.012132
0.016598
0.967868
0.019585
0.012547
0.754981 0.174198
0.011571 0.037135
0.011517 0.010598
0.963117
0.022143
0.014740
0.852799 0.062920
0.018303 0.045467
0.011117 0.009394
0.020430 0.948572
0.001282 0.007143
0.007521 0.015053
0.043644 0.585428 0.325891
0.001462 0.006211 0.015200
0.004742 0.008863 0.008558
0.926223
0.052695
0.021082
0.971413
0.012472
0.016116
0.472520
0.414728
0.112752
0.562694
0.309808
0.127498
0.971652
0.012943
0.015405
0.398468
0.486167
0.115365
0.049104 0.918699
0.001873 0.009410
0.007433 0.013480
0.591602
0.285904
0.122494
0.511913
0.370189
0.117897
0.000355
0.922670
0.076975
0.970929
0.016710
0.012361
0.971692
0.015526
0.012782
0.605997 0.322138
0.013146 0.036731
0.010233 0.011756
0.943336
0.038924
0.017740
0.019025 0.947057
0.001225 0.006954
0.008273 0.017466
0.001170
0.938653
0.060177
0.005475 0.609809
0.015058 0.092943
0.085235 0.191480
0.852671 0.042171
0.025447 0.057598
0.013373 0.008740
0.236953 0.192103
0.095099 0.326744
0.067979 0.081121
0.044173 0.000008
0.398818 0.488243
0.052616 0.016143
0.208937 0.222064
0.091395 0.320934
0.070068 0.086602
0.000237 0.000000
0.679715 0.263576
0.050739 0.005733
0.964311
0.021961
0.013728
0.950283
0.034247
0.015470
0.019433 0.290892 0.205491
0.014958 0.073025 0.196959
0.040498 0.081101 0.077642
0.001411 0.000000
0.592122 0.346608
0.050991 0.008868
0.973130
0.012923
0.013948
0.300966 0.419318
0.046007 0.151301
0.035997 0.046411
0.275833 0.677815
0.003916 0.018768
0.010172 0.013497
0.654171 0.000164
0.122931 0.179940
0.031324 0.011469
0.970172
0.013758
0.016071
0.004169 0.955827
0.000646 0.005268
0.010076 0.024014
0.105238 0.003216 0.000014
0.200628 0.314429 0.303973
0.036540 0.025683 0.010279
0.858325 0.060346
0.017357 0.043815
0.010881 0.009276
0.702061 0.171249
0.029966 0.069041
0.014712 0.012971
0.000011
0.950161
0.049828
0.004631 0.000000
0.544874 0.388026
0.051304 0.011165
0.001450
0.926151
0.072399
0.110521 0.856320
0.001975 0.010700
0.007953 0.012530
0.001641 0.249029 0.709573
0.000506 0.002829 0.008999
0.004344 0.010404 0.012673
0.092161 0.096316 0.005939 0.000056
0.052905 0.140216 0.229473 0.287798
0.024457 0.032401 0.024753 0.013526
0.955631
0.029740
0.014629
0.000000
0.952554
0.047446
0.194015 0.546224 0.138691
0.007959 0.026504 0.051870
0.009330 0.014112 0.011295
0.002446
0.923677
0.073878
0.793986 0.029455 0.000066
0.030495 0.056664 0.063308
0.011871 0.009739 0.004415
0.000006
0.946684
0.053309
0.003935
0.893847
0.102218
0.000026
0.950304
0.049670
0.972663
0.012900
0.014437
0.301979 0.653219
0.004471 0.018310
0.009320 0.012702
0.082543 0.886820
0.002074 0.009736
0.006983 0.011844
0.962175
0.024553
0.013272
0.502154
0.384256
0.113590
0.431637 0.008709
0.281338 0.213819
0.048817 0.015679
0.553457 0.034627
0.101399 0.245201
0.035849 0.029467
0.863836 0.008400
0.035456 0.068806
0.014327 0.009175
0.010698 0.351293 0.148294
0.013089 0.070442 0.203829
0.042403 0.083663 0.076289
0.081689 0.865980
0.004189 0.019673
0.010655 0.017814
0.500065 0.443933
0.007518 0.026471
0.009956 0.012057
0.961846
0.024037
0.014117
0.000080 0.000000
0.743327 0.196143
0.055421 0.005030
0.022507 0.377179 0.548285
0.001327 0.005892 0.015340
0.005220 0.011307 0.012944
0.559774
0.365817
0.074408
0.968367
0.009422
0.022211
0.972937
0.012798
0.014265
0.004322 0.964584
0.000405 0.003317
0.007977 0.019395
0.967529
0.012153
0.020318
0.948040
0.035056
0.016904
0.961768
0.024810
0.013422
0.000072 0.000000
0.711075 0.233452
0.050651 0.004751
0.962335
0.024380
0.013285
0.059937 0.518447
0.047195 0.189183
0.067967 0.117271
0.094525 0.000081
0.440777 0.396525
0.052674 0.015418
0.672269
0.256475
0.071256
0.962724
0.023796
0.013480
0.778010 0.148610
0.014075 0.038546
0.010624 0.010136
0.002892
0.927412
0.069697
0.507082
0.381464
0.111454
0.782129 0.141873
0.016276 0.039651
0.010113 0.009958
0.293271
0.614727
0.092002
0.000039 0.000000
0.737156 0.214614
0.045273 0.002918
0.908229
0.065554
0.026217
0.032408
0.874921
0.092672
0.000013
0.960343
0.039644
0.000003
0.956079
0.043918
0.962142
0.022032
0.015826
0.972650
0.013813
0.013537
0.449428 0.000024
0.228683 0.259112
0.049094 0.013660
0.275329 0.011779
0.179220 0.429769
0.057645 0.046259
0.968294
0.009768
0.021938
0.038900
0.849198
0.111901
0.331978
0.019849
0.648173
0.000606
0.936560
0.062833
0.254508 0.122680
0.131378 0.361794
0.060813 0.068827
0.057469
0.845061
0.097471
0.971899
0.014644
0.013457
0.951224
0.033503
0.015274
0.000300
0.946049
0.053651
0.000684
0.936910
0.062406
0.965616
0.012737
0.021646
0.572010
0.303850
0.124140
0.000274
0.908663
0.091063
0.450949 0.003265
0.179703 0.306077
0.038306 0.021701
0.000066 0.000000
0.712878 0.231723
0.050636 0.004697
0.785346 0.010833 0.000007
0.038569 0.068303 0.069859
0.014004 0.009642 0.003438
0.593101 0.335216
0.011810 0.036513
0.011054 0.012305
0.758766
0.109482
0.131752
0.021077 0.000001
0.686380 0.210877
0.075824 0.005840
0.645898 0.279861
0.012323 0.038317
0.011312 0.012289
0.042674 0.001232
0.489504 0.393976
0.053925 0.018690
0.000935 0.111628 0.543382 0.308689
0.000231 0.001163 0.003495 0.007856
0.002267 0.005619 0.007635 0.007100
0.958036
0.014915
0.027049
0.012314 0.000013 0.000000 0.000000 0.000000
0.325005 0.297795 0.178683 0.086278 0.036119
0.039526 0.017925 0.005058 0.001092 0.000193
0.015166 0.000015
0.568253 0.353979
0.051943 0.010645
0.000703 0.000000
0.695963 0.247026
0.052145 0.004162
0.002584 0.395496 0.569984
0.000320 0.002051 0.007041
0.003824 0.008989 0.009710
0.046960
0.852934
0.100105
0.010761 0.964280
0.000572 0.004174
0.006540 0.013673
0.076752
0.804479
0.118769
0.827069 0.008096
0.049880 0.088203
0.017969 0.008784
0.972928
0.012937
0.014135
0.257126 0.056441
0.162052 0.407098
0.061160 0.056122
0.261117 0.007377
0.185860 0.447493
0.059122 0.039032
0.641393
0.170924
0.187683
0.758711 0.025727
0.076855 0.105735
0.021892 0.011080
0.829404 0.072746
0.023641 0.052377
0.012215 0.009618
0.165400 0.797643
0.003290 0.014024
0.007804 0.011839
0.227679 0.700911
0.008126 0.032712
0.012578 0.017994
0.146568 0.000241
0.276358 0.495852
0.055382 0.025599
0.002122 0.000000
0.732681 0.184342
0.076450 0.004404
0.038503 0.933457
0.001392 0.007214
0.006750 0.012685
0.954755
0.013361
0.031884
0.009589 0.479855 0.475355
0.000714 0.003518 0.009865
0.003978 0.008304 0.008823
0.355195
0.528613
0.116192
0.164790 0.798457
0.003744 0.013792
0.007336 0.011881
0.006508 0.000001
0.557057 0.374236
0.051343 0.010856
0.968623
0.017298
0.014079
0.007872 0.000000
0.623093 0.279598
0.079076 0.010360
0.772269 0.155246
0.013453 0.038022
0.010638 0.010372
0.174330
0.106368
0.719301
0.749119
0.203688
0.047193
0.000888
0.934904
0.064208
0.217585 0.743071
0.003892 0.015525
0.008041 0.011886
0.408539 0.540314
0.006358 0.023263
0.009464 0.012061
0.007478
0.886623
0.105899
0.848835 0.004031
0.042921 0.078749
0.015942 0.009522
0.973630
0.010288
0.016082
0.967808
0.017169
0.015023
0.027633 0.945172
0.001214 0.006535
0.006647 0.012799
0.145072 0.819489
0.002887 0.012122
0.007679 0.012751
0.707606 0.113973 0.001131 0.000002
0.016842 0.037187 0.049384 0.049402
0.008884 0.008855 0.004879 0.001856
0.975474
0.010711
0.013815
0.518077
0.025765
0.456158
0.504093
0.380368
0.115540
0.000708 0.907093
0.000290 0.003013
0.020583 0.068314
0.399828
0.485746
0.114426
0.975364
0.009720
0.014916
0.000830
0.931213
0.067957
0.969161
0.015188
0.015650
0.825830 0.035513
0.039679 0.073968
0.016034 0.008977
0.856638
0.013979
0.129383
0.022941 0.951600
0.000796 0.005319
0.006595 0.012749
0.896164
0.077106
0.026730
0.000296 0.580508
0.001533 0.016812
0.088611 0.312239
0.967067
0.019831
0.013102
0.069156
0.812963
0.117881
0.941389
0.040825
0.017786
0.123999
0.027165
0.848836
0.044006
0.860899
0.095095
0.916700
0.043312
0.039988
0.000552 0.908267
0.000284 0.002995
0.020517 0.067385
0.000452 0.000000
0.658191 0.284200
0.050692 0.006465
0.565671 0.000151
0.170443 0.207717
0.040481 0.015537
0.953203
0.031860
0.014938
0.361553 0.590144
0.005776 0.021450
0.009116 0.011960
0.727705 0.170600
0.018985 0.055636
0.013500 0.013574
0.959182
0.026551
0.014267
0.844043 0.003967
0.044688 0.081344
0.016296 0.009662
0.274600 0.074545
0.136471 0.387318
0.063543 0.063525
0.969710
0.012387
0.017903
0.972225
0.015215
0.012560
0.617380 0.321111
0.009358 0.030431
0.010227 0.011493
0.000353 0.804804
0.000731 0.006339
0.044214 0.143558
0.219965 0.035252
0.207193 0.432648
0.058513 0.046429
0.962195
0.024530
0.013274
0.006355 0.000000
0.682099 0.216024
0.085928 0.009593
0.000001
0.952993
0.047006
0.202338
0.686737
0.110926
0.000400 0.000000
0.670293 0.278596
0.046256 0.004454
0.000009 0.000000
0.783110 0.163412
0.050532 0.002937
0.863672 0.041697
0.022571 0.051109
0.011816 0.009135
0.000845
0.942095
0.057060
0.396196 0.553629
0.006239 0.022697
0.009299 0.011941
0.971811
0.014674
0.013515
0.213669 0.747100
0.004479 0.016133
0.007466 0.011151
0.955223
0.013477
0.031300
0.237316 0.720806
0.003518 0.016232
0.009182 0.012946
0.703908
0.243062
0.053030
0.475636 0.462019
0.009833 0.030526
0.009727 0.012257
0.050443 0.000026
0.439619 0.440609
0.052452 0.016853
0.000287
0.935887
0.063826
0.000000 0.000421
0.000067 0.000965
0.140565 0.857983
0.959597
0.026490
0.013913
0.957978
0.012872
0.029149
0.006021 0.381498 0.579788
0.000550 0.002808 0.008186
0.003717 0.008198 0.009234
0.000724 0.000000
0.706700 0.236648
0.050684 0.005245
0.495311 0.448522
0.007976 0.026753
0.009731 0.011707
0.003297 0.000000
0.689025 0.248385
0.053277 0.006015
0.823033 0.042994
0.032383 0.075293
0.014678 0.011619
0.972141
0.013422
0.014436
0.486357
0.423595
0.090048
0.620259
0.246942
0.132799
0.010366 0.959587
0.000531 0.003962
0.007694 0.017861
0.029198
0.874796
0.096006
0.971034
0.014252
0.014714
0.833443 0.084391
0.016239 0.044702
0.011878 0.009348
0.967071
0.017317
0.015612
0.964651
0.012352
0.022997
0.007052
0.926721
0.066227
0.937599
0.044610
0.017792
0.966659
0.020595
0.012746
0.505063 0.317295
0.029285 0.098597
0.023070 0.026689
0.972585
0.014575
0.012840
0.599735
0.197573
0.202692
0.734902 0.184593
0.015619 0.042611
0.011999 0.010276
0.550307 0.391365
0.008234 0.028121
0.010100 0.011874
0.970199
0.017039
0.012762
0.824952 0.008582
0.050197 0.088304
0.016655 0.011310
0.011194 0.361146 0.493413 0.081026
0.000781 0.003351 0.008588 0.016468
0.003312 0.006861 0.007795 0.006065
0.004167
0.928391
0.067442
0.117281 0.001179 0.000001
0.231457 0.320565 0.265931
0.037229 0.020348 0.006008
0.001851 0.528490
0.006906 0.050045
0.105897 0.306811
0.000008
0.950431
0.049561
0.816883 0.104525
0.014780 0.042431
0.011731 0.009650
0.959964
0.022412
0.017624
0.254587 0.002104
0.191193 0.457974
0.058031 0.036111
0.062099 0.908551
0.001831 0.008936
0.006802 0.011779
0.438697
0.482269
0.079033
0.001033 0.000000
0.627228 0.308083
0.054195 0.009459
0.550378
0.307123
0.142499
0.016882
0.888196
0.094921
0.001866 0.000000
0.633006 0.303618
0.053901 0.007608
0.127741 0.837982
0.002769 0.012245
0.007456 0.011807
0.837795 0.019540
0.039818 0.077428
0.015285 0.010133
0.952122
0.030292
0.017586
0.003048
0.920963
0.075989
0.944697
0.033077
0.022226
0.855902
0.109758
0.034341
0.788913 0.138703
0.013619 0.038056
0.010567 0.010143
0.153742 0.096889 0.002616
0.080175 0.214540 0.343005
0.035989 0.043801 0.029243
0.000000
0.965172
0.034828
0.729081 0.202792
0.011920 0.035119
0.010434 0.010655
0.262430 0.587334 0.072634
0.005016 0.016588 0.031810
0.006938 0.009899 0.007352
0.966463
0.009289
0.024248
0.232560 0.010259
0.212075 0.447128
0.056672 0.041305
0.206593 0.753687
0.003839 0.015803
0.008154 0.011924
0.716370
0.152971
0.130660
0.970521
0.013671
0.015808
0.959840
0.025204
0.014956
0.974419
0.010339
0.015242
0.290471 0.019854
0.162113 0.417110
0.059294 0.051157
0.007257 0.667872
0.010710 0.078769
0.074586 0.160806
0.971932
0.011531
0.016538
0.633885
0.189647
0.176469
0.614552
0.163377
0.222071
0.955847
0.029347
0.014805
0.878591
0.092075
0.029335
0.964536
0.011703
0.023761
0.000334 0.000000
0.667499 0.275364
0.050666 0.006138
0.018898
0.889508
0.091594
0.544165 0.350812
0.016940 0.055849
0.014975 0.017259
0.132007 0.112748 0.011738
0.079077 0.212259 0.338891
0.038070 0.045732 0.029476
0.487829
0.196111
0.316059
0.878740 0.033199
0.018783 0.048839
0.011956 0.008483
0.837346 0.091330
0.011636 0.038207
0.011428 0.010053
0.000535
0.941347
0.058117
0.151588 0.003406
0.296365 0.464677
0.054081 0.029882
0.869280 0.031084
0.021108 0.056365
0.012878 0.009284
0.956321
0.029194
0.014485
0.653984 0.282444
0.010195 0.031924
0.010269 0.011185
0.969615
0.017421
0.012964
0.740219 0.018361 0.000022
0.043099 0.080887 0.087846
0.014638 0.010795 0.004132
0.012350 0.635252
0.018488 0.104905
0.074322 0.154683
0.353510 0.598904
0.005704 0.021028
0.008985 0.011869
0.179949 0.681066 0.067795
0.003846 0.013979 0.029041
0.006615 0.009990 0.007718
0.000280 0.000000
0.734573 0.210155
0.050632 0.004360
0.000261 0.000000
0.659807 0.282939
0.050681 0.006312
0.253294 0.068067
0.157491 0.401156
0.061762 0.058229
0.008366 0.732790
0.009187 0.066805
0.059312 0.123540
0.858042 0.059090
0.017772 0.044754
0.010995 0.009347
0.002371 0.000001 0.000000
0.548256 0.288530 0.101787
0.048584 0.009366 0.001106
0.965464
0.018060
0.016475
0.789434 0.119147
0.022212 0.047850
0.011263 0.010094
0.597435
0.263133
0.139432
0.079530 0.000147
0.358130 0.481011
0.053802 0.027381
0.000093 0.000000
0.769484 0.175860
0.051159 0.003404
0.896842
0.069522
0.033636
0.140566 0.824340
0.002919 0.012645
0.007566 0.011964
0.001451 0.000000
0.726874 0.221689
0.046441 0.003546
0.009289
0.910736
0.079974
0.317735 0.635881
0.005194 0.020099
0.008997 0.012094
0.849844
0.100324
0.049832
0.814879
0.148684
0.036437
0.927492
0.052943
0.019565
0.109806
0.777013
0.113181
0.396158 0.552511
0.006311 0.023292
0.009515 0.012212
0.272327 0.011176
0.184073 0.430623
0.056990 0.044810
0.006137 0.944584
0.001189 0.006652
0.012226 0.029212
0.250020 0.008268
0.210603 0.437453
0.054762 0.038894
0.039605
0.861537
0.098858
0.578190
0.160083
0.261727
0.062841 0.887383
0.003594 0.017453
0.010458 0.018271
0.003765 0.000000
0.638831 0.299399
0.052294 0.005711
0.310044 0.009556
0.151328 0.423262
0.060829 0.044982
0.820120 0.014850
0.050660 0.087387
0.018043 0.008939
0.000096
0.946716
0.053188
0.122510
0.760417
0.117073
0.972575
0.014535
0.012890
0.000496 0.255237
0.005685 0.045390
0.160275 0.532917
0.000001
0.951176
0.048824
0.309795 0.607145
0.008610 0.039118
0.015392 0.019939
0.844511 0.004311
0.044588 0.080656
0.016300 0.009633
0.003647 0.000000 0.000000 0.000000
0.617016 0.205043 0.050331 0.010811
0.097672 0.013958 0.001404 0.000117
0.000263
0.937086
0.062652
0.000937 0.945651
0.000297 0.002879
0.012894 0.037343
0.967464
0.019982
0.012554
0.128695 0.401743
0.049084 0.236512
0.077132 0.106834
0.881789
0.079551
0.038660
0.975064
0.009683
0.015252
0.376085
0.527131
0.096784
0.427315 0.520703
0.006628 0.023863
0.009508 0.011983
0.869153 0.043149
0.019724 0.047576
0.011262 0.009137
0.482272
0.445825
0.071904
0.959637
0.019338
0.021026
0.847354
0.118801
0.033845
0.473505 0.447456
0.012979 0.040182
0.011472 0.014406
0.001755 0.000000
0.584584 0.353391
0.051065 0.009206
0.650188
0.293277
0.056535
0.000001
0.952974
0.047025
0.278681 0.584190
0.022322 0.068316
0.018931 0.027561
0.929942
0.049872
0.020186
0.007749
0.920532
0.071719
0.971647
0.014797
0.013556
0.971243
0.015692
0.013065
0.514628
0.362137
0.123235
0.012670 0.416889 0.462554 0.050162
0.000907 0.003865 0.009806 0.018553
0.003551 0.007172 0.007914 0.005957
0.066125 0.000091
0.376054 0.481891
0.053541 0.022297
0.164099 0.000641
0.269965 0.479395
0.054462 0.031437
0.566875 0.373142
0.008711 0.029230
0.010200 0.011841
0.000000
0.940117
0.059883
0.000823 0.000000
0.726910 0.223329
0.045438 0.003500
0.083879 0.622971 0.199016
0.004354 0.017081 0.038633
0.008082 0.013800 0.012184
0.002724 0.234415 0.638653
0.002047 0.011031 0.034078
0.012076 0.029061 0.035914
0.788881 0.030673 0.000076
0.030558 0.059700 0.065386
0.012959 0.008839 0.002926
0.287680 0.000709
0.252392 0.390294
0.045847 0.023079
0.781483 0.001369
0.071427 0.112572
0.021981 0.011167
0.622242 0.313365
0.010782 0.032332
0.010196 0.011083
0.002376 0.934541
0.000679 0.004906
0.015463 0.042036
0.725384
0.223401
0.051215
0.000032
0.924468
0.075499
0.651505
0.221258
0.127237
0.010136 0.958097
0.000850 0.005163
0.007996 0.017757
0.961943
0.024708
0.013349
0.297342 0.658920
0.005809 0.018749
0.007859 0.011321
0.000020 0.000000
0.772242 0.167962
0.055706 0.004070
0.720033 0.021472
0.094597 0.127629
0.024285 0.011984
0.947669
0.036076
0.016256
0.067473
0.106125
0.826402
0.952555
0.031506
0.015939
0.936938
0.044049
0.019013
0.845999 0.065933
0.019956 0.047325
0.011420 0.009368
0.301752
0.598133
0.100116
0.969909
0.016940
0.013151
0.940357
0.042333
0.017310
0.152317 0.619069
0.021868 0.108604
0.040180 0.057963
0.970591
0.015349
0.014060
0.451224 0.495063
0.007261 0.025079
0.009546 0.011827
0.963324
0.014545
0.022131
0.967020
0.012356
0.020624
0.692870 0.009413
0.116672 0.140113
0.028715 0.012217
0.720092 0.010349
0.076678 0.154322
0.023101 0.015457
0.964164
0.012392
0.023444
0.762541 0.020778
0.062639 0.120875
0.019938 0.013229
0.155539 0.001784
0.284013 0.473498
0.054411 0.030755
0.121072 0.395004
0.060919 0.249832
0.071257 0.101916
0.003518 0.000000
0.720225 0.184271
0.085512 0.006474
0.878784
0.092847
0.028369
0.001453 0.000000
0.616445 0.328910
0.047215 0.005977
0.664644
0.248594
0.086762
0.007384 0.958054
0.000802 0.005041
0.008709 0.020010
0.913691
0.064636
0.021673
0.929936
0.050843
0.019221
0.005008 0.000005
0.635109 0.300825
0.051040 0.008012
0.512132
0.373850
0.114018
0.199713
0.688022
0.112265
0.000040 0.060242 0.911282
0.000052 0.000441 0.001996
0.002874 0.009281 0.013794
0.000928
0.940803
0.058269
0.963961
0.009443
0.026595
0.020454
0.887022
0.092524
0.870497 0.044657
0.018624 0.046026
0.011053 0.009143
0.864658 0.059834
0.013673 0.041255
0.011354 0.009226
0.227535 0.185320
0.104078 0.336200
0.067435 0.079432
0.868778
0.103237
0.027984
0.849728 0.035673
0.030491 0.061252
0.013444 0.009413
0.009575 0.000024
0.605066 0.324650
0.051282 0.009403
0.143093 0.000371
0.287410 0.485139
0.054329 0.029658
0.094056 0.655101 0.196718
0.002680 0.009538 0.020278
0.005125 0.008595 0.007908
0.599433
0.275755
0.124812
0.107633 0.000783 0.000000
0.198569 0.322635 0.303261
0.036671 0.022978 0.007470
0.309901 0.016345
0.137888 0.418953
0.064807 0.052106
0.231589 0.727504
0.004098 0.016631
0.008307 0.011871
0.204328 0.738987
0.005981 0.024614
0.010607 0.015483
0.011328 0.456927 0.496143
0.000737 0.003576 0.009924
0.003987 0.008374 0.009004
0.604950 0.333194
0.009307 0.030557
0.010308 0.011685
0.843909
0.122299
0.033792
0.960708
0.013299
0.025993
0.677936 0.256820
0.008435 0.032434
0.011943 0.012430
0.938702
0.043711
0.017587
0.080953 0.000362
0.366241 0.471981
0.053674 0.026790
0.938029
0.033485
0.028486
0.967092
0.020068
0.012839
0.957918
0.028050
0.014032
0.291505 0.067291
0.117144 0.388693
0.069945 0.065422
0.000139
0.940490
0.059372
0.968582
0.017087
0.014331
0.000361 0.084633 0.823898
0.000796 0.004374 0.014345
0.009089 0.024950 0.037553
0.607449 0.000266
0.150522 0.190346
0.036694 0.014723
0.860816
0.106839
0.032345
0.139432 0.000511 0.000000
0.221157 0.315136 0.261781
0.036416 0.019884 0.005684
0.854910
0.113909
0.031182
0.971998
0.013040
0.014961
0.001740
0.937877
0.060383
0.000739
0.912279
0.086982
0.000436 0.000000 0.000000
0.604555 0.269904 0.071299
0.047197 0.006190 0.000419
0.899697
0.066626
0.033677
0.005620
0.899685
0.094695
0.000480
0.939951
0.059569
0.001721 0.000000
0.737413 0.169523
0.085608 0.005734
0.162465 0.311734
0.074174 0.284570
0.071451 0.095605
0.222985 0.654356 0.045424
0.004493 0.015889 0.032065
0.007007 0.010201 0.007582
0.298265 0.054893
0.111993 0.393736
0.072533 0.068579
0.000000 0.002338 0.839446
0.000013 0.000160 0.001052
0.009518 0.045901 0.101572
0.094172 0.000127
0.343467 0.484324
0.053529 0.024380
0.530107 0.000684
0.198288 0.213014
0.042850 0.015057
0.968851
0.015660
0.015489
0.778641 0.011206
0.071848 0.105939
0.021398 0.010967
0.469761 0.475322
0.008273 0.025921
0.009372 0.011350
0.000006
0.946758
0.053236
0.015441
0.914363
0.070196
0.447061 0.491134
0.009080 0.029759
0.010282 0.012684
0.878708 0.018182
0.025767 0.056141
0.012302 0.008900
0.002413 0.879717
0.001342 0.009846
0.027661 0.079021
0.691419 0.000432
0.110491 0.154823
0.029634 0.013202
0.008374
0.910337
0.081289
0.006784 0.000000
0.656198 0.242360
0.085404 0.009254
0.963827
0.022759
0.013414
0.967170
0.019401
0.013429
0.956293
0.029111
0.014596
0.964096
0.013751
0.022154
0.606885
0.218487
0.174627
0.173518 0.025917 0.000181
0.108843 0.256141 0.348374
0.035952 0.034206 0.016868
0.963370
0.022754
0.013877
0.102392
0.794701
0.102907
0.063680 0.000002 0.000000
0.433217 0.294891 0.120868
0.068410 0.016713 0.002219
0.579044
0.299714
0.121242
0.633085 0.303702
0.010335 0.031662
0.010149 0.011067
0.954212
0.030766
0.015022
0.972313
0.013030
0.014657
0.960842
0.025197
0.013960
0.003488 0.000000
0.544964 0.389279
0.051239 0.011030
0.948679
0.035249
0.016071
0.972011
0.015101
0.012888
0.000422
0.938521
0.061058
0.951674
0.032136
0.016191
0.967567
0.018174
0.014259
0.950041
0.034458
0.015501
0.895917
0.029223
0.074860
0.670657 0.257281
0.012751 0.037150
0.011455 0.010706
0.377096 0.575053
0.006801 0.021783
0.008238 0.011028
0.973573
0.009462
0.016966
0.957609
0.027921
0.014470
0.048115 0.000064 0.000000
0.277409 0.351536 0.259634
0.039571 0.018931 0.004740
0.001092 0.000000
0.695536 0.246926
0.050812 0.005634
0.916825
0.049554
0.033621
0.967715
0.013033
0.019252
0.382851
0.522305
0.094844
0.948669
0.035026
0.016305
0.286157
0.630922
0.082921
0.038444 0.721854 0.192201
0.001218 0.006123 0.016580
0.005353 0.009845 0.008384
0.969127
0.018184
0.012690
0.443313 0.440582 0.016684
0.007943 0.024117 0.042131
0.008205 0.010325 0.006700
0.000001
0.961038
0.038962
0.194230 0.750390
0.005791 0.022622
0.010474 0.016493
0.960518
0.023851
0.015632
0.209181 0.002830
0.225872 0.471986
0.057422 0.032709
0.965307
0.021810
0.012884
0.807173
0.153445
0.039382
0.615536
0.315998
0.068466
0.629540
0.245162
0.125298
0.306639 0.027657
0.129852 0.411375
0.067246 0.057231
0.048617
0.854056
0.097327
0.000543
0.941456
0.058001
0.559249
0.364595
0.076156
0.803560 0.017879
0.054156 0.096199
0.018630 0.009577
0.818047 0.090389
0.021347 0.048795
0.011785 0.009636
0.941505
0.024219
0.034276
0.136441 0.000465
0.290351 0.492653
0.055200 0.024890
0.006281
0.928211
0.065508
0.966028
0.017067
0.016905
0.228138 0.731946
0.004048 0.015821
0.008090 0.011956
0.334875
0.549607
0.115518
0.970610
0.017027
0.012364
0.968309
0.015305
0.016386
0.798601 0.022126 0.000029
0.030642 0.058594 0.064777
0.012337 0.009278 0.003618
0.169690 0.343630 0.051773 0.001458 0.000011
0.016454 0.046701 0.082163 0.111187 0.125439
0.010863 0.015739 0.013209 0.007965 0.003718
0.894680
0.079180
0.026139
0.965923
0.021340
0.012737
0.582864
0.178446
0.238689
0.003917 0.894968
0.001469 0.008911
0.024344 0.066391
0.638876
0.188414
0.172709
0.766997 0.162251
0.012667 0.036943
0.010593 0.010549
0.609376
0.206891
0.183732
0.047091 0.921278
0.001472 0.007472
0.007577 0.015110
0.973233
0.013384
0.013383
0.103485
0.793215
0.103300
0.673981 0.185240 0.000829
0.012854 0.038384 0.061887
0.010657 0.010947 0.005222
0.154199 0.809436
0.003162 0.013689
0.007737 0.011776
0.000032
0.946287
0.053681
0.001131
0.939820
0.059049
0.875097 0.014404
0.028778 0.059877
0.012917 0.008927
0.964880
0.021563
0.013557
0.911781
0.066145
0.022074
0.017504
0.897344
0.085152
0.267713 0.604263 0.048208
0.005051 0.017068 0.033129
0.007128 0.010089 0.007351
0.969901
0.017460
0.012639
0.326398 0.023150
0.151938 0.393097
0.056444 0.048973
0.584656
0.295569
0.119775
0.001162
0.930499
0.068338
0.425189 0.467086 0.005436
0.006483 0.023391 0.045244
0.009186 0.011432 0.006553
0.919054
0.057439
0.023507
0.013822 0.000000
0.476164 0.448060
0.050500 0.011453
0.965465
0.021651
0.012884
0.294083 0.090557
0.120016 0.365282
0.063572 0.066490
0.016334 0.000005
0.587076 0.326404
0.058219 0.011962
0.912864
0.065306
0.021830
0.206501 0.210631
0.103824 0.328904
0.067805 0.082336
0.093965 0.000001
0.470328 0.339834
0.078711 0.017161
0.705682
0.242150
0.052168
0.389798 0.000179
0.264633 0.272949
0.052341 0.020100
0.008863
0.908786
0.082351
0.252381 0.099073
0.147145 0.377602
0.059667 0.064132
0.828081 0.093291
0.015988 0.042037
0.010850 0.009754
0.060356 0.777736 0.107964
0.001645 0.007906 0.020373
0.005898 0.010121 0.008000
0.913621
0.064259
0.022120
0.012308 0.692713
0.015725 0.089556
0.062254 0.127444
0.143406 0.630350 0.165778
0.003464 0.011589 0.023301
0.005510 0.008814 0.007788
0.929466
0.051197
0.019337
0.870829 0.038227
0.021169 0.049255
0.011493 0.009027
0.011719
0.907400
0.080881
0.220973 0.010560
0.214612 0.458138
0.058911 0.036806
0.390192 0.029775
0.138878 0.348557
0.049982 0.042616
0.095908
0.805152
0.098939
0.687119
0.232118
0.080763
0.964292
0.018107
0.017601
0.592478
0.137614
0.269908
0.069291 0.900612
0.001919 0.009224
0.006936 0.012019
0.411194 0.464541
0.018369 0.065312
0.018061 0.022523
0.000728 0.879825
0.000694 0.005618
0.028135 0.084999
0.001011
0.933317
0.065672
0.234719 0.380599
0.056566 0.209122
0.051483 0.067510
0.596381
0.277179
0.126440
0.001170
0.932750
0.066080
0.028100 0.000010
0.436296 0.460782
0.053763 0.021049
0.950054
0.032898
0.017048
0.933912
0.047630
0.018458
0.061150 0.527762
0.040108 0.182709
0.070543 0.117728
0.972227
0.013988
0.013785
0.000000 0.000097 0.011085 0.187416 0.713335
0.000007 0.000058 0.000267 0.000933 0.002664
0.001623 0.006958 0.016448 0.026771 0.032336
0.903934
0.072865
0.023201
0.964908
0.009635
0.025457
0.265197 0.016506
0.205204 0.423643
0.055121 0.034329
0.629871
0.171732
0.198397
0.037033
0.867969
0.094998
0.958647
0.027304
0.014049
0.121395 0.001596 0.000001
0.178460 0.312556 0.316424
0.036210 0.024656 0.008703
0.323198 0.627349
0.004430 0.020708
0.010636 0.013681
0.525054
0.352168
0.122778
0.971583
0.014226
0.014191
0.773032
0.182518
0.044450
0.000352 0.000000
0.649750 0.292571
0.050664 0.006664
0.007849 0.000002
0.548499 0.380906
0.051439 0.011305
0.045523 0.000234 0.000000
0.313577 0.340461 0.234215
0.041139 0.019452 0.005400
0.225537 0.005552
0.229829 0.444915
0.053603 0.040563
0.964360
0.022721
0.012918
0.047905 0.916740
0.001460 0.007414
0.008454 0.018028
0.312197
0.131073
0.556730
0.545538 0.395588
0.008481 0.028505
0.010073 0.011815
0.040233 0.932162
0.001438 0.007399
0.006613 0.012155
0.217930 0.194738
0.108600 0.333979
0.066325 0.078429
0.349342 0.535257 0.026424
0.006254 0.020220 0.037495
0.007673 0.010272 0.007063
0.963069
0.012847
0.024084
0.014289 0.944155
0.001497 0.008747
0.009961 0.021352
0.223391 0.729561
0.004839 0.019828
0.009205 0.013176
0.972715
0.013878
0.013407
0.855458
0.112862
0.031680
0.206833
0.677772
0.115394
0.910445
0.066755
0.022799
0.052679 0.000208
0.416399 0.458014
0.052987 0.019713
0.942180
0.040500
0.017320
0.912542
0.057280
0.030178
0.000001
0.951263
0.048736
0.809741
0.153080
0.037179
0.943333
0.039863
0.016804
0.971294
0.016008
0.012698
0.872847 0.003456
0.032484 0.068882
0.014418 0.007913
0.058481 0.000000
0.516408 0.336417
0.076926 0.011769
0.565085 0.327900
0.017448 0.057235
0.015118 0.017215
0.020174
0.896816
0.083009
0.950375
0.034202
0.015423
0.841615
0.087151
0.071234
0.008135 0.953449
0.000817 0.005155
0.009607 0.022837
0.919377
0.059743
0.020880
0.632148
0.237633
0.130219
0.002448
0.930108
0.067444
0.971499
0.014279
0.014222
0.218287 0.005059 0.000005
0.137974 0.274163 0.300269
0.033972 0.022917 0.007355
0.093962 0.874251
0.001703 0.009243
0.007700 0.013141
0.351008 0.602548
0.006518 0.020801
0.008080 0.011044
0.005985 0.000001
0.543210 0.383230
0.053739 0.013836
0.968593
0.018521
0.012886
0.930192
0.050638
0.019169
0.036985 0.000148 0.000000
0.323851 0.347274 0.229370
0.041174 0.017193 0.004004
0.882038
0.090827
0.027135
0.000096 0.000000
0.759566 0.186230
0.050469 0.003639
0.007826 0.000000
0.534744 0.399390
0.049005 0.009036
0.202827
0.690851
0.106322
0.037512
0.866655
0.095833
0.963102
0.014819
0.022080
0.871311 0.037355
0.021323 0.049474
0.011518 0.009018
0.086061 0.000177
0.500949 0.345731
0.054436 0.012646
0.615712
0.316032
0.068255
0.266094 0.115487
0.097069 0.365585
0.076136 0.079628
0.166071 0.000711
0.269592 0.477847
0.054371 0.031409
0.112247 0.000426
0.321507 0.484771
0.054113 0.026937
0.130868 0.000207
0.523595 0.263323
0.070146 0.011860
0.270024
0.617248
0.112728
0.006451 0.000006
0.636806 0.297342
0.051458 0.007937
0.970504
0.013322
0.016173
0.912644
0.065215
0.022141
0.702051 0.002118 0.000000
0.068600 0.105122 0.088889
0.020482 0.010280 0.002458
0.001339 0.872630
0.001300 0.012049
0.029823 0.082859
0.299071 0.036755
0.129108 0.408292
0.067880 0.058893
0.953923
0.031230
0.014847
0.962519
0.022017
0.015464
0.971139
0.016266
0.012595
0.186906 0.775352
0.003499 0.014578
0.007884 0.011781
0.005093 0.951652
0.000407 0.003391
0.010537 0.028920
0.887352 0.030308
0.016657 0.045744
0.011501 0.008438
0.012120
0.906796
0.081084
0.001775
0.929896
0.068328
0.089525 0.878997
0.002239 0.010422
0.007084 0.011732
0.966750
0.020176
0.013075
0.836923 0.019491
0.042323 0.075689
0.015800 0.009774
0.461858
0.412881
0.125261
0.654088 0.227760
0.023955 0.064572
0.014166 0.015458
0.227019 0.001397
0.211995 0.469453
0.057132 0.033004
0.527588 0.014770
0.117468 0.276524
0.038602 0.025048
0.401857 0.548010
0.006700 0.022777
0.009053 0.011604
0.956856
0.028426
0.014718
0.648940
0.216187
0.134874
0.793714 0.125613
0.015424 0.043409
0.011944 0.009896
0.028658 0.000007
0.438061 0.462954
0.052749 0.017571
0.973364
0.013275
0.013361
0.968136
0.016228
0.015636
0.012319 0.000075 0.000000
0.468602 0.306679 0.148019
0.047736 0.013801 0.002768
0.750366
0.155366
0.094269
0.117179 0.000211
0.350712 0.462120
0.051643 0.018136
0.971505
0.015359
0.013136
0.081096 0.477162
0.048386 0.211077
0.071162 0.111116
0.793576 0.098147
0.028330 0.056867
0.013159 0.009921
0.972316
0.012426
0.015257
0.398020 0.079307
0.089729 0.316249
0.059779 0.056915
0.419198
0.051582
0.529220
0.348366 0.605399
0.006409 0.020707
0.008079 0.011041
0.000942 0.000000 0.000000
0.569544 0.289876 0.085014
0.047038 0.007056 0.000530
0.078859 0.890570
0.001602 0.009150
0.007514 0.012304
0.146727 0.817732
0.003015 0.013015
0.007620 0.011892
0.016236 0.000001
0.476868 0.444870
0.050486 0.011540
0.957796
0.010162
0.032041
0.000142
0.945915
0.053943
0.644032
0.185665
0.170303
0.646227 0.290963
0.009679 0.031323
0.010347 0.011461
0.174956 0.003135
0.268709 0.462913
0.053817 0.036469
0.812364
0.149568
0.038068
0.000961 0.063981 0.284894 0.219749
0.005228 0.023062 0.062934 0.131865
0.020881 0.049814 0.068699 0.067931
0.944663
0.036253
0.019083
0.756243
0.202430
0.041326
0.153524 0.050327 0.003184
0.122220 0.252989 0.326930
0.035117 0.035259 0.020450
0.945794
0.036947
0.017259
0.927110
0.053133
0.019757
0.970672
0.014974
0.014355
0.718664 0.081609
0.044252 0.117037
0.021656 0.016783
0.006003
0.901395
0.092602
0.891239 0.017765
0.019904 0.050970
0.011982 0.008140
0.000001
0.952424
0.047575
0.011626 0.000001
0.487886 0.434223
0.052018 0.014246
0.098976 0.010032 0.000326
0.216349 0.312128 0.290527
0.038092 0.024383 0.009188
0.433008
0.454654
0.112339
0.000107
0.939562
0.060331
0.000167
0.937139
0.062694
0.170483 0.018985
0.269920 0.448203
0.056008 0.036403
0.000017 0.000000
0.838653 0.086850
0.072883 0.001597
0.806000 0.121104
0.013561 0.038523
0.010619 0.010193
0.958959
0.026987
0.014054
0.972322
0.013008
0.014671
0.742942
0.133166
0.123892
0.777506 0.048348
0.057753 0.087295
0.018502 0.010595
0.000005 0.000000
0.816808 0.130746
0.050207 0.002235
0.140326 0.645996
0.019564 0.100205
0.038344 0.055565
0.965206
0.009361
0.025434
0.196142 0.240146
0.090782 0.314911
0.069947 0.088072
0.233221 0.691249
0.006918 0.033726
0.014765 0.020121
0.644529
0.199323
0.156147
0.000202
0.940964
0.058834
0.055814 0.000042
0.387858 0.481563
0.053427 0.021295
0.055082 0.000010
0.377921 0.496338
0.053173 0.017475
0.816814 0.007230
0.053035 0.094609
0.017763 0.010548
0.000000
0.953859
0.046140
0.817647 0.015990
0.052107 0.086347
0.017716 0.010192
0.895577
0.078341
0.026082
0.301978 0.233915
0.090063 0.264208
0.049625 0.060211
0.879202 0.018361
0.025510 0.055788
0.012248 0.008891
0.958202
0.020939
0.020859
0.391101 0.556810
0.005175 0.022777
0.010790 0.013348
0.000501 0.000000 0.000000
0.665251 0.221182 0.053837
0.052535 0.006200 0.000493
0.246278
0.638555
0.115167
0.892372 0.025194
0.016587 0.046009
0.011454 0.008385
0.018029
0.895665
0.086306
0.744809 0.184655
0.012683 0.036675
0.010576 0.010602
0.258275
0.635695
0.106030
0.089632 0.000083
0.346202 0.486418
0.053556 0.024108
0.000234
0.938132
0.061634
0.148394 0.001542 0.000000
0.154851 0.304146 0.324320
0.036181 0.023458 0.007108
0.462263
0.449981
0.087756
0.973462
0.013923
0.012615
0.954126
0.030166
0.015708
0.592712 0.288579 0.006522
0.010882 0.029754 0.047004
0.008798 0.009936 0.005814
0.111790 0.000949
0.331839 0.475272
0.053852 0.026299
0.343387
0.544895
0.111718
0.897447
0.077481
0.025072
0.000042
0.945935
0.054023
0.000515
0.942636
0.056848
0.001184
0.940051
0.058765
0.307953 0.012647
0.143275 0.423100
0.063539 0.049485
0.048890 0.000043
0.408324 0.469976
0.053041 0.019726
0.008116
0.918298
0.073586
0.975357
0.010215
0.014427
0.223610 0.067837
0.194136 0.404667
0.056787 0.052963
0.576676
0.331326
0.091998
0.486598
0.391740
0.121662
0.966481
0.020545
0.012974
0.816036 0.015259
0.053100 0.087465
0.017910 0.010230
0.970221
0.012074
0.017705
0.503687
0.381380
0.114932
0.967747
0.019213
0.013040
0.881684 0.014574
0.026193 0.056432
0.012341 0.008777
0.011528
0.028912
0.959560
0.032851 0.939706
0.000913 0.005838
0.007007 0.013686
0.000324
0.937049
0.062627
0.968647
0.017755
0.013598
0.000022
0.947038
0.052940
0.966847
0.019940
0.013213
0.799015
0.087924
0.113061
0.308525 0.028353
0.127571 0.409705
0.067692 0.058154
0.011603 0.955215
0.001057 0.006289
0.008210 0.017626
0.470059
0.401527
0.128414
0.951617
0.014010
0.034373
0.515590
0.368916
0.115494
0.863989 0.038184
0.023641 0.052955
0.012039 0.009192
0.953420
0.031412
0.015168
0.048458
0.835153
0.116389
0.825216 0.103386
0.011261 0.038045
0.011615 0.010477
0.001614 0.000000 0.000000
0.546874 0.292283 0.100245
0.048601 0.009336 0.001047
0.970349
0.012831
0.016820
0.002140 0.926294
0.000691 0.005081
0.017367 0.048428
0.971635
0.013776
0.014589
0.958001
0.027868
0.014130
0.000041 0.018694 0.324851 0.628391
0.000060 0.000356 0.001254 0.003301
0.001639 0.004849 0.007857 0.008706
0.971845
0.014390
0.013764
0.036364 0.000005
0.422138 0.470138
0.052932 0.018423
0.352856
0.184680
0.462463
0.916570
0.048002
0.035428
0.617804 0.003241
0.160160 0.173115
0.034943 0.010738
0.917717
0.061126
0.021157
0.951632
0.032744
0.015625
0.967571
0.019981
0.012448
0.013726 0.947070
0.000910 0.005488
0.009695 0.023110
0.002707
0.903653
0.093641
0.862728 0.041558
0.023830 0.050971
0.011362 0.009552
0.013241 0.000002
0.500004 0.421091
0.051904 0.013758
0.880588
0.092311
0.027101
0.601932
0.223424
0.174644
0.748648 0.017851
0.084950 0.115435
0.023415 0.009701
0.042798 0.930147
0.001121 0.006939
0.006871 0.012124
0.000612 0.130354 0.530544
0.004490 0.026156 0.086671
0.032936 0.082670 0.105567
0.685316
0.260943
0.053741
0.070670 0.514250
0.033984 0.177450
0.076971 0.126675
0.963657
0.017963
0.018379
0.134439 0.173176 0.002618
0.047920 0.175305 0.344359
0.040533 0.051481 0.030168
0.002548
0.925781
0.071672
0.880860 0.013244
0.027018 0.057582
0.012508 0.008788
0.973108
0.014264
0.012629
0.735005
0.217863
0.047131
0.883859 0.008129
0.026582 0.060318
0.013209 0.007903
0.872466 0.031194
0.023273 0.052192
0.011883 0.008992
0.002308 0.804671
0.000706 0.005602
0.040835 0.145877
0.879401 0.022081
0.024160 0.053524
0.011983 0.008851
0.870899 0.008496
0.032652 0.065243
0.013710 0.009001
0.018600 0.808695
0.007418 0.042176
0.037673 0.085439
0.553511
0.080018
0.366472
0.046115 0.000117
0.433542 0.449340
0.052651 0.018235
0.769230 0.009951
0.076590 0.109571
0.022107 0.012552
0.002002 0.000000 0.000000
0.619200 0.248161 0.066620
0.055506 0.007834 0.000677
0.965673
0.021622
0.012706
0.946953
0.035808
0.017239
0.789840
0.143613
0.066546
0.011894 0.957494
0.000889 0.005302
0.007690 0.016730
0.906009
0.019745
0.074246
0.622180
0.230854
0.146966
0.815765
0.145043
0.039193
0.259036 0.610079
0.014158 0.063826
0.022569 0.030333
0.964356
0.015013
0.020630
0.000007 0.005749 0.169772 0.505578
0.000678 0.004261 0.015962 0.044607
0.016008 0.050246 0.086200 0.100933
0.216162 0.743898
0.003948 0.015887
0.008141 0.011965
0.633267 0.301122
0.011546 0.033086
0.010179 0.010800
0.930810
0.035806
0.033384
0.000280
0.944331
0.055388
0.003407
0.926017
0.070576
0.797479 0.130151
0.013596 0.038114
0.010556 0.010103
0.319834
0.557210
0.122956
0.418435 0.054928
0.116983 0.315699
0.048871 0.045083
0.029842 0.875555
0.005927 0.031372
0.019731 0.037572
0.969837
0.017371
0.012792
0.970435
0.015407
0.014158
0.210263 0.744859
0.004536 0.018453
0.008873 0.013017
0.621750 0.015183
0.105498 0.208771
0.029153 0.019645
0.309718 0.645278
0.005447 0.019066
0.008541 0.011949
0.917888
0.049994
0.032118
0.052647 0.918498
0.001666 0.008298
0.006780 0.012110
0.667606 0.265213
0.010550 0.034258
0.011296 0.011078
0.259313 0.001103
0.418754 0.243311
0.064444 0.013076
0.443288 0.504253
0.007007 0.024313
0.009413 0.011726
0.047057 0.307019 0.039327
0.027879 0.122299 0.290575
0.043418 0.069924 0.052502
0.000032 0.058339 0.911207
0.000060 0.000508 0.002311
0.003086 0.009895 0.014563
0.908592
0.067494
0.023913
0.798479 0.130186
0.013132 0.037506
0.010518 0.010179
0.967290
0.009217
0.023493
0.000004
0.943612
0.056383
0.443631 0.503194
0.006787 0.024559
0.009704 0.012125
0.197685 0.763448
0.003672 0.015336
0.008062 0.011797
0.910513
0.054922
0.034564
0.000007
0.950749
0.049244
0.008456 0.427159 0.506408
0.001289 0.006399 0.018123
0.005901 0.012578 0.013688
0.973395
0.013445
0.013160
0.814885
0.145819
0.039297
0.400285
0.519432
0.080284
0.424513
0.461019
0.114467
0.213792 0.746563
0.003926 0.015487
0.008083 0.012150
0.919560
0.059525
0.020915
0.695454
0.212904
0.091642
0.761439 0.169814
0.012012 0.035669
0.010484 0.010582
0.965410
0.021847
0.012743
0.088871 0.878932
0.002097 0.009650
0.007352 0.013098
0.920934
0.057119
0.021946
0.876480
0.079374
0.044146
0.957716
0.027788
0.014496
0.375513
0.133048
0.491439
0.705931 0.222990
0.013419 0.036683
0.010519 0.010458
0.922284
0.057060
0.020657
0.304204 0.013061
0.150151 0.423666
0.062004 0.046913
0.402690 0.000014
0.254446 0.275737
0.053067 0.014044
0.966495
0.019939
0.013566
0.389002 0.560876
0.006401 0.022685
0.009179 0.011856
0.182742 0.778923
0.003539 0.014931
0.007996 0.011868
0.000000
0.961565
0.038435
0.617266 0.321273
0.009197 0.030337
0.010296 0.011631
0.001445
0.930137
0.068418
0.007750 0.000000
0.599741 0.328472
0.056850 0.007187
0.876590 0.022248
0.025167 0.054879
0.012208 0.008908
0.005124
0.919269
0.075608
0.001526 0.957829
0.000325 0.002971
0.010145 0.027203
0.968654
0.012419
0.018927
0.960369
0.025332
0.014299
0.969528
0.012306
0.018165
0.937744
0.015080
0.047176
0.547512
0.283690
0.168798
0.386214 0.000333
0.223859 0.332347
0.041407 0.015840
0.041447
0.861047
0.097506
0.972186
0.014702
0.013112
0.963287
0.023550
0.013163
0.000436
0.914429
0.085135
0.040173 0.932042
0.001430 0.007365
0.006663 0.012327
0.590168
0.283379
0.126454
0.293919 0.567832 0.055346
0.005603 0.018250 0.034397
0.007259 0.010099 0.007294
0.002323 0.000000
0.590881 0.352292
0.047714 0.006791
0.009879
0.905740
0.084381
0.043312 0.909837
0.002997 0.015247
0.010168 0.018439
0.496259
0.435441
0.068300
0.617688
0.263456
0.118857
0.970799
0.014851
0.014350
0.518872
0.366196
0.114932
0.000005
0.954710
0.045286
0.666549 0.197861
0.027151 0.076002
0.017198 0.015239
0.823988
0.139487
0.036525
0.241744 0.193298
0.084979 0.323816
0.073425 0.082737
0.199689
0.685445
0.114866
0.036150
0.862227
0.101623
0.805626
0.151810
0.042565
0.969934
0.011193
0.018873
0.727292 0.192826
0.016970 0.041617
0.011079 0.010215
0.048153 0.923793
0.001570 0.007906
0.006645 0.011933
0.942523
0.040533
0.016944
0.352749
0.534514
0.112738
0.054493
0.848143
0.097364
0.932676
0.047668
0.019656
0.952946
0.032103
0.014952
0.003135
0.921530
0.075335
0.953917
0.029648
0.016435
0.879429 0.037346
0.016902 0.046083
0.011643 0.008598
0.045723
0.847967
0.106310
0.304738
0.092276
0.602986
0.000191 0.046891 0.531644
0.001130 0.008694 0.036931
0.034571 0.124630 0.215317
0.023178 0.949434
0.001128 0.006199
0.006748 0.013313
0.295268 0.107704
0.117572 0.352601
0.061785 0.065070
0.388128
0.534692
0.077179
0.030013
0.899869
0.070118
0.180724 0.780958
0.003524 0.014929
0.008002 0.011863
0.027385 0.946827
0.000869 0.005686
0.006651 0.012583
0.879465 0.021234
0.024463 0.053950
0.012041 0.008848
0.964872
0.022097
0.013031
0.756505 0.161030
0.016812 0.043693
0.010791 0.011169
0.071799 0.000050
0.362855 0.488548
0.053678 0.023070
0.002772
0.928724
0.068504
0.963062
0.022959
0.013979
0.551908
0.371617
0.076475
0.057806
0.856007
0.086187
0.053699
0.864492
0.081808
0.089189 0.866458
0.003530 0.016430
0.009232 0.015161
0.705738
0.238297
0.055966
0.345875 0.607912
0.006265 0.020728
0.008134 0.011086
0.001662 0.229746 0.736174
0.000360 0.002019 0.006457
0.003631 0.008876 0.011076
0.953215
0.028822
0.017963
0.850511 0.035904
0.022381 0.065637
0.014394 0.011173
0.391301 0.363872
0.031557 0.134269
0.036424 0.042576
0.700039 0.234517
0.010677 0.033255
0.010421 0.011091
0.015750
0.880961
0.103289
0.013198 0.000000
0.476418 0.448438
0.050449 0.011498
0.236357
0.653011
0.110632
0.007323 0.000002
0.578389 0.358409
0.048154 0.007722
0.008560
0.909389
0.082051
0.007708 0.255313 0.299194
0.012427 0.059374 0.162936
0.037513 0.079284 0.086251
0.870175
0.098473
0.031352
0.004909 0.332319 0.216653
0.009313 0.054326 0.169653
0.041111 0.087021 0.084694
0.948944
0.035288
0.015768
0.414475
0.462410
0.123114
0.112653 0.853708
0.002031 0.011048
0.008061 0.012498
0.669223 0.153545 0.003085 0.000013
0.016568 0.035591 0.047546 0.049010
0.008416 0.008967 0.005555 0.002481
0.008904 0.000000
0.501231 0.424605
0.051803 0.013457
0.640074
0.295628
0.064297
0.967612
0.018402
0.013986
0.045384 0.568593
0.027249 0.157589
0.075633 0.125552
0.150825 0.007057 0.000021
0.147949 0.289417 0.329757
0.035669 0.027894 0.011410
0.529246
0.210567
0.260187
0.716890 0.000762
0.097206 0.146242
0.026260 0.012640
0.918164
0.060582
0.021253
0.041789 0.930989
0.001076 0.006671
0.006915 0.012559
0.917559
0.060295
0.022146
0.875855 0.003103
0.031453 0.067572
0.014178 0.007839
0.544259
0.339387
0.116355
0.000000
0.954649
0.045351
0.133164 0.827796
0.003329 0.014624
0.008197 0.012890
0.024609 0.434402 0.419622 0.060700
0.001131 0.004534 0.010905 0.019708
0.003668 0.007187 0.007763 0.005771
0.000003 0.094900
0.000351 0.004081
0.162988 0.737676
0.732625 0.000815
0.092772 0.135279
0.026233 0.012276
0.908642
0.012135
0.079223
0.000004 0.000000
0.846174 0.109157
0.043446 0.001219
0.003847 0.000000
0.570437 0.358687
0.054780 0.012249
0.206323 0.004421
0.236544 0.460523
0.055496 0.036693
0.000266
0.938709
0.061025
0.925350
0.016040
0.058610
0.000102
0.946584
0.053314
0.000279 0.132055 0.527067
0.002720 0.019776 0.076845
0.034556 0.092672 0.114028
0.710605 0.102705 0.000392
0.022529 0.055755 0.078880
0.011767 0.011557 0.005808
0.000225
0.936182
0.063593
0.248102 0.026558
0.198004 0.425963
0.056882 0.044491
0.000005
0.948903
0.051092
0.041329 0.000535
0.462765 0.421527
0.053801 0.020043
0.170956 0.790867
0.003353 0.013346
0.008066 0.013413
0.972167
0.014301
0.013532
0.055545
0.848304
0.096151
0.006299 0.000004 0.000000 0.000000 0.000000
0.381188 0.299194 0.156370 0.066693 0.024957
0.043549 0.016758 0.004090 0.000776 0.000122
0.000053 0.000000 0.000000
0.726908 0.181384 0.033113
0.053703 0.004577 0.000262
0.079907 0.000212
0.363526 0.479470
0.053564 0.023322
0.603134 0.000283
0.153368 0.191166
0.037277 0.014771
0.964653
0.022364
0.012983
0.932426
0.048803
0.018771
0.922148
0.057291
0.020561
0.016111 0.951228
0.000965 0.005622
0.008131 0.017943
0.190613 0.005037
0.253557 0.461068
0.055012 0.034714
0.245967 0.011953
0.208514 0.433901
0.054673 0.044991
0.954229
0.030156
0.015615
0.972323
0.014299
0.013377
0.972409
0.014896
0.012695
0.923487
0.056307
0.020206
0.866326
0.101654
0.032020
0.873010 0.006101
0.031498 0.067122
0.014253 0.008016
0.818286 0.017518
0.050992 0.085533
0.017471 0.010200
0.614040 0.007093 0.000005
0.081553 0.130852 0.126450
0.020331 0.014191 0.005485
0.005232
0.926133
0.068635
0.356369
0.176503
0.467127
0.969427
0.013041
0.017531
0.000067 0.000000
0.795565 0.116306
0.084657 0.003405
0.960541
0.023607
0.015852
0.943392
0.038542
0.018067
0.000013 0.037469 0.932457
0.000037 0.000334 0.001606
0.002897 0.009843 0.015345
0.391675
0.194889
0.413436
0.959882
0.025190
0.014928
0.934376
0.047226
0.018398
0.231102 0.572563
0.020718 0.098301
0.033136 0.044180
0.467808
0.445754
0.086438
0.953630
0.029180
0.017191
0.125622 0.000173
0.514141 0.264574
0.079777 0.015712
0.973296
0.013730
0.012974
0.824460
0.139212
0.036328
0.379874 0.498892
0.017374 0.063008
0.017972 0.022881
0.943971
0.039410
0.016618
0.020779 0.000003
0.462071 0.448765
0.052404 0.015978
0.000001
0.963680
0.036320
0.968773
0.018761
0.012466
0.526084 0.041871 0.000296 0.000000
0.054345 0.105089 0.123301 0.109881
0.016028 0.013981 0.006811 0.002312
0.953277
0.023639
0.023083
0.971378
0.012535
0.016088
0.515233 0.149410
0.053196 0.197832
0.042070 0.042259
0.003501
0.924743
0.071756
0.967775
0.015005
0.017220
0.693821
0.200666
0.105513
0.789829
0.026474
0.183697
0.612452 0.000183
0.148542 0.190737
0.036288 0.011798
0.076192 0.893482
0.001568 0.008998
0.007471 0.012289
0.968265
0.011307
0.020428
0.000008 0.015930 0.548927
0.001174 0.008776 0.037277
0.039741 0.130507 0.217661
0.034988 0.935737
0.000936 0.005929
0.007404 0.015007
0.539804
0.396778
0.063419
0.008025 0.958669
0.000802 0.004994
0.008404 0.019106
0.000568
0.939269
0.060163
0.935115
0.046450
0.018434
0.003246 0.000003 0.000000
0.568684 0.272933 0.096028
0.049120 0.008898 0.001087
0.782443 0.069066 0.000318
0.021010 0.045695 0.057593
0.010508 0.009189 0.004178
0.000307
0.934640
0.065053
0.025121 0.000003
0.440207 0.464588
0.052741 0.017340
0.955528
0.029767
0.014705
0.958688
0.026398
0.014914
0.004336
0.916478
0.079186
0.550487 0.283002 0.004959
0.015547 0.043838 0.070969
0.011025 0.012676 0.007496
0.947994
0.036133
0.015873
0.804683 0.019096
0.050909 0.096078
0.016803 0.012431
0.761438 0.169814
0.012012 0.035669
0.010485 0.010582
0.029262 0.000156
0.509856 0.399463
0.049858 0.011406
0.000023
0.949125
0.050853
0.000345 0.000000
0.727181 0.217328
0.050566 0.004581
0.936168
0.015011
0.048821
0.918155
0.060746
0.021099
0.012340
0.888312
0.099348
0.212153
0.690295
0.097552
0.000006
0.955899
0.044095
0.971282
0.015987
0.012731
0.008114 0.903480
0.002984 0.018478
0.020478 0.046466
0.875935
0.096284
0.027781
0.430388
0.455424
0.114188
0.000356
0.935838
0.063807
0.943104
0.038183
0.018714
0.598605 0.340807
0.008988 0.029745
0.010212 0.011642
0.754221 0.003517
0.081495 0.126013
0.022979 0.011776
0.000109
0.942295
0.057595
0.003920
0.919296
0.076784
0.508020 0.433211
0.009659 0.028315
0.009616 0.011178
0.613765
0.248956
0.137279
0.124639
0.761836
0.113526
0.966713
0.009755
0.023532
0.000261
0.944513
0.055226
0.028494 0.597222
0.026357 0.134622
0.073021 0.140284
0.181388
0.702539
0.116073
0.028340 0.000034
0.465392 0.437717
0.052362 0.016154
0.975566
0.010125
0.014309
0.929984
0.050902
0.019114
0.000019
0.945902
0.054080
0.000567 0.778716
0.000703 0.006070
0.048434 0.165510
0.022955 0.000001
0.444032 0.468318
0.051381 0.013313
0.969661
0.017413
0.012926
0.001782 0.157968 0.566593 0.235284
0.000311 0.001507 0.004362 0.009441
0.002473 0.005866 0.007627 0.006786
0.017921
0.870722
0.111357
0.941488
0.040398
0.018114
0.586968
0.290737
0.122294
0.000045 0.000000
0.826476 0.098164
0.073437 0.001877
0.851073 0.069270
0.016663 0.042792
0.010808 0.009394
0.844133
0.117015
0.038853
0.290473
0.596402
0.113126
0.859952
0.053792
0.086256
0.000003 0.009030 0.488085
0.000875 0.006892 0.030861
0.043487 0.151748 0.269019
0.912142
0.065484
0.022373
0.124525
0.762405
0.113070
0.000007
0.947460
0.052533
0.175036
0.711236
0.113727
0.674015 0.253777
0.013875 0.037101
0.010605 0.010626
0.615390
0.253996
0.130614
0.262994 0.593468 0.067118
0.005408 0.016723 0.030974
0.006493 0.009375 0.007448
0.008387 0.000000
0.504177 0.422393
0.051762 0.013280
0.000209
0.942812
0.056979
0.898081
0.069465
0.032453
0.431547
0.143215
0.425238
0.965004
0.014092
0.020904
0.126122
0.765088
0.108790
0.004245
0.019271
0.976483
0.947058
0.036770
0.016173
0.974903
0.010771
0.014326
0.049140 0.917238
0.002364 0.010388
0.007364 0.013506
0.613993
0.259762
0.126245
0.265362 0.691710
0.003800 0.017047
0.009287 0.012795
0.004196
0.924554
0.071249
0.732783
0.215410
0.051807
0.964410
0.012768
0.022822
0.096826
0.798925
0.104248
0.891157
0.029965
0.078878
0.856807
0.054017
0.089176
0.000146
0.945784
0.054070
0.668450
0.244123
0.087427
0.000212
0.937588
0.062200
0.113275 0.001448 0.000001
0.190170 0.317660 0.308921
0.036547 0.023846 0.008133
0.572954 0.364659
0.009343 0.030723
0.010870 0.011450
0.939408
0.042869
0.017723
0.930541
0.015556
0.053903
0.591060
0.315108
0.093832
0.166281 0.000007
0.432708 0.318844
0.069537 0.012623
0.959553
0.018814
0.021632
0.653365 0.282641
0.011456 0.032246
0.009514 0.010778
0.013007 0.962303
0.000622 0.004432
0.006466 0.013170
0.002916 0.158041 0.801276
0.000357 0.001743 0.005164
0.003965 0.010620 0.015919
0.710317 0.220025
0.013921 0.035714
0.009751 0.010273
0.797939
0.158328
0.043733
0.000278 0.900975
0.000279 0.003063
0.022332 0.073073
0.961885
0.024186
0.013928
0.965267
0.015002
0.019731
0.066060 0.709046 0.172764
0.001992 0.008212 0.019306
0.005332 0.009196 0.008092
0.070333 0.508889
0.035033 0.190260
0.077226 0.118259
0.226541 0.000012
0.367908 0.319620
0.067763 0.018157
0.272847 0.023082
0.181787 0.415808
0.055872 0.050604
0.972978
0.013550
0.013473
0.240420 0.020930
0.206965 0.429639
0.055341 0.046704
0.600763 0.288773
0.018543 0.059685
0.015266 0.016970
0.000610 0.414021
0.008487 0.064313
0.134654 0.377916
0.074421
0.815378
0.110201
0.000000 0.000064 0.028506
0.000193 0.001647 0.008369
0.061588 0.267286 0.632347
0.703449 0.228481
0.012088 0.034943
0.010392 0.010647
0.000051
0.942941
0.057009
0.015155 0.000002
0.478705 0.434599
0.053677 0.017863
0.027862 0.000005 0.000000
0.362788 0.356020 0.196189
0.042174 0.013011 0.001951
0.014367
0.908321
0.077312
0.245420 0.703636
0.004284 0.020957
0.010927 0.014776
0.531502
0.347670
0.120828
0.200533 0.260546
0.093415 0.300662
0.062733 0.082111
0.000099
0.948278
0.051623
0.001995
0.929799
0.068206
0.019230 0.631248
0.022944 0.122880
0.069856 0.133843
0.935252
0.046508
0.018239
0.002539 0.221330 0.622345
0.003448 0.016419 0.046514
0.014297 0.032580 0.040527
0.611370 0.304561
0.013822 0.043961
0.012457 0.013830
0.962610
0.012653
0.024736
0.188073
0.699168
0.112759
0.000262
0.938060
0.061678
0.193669 0.767934
0.003605 0.015029
0.007985 0.011779
0.034567 0.000159 0.000000 0.000000
0.250514 0.293305 0.222245 0.134116
0.034894 0.020644 0.007498 0.002058
0.943833
0.014403
0.041764
0.023133 0.000006
0.463291 0.445245
0.052390 0.015935
0.670655 0.257280
0.012751 0.037149
0.011457 0.010707
0.969260
0.013413
0.017327
0.034376 0.909035
0.001978 0.010627
0.013059 0.030924
0.968398
0.015402
0.016199
0.000023 0.000000
0.817388 0.113074
0.066983 0.002533
0.000060
0.918038
0.081902
0.964034
0.020505
0.015462
0.790956 0.106098
0.022246 0.056672
0.013582 0.010445
0.665257 0.215404 0.002931
0.012926 0.032061 0.047499
0.008537 0.009539 0.005845
0.954683
0.013172
0.032145
0.964583
0.020325
0.015092
0.967109
0.019363
0.013528
0.954805
0.030395
0.014801
0.917552
0.051157
0.031291
0.204888
0.709006
0.086106
0.002373 0.957807
0.000346 0.003053
0.009915 0.026506
0.944513
0.038951
0.016536
0.193666 0.768284
0.003578 0.014743
0.007912 0.011817
0.000071
0.941292
0.058637
0.967748
0.019290
0.012962
0.928877
0.051739
0.019384
0.972459
0.012675
0.014866
0.000065 0.000000
0.741555 0.203780
0.050597 0.004004
0.955517
0.022790
0.021693
0.010937 0.960313
0.000547 0.004041
0.007404 0.016758
0.946093
0.037698
0.016208
0.003639 0.000000
0.543329 0.390652
0.051264 0.011116
0.004340
0.920709
0.074952
0.697188 0.234271
0.012071 0.035200
0.010468 0.010803
0.231375 0.725697
0.003456 0.016738
0.009541 0.013193
0.097462 0.726251
0.014011 0.075056
0.033752 0.053469
0.610141
0.261381
0.128479
0.003064 0.000001
0.625861 0.311986
0.051071 0.008018
0.406994 0.058331
0.121961 0.319456
0.048816 0.044443
0.001946 0.000000
0.578508 0.364565
0.047918 0.007063
0.965153
0.019269
0.015578
0.748077 0.150838
0.016134 0.055814
0.014987 0.014150
0.972186
0.014848
0.012966
0.013722 0.961069
0.000645 0.004573
0.006580 0.013411
0.000074 0.000000
0.721658 0.223142
0.050634 0.004492
0.362868 0.588681
0.005197 0.020929
0.009807 0.012518
0.964512
0.021685
0.013803
0.000001
0.953318
0.046681
0.794711 0.112759
0.020513 0.049779
0.012701 0.009537
0.964254
0.022387
0.013359
0.968020
0.018386
0.013594
0.852835 0.048818
0.023821 0.053024
0.012148 0.009354
0.969876
0.016097
0.014027
0.003988 0.000003
0.644693 0.292747
0.050972 0.007598
0.953189
0.029056
0.017754
0.000378
0.933828
0.065794
0.000667
0.935359
0.063974
0.013620 0.951641
0.000914 0.005451
0.008658 0.019716
0.849159 0.056756
0.022138 0.050704
0.011847 0.009396
0.024757 0.947240
0.001149 0.006283
0.006888 0.013683
0.023445 0.951468
0.000820 0.005456
0.006505 0.012306
0.001064
0.933073
0.065863
0.931843
0.015690
0.052467
0.826727 0.046616
0.029452 0.071312
0.014238 0.011655
0.023361 0.944911
0.001095 0.006106
0.007825 0.016702
0.945962
0.037729
0.016309
0.004695 0.366277 0.575436
0.001006 0.005223 0.015445
0.005581 0.012372 0.013965
0.007222
0.890210
0.102568
0.968528
0.018496
0.012977
0.077669 0.870557
0.004058 0.019178
0.010614 0.017923
0.972837
0.013631
0.013532
0.952538
0.032428
0.015034
0.017243 0.000035
0.550681 0.373874
0.048886 0.009281
0.454012
0.468780
0.077209
0.238396 0.013715
0.207556 0.441315
0.056767 0.042251
0.000001
0.953197
0.046802
0.571638
0.170299
0.258063
0.001461
0.926368
0.072171
0.590451
0.212291
0.197258
0.966637
0.020252
0.013111
0.865703 0.053969
0.017005 0.043351
0.010776 0.009196
0.103753 0.000139 0.000000
0.458809 0.244564 0.096053
0.076647 0.017323 0.002712
0.262985 0.690711
0.003852 0.018645
0.010185 0.013622
0.000381 0.000000
0.675458 0.261999
0.054719 0.007442
0.007708
0.925945
0.066348
0.148123 0.790832
0.005921 0.025048
0.011600 0.018476
0.002701 0.269707 0.697719
0.000366 0.001985 0.006152
0.003408 0.008104 0.009857
0.968815
0.018319
0.012866
0.292011 0.001924
0.262232 0.376521
0.045334 0.021979
0.582261
0.288051
0.129688
0.007053 0.000000
0.530485 0.398963
0.051503 0.011996
0.956853
0.012996
0.030151
0.200028 0.004530
0.244320 0.460425
0.055127 0.035570
0.961408
0.014677
0.023915
0.020696 0.953683
0.000750 0.005080
0.006645 0.013146
0.016573 0.953481
0.000984 0.005662
0.007466 0.015833
0.559025 0.026440
0.102835 0.247266
0.035644 0.028789
0.201857 0.758950
0.003729 0.015540
0.008109 0.011815
0.107152 0.857350
0.002336 0.010232
0.008002 0.014928
0.923472
0.055386
0.021142
0.000048 0.000000
0.732086 0.213041
0.050628 0.004196
0.971040
0.012322
0.016638
0.001746 0.000000
0.609618 0.335068
0.047365 0.006203
0.949608
0.009945
0.040447
0.059728
0.848718
0.091554
0.044366 0.737834 0.168577
0.001332 0.006598 0.017589
0.005500 0.009922 0.008282
0.408468 0.500548
0.013633 0.046126
0.013826 0.017398
0.322979 0.008071
0.303962 0.304638
0.043898 0.016452
0.018129 0.952263
0.001014 0.005778
0.007364 0.015450
0.090274 0.875330
0.002598 0.010554
0.007488 0.013756
0.681044 0.253823
0.010774 0.033022
0.010330 0.011007
0.024019 0.576115 0.358718
0.001113 0.005063 0.013154
0.004472 0.008696 0.008649
0.878138
0.051069
0.070793
0.965634
0.020815
0.013552
0.939000
0.032355
0.028645
0.078632
0.835546
0.085822
0.950654
0.026843
0.022503
0.710150
0.240940
0.048909
0.032108
0.865393
0.102499
0.263087 0.000440
0.393342 0.263804
0.064796 0.014532
0.421985 0.000178
0.249589 0.262834
0.048968 0.016445
0.835101 0.010233
0.045641 0.083173
0.017155 0.008698
0.871737 0.011972
0.030842 0.063067
0.013347 0.009035
0.167173 0.291139
0.063020 0.291036
0.082715 0.104917
0.157666
0.729849
0.112485
0.423916 0.000073
0.253405 0.258565
0.050922 0.013119
0.958777
0.015002
0.026221
0.128586
0.791604
0.079810
0.820837 0.003814
0.052500 0.094731
0.017704 0.010413
0.000006 0.000000
0.835016 0.120266
0.043334 0.001378
0.007023 0.902625
0.002883 0.018118
0.021033 0.048317
0.928561
0.010845
0.060594
0.000434
0.950678
0.048888
0.048159
0.849015
0.102826
0.416364 0.474997 0.012128
0.007157 0.022726 0.041144
0.008135 0.010472 0.006877
0.961393
0.020735
0.017872
0.590728 0.347754
0.010007 0.030461
0.009964 0.011086
0.001273
0.927220
0.071507
0.851914 0.012844
0.038402 0.072361
0.014978 0.009501
0.965253
0.020917
0.013830
0.668497 0.004573
0.101725 0.183296
0.026291 0.015619
0.737324 0.000998
0.088301 0.136554
0.024608 0.012215
0.948540
0.035276
0.016185
0.018697 0.950339
0.001018 0.005805
0.007691 0.016451
0.882354
0.072774
0.044871
0.000925
0.011145
0.987930
0.016958 0.947657
0.000973 0.005684
0.008767 0.019961
0.156732
0.741837
0.101431
0.971321
0.016321
0.012358
0.000038 0.000000
0.742946 0.208724
0.045475 0.002816
0.030042 0.941725
0.001270 0.006782
0.006868 0.013314
0.845717 0.072064
0.017656 0.044145
0.011004 0.009414
0.059541 0.555901 0.338393
0.001653 0.006676 0.015692
0.004788 0.008832 0.008524
0.604951 0.002950
0.166953 0.178544
0.035760 0.010841
0.725854 0.207433
0.011161 0.034185
0.010456 0.010910
0.058086 0.000010
0.466794 0.412459
0.051173 0.011477
0.782173 0.004084
0.071297 0.109812
0.021577 0.011058
0.058784
0.842100
0.099115
0.054713
0.860856
0.084431
0.948337
0.010544
0.041119
0.000003
0.962023
0.037974
0.043761 0.000017
0.406863 0.476414
0.053172 0.019773
0.747593 0.176224
0.016446 0.039475
0.010167 0.010095
0.080455
0.828217
0.091328
0.230802 0.172114
0.099853 0.343247
0.070533 0.083451
0.958007
0.027118
0.014876
0.693403 0.239739
0.011582 0.034161
0.010349 0.010765
0.960554
0.025658
0.013788
0.737123 0.013788
0.056618 0.151068
0.024375 0.017029
0.118894 0.758351
0.009970 0.052546
0.023731 0.036508
0.969629
0.015836
0.014535
0.472620 0.470278
0.006034 0.025972
0.011513 0.013584
0.521460
0.340463
0.138077
0.013766
0.910486
0.075748
0.769655 0.161074
0.010000 0.035928
0.011882 0.011461
0.929266
0.045485
0.025250
0.010151 0.000001
0.501640 0.422869
0.051863 0.013477
0.004501
0.919332
0.076167
0.908268
0.067567
0.024165
0.972602
0.010683
0.016716
0.957803
0.027317
0.014880
0.962497
0.024194
0.013309
0.018937 0.000135
0.563653 0.354093
0.051599 0.011582
0.010073
0.917663
0.072264
0.968471
0.017611
0.013918
0.567786
0.132509
0.299705
0.925983
0.053750
0.020267
0.969907
0.012895
0.017198
0.025816 0.944784
0.001178 0.006437
0.007211 0.014574
0.036855 0.588226
0.024548 0.146302
0.075330 0.128740
0.014366 0.000062
0.595059 0.334546
0.048016 0.007951
0.005991 0.954431
0.000753 0.004893
0.009935 0.023997
0.000515 0.000000
0.632883 0.308614
0.050733 0.007255
0.882525
0.089856
0.027619
0.017313 0.576939 0.365975
0.000991 0.004653 0.012427
0.004383 0.008645 0.008675
0.027644 0.938912
0.001566 0.007460
0.007952 0.016466
0.006369 0.000000
0.544090 0.392154
0.048759 0.008628
0.000013 0.000000
0.781830 0.158429
0.055951 0.003778
0.939256
0.043254
0.017490
0.744763
0.211218
0.044020
0.305399 0.066100
0.130889 0.375796
0.061252 0.060564
0.937527
0.014825
0.047648
0.005865
0.922610
0.071525
0.898346
0.076659
0.024996
0.737464 0.083997
0.047011 0.099508
0.018018 0.014002
0.970700
0.016574
0.012726
0.052902 0.685595 0.212498
0.001735 0.007317 0.017607
0.005098 0.009047 0.008201
0.125135
0.759747
0.115118
0.005838 0.951922
0.000750 0.004917
0.010558 0.026015
0.099171 0.463109
0.058006 0.212293
0.064050 0.103371
0.206449
0.683077
0.110474
0.129546
0.761054
0.109400
0.312671 0.545731
0.019563 0.073115
0.021044 0.027875
0.970822
0.014758
0.014419
0.633444
0.229835
0.136721
0.037389 0.923813
0.002212 0.011475
0.008777 0.016335
0.458124
0.421829
0.120047
0.156396 0.807845
0.003049 0.012741
0.007663 0.012305
0.957407
0.019693
0.022901
0.852088 0.011667
0.031686 0.079297
0.015248 0.010015
0.447241 0.499621
0.006870 0.024600
0.009647 0.012021
0.109168 0.857707
0.002855 0.011293
0.006997 0.011980
0.968803
0.018016
0.013181
0.850537 0.036837
0.029497 0.060433
0.013256 0.009441
0.855048 0.008832
0.038621 0.073070
0.015006 0.009423
0.000361
0.940846
0.058792
0.863007
0.097228
0.039765
0.115837 0.851106
0.002971 0.011678
0.006897 0.011511
0.000236
0.937998
0.061766
0.478469
0.442355
0.079175
0.221974 0.188185
0.087755 0.337055
0.077197 0.087834
0.959209
0.025348
0.015442
0.972979
0.014135
0.012886
0.042461 0.000080
0.437863 0.453573
0.051512 0.014510
0.000022
0.943634
0.056344
0.946515
0.036322
0.017163
0.007805 0.000001
0.532015 0.396667
0.051531 0.011982
0.938954
0.043500
0.017546
0.962841
0.012823
0.024335
0.000936
0.015351
0.983713
0.520638 0.422614
0.009243 0.027503
0.008993 0.011009
0.543780 0.006822
0.208024 0.187123
0.040948 0.013303
0.975299
0.011905
0.012797
0.234453
0.665256
0.100291
0.091944 0.876833
0.002245 0.010423
0.007027 0.011528
0.635003
0.216942
0.148056
0.106010
0.780839
0.113151
0.156810
0.740417
0.102773
0.067767 0.000035
0.364483 0.490956
0.053766 0.022993
0.938865
0.041341
0.019795
0.004197 0.965232
0.000403 0.003304
0.007863 0.019001
0.007603 0.000000 0.000000
0.424367 0.350170 0.162188
0.043326 0.010991 0.001354
0.680959 0.253822
0.008979 0.032792
0.011613 0.011835
0.903679
0.061179
0.035142
0.375711 0.573770
0.005218 0.022064
0.010309 0.012929
0.884202 0.008838
0.026000 0.059881
0.013113 0.007966
0.653918
0.204188
0.141894
0.480871 0.315128
0.038046 0.114080
0.024442 0.027433
0.966720
0.019777
0.013503
0.965321
0.021825
0.012854
0.935840
0.037282
0.026878
0.312846
0.566963
0.120191
0.867001 0.012211
0.032775 0.065120
0.013778 0.009115
0.008156
0.914631
0.077213
0.816631 0.109004
0.012725 0.039929
0.011617 0.010094
0.926939
0.052090
0.020971
0.117572 0.848791
0.002655 0.011934
0.007369 0.011679
0.005621 0.000000
0.541610 0.395313
0.048878 0.008577
0.388289 0.560596
0.008180 0.023178
0.008442 0.011315
0.597238 0.342199
0.009126 0.029784
0.010140 0.011513
0.000120 0.028674 0.352239 0.590489
0.000116 0.000581 0.001797 0.004253
0.001746 0.004696 0.007266 0.008023
0.833447 0.084657
0.018579 0.043238
0.010431 0.009648
0.946105
0.036485
0.017410
0.678722 0.000995
0.118150 0.155990
0.030793 0.015350
0.134975 0.004880
0.309701 0.465676
0.054754 0.030013
0.169207
0.732190
0.098603
0.961894
0.021965
0.016141
0.067182
0.836377
0.096442
0.406767
0.501439
0.091794
0.269366 0.686966
0.004988 0.017704
0.008472 0.012504
0.754966 0.175274
0.012550 0.036258
0.010491 0.010461
0.464121
0.413187
0.122693
0.043696 0.000276 0.000000
0.322674 0.347472 0.227036
0.040732 0.015129 0.002985
0.000513 0.336181
0.007218 0.056352
0.149228 0.450508
0.969816
0.017349
0.012835
0.004651 0.000000
0.534886 0.392728
0.053588 0.014146
0.615669
0.207569
0.176762
0.868584
0.101400
0.030016
0.970693
0.016935
0.012371
0.254252 0.703593
0.004382 0.017435
0.008443 0.011895
0.592220
0.281090
0.126690
0.173827 0.611893 0.148127
0.003189 0.012212 0.026162
0.006601 0.010257 0.007733
0.023835
0.889840
0.086325
0.548391 0.393431
0.008257 0.028052
0.010055 0.011814
0.009425
0.908632
0.081943
0.544994
0.343087
0.111919
0.972773
0.012477
0.014750
0.808449
0.154194
0.037357
0.580456 0.359593
0.009180 0.029418
0.009989 0.011364
0.051851 0.917597
0.001160 0.006894
0.007607 0.014891
0.009313 0.956919
0.000846 0.005204
0.008484 0.019234
0.252212 0.702756
0.003666 0.017894
0.010001 0.013470
0.046165 0.000730
0.453220 0.425260
0.053812 0.020813
0.951922
0.032943
0.015135
0.874211 0.034506
0.021321 0.049497
0.011495 0.008970
0.903612
0.065873
0.030515
0.268053 0.010026
0.186004 0.434077
0.057160 0.044680
0.843700 0.078028
0.016084 0.041930
0.010752 0.009505
0.222956 0.001421
0.228858 0.462482
0.054861 0.029421
0.000016
0.947520
0.052464
0.523088 0.420066
0.008289 0.027301
0.009747 0.011509
0.967969
0.017374
0.014657
0.878565 0.023617
0.023715 0.053260
0.011920 0.008923
0.610396 0.254101 0.003669
0.013030 0.035762 0.056372
0.009673 0.010797 0.006201
0.954776
0.030241
0.014983
0.970537
0.013098
0.016365
0.000161
0.910906
0.088933
0.000529 0.000000
0.648777 0.287825
0.054403 0.008466
0.943713
0.039607
0.016680
0.261132
0.632930
0.105938
0.015155
0.900915
0.083931
0.153411 0.622068 0.162940
0.003621 0.011969 0.023808
0.005574 0.008844 0.007764
0.889884
0.083646
0.026471
0.970269
0.011396
0.018335
0.025663 0.946737
0.001171 0.006367
0.006775 0.013288
0.028310 0.000139
0.513437 0.397157
0.049763 0.011194
0.967002
0.019485
0.013513
0.033844 0.936075
0.001167 0.007428
0.007532 0.013955
0.620682 0.317697
0.009249 0.030449
0.010306 0.011616
0.192052 0.003011
0.251140 0.464666
0.054828 0.034303
0.411529
0.471527
0.116944
0.970315
0.012702
0.016983
0.000218
0.942881
0.056900
0.003273
0.933943
0.062784
0.000278 0.863046
0.000281 0.003184
0.029407 0.103803
0.820441
0.117210
0.062349
0.640654
0.302490
0.056856
0.375012
0.547585
0.077402
0.000265 0.000000
0.674443 0.268731
0.050659 0.005902
0.762412
0.195812
0.041776
0.712668
0.146600
0.140732
0.000176 0.000000
0.687156 0.256496
0.050685 0.005487
0.931295
0.049809
0.018896
0.165898 0.000032
0.424924 0.312934
0.075737 0.020474
0.824383 0.105194
0.011123 0.037427
0.011506 0.010366
0.017744 0.953449
0.000661 0.004606
0.007381 0.016159
0.870038 0.007689
0.033285 0.066128
0.013844 0.009017
0.049394 0.000066
0.402313 0.470587
0.053816 0.023824
0.958941
0.025992
0.015066
0.000013
0.958153
0.041834
0.164876 0.798660
0.003228 0.013793
0.007734 0.011710
0.972397
0.014704
0.012900
0.198950 0.232240
0.076698 0.316884
0.079600 0.095628
0.559603
0.313662
0.126735
0.761974 0.160568
0.015598 0.040748
0.010908 0.010203
0.379049
0.506442
0.114509
0.037928 0.569106
0.038128 0.163615
0.068033 0.123190
0.201306 0.759018
0.003790 0.015781
0.008176 0.011929
0.001335 0.000000
0.638470 0.298935
0.053893 0.007366
0.434981
0.440337
0.124681
0.973845
0.012509
0.013646
0.955834
0.028426
0.015739
0.463190 0.482094
0.007928 0.025784
0.009453 0.011552
0.004600 0.580223
0.013687 0.086874
0.093172 0.221445
0.056884 0.914532
0.001715 0.008459
0.006690 0.011720
0.441129 0.371633 0.041728 0.001342
0.009736 0.024649 0.038304 0.045702
0.007327 0.009033 0.006308 0.003110
0.031227 0.934523
0.001493 0.007993
0.008179 0.016584
0.001099
0.910936
0.087965
0.053498 0.916643
0.001640 0.008157
0.007046 0.013015
0.194700 0.767795
0.004120 0.014998
0.007280 0.011108
0.000008
0.950019
0.049973
0.013280 0.000044
0.604807 0.326521
0.047843 0.007504
0.966336
0.020818
0.012846
0.000267
0.940971
0.058762
0.898717
0.068079
0.033203
0.001425 0.000000
0.621219 0.324038
0.047511 0.005808
0.510359 0.432672
0.006980 0.026810
0.010842 0.012336
0.831691 0.010533
0.045806 0.085344
0.016393 0.010233
0.059357 0.000031
0.380359 0.489675
0.053038 0.017539
0.432183
0.450115
0.117702
0.000203
0.939429
0.060368
0.006308
0.914364
0.079327
0.024314 0.949940
0.000813 0.005398
0.006656 0.012879
0.974313
0.012758
0.012928
0.960878
0.022914
0.016208
0.162273
0.725942
0.111785
0.972832
0.014261
0.012908
0.000564 0.000000 0.000000
0.699409 0.181041 0.029196
0.083477 0.006071 0.000241
0.721108
0.224209
0.054683
0.960772
0.024803
0.014425
0.009863
0.911235
0.078901
0.823125 0.103706
0.013936 0.038799
0.010541 0.009892
0.886797
0.087281
0.025922
0.973392
0.013479
0.013129
0.604605 0.279095 0.005837
0.011481 0.029514 0.045375
0.008268 0.009646 0.006180
0.034269 0.000107
0.454450 0.437415
0.053703 0.020055
0.615641
0.245658
0.138702
0.002183 0.000000
0.668290 0.249579
0.072192 0.007755
0.001907
0.911268
0.086825
0.960929
0.011212
0.027859
0.967209
0.020234
0.012557
0.000004
0.001839
0.998157
0.051821
0.863393
0.084786
0.000031
0.943928
0.056041
0.917793
0.060879
0.021328
0.399987
0.485371
0.114642
0.247604 0.139882
0.109938 0.356720
0.068425 0.077432
0.728925
0.220253
0.050822
0.962018
0.018306
0.019676
0.688181 0.009002
0.107317 0.156188
0.026130 0.013182
0.971451
0.015142
0.013407
0.932270
0.047804
0.019927
0.545221
0.385254
0.069524
0.958018
0.026950
0.015033
0.874219
0.096755
0.029026
0.000012
0.949982
0.050005
0.490815
0.388848
0.120338
0.857472 0.005711
0.038932 0.073489
0.015077 0.009319
0.149354 0.313777
0.060030 0.283630
0.084040 0.109169
0.928631
0.051458
0.019911
0.265693 0.032079
0.171335 0.419691
0.059724 0.051480
0.964106
0.021552
0.014342
0.000008
0.953264
0.046728
0.933190
0.046134
0.020676
0.705067 0.071160
0.057548 0.127830
0.021372 0.017022
0.967261
0.016572
0.016166
0.000876 0.000000
0.699533 0.243439
0.050666 0.005487
