0.500320 0.344742 0.154938
0.921928 0.078072
0.793042 0.206958
1.000000
0.496314 0.503686
1.000000
1.000000
1.000000
1.000000
1.000000
0.906018 0.093982
1.000000
1.000000
0.514191 0.485809
1.000000
1.000000
0.508034 0.491966
0.725454 0.274546
0.686489 0.313511
1.000000
0.095709 0.904291
0.039097 0.960903
0.242366 0.757634
0.083294 0.916706
0.064120 0.935880
0.045207 0.954793
1.000000
1.000000
1.000000
1.000000
0.034728 0.965272
1.000000
1.000000
1.000000
0.113747 0.886253
0.768753 0.231247
1.000000
1.000000
0.077782 0.922218
1.000000
1.000000
1.000000
0.004011 0.203120 0.792869
1.000000
1.000000
1.000000
0.906815 0.093185
1.000000
1.000000
1.000000
0.754259 0.245741
1.000000
1.000000
1.000000
1.000000
1.000000
1.000000
1.000000
0.522486 0.477514
1.000000
1.000000
1.000000
1.000000
0.162624 0.837376
1.000000
0.022499 0.977501
1.000000
1.000000
0.678954 0.321046
1.000000
0.729886 0.270114
1.000000
1.000000
1.000000
1.000000
1.000000
1.000000
1.000000
1.000000
1.000000
0.860089 0.139911
0.600249 0.399751
1.000000
1.000000
0.520631 0.479369
0.076245 0.923755
1.000000
0.914882 0.085118
0.053502 0.946498
0.870234 0.129766
0.027336 0.972664
1.000000
1.000000
1.000000
1.000000
0.579819 0.420181
1.000000
1.000000
1.000000
1.000000
0.639722 0.360278
1.000000
0.019183 0.980817
1.000000
0.818479 0.181521
0.568753 0.431247
1.000000
1.000000
0.222186 0.777814
1.000000
0.892382 0.107618
0.619965 0.380035
1.000000
1.000000
1.000000
0.408047 0.591953
1.000000
0.072386 0.927614
1.000000
1.000000
0.676307 0.323693
1.000000
0.019182 0.980818
0.049920 0.950080
1.000000
1.000000
0.017325 0.982675
1.000000
0.819870 0.119835 0.060294
1.000000
1.000000
1.000000
0.838077 0.161923
0.298887 0.701113
0.334289 0.322748 0.342963
0.629644 0.264420 0.083175 0.022761
1.000000
0.064194 0.935806
0.384487 0.615513
1.000000
1.000000
0.685461 0.314539
0.337170 0.345457 0.317373
0.685186 0.314814
1.000000
1.000000
0.266060 0.733940
1.000000
0.837814 0.162186
1.000000
1.000000
0.766576 0.233424
1.000000
0.682880 0.317120
1.000000
1.000000
0.535477 0.464523
1.000000
1.000000
0.819727 0.180273
0.903104 0.096896
1.000000
1.000000
0.520802 0.479198
1.000000
0.638965 0.361035
1.000000
0.772373 0.227627
1.000000
0.512248 0.487752
1.000000
0.932069 0.067931
1.000000
1.000000
0.497267 0.502733
1.000000
0.169529 0.830471
1.000000
1.000000
0.734065 0.156963 0.108972
1.000000
1.000000
1.000000
0.388461 0.611539
1.000000
1.000000
0.045866 0.954134
1.000000
1.000000
0.712956 0.287044
0.052318 0.947682
1.000000
1.000000
0.926082 0.073918
0.029997 0.970003
1.000000
1.000000
1.000000
1.000000
1.000000
0.583311 0.416689
1.000000
0.917287 0.082713
0.318376 0.681624
0.024231 0.975769
1.000000
0.336827 0.663173
0.015945 0.984055
0.540422 0.459578
0.245791 0.754209
0.712405 0.287595
0.033867 0.966133
0.619088 0.380912
1.000000
1.000000
1.000000
0.760826 0.239174
0.460896 0.454537 0.084567
0.458534 0.541466
0.005016 0.163476 0.831508
1.000000
0.079251 0.920749
0.484963 0.515037
1.000000
0.251762 0.748238
0.724275 0.275725
1.000000
0.336318 0.663682
1.000000
1.000000
0.072748 0.927252
1.000000
1.000000
1.000000
0.882432 0.117568
1.000000
0.023607 0.976393
1.000000
1.000000
0.691591 0.308409
0.168248 0.831752
1.000000
1.000000
1.000000
1.000000
1.000000
0.015720 0.984280
1.000000
0.736151 0.263849
0.268339 0.731661
1.000000
1.000000
0.544153 0.455847
0.889699 0.110301
1.000000
0.021660 0.978340
1.000000
1.000000
1.000000
1.000000
0.725886 0.274114
1.000000
1.000000
1.000000
0.620879 0.379121
1.000000
0.051408 0.685129 0.263463
1.000000
0.406166 0.593834
0.237486 0.762514
1.000000
1.000000
1.000000
1.000000
0.067894 0.932106
0.741997 0.258003
0.161114 0.838886
0.006256 0.326479 0.667265
0.193475 0.806525
0.594314 0.249510 0.156176
1.000000
0.026487 0.973513
0.528153 0.471847
1.000000
1.000000
1.000000
0.818463 0.181537
1.000000
0.721786 0.278214
1.000000
1.000000
1.000000
0.893231 0.106769
0.267747 0.732253
0.738428 0.261572
0.195171 0.804829
0.243366 0.756634
1.000000
0.675210 0.324790
1.000000
1.000000
1.000000
1.000000
0.554382 0.445618
1.000000
1.000000
0.025395 0.974605
0.029698 0.970302
0.403429 0.596571
1.000000
1.000000
0.496096 0.503904
1.000000
1.000000
0.340906 0.659094
0.040672 0.174562 0.784766
1.000000
1.000000
1.000000
0.829866 0.098696 0.071438
1.000000
1.000000
0.032763 0.967237
1.000000
1.000000
1.000000
0.701450 0.298550
0.629455 0.370545
0.577752 0.422248
0.061088 0.938912
1.000000
0.055578 0.499585 0.444837
1.000000
1.000000
0.019982 0.980018
1.000000
1.000000
0.635339 0.364661
1.000000
0.015462 0.984538
1.000000
0.929882 0.070118
0.520323 0.479677
0.295439 0.704561
1.000000
0.013777 0.986223
1.000000
0.874328 0.125672
0.733863 0.266137
0.616650 0.383350
1.000000
1.000000
1.000000
1.000000
1.000000
0.883214 0.116786
1.000000
1.000000
1.000000
1.000000
0.790906 0.209094
0.496645 0.447552 0.055802
1.000000
0.505435 0.494565
1.000000
0.630364 0.369636
0.889643 0.110357
1.000000
0.248102 0.751898
1.000000
0.006775 0.214487 0.778738
1.000000
0.003978 0.210162 0.785860
1.000000
0.352369 0.647631
0.930942 0.069058
0.541492 0.458508
1.000000
1.000000
0.918582 0.081418
1.000000
0.582286 0.417714
0.100464 0.899536
0.020772 0.979228
1.000000
0.865090 0.134910
1.000000
1.000000
1.000000
0.798613 0.201387
1.000000
0.898089 0.101911
0.023504 0.976496
0.044583 0.617668 0.337749
1.000000
1.000000
1.000000
1.000000
1.000000
1.000000
0.049117 0.950883
1.000000
1.000000
1.000000
1.000000
1.000000
0.647247 0.352753
1.000000
0.023581 0.976419
1.000000
0.094920 0.905080
0.900600 0.099400
0.428481 0.571519
0.474318 0.525682
0.393110 0.606890
0.725042 0.274958
1.000000
1.000000
0.072842 0.479660 0.447498
0.634331 0.365669
1.000000
0.390810 0.609190
0.283090 0.716910
0.786527 0.213473
1.000000
0.013270 0.986730
0.340300 0.335441 0.324259
0.902762 0.097238
0.761111 0.238889
1.000000
0.588229 0.411771
1.000000
0.108950 0.891050
0.005564 0.250686 0.743750
0.179125 0.266509 0.246823 0.307544
1.000000
1.000000
0.210291 0.601602 0.188107
1.000000
0.840677 0.087441 0.071882
1.000000
1.000000
1.000000
1.000000
0.313250 0.686750
0.080236 0.919764
1.000000
1.000000
0.747386 0.252614
0.715458 0.284542
0.916543 0.083457
0.063199 0.562747 0.374054
0.084268 0.915732
0.529880 0.470120
1.000000
0.796916 0.203084
0.026159 0.395729 0.578112
1.000000
1.000000
1.000000
0.011266 0.988734
1.000000
1.000000
1.000000
0.757890 0.242110
1.000000
0.159285 0.840715
0.569854 0.430146
1.000000
1.000000
0.823457 0.176543
1.000000
1.000000
0.828856 0.171144
1.000000
0.777494 0.222506
1.000000
1.000000
1.000000
1.000000
1.000000
1.000000
0.686152 0.313848
0.540775 0.459225
1.000000
1.000000
1.000000
1.000000
0.476938 0.523062
1.000000
1.000000
1.000000
1.000000
1.000000
1.000000
1.000000
1.000000
0.666604 0.333396
0.759773 0.240227
0.833810 0.085774 0.080415
0.632262 0.367738
1.000000
0.770666 0.229334
0.690614 0.309386
0.578872 0.421128
0.002954 0.111046 0.572621 0.313379
1.000000
0.369266 0.315666 0.187618 0.090043 0.037407
0.624153 0.375847
0.740676 0.259324
0.005790 0.406158 0.588052
1.000000
0.014433 0.985567
1.000000
0.893701 0.106299
1.000000
0.509185 0.490815
0.527125 0.472875
1.000000
0.855050 0.144950
0.877989 0.122011
0.164040 0.835960
0.239319 0.760681
0.470539 0.529461
0.802735 0.197265
0.038656 0.961344
1.000000
0.011675 0.499692 0.488632
1.000000
0.165679 0.834321
0.603165 0.396835
1.000000
0.698108 0.301892
0.818588 0.181412
1.000000
1.000000
1.000000
0.220548 0.779452
0.428019 0.571981
1.000000
0.907403 0.092597
1.000000
1.000000
0.028623 0.971377
0.146664 0.853336
0.746401 0.141828 0.055608 0.056163
1.000000
1.000000
1.000000
0.023455 0.976545
1.000000
1.000000
1.000000
1.000000
0.885904 0.114096
1.000000
0.024665 0.975335
1.000000
0.095905 0.904095
1.000000
1.000000
1.000000
1.000000
1.000000
1.000000
0.023431 0.976569
0.702513 0.297487
0.746063 0.253937
1.000000
0.375913 0.624087
0.785148 0.214852
1.000000
0.904460 0.095540
0.510719 0.489281
1.000000
1.000000
0.657205 0.342795
0.051402 0.948598
0.503394 0.496606
1.000000
0.767351 0.232649
1.000000
1.000000
0.707713 0.292287
0.832719 0.167281
0.909648 0.090352
1.000000
0.414113 0.585887
1.000000
0.214417 0.785583
1.000000
0.243038 0.756962
1.000000
0.505043 0.494957
0.525868 0.474132
1.000000
0.098705 0.901295
1.000000
1.000000
0.008472 0.391133 0.600395
0.752258 0.247742
0.522889 0.477111
0.738636 0.261364
0.884218 0.115782
1.000000
1.000000
1.000000
0.015902 0.984098
1.000000
1.000000
0.877352 0.122648
1.000000
1.000000
1.000000
1.000000
1.000000
0.580105 0.419895
1.000000
1.000000
0.777327 0.222673
0.584978 0.415022
1.000000
0.893393 0.106607
0.012816 0.378099 0.519863 0.089222
1.000000
0.374023 0.340060 0.285916
0.112701 0.887299
1.000000
0.860778 0.139222
1.000000
0.522324 0.477676
0.059875 0.940125
1.000000
0.676570 0.323430
1.000000
1.000000
0.680355 0.319645
0.125314 0.874686
0.898498 0.101502
1.000000
1.000000
1.000000
1.000000
0.835034 0.164966
0.290390 0.344009 0.365602
1.000000
0.774105 0.225895
0.273550 0.626651 0.099800
1.000000
0.518845 0.481155
0.207532 0.792468
1.000000
1.000000
1.000000
1.000000
0.546713 0.453287
0.083192 0.916808
1.000000
1.000000
1.000000
1.000000
1.000000
1.000000
0.712186 0.287814
1.000000
0.594360 0.405640
0.265094 0.365562 0.369344
1.000000
0.920904 0.079096
0.882401 0.117599
1.000000
0.500561 0.499439
0.915889 0.084111
1.000000
0.695589 0.304411
1.000000
0.798583 0.103378 0.098039
0.092085 0.907915
0.367066 0.632934
0.183016 0.727688 0.089295
0.781027 0.218973
0.704253 0.295747
0.501019 0.498981
0.068104 0.931896
0.902911 0.097089
0.590675 0.302837 0.106488
1.000000
0.838077 0.161923
1.000000
0.481371 0.518629
0.818040 0.181960
1.000000
0.139293 0.860707
0.767263 0.232737
1.000000
0.327581 0.672419
1.000000
1.000000
1.000000
1.000000
0.414610 0.585390
0.539627 0.460373
0.017368 0.982632
0.531225 0.468775
1.000000
1.000000
0.066024 0.933976
0.682866 0.317134
0.556899 0.443101
0.888723 0.111277
1.000000
1.000000
1.000000
0.161897 0.838103
1.000000
0.332214 0.667786
0.904811 0.095189
0.713122 0.222678 0.053086 0.011114
1.000000
0.014659 0.985341
1.000000
0.257835 0.742165
1.000000
1.000000
1.000000
0.448656 0.551344
0.913680 0.086320
1.000000
1.000000
1.000000
0.508816 0.491184
0.626793 0.373207
1.000000
1.000000
0.318608 0.681392
1.000000
1.000000
1.000000
1.000000
1.000000
0.014205 0.439351 0.485308 0.061136
0.481743 0.518257
0.487855 0.512145
0.602947 0.397053
1.000000
0.765768 0.234232
0.089989 0.678277 0.231734
0.014821 0.267180 0.717999
0.833697 0.092110 0.074193
0.575191 0.424809
0.866211 0.133789
0.659687 0.340313
0.018287 0.981713
1.000000
1.000000
1.000000
0.015693 0.984307
1.000000
0.306836 0.693164
0.827373 0.172627
0.835138 0.164862
1.000000
1.000000
1.000000
1.000000
0.891838 0.108162
1.000000
1.000000
1.000000
0.207597 0.792403
1.000000
0.474612 0.525388
1.000000
1.000000
0.827954 0.172046
0.827221 0.172779
1.000000
0.851831 0.148169
0.492944 0.507056
0.250383 0.749617
0.801757 0.198243
1.000000
0.652572 0.347428
1.000000
0.014307 0.985693
1.000000
1.000000
0.682301 0.317699
1.000000
1.000000
0.002828 0.059928 0.937244
1.000000
1.000000
1.000000
0.914572 0.085428
0.907157 0.092843
0.424803 0.575197
1.000000
0.901642 0.098358
0.656225 0.343775
0.480132 0.519868
0.093935 0.698832 0.207233
1.000000
0.335362 0.339544 0.325094
0.555060 0.444940
0.233845 0.766155
0.210081 0.789919
0.013345 0.474555 0.512100
0.644300 0.355700
1.000000
1.000000
0.723855 0.276145
1.000000
0.491993 0.508007
1.000000
1.000000
1.000000
0.522119 0.477881
1.000000
1.000000
0.009149 0.102136 0.888715
0.768477 0.231523
1.000000
0.381843 0.335072 0.283085
1.000000
1.000000
1.000000
1.000000
0.644193 0.282055 0.073752
1.000000
1.000000
1.000000
0.818402 0.181598
0.317159 0.682841
0.228666 0.699406 0.071927
0.533044 0.466956
0.009657 0.061839 0.928504
0.478261 0.521739
0.744853 0.255147
1.000000
0.867897 0.132103
0.493522 0.506478
1.000000
1.000000
0.472190 0.527810
0.924633 0.075367
0.031493 0.968507
0.812745 0.187255
1.000000
0.737822 0.262178
1.000000
1.000000
1.000000
1.000000
1.000000
0.335736 0.295662 0.368602
1.000000
1.000000
0.541915 0.325413 0.132672
1.000000
0.671794 0.328206
1.000000
1.000000
1.000000
0.586997 0.413003
1.000000
1.000000
1.000000
1.000000
1.000000
1.000000
1.000000
0.708788 0.291212
0.392396 0.607604
1.000000
1.000000
0.349701 0.371534 0.278765
0.741047 0.258953
1.000000
1.000000
1.000000
1.000000
1.000000
0.039119 0.764565 0.196315
1.000000
0.470240 0.470550 0.059211
1.000000
0.203314 0.796686
1.000000
0.500612 0.499388
1.000000
1.000000
1.000000
1.000000
0.548920 0.451080
1.000000
1.000000
1.000000
0.877633 0.122367
0.865216 0.134784
1.000000
0.473659 0.526341
1.000000
1.000000
0.232403 0.767597
1.000000
1.000000
1.000000
0.843534 0.083024 0.073442
0.198141 0.415202 0.133236 0.117757 0.135665
1.000000
1.000000
1.000000
0.029190 0.970810
1.000000
0.814046 0.185954
1.000000
0.049099 0.950901
1.000000
1.000000
0.720400 0.212333 0.067267
0.151803 0.848197
1.000000
1.000000
0.922823 0.077177
1.000000
1.000000
1.000000
0.278027 0.645074 0.076898
1.000000
0.569614 0.430386
1.000000
1.000000
0.450503 0.497069 0.052428
1.000000
0.519583 0.480417
1.000000
0.517275 0.482725
0.652809 0.347191
1.000000
0.398248 0.601752
0.615169 0.384831
1.000000
0.675339 0.324661
1.000000
0.487954 0.512046
0.874020 0.125980
0.059679 0.824894 0.115427
1.000000
0.078159 0.921841
0.146059 0.672422 0.181519
1.000000
0.915498 0.084502
1.000000
0.507494 0.492506
0.610007 0.389993
1.000000
1.000000
1.000000
1.000000
0.067369 0.932631
0.456654 0.543346
0.032296 0.967704
1.000000
0.351743 0.648257
1.000000
1.000000
0.505343 0.494657
1.000000
1.000000
0.157884 0.842116
1.000000
0.001293 0.007564 0.027324 0.205335 0.758485
1.000000
1.000000
0.537280 0.462720
1.000000
1.000000
1.000000
0.333258 0.328607 0.338135
0.335229 0.664771
1.000000
1.000000
1.000000
0.693705 0.306295
0.595721 0.404279
0.388642 0.361455 0.249904
0.523322 0.476678
1.000000
0.051815 0.948185
1.000000
0.579089 0.420911
0.039699 0.960301
0.414532 0.585468
0.366892 0.570960 0.062148
1.000000
0.021298 0.978702
0.226681 0.773319
1.000000
1.000000
1.000000
1.000000
0.509329 0.490671
1.000000
1.000000
1.000000
1.000000
1.000000
1.000000
0.921452 0.078548
0.624062 0.375938
0.617966 0.382034
1.000000
1.000000
1.000000
0.016039 0.983961
1.000000
1.000000
1.000000
1.000000
0.390517 0.288611 0.320872
0.094300 0.905700
0.364076 0.635924
0.593576 0.406424
1.000000
1.000000
0.388107 0.366768 0.245125
1.000000
0.806965 0.193035
0.574532 0.425468
1.000000
1.000000
1.000000
0.915998 0.084002
0.626330 0.373670
1.000000
0.483535 0.516465
0.489471 0.510529
0.479514 0.520486
0.706984 0.293016
1.000000
0.685819 0.314181
1.000000
1.000000
0.771531 0.123129 0.105340
0.032639 0.967361
0.539910 0.460090
1.000000
1.000000
1.000000
0.186833 0.813167
0.014964 0.985036
0.927830 0.072170
1.000000
1.000000
0.086594 0.913406
1.000000
0.898199 0.101801
1.000000
0.715656 0.284344
0.506902 0.493098
0.700809 0.299191
0.419915 0.580085
1.000000
1.000000
0.837923 0.162077
0.503129 0.496871
1.000000
1.000000
0.519557 0.323829 0.156613
1.000000
0.502016 0.497984
1.000000
0.189252 0.810748
0.845529 0.154471
1.000000
0.594684 0.405316
1.000000
0.361005 0.638995
0.607710 0.303843 0.088447
0.076923 0.923077
0.145266 0.854734
0.523232 0.476768
1.000000
1.000000
1.000000
0.688886 0.311114
0.502887 0.497113
1.000000
0.024246 0.134504 0.443976 0.397273
1.000000
1.000000
0.324097 0.326284 0.349619
1.000000
1.000000
1.000000
0.803954 0.196046
1.000000
0.932277 0.067723
1.000000
0.536160 0.463840
0.350785 0.339730 0.309485
1.000000
1.000000
1.000000
0.502494 0.497506
0.909742 0.090258
0.853185 0.146815
1.000000
1.000000
1.000000
0.855924 0.144076
0.866689 0.133311
0.189338 0.810662
1.000000
0.375621 0.624379
0.246814 0.753186
1.000000
1.000000
0.481839 0.518161
0.465082 0.534918
0.887957 0.112043
1.000000
0.887987 0.112013
1.000000
0.463521 0.536479
0.924935 0.075065
1.000000
0.409924 0.590076
0.713811 0.230685 0.055505
1.000000
0.932358 0.067642
1.000000
0.790538 0.209462
1.000000
0.475578 0.524422
1.000000
0.337440 0.315789 0.346771
1.000000
1.000000
1.000000
0.631018 0.312373 0.056609
0.489914 0.510086
1.000000
1.000000
1.000000
1.000000
1.000000
0.554734 0.445266
0.494934 0.505066
1.000000
1.000000
0.493164 0.506836
1.000000
1.000000
1.000000
0.887246 0.112754
1.000000
1.000000
1.000000
0.927100 0.072900
1.000000
0.034607 0.965393
1.000000
1.000000
1.000000
1.000000
1.000000
0.550121 0.449879
0.016999 0.983001
1.000000
1.000000
1.000000
0.910713 0.089287
1.000000
1.000000
0.871711 0.128289
0.588977 0.306592 0.104431
1.000000
0.020280 0.979720
1.000000
1.000000
0.001569 0.020247 0.328135 0.650049
1.000000
0.493988 0.506012
1.000000
1.000000
0.794450 0.205550
1.000000
1.000000
1.000000
0.021059 0.978941
1.000000
0.910291 0.089709
0.550901 0.449099
1.000000
1.000000
0.851796 0.148204
0.042249 0.957751
0.034172 0.227501 0.738327
1.000000
0.173942 0.826058
1.000000
0.239238 0.398078 0.362684
1.000000
0.926749 0.073251
1.000000
1.000000
0.928404 0.071596
0.917927 0.082073
0.044844 0.955156
0.924362 0.075638
0.920956 0.079044
0.056947 0.943053
1.000000
0.518638 0.481362
0.863259 0.136741
0.670830 0.260262 0.068908
1.000000
1.000000
1.000000
0.016758 0.983242
1.000000
1.000000
1.000000
0.293550 0.706450
1.000000
0.014537 0.057087 0.263308 0.665069
0.218724 0.781276
0.670341 0.329659
1.000000
1.000000
1.000000
0.843836 0.156164
1.000000
0.619319 0.380681
0.046460 0.953540
1.000000
1.000000
0.213513 0.786487
0.765513 0.234487
0.320957 0.679043
1.000000
0.051361 0.948639
0.706362 0.293638
0.722154 0.277846
0.465601 0.534399
0.119600 0.545059 0.335341
0.003023 0.058351 0.938625
1.000000
0.845330 0.154670
1.000000
1.000000
0.467213 0.532787
0.197332 0.802668
1.000000
1.000000
0.013097 0.451118 0.535785
1.000000
1.000000
1.000000
1.000000
0.217558 0.782442
1.000000
1.000000
0.808530 0.191470
1.000000
0.089006 0.910994
1.000000
1.000000
1.000000
1.000000
0.747749 0.252251
1.000000
0.551876 0.448124
0.666706 0.333294
1.000000
0.406199 0.593801
0.181807 0.818193
1.000000
0.657947 0.342053
1.000000
0.648883 0.351117
0.922427 0.077573
1.000000
0.011778 0.988222
1.000000
1.000000
1.000000
1.000000
1.000000
0.632360 0.367640
1.000000
1.000000
1.000000
1.000000
0.039843 0.960157
1.000000
0.307556 0.606533 0.085911
0.626826 0.373174
1.000000
0.046958 0.953042
1.000000
1.000000
1.000000
1.000000
1.000000
0.727853 0.272147
1.000000
0.431512 0.568488
1.000000
1.000000
1.000000
1.000000
0.770323 0.229677
0.046893 0.953107
1.000000
1.000000
1.000000
1.000000
1.000000
1.000000
1.000000
0.920904 0.079096
1.000000
1.000000
0.033093 0.180676 0.786231
0.024950 0.975050
0.510551 0.489449
1.000000
1.000000
0.179435 0.820565
0.028567 0.971433
0.924549 0.075451
1.000000
0.808145 0.191855
0.473486 0.526514
1.000000
1.000000
1.000000
1.000000
1.000000
0.089149 0.910851
1.000000
0.357945 0.642055
0.004829 0.228810 0.766361
1.000000
0.904480 0.095520
0.480195 0.519805
0.745489 0.254511
1.000000
0.519422 0.480578
1.000000
0.619730 0.380270
1.000000
0.052753 0.415710 0.531538
1.000000
0.052749 0.521962 0.425289
1.000000
1.000000
0.110511 0.889489
0.709678 0.179367 0.055350 0.055605
0.547174 0.452826
1.000000
1.000000
0.135518 0.864482
0.340183 0.309244 0.350573
1.000000
0.827060 0.172940
1.000000
0.041949 0.958051
1.000000
0.923339 0.076661
1.000000
1.000000
0.132038 0.867962
0.025771 0.459314 0.440712 0.074202
0.142548 0.857452
0.837504 0.162496
1.000000
0.888822 0.111178
0.620637 0.379363
0.508451 0.491549
1.000000
1.000000
1.000000
0.035284 0.235118 0.729597
0.765499 0.149246 0.085256
1.000000
0.522669 0.477331
1.000000
0.549516 0.450484
0.175207 0.824793
1.000000
1.000000
0.425286 0.316734 0.163422 0.069013 0.025544
0.779165 0.187415 0.033420
0.484658 0.515342
0.767296 0.232704
1.000000
1.000000
1.000000
0.021083 0.978917
0.505382 0.494618
0.530465 0.469535
1.000000
1.000000
1.000000
1.000000
1.000000
0.921581 0.078419
0.887897 0.112103
0.706753 0.151187 0.142060
1.000000
1.000000
1.000000
0.877769 0.122231
1.000000
1.000000
0.002824 0.039892 0.957285
1.000000
1.000000
1.000000
0.283240 0.716760
1.000000
1.000000
0.702674 0.297326
1.000000
1.000000
0.421119 0.578881
1.000000
0.519431 0.480569
1.000000
1.000000
0.599057 0.147963 0.132343 0.120637
1.000000
1.000000
0.651327 0.348673
1.000000
1.000000
1.000000
1.000000
0.769874 0.230126
0.074302 0.925698
1.000000
0.037393 0.150993 0.811614
0.037596 0.962404
1.000000
0.014463 0.985537
1.000000
1.000000
0.612307 0.286688 0.101005
0.825943 0.109688 0.064369
1.000000
0.501215 0.498785
1.000000
1.000000
1.000000
0.597377 0.322812 0.079812
1.000000
0.879196 0.120804
0.808530 0.191470
0.574756 0.425244
1.000000
0.773264 0.226736
1.000000
1.000000
1.000000
1.000000
1.000000
1.000000
0.027632 0.972368
1.000000
1.000000
1.000000
1.000000
0.637320 0.362680
0.851901 0.148099
1.000000
1.000000
0.534802 0.465198
1.000000
1.000000
1.000000
1.000000
0.113241 0.886759
1.000000
0.532065 0.467935
1.000000
1.000000
1.000000
0.054643 0.945357
0.496822 0.503178
1.000000
0.003848 0.158886 0.599466 0.237799
1.000000
1.000000
1.000000
0.897358 0.102642
0.895843 0.104157
1.000000
1.000000
1.000000
0.040894 0.171864 0.787241
1.000000
1.000000
1.000000
1.000000
0.713944 0.286056
1.000000
0.273123 0.634371 0.092505
0.549682 0.450318
1.000000
1.000000
1.000000
1.000000
1.000000
1.000000
1.000000
1.000000
0.048922 0.951078
1.000000
0.272976 0.727024
1.000000
1.000000
1.000000
1.000000
1.000000
1.000000
1.000000
1.000000
1.000000
0.335027 0.334482 0.330491
0.604631 0.395369
1.000000
1.000000
1.000000
0.634567 0.365433
1.000000
0.696226 0.303774
0.016110 0.983890
0.006275 0.162076 0.831649
0.754113 0.245887
1.000000
0.025844 0.974156
1.000000
1.000000
0.065393 0.754935 0.179672
0.172915 0.827085
0.625889 0.374111
0.539945 0.460055
1.000000
0.523972 0.476028
0.657520 0.342480
0.143610 0.856390
1.000000
0.046039 0.273959 0.680002
0.746165 0.253835
1.000000
0.535533 0.464467
0.412558 0.376459 0.210983
1.000000
0.251892 0.748108
1.000000
0.371195 0.628805
1.000000
1.000000
0.096486 0.903514
1.000000
0.017412 0.260392 0.722195
0.658172 0.341828
1.000000
1.000000
1.000000
0.193453 0.806547
0.311462 0.311479 0.234967 0.142092
1.000000
0.523276 0.476724
0.708788 0.291212
1.000000
0.044597 0.955403
1.000000
0.883524 0.116476
1.000000
1.000000
0.841297 0.158703
0.709600 0.235600 0.054800
1.000000
1.000000
1.000000
1.000000
1.000000
1.000000
0.012099 0.987901
1.000000
0.194391 0.805609
1.000000
1.000000
1.000000
1.000000
0.789164 0.210836
1.000000
0.015969 0.984031
1.000000
0.585453 0.414547
1.000000
0.740115 0.259885
0.235418 0.764582
0.134620 0.865380
1.000000
0.671108 0.328892
0.610118 0.389882
0.613369 0.386631
1.000000
0.805773 0.194227
1.000000
0.016863 0.983137
0.768752 0.231248
0.378336 0.621664
1.000000
1.000000
0.840655 0.159345
1.000000
1.000000
0.900517 0.099483
1.000000
0.691128 0.308872
1.000000
1.000000
1.000000
0.019604 0.980396
0.896151 0.103849
0.026655 0.973345
0.024750 0.975250
1.000000
1.000000
0.886149 0.113851
0.027177 0.972823
1.000000
0.009453 0.382455 0.608091
1.000000
1.000000
0.080404 0.919596
1.000000
1.000000
0.602646 0.397354
1.000000
0.521199 0.478801
1.000000
1.000000
1.000000
1.000000
1.000000
0.909577 0.090423
0.619945 0.273330 0.106725
0.269237 0.730763
0.726509 0.273491
1.000000
0.155264 0.844736
0.005430 0.270361 0.724208
1.000000
0.589525 0.410475
1.000000
0.575892 0.424108
1.000000
0.507460 0.492540
1.000000
0.022922 0.977078
0.020475 0.979525
0.721590 0.278410
0.201698 0.798302
0.110133 0.889867
1.000000
0.779710 0.220290
1.000000
0.645775 0.354225
1.000000
1.000000
0.044729 0.781923 0.173348
0.441187 0.558813
0.659390 0.340610
0.021679 0.978321
0.091058 0.908942
0.724103 0.275897
0.025165 0.607168 0.367667
1.000000
1.000000
1.000000
1.000000
1.000000
1.000000
1.000000
0.696630 0.303370
0.688612 0.311388
0.898093 0.101907
0.921082 0.078918
0.330763 0.669237
1.000000
0.690855 0.309145
1.000000
1.000000
0.890166 0.109834
0.876998 0.123002
0.027322 0.972678
1.000000
1.000000
1.000000
0.440564 0.505495 0.053940
1.000000
0.625243 0.374757
1.000000
0.908580 0.091420
1.000000
0.796768 0.203232
0.839258 0.160742
1.000000
0.022721 0.977279
1.000000
1.000000
0.022751 0.977249
1.000000
1.000000
0.783826 0.216174
0.031246 0.968754
0.890851 0.109149
0.061043 0.585143 0.353814
0.788514 0.211486
0.772358 0.227642
0.554548 0.445452
0.868840 0.131160
1.000000
1.000000
1.000000
1.000000
0.487487 0.512513
0.792789 0.207211
1.000000
0.432170 0.567830
1.000000
0.735983 0.264017
1.000000
0.836292 0.163708
0.141682 0.858318
1.000000
0.501030 0.498970
1.000000
1.000000
0.818027 0.181973
1.000000
0.548970 0.451030
1.000000
1.000000
1.000000
1.000000
1.000000
0.623983 0.376017
1.000000
1.000000
1.000000
1.000000
1.000000
0.028225 0.971775
0.123359 0.876641
0.645205 0.354795
0.014670 0.985330
0.676177 0.323823
1.000000
0.018752 0.608349 0.372899
0.030901 0.969099
0.582621 0.417379
0.837612 0.162388
1.000000
1.000000
0.536357 0.463643
1.000000
1.000000
1.000000
0.815762 0.184238
1.000000
0.052639 0.728845 0.218516
1.000000
0.015280 0.984720
0.211717 0.788283
1.000000
1.000000
0.354203 0.645797
1.000000
1.000000
0.039932 0.960068
1.000000
0.157438 0.842562
1.000000
0.908636 0.091364
0.470890 0.529110
0.107806 0.892194
1.000000
0.901907 0.098093
0.911078 0.088922
1.000000
1.000000
0.113546 0.886454
1.000000
1.000000
0.418059 0.581941
1.000000
1.000000
0.514570 0.485430
1.000000
1.000000
0.578360 0.421640
1.000000
1.000000
1.000000
0.550907 0.449093
0.776061 0.223939
1.000000
1.000000
0.088555 0.911445
1.000000
1.000000
1.000000
0.470739 0.529261
1.000000
0.011024 0.988976
0.458093 0.369143 0.172764
0.724254 0.275746
1.000000
0.392577 0.607423
0.928606 0.071394
1.000000
0.560189 0.439811
1.000000
1.000000
1.000000
1.000000
0.918018 0.081982
1.000000
0.861561 0.138439
1.000000
0.114278 0.885722
0.578994 0.421006
0.405971 0.594029
0.635008 0.364992
0.001745 0.028805 0.357881 0.611570
0.880432 0.119568
1.000000
0.809810 0.190190
0.498166 0.501834
1.000000
1.000000
1.000000
1.000000
0.278799 0.721201
0.800762 0.199238
1.000000
0.390909 0.365497 0.243594
0.156591 0.843409
1.000000
0.583351 0.416649
1.000000
1.000000
1.000000
0.258513 0.741487
1.000000
0.180752 0.649140 0.170108
1.000000
0.582513 0.417487
1.000000
1.000000
1.000000
1.000000
0.615545 0.384455
0.054035 0.945965
0.015623 0.984377
0.257259 0.742741
0.545183 0.454817
1.000000
0.918592 0.081408
1.000000
0.537172 0.462828
0.888786 0.111214
0.510355 0.489645
1.000000
0.552886 0.447114
1.000000
0.923630 0.076370
0.654225 0.281770 0.064005
1.000000
1.000000
1.000000
0.698825 0.301175
1.000000
1.000000
1.000000
0.156833 0.663462 0.179705
1.000000
1.000000
0.027200 0.972800
0.577242 0.422758
1.000000
0.035373 0.964627
0.661631 0.338369
0.503787 0.496213
1.000000
1.000000
1.000000
1.000000
0.034044 0.965956
1.000000
1.000000
1.000000
0.719436 0.280564
1.000000
1.000000
0.732784 0.267216
1.000000
0.640331 0.359669
0.870395 0.129605
0.021893 0.978107
0.920486 0.079514
0.493794 0.506206
1.000000
1.000000
0.163155 0.836845
1.000000
0.381189 0.618811
1.000000
0.806869 0.193131
1.000000
0.125945 0.874055
0.201359 0.798641
0.685673 0.314327
1.000000
1.000000
1.000000
0.486902 0.513098
0.102470 0.897530
0.054879 0.945121
0.467752 0.400552 0.079669 0.052028
0.034544 0.965456
1.000000
0.053402 0.946598
0.194608 0.805392
1.000000
0.653803 0.346197
1.000000
1.000000
1.000000
0.657825 0.342175
0.538956 0.461044
0.896535 0.103465
0.473299 0.526701
1.000000
1.000000
1.000000
0.026013 0.973987
1.000000
1.000000
1.000000
1.000000
0.776994 0.192788 0.030218
1.000000
1.000000
1.000000
0.869402 0.130598
1.000000
1.000000
0.645510 0.299862 0.054628
0.531990 0.468010
1.000000
0.734543 0.265457
1.000000
1.000000
1.000000
1.000000
1.000000
1.000000
1.000000
1.000000
0.460024 0.539976
1.000000
1.000000
0.815995 0.184005
1.000000
1.000000
1.000000
1.000000
1.000000
1.000000
1.000000
0.912772 0.087228
0.306774 0.693226
1.000000
0.526042 0.473958
1.000000
1.000000
1.000000
0.800008 0.199992
1.000000
0.744885 0.255115
