0.998461 0.001539
0.000017 0.999983
0.021299 0.978701
0.000006 0.999994
0.994961 0.005039
0.000010 0.999990
0.000022 0.999978
0.999040 0.000960
0.980975 0.019025
0.995405 0.004595
0.026565 0.973435
0.981025 0.018975
0.858075 0.141925
0.964427 0.035573
0.001100 0.998900
0.409974 0.590026
0.998774 0.001226
0.999170 0.000830
0.000012 0.999988
0.000006 0.999994
0.000008 0.999992
0.200655 0.799345
0.927478 0.072522
0.000007 0.999993
0.623960 0.376040
0.000006 0.999994
0.000006 0.999994
0.153033 0.846967
0.001058 0.998942
0.001174 0.998826
0.167448 0.832552
0.901465 0.098535
0.970020 0.029980
0.888127 0.111873
0.982714 0.017286
0.998589 0.001411
0.247658 0.752342
0.000010 0.999990
0.777465 0.222535
0.001276 0.998724
0.000006 0.999994
0.997618 0.002382
0.001082 0.998918
0.000008 0.999992
0.001082 0.998918
0.043214 0.956786
0.000019 0.999981
0.999247 0.000753
0.101010 0.898990
0.001185 0.998815
0.317829 0.682171
0.001029 0.998971
0.001063 0.998937
0.033493 0.966507
0.000007 0.999993
0.647075 0.352925
0.791172 0.208828
0.000008 0.999992
0.998770 0.001230
0.297045 0.702955
0.000090 0.999910
0.946622 0.053378
0.001433 0.998567
0.948921 0.051079
0.000006 0.999994
0.001040 0.998960
0.000008 0.999992
0.000006 0.999994
0.000068 0.999932
0.001009 0.998991
0.472782 0.527218
0.000013 0.999987
0.981957 0.018043
0.001823 0.998177
0.000006 0.999994
0.000006 0.999994
0.000010 0.999990
0.000006 0.999994
0.987060 0.012940
0.000010 0.999990
0.134930 0.865070
0.997577 0.002423
0.017808 0.982192
0.999057 0.000943
0.919149 0.080851
0.158041 0.841959
0.011786 0.988214
0.000018 0.999982
0.000007 0.999993
0.003754 0.996246
0.010449 0.989551
0.000006 0.999994
0.153051 0.846949
0.961748 0.038252
0.645621 0.354379
0.998005 0.001995
0.000107 0.999893
0.000013 0.999987
0.000008 0.999992
0.359007 0.640993
0.000012 0.999988
0.991640 0.008360
0.033618 0.966382
0.001430 0.998570
0.006073 0.993927
0.833384 0.166616
0.000009 0.999991
0.000098 0.999902
0.014172 0.985828
0.998209 0.001791
0.002167 0.997833
0.997757 0.002243
0.000017 0.999983
0.000019 0.999981
0.000007 0.999993
0.992707 0.007293
0.833335 0.166665
0.000007 0.999993
0.000107 0.999893
0.992760 0.007240
0.996147 0.003853
0.001155 0.998845
0.001526 0.998474
0.055567 0.944433
0.030635 0.969365
0.000007 0.999993
0.000955 0.999045
0.998988 0.001012
0.000018 0.999982
0.183289 0.816711
0.000012 0.999988
0.000006 0.999994
0.005492 0.994508
0.001500 0.998500
0.996131 0.003869
0.998183 0.001817
0.015292 0.984708
0.000007 0.999993
0.001619 0.998381
0.010139 0.989861
0.000009 0.999991
0.000011 0.999989
0.997228 0.002772
0.000012 0.999988
0.000007 0.999993
0.000007 0.999993
0.990169 0.009831
0.998890 0.001110
0.000033 0.999967
0.001525 0.998475
0.000006 0.999994
0.000107 0.999893
0.002566 0.997434
0.002115 0.997885
0.000014 0.999986
0.981038 0.018962
0.017975 0.982025
0.001132 0.998868
0.000007 0.999993
0.002118 0.997882
0.026021 0.973979
0.000009 0.999991
0.000006 0.999994
0.997675 0.002325
0.000994 0.999006
0.999154 0.000846
0.487104 0.512896
0.002012 0.997988
0.000973 0.999027
0.998682 0.001318
0.000007 0.999993
0.000014 0.999986
0.082865 0.917135
0.999254 0.000746
0.996648 0.003352
0.983094 0.016906
0.013234 0.986766
0.013539 0.986461
0.996868 0.003132
0.060310 0.939690
0.000006 0.999994
0.000015 0.999985
0.001040 0.998960
0.929025 0.070975
0.000008 0.999992
0.992956 0.007044
0.000007 0.999993
0.001366 0.998634
0.997134 0.002866
0.010978 0.989022
0.343688 0.656312
0.993122 0.006878
0.001046 0.998954
0.002287 0.997713
0.000006 0.999994
0.000027 0.999973
0.000016 0.999984
0.000006 0.999994
0.985553 0.014447
0.987704 0.012296
0.000011 0.999989
0.001142 0.998858
0.002241 0.997759
0.000010 0.999990
0.000006 0.999994
0.390291 0.609709
0.000010 0.999990
0.000007 0.999993
0.999001 0.000999
0.000009 0.999991
0.997530 0.002470
0.001045 0.998955
0.021012 0.978988
0.996655 0.003345
0.000007 0.999993
0.275930 0.724070
0.999047 0.000953
0.000015 0.999985
0.987145 0.012855
0.011221 0.988779
0.000014 0.999986
0.000007 0.999993
0.978730 0.021270
0.963997 0.036003
0.000009 0.999991
0.000011 0.999989
0.995374 0.004626
0.991959 0.008041
0.946395 0.053605
0.999170 0.000830
0.000007 0.999993
0.000051 0.999949
0.937090 0.062910
0.000009 0.999991
0.000024 0.999976
0.919335 0.080665
0.012865 0.987135
0.565063 0.434937
0.354200 0.645800
0.000068 0.999932
0.000008 0.999992
0.983582 0.016418
0.000009 0.999991
0.804143 0.195857
0.000006 0.999994
0.000007 0.999993
0.000009 0.999991
0.552034 0.447966
0.008890 0.991110
0.000009 0.999991
0.992093 0.007907
0.892920 0.107080
0.984145 0.015855
0.000015 0.999985
0.052313 0.947687
0.049426 0.950574
0.000059 0.999941
0.000009 0.999991
0.001026 0.998974
0.000006 0.999994
0.059865 0.940135
0.938373 0.061627
0.979491 0.020509
0.001835 0.998165
0.995547 0.004453
0.001131 0.998869
0.001704 0.998296
0.990621 0.009379
0.001917 0.998083
0.000009 0.999991
0.997982 0.002018
0.932650 0.067350
0.000009 0.999991
0.953001 0.046999
0.000007 0.999993
0.000012 0.999988
0.994365 0.005635
0.000007 0.999993
0.000008 0.999992
0.105578 0.894422
0.976371 0.023629
0.010817 0.989183
0.964812 0.035188
0.999253 0.000747
0.011443 0.988557
0.995386 0.004614
0.000012 0.999988
0.001125 0.998875
0.000013 0.999987
0.987672 0.012328
0.000011 0.999989
0.998125 0.001875
0.000013 0.999987
0.000009 0.999991
0.017372 0.982628
0.000008 0.999992
0.417777 0.582223
0.000010 0.999990
0.000012 0.999988
0.009077 0.990923
0.993261 0.006739
0.999057 0.000943
0.000006 0.999994
0.970675 0.029325
0.986439 0.013561
0.990788 0.009212
0.000006 0.999994
0.000008 0.999992
0.001836 0.998164
0.000006 0.999994
0.000019 0.999981
0.996436 0.003564
0.062097 0.937903
0.215513 0.784487
0.991316 0.008684
0.989375 0.010625
0.978352 0.021648
0.094917 0.905083
0.998248 0.001752
0.003584 0.996416
0.000011 0.999989
0.011816 0.988184
0.243772 0.756228
0.053421 0.946579
0.008799 0.991201
0.010915 0.989085
0.020530 0.979470
0.600626 0.399374
0.999168 0.000832
0.011204 0.988796
0.583587 0.416413
0.035282 0.964718
0.246284 0.753716
0.000098 0.999902
0.000006 0.999994
0.000012 0.999988
0.011883 0.988117
0.584173 0.415827
0.995301 0.004699
0.000008 0.999992
0.000009 0.999991
0.000016 0.999984
0.900113 0.099887
0.074033 0.925967
0.000007 0.999993
0.022483 0.977517
0.001982 0.998018
0.997819 0.002181
0.000055 0.999945
0.999197 0.000803
0.998590 0.001410
0.000006 0.999994
0.001980 0.998020
0.995456 0.004544
0.998882 0.001118
0.003815 0.996185
0.000019 0.999981
0.051282 0.948718
0.994040 0.005960
0.996983 0.003017
0.999050 0.000950
0.000016 0.999984
0.999148 0.000852
0.992630 0.007370
0.999171 0.000829
0.997657 0.002343
0.026210 0.973790
0.000008 0.999992
0.017916 0.982084
0.000972 0.999028
0.057209 0.942791
0.000107 0.999893
0.000006 0.999994
0.000009 0.999991
0.849552 0.150448
0.002327 0.997673
0.998008 0.001992
0.000060 0.999940
0.029281 0.970719
0.000014 0.999986
0.994067 0.005933
0.395629 0.604371
0.987488 0.012512
0.036427 0.963573
0.994756 0.005244
0.003544 0.996456
0.998983 0.001017
0.000006 0.999994
0.000006 0.999994
0.000013 0.999987
0.001224 0.998776
0.002191 0.997809
0.010364 0.989636
0.001614 0.998386
0.000013 0.999987
0.000006 0.999994
0.967347 0.032653
0.972155 0.027845
0.001033 0.998967
0.984666 0.015334
0.010836 0.989164
0.969948 0.030052
0.987739 0.012261
0.017652 0.982348
0.000006 0.999994
0.000006 0.999994
0.019461 0.980539
0.000010 0.999990
0.010919 0.989081
0.857509 0.142491
0.988366 0.011634
0.000016 0.999984
0.958057 0.041943
0.998478 0.001522
0.982699 0.017301
0.996323 0.003677
0.011162 0.988838
0.000009 0.999991
0.977769 0.022231
0.994638 0.005362
0.000006 0.999994
0.472907 0.527093
0.000010 0.999990
0.064399 0.935601
0.000006 0.999994
0.031068 0.968932
0.996825 0.003175
0.000013 0.999987
0.067503 0.932497
0.997819 0.002181
0.999092 0.000908
0.494186 0.505814
0.000008 0.999992
0.034503 0.965497
0.995894 0.004106
0.001325 0.998675
0.494611 0.505389
0.104275 0.895725
0.856066 0.143934
0.003607 0.996393
0.996337 0.003663
0.017613 0.982387
0.999173 0.000827
0.000006 0.999994
0.000009 0.999991
0.000007 0.999993
0.000007 0.999993
0.968182 0.031818
0.090759 0.909241
0.525007 0.474993
0.000018 0.999982
0.991054 0.008946
0.059891 0.940109
0.000011 0.999989
0.000008 0.999992
0.999172 0.000828
0.041141 0.958859
0.000055 0.999945
0.001171 0.998829
0.000006 0.999994
0.000006 0.999994
0.000007 0.999993
0.027815 0.972185
0.001191 0.998809
0.998589 0.001411
0.000007 0.999993
0.987693 0.012307
0.797481 0.202519
0.533896 0.466104
0.000007 0.999993
0.000012 0.999988
0.994493 0.005507
0.939730 0.060270
0.000012 0.999988
0.743123 0.256877
0.998589 0.001411
0.116796 0.883204
0.996684 0.003316
0.999254 0.000746
0.995462 0.004538
0.001212 0.998788
0.000986 0.999014
0.010587 0.989413
0.994076 0.005924
0.001163 0.998837
0.000104 0.999896
0.012202 0.987798
0.998576 0.001424
0.986531 0.013469
0.995608 0.004392
0.000006 0.999994
0.001421 0.998579
0.980168 0.019832
0.992918 0.007082
0.000007 0.999993
0.987387 0.012613
0.017653 0.982347
0.553487 0.446513
0.999056 0.000944
0.000025 0.999975
0.020254 0.979746
0.589145 0.410855
0.000105 0.999895
0.020843 0.979157
0.992651 0.007349
0.001394 0.998606
0.014279 0.985721
0.995383 0.004617
0.964633 0.035367
0.784113 0.215887
0.001286 0.998714
0.996148 0.003852
0.000006 0.999994
0.016725 0.983275
0.000022 0.999978
0.000006 0.999994
0.992260 0.007740
0.982623 0.017377
0.962690 0.037310
0.000027 0.999973
0.002426 0.997574
0.001343 0.998657
0.074423 0.925577
0.996242 0.003758
0.000107 0.999893
0.000006 0.999994
0.001576 0.998424
0.000008 0.999992
0.991889 0.008111
0.001280 0.998720
0.998000 0.002000
0.009794 0.990206
0.162251 0.837749
0.002052 0.997948
0.994221 0.005779
0.000033 0.999967
0.999242 0.000758
0.000008 0.999992
0.000010 0.999990
0.017573 0.982427
0.000020 0.999980
0.000006 0.999994
0.011033 0.988967
0.000006 0.999994
0.000008 0.999992
0.000022 0.999978
0.000006 0.999994
0.000056 0.999944
0.989072 0.010928
0.000012 0.999988
0.975656 0.024344
0.000006 0.999994
0.993512 0.006488
0.001079 0.998921
0.000019 0.999981
0.000023 0.999977
0.000006 0.999994
0.000017 0.999983
0.541968 0.458032
0.000007 0.999993
0.016816 0.983184
0.037693 0.962307
0.000095 0.999905
0.957990 0.042010
0.121643 0.878357
0.000012 0.999988
0.999049 0.000951
0.000052 0.999948
0.000008 0.999992
0.000010 0.999990
0.060678 0.939322
0.011349 0.988651
0.003344 0.996656
0.987746 0.012254
0.001108 0.998892
0.000978 0.999022
0.000012 0.999988
0.004018 0.995982
0.994161 0.005839
0.000007 0.999993
0.162406 0.837594
0.996655 0.003345
0.995798 0.004202
0.999167 0.000833
0.999057 0.000943
0.000014 0.999986
0.998567 0.001433
0.000010 0.999990
0.000006 0.999994
0.001354 0.998646
0.001529 0.998471
0.001525 0.998475
0.006354 0.993646
0.018165 0.981835
0.942046 0.057954
0.999169 0.000831
0.896286 0.103714
0.000007 0.999993
0.000009 0.999991
0.001267 0.998733
0.997503 0.002497
0.001798 0.998202
0.913892 0.086108
0.068608 0.931392
0.000006 0.999994
0.730417 0.269583
0.986565 0.013435
0.000006 0.999994
0.998700 0.001300
0.000006 0.999994
0.000014 0.999986
0.001143 0.998857
0.000008 0.999992
0.999135 0.000865
0.000010 0.999990
0.000007 0.999993
0.239955 0.760045
0.000976 0.999024
0.988356 0.011644
0.002253 0.997747
0.000011 0.999989
0.000006 0.999994
0.031403 0.968597
0.000012 0.999988
0.998095 0.001905
0.921638 0.078362
0.784393 0.215607
0.983624 0.016376
0.000013 0.999987
0.030679 0.969321
0.994647 0.005353
0.001112 0.998888
0.544582 0.455418
0.999239 0.000761
0.947929 0.052071
0.017435 0.982565
0.897340 0.102660
0.001263 0.998737
0.028219 0.971781
0.034756 0.965244
0.994502 0.005498
0.057291 0.942709
0.185083 0.814917
0.000012 0.999988
0.986833 0.013167
0.983626 0.016374
0.000012 0.999988
0.000014 0.999986
0.000007 0.999993
0.994845 0.005155
0.001422 0.998578
0.710094 0.289906
0.000006 0.999994
0.011801 0.988199
0.000006 0.999994
0.993110 0.006890
0.956354 0.043646
0.009695 0.990305
0.920643 0.079357
0.973829 0.026171
0.000008 0.999992
0.000019 0.999981
0.012393 0.987607
0.999249 0.000751
0.998980 0.001020
0.093894 0.906106
0.994484 0.005516
0.964191 0.035809
0.000014 0.999986
0.000013 0.999987
0.999165 0.000835
0.979652 0.020348
0.024267 0.975733
0.000008 0.999992
0.000012 0.999988
0.000006 0.999994
0.081935 0.918065
0.942347 0.057653
0.000010 0.999990
0.002220 0.997780
0.996319 0.003681
0.997978 0.002022
0.992131 0.007869
0.760805 0.239195
0.002165 0.997835
0.999216 0.000784
0.001157 0.998843
0.002268 0.997732
0.986073 0.013927
0.995947 0.004053
0.976569 0.023431
0.171048 0.828952
0.001282 0.998718
0.959397 0.040603
0.981637 0.018363
0.000010 0.999990
0.271350 0.728650
0.000025 0.999975
0.000012 0.999988
0.000098 0.999902
0.001731 0.998269
0.986514 0.013486
0.000009 0.999991
0.961007 0.038993
0.996455 0.003545
0.988825 0.011175
0.057695 0.942305
0.805720 0.194280
0.973505 0.026495
0.000022 0.999978
0.996331 0.003669
0.016106 0.983894
0.000006 0.999994
0.979084 0.020916
0.999254 0.000746
0.087398 0.912602
0.000020 0.999980
0.000107 0.999893
0.745781 0.254219
0.000008 0.999992
0.000006 0.999994
0.943903 0.056097
0.211856 0.788144
0.000006 0.999994
0.012336 0.987664
0.000010 0.999990
0.002231 0.997769
0.000061 0.999939
0.032280 0.967720
0.000022 0.999978
0.051578 0.948422
0.993888 0.006112
0.007331 0.992669
0.995462 0.004538
0.195293 0.804707
0.000012 0.999988
0.162115 0.837885
0.000006 0.999994
0.000006 0.999994
0.989420 0.010580
0.002031 0.997969
0.998068 0.001932
0.995827 0.004173
0.001903 0.998097
0.000107 0.999893
0.996276 0.003724
0.091526 0.908474
0.279371 0.720629
0.000022 0.999978
0.735748 0.264252
0.000028 0.999972
0.001927 0.998073
0.000010 0.999990
0.297780 0.702220
0.153045 0.846955
0.868423 0.131577
0.000007 0.999993
0.000007 0.999993
0.000009 0.999991
0.999173 0.000827
0.048610 0.951390
0.013497 0.986503
0.993381 0.006619
0.000009 0.999991
0.016435 0.983565
0.000014 0.999986
0.000081 0.999919
0.000006 0.999994
0.000010 0.999990
0.473637 0.526363
0.000006 0.999994
0.001750 0.998250
0.011531 0.988469
0.000007 0.999993
0.000036 0.999964
0.226404 0.773596
0.000008 0.999992
0.136946 0.863054
0.990428 0.009572
0.976154 0.023846
0.000107 0.999893
0.000018 0.999982
0.998196 0.001804
0.681714 0.318286
0.001172 0.998828
0.000013 0.999987
0.000011 0.999989
0.997266 0.002734
0.971004 0.028996
0.974748 0.025252
0.000913 0.999087
0.992882 0.007118
0.001297 0.998703
0.998958 0.001042
0.002184 0.997816
0.000013 0.999987
0.980512 0.019488
0.003038 0.996962
0.000016 0.999984
0.995044 0.004956
0.996276 0.003724
0.000011 0.999989
0.975248 0.024752
0.986568 0.013432
0.993818 0.006182
0.000009 0.999991
0.043386 0.956614
0.001362 0.998638
0.001934 0.998066
0.158752 0.841248
0.000008 0.999992
0.000013 0.999987
0.000010 0.999990
0.992889 0.007111
0.094341 0.905659
0.001080 0.998920
0.001274 0.998726
0.979254 0.020746
0.999171 0.000829
0.001073 0.998927
0.159627 0.840373
0.007775 0.992225
0.000021 0.999979
0.878302 0.121698
0.106253 0.893747
0.001020 0.998980
0.997914 0.002086
0.000107 0.999893
0.994025 0.005975
0.156984 0.843016
0.000107 0.999893
0.999165 0.000835
0.000107 0.999893
0.978440 0.021560
0.002345 0.997655
0.993220 0.006780
0.000014 0.999986
0.984118 0.015882
0.009028 0.990972
0.000007 0.999993
0.000026 0.999974
0.000010 0.999990
0.999173 0.000827
0.737295 0.262705
0.018366 0.981634
0.002472 0.997528
0.096934 0.903066
0.006249 0.993751
0.993998 0.006002
0.000107 0.999893
0.001150 0.998850
0.001127 0.998873
0.000008 0.999992
0.001247 0.998753
0.986535 0.013465
0.989893 0.010107
0.000007 0.999993
0.996947 0.003053
0.155084 0.844916
0.985735 0.014265
0.000012 0.999988
0.012273 0.987727
0.001010 0.998990
0.011033 0.988967
0.999114 0.000886
0.000009 0.999991
0.000006 0.999994
0.997519 0.002481
0.000009 0.999991
0.000007 0.999993
0.000009 0.999991
0.104318 0.895682
0.000013 0.999987
0.000009 0.999991
0.000006 0.999994
0.011637 0.988363
0.995039 0.004961
0.994658 0.005342
0.140807 0.859193
0.000007 0.999993
0.000075 0.999925
0.014248 0.985752
0.740315 0.259685
0.000011 0.999989
0.001039 0.998961
0.002699 0.997301
0.997987 0.002013
0.041553 0.958447
0.000008 0.999992
0.994966 0.005034
0.000007 0.999993
0.000027 0.999973
0.000050 0.999950
0.929769 0.070231
0.993843 0.006157
0.997188 0.002812
0.996303 0.003697
0.000057 0.999943
0.034163 0.965837
0.000014 0.999986
0.064764 0.935236
0.996429 0.003571
0.997118 0.002882
0.010605 0.989395
0.000008 0.999992
0.993091 0.006909
0.000006 0.999994
0.000007 0.999993
0.003658 0.996342
0.422147 0.577853
0.082261 0.917739
0.000007 0.999993
0.989236 0.010764
0.023664 0.976336
0.985539 0.014461
0.002036 0.997964
0.925852 0.074148
0.000007 0.999993
0.000006 0.999994
0.993072 0.006928
0.030222 0.969778
0.001330 0.998670
0.972053 0.027947
0.999236 0.000764
0.000016 0.999984
0.000007 0.999993
0.000013 0.999987
0.998874 0.001126
0.000014 0.999986
0.001023 0.998977
0.933812 0.066188
0.920161 0.079839
0.494250 0.505750
0.000018 0.999982
0.069183 0.930817
0.993327 0.006673
0.001111 0.998889
0.955206 0.044794
0.847738 0.152262
0.000013 0.999987
0.992390 0.007610
0.000099 0.999901
0.306088 0.693912
0.107192 0.892808
0.491814 0.508186
0.993093 0.006907
0.002119 0.997881
0.000012 0.999988
0.000014 0.999986
0.797889 0.202111
0.000011 0.999989
0.000011 0.999989
0.000014 0.999986
0.997855 0.002145
0.989021 0.010979
0.809101 0.190899
0.000099 0.999901
0.623672 0.376328
0.000007 0.999993
0.731320 0.268680
0.001132 0.998868
0.154966 0.845034
0.002774 0.997226
0.745422 0.254578
0.702291 0.297709
0.965718 0.034282
0.999237 0.000763
0.998649 0.001351
0.000009 0.999991
0.000011 0.999989
0.979421 0.020579
0.000997 0.999003
0.121481 0.878519
0.002380 0.997620
0.000008 0.999992
0.906107 0.093893
0.820787 0.179213
0.975146 0.024854
0.000008 0.999992
0.995995 0.004005
0.000011 0.999989
0.987990 0.012010
0.001036 0.998964
0.045425 0.954575
0.999168 0.000832
0.997446 0.002554
0.978735 0.021265
0.986665 0.013335
0.000007 0.999993
0.000007 0.999993
0.995748 0.004252
0.001874 0.998126
0.000006 0.999994
0.980155 0.019845
0.000015 0.999985
0.000008 0.999992
0.033544 0.966456
0.015759 0.984241
0.000006 0.999994
0.003438 0.996562
0.988027 0.011973
0.000014 0.999986
0.998108 0.001892
0.000010 0.999990
0.140047 0.859953
0.997461 0.002539
0.000026 0.999974
0.000010 0.999990
0.000006 0.999994
0.000017 0.999983
0.000102 0.999898
0.095037 0.904963
0.993771 0.006229
0.001440 0.998560
0.345604 0.654396
0.001247 0.998753
0.000013 0.999987
0.938108 0.061892
0.998162 0.001838
0.009541 0.990459
0.872826 0.127174
0.000007 0.999993
0.000009 0.999991
0.995906 0.004094
0.001052 0.998948
0.001887 0.998113
0.996142 0.003858
0.002870 0.997130
0.999172 0.000828
0.997943 0.002057
0.978117 0.021883
0.996566 0.003434
0.011797 0.988203
0.000014 0.999986
0.729387 0.270613
0.000051 0.999949
0.985410 0.014590
0.992900 0.007100
0.997200 0.002800
0.144560 0.855440
0.994446 0.005554
0.979221 0.020779
0.000006 0.999994
0.000014 0.999986
0.005641 0.994359
0.206305 0.793695
0.992280 0.007720
0.001362 0.998638
0.001240 0.998760
0.000006 0.999994
0.000008 0.999992
0.000007 0.999993
0.000013 0.999987
0.997498 0.002502
0.999147 0.000853
0.001180 0.998820
0.000007 0.999993
0.000019 0.999981
0.974815 0.025185
0.094252 0.905748
0.993878 0.006122
0.557404 0.442596
0.000010 0.999990
0.001301 0.998699
0.958538 0.041462
0.002255 0.997745
0.997123 0.002877
0.000006 0.999994
0.000007 0.999993
0.997413 0.002587
0.587225 0.412775
0.925497 0.074503
0.000006 0.999994
0.989752 0.010248
0.000016 0.999984
0.000006 0.999994
0.808315 0.191685
0.458520 0.541480
0.000009 0.999991
0.976327 0.023673
0.000007 0.999993
0.001297 0.998703
0.993032 0.006968
0.000008 0.999992
0.997981 0.002019
0.969825 0.030175
0.000012 0.999988
0.995934 0.004066
0.004285 0.995715
0.989033 0.010967
0.054053 0.945947
0.047917 0.952083
0.979037 0.020963
0.000010 0.999990
0.000012 0.999988
0.001034 0.998966
0.194943 0.805057
0.000107 0.999893
0.002337 0.997663
0.970581 0.029419
0.997287 0.002713
0.993398 0.006602
0.958804 0.041196
0.997983 0.002017
0.998586 0.001414
0.988979 0.011021
0.000107 0.999893
0.002053 0.997947
0.001253 0.998747
0.000006 0.999994
0.597489 0.402511
0.000023 0.999977
0.999254 0.000746
0.445819 0.554181
0.001266 0.998734
0.991434 0.008566
0.082612 0.917388
0.939052 0.060948
0.980193 0.019807
0.998080 0.001920
0.997839 0.002161
0.035477 0.964523
0.998248 0.001752
0.000022 0.999978
0.024375 0.975625
0.762743 0.237257
0.002460 0.997540
0.049098 0.950902
0.000011 0.999989
0.983516 0.016484
0.993788 0.006212
0.002208 0.997792
0.998867 0.001133
0.002030 0.997970
0.000086 0.999914
0.984697 0.015303
0.994746 0.005254
0.978963 0.021037
0.000066 0.999934
0.000006 0.999994
0.000009 0.999991
0.000017 0.999983
0.990999 0.009001
0.960691 0.039309
0.000016 0.999984
0.994762 0.005238
0.999164 0.000836
0.982222 0.017778
0.993180 0.006820
0.992379 0.007621
0.997646 0.002354
0.000006 0.999994
0.984230 0.015770
0.705066 0.294934
0.987000 0.013000
0.001093 0.998907
0.000022 0.999978
0.000007 0.999993
0.987922 0.012078
0.000006 0.999994
0.000015 0.999985
0.998984 0.001016
0.000006 0.999994
0.995883 0.004117
0.000006 0.999994
0.998264 0.001736
0.000007 0.999993
0.412124 0.587876
0.993829 0.006171
0.010726 0.989274
0.981790 0.018210
0.000009 0.999991
0.988757 0.011243
0.002402 0.997598
0.000008 0.999992
0.000103 0.999897
0.002153 0.997847
0.998544 0.001456
0.000006 0.999994
0.001882 0.998118
0.001020 0.998980
0.001273 0.998727
0.001042 0.998958
0.001027 0.998973
0.985853 0.014147
0.987092 0.012908
0.142910 0.857090
0.000044 0.999956
0.000013 0.999987
0.012767 0.987233
0.000006 0.999994
0.000008 0.999992
0.017624 0.982376
0.002305 0.997695
0.997403 0.002597
0.000017 0.999983
0.987914 0.012086
0.004792 0.995208
0.000006 0.999994
0.941894 0.058106
0.319056 0.680944
0.976020 0.023980
0.030028 0.969972
0.935119 0.064881
0.997422 0.002578
0.000015 0.999985
0.000006 0.999994
0.172524 0.827476
0.000016 0.999984
0.000014 0.999986
0.003335 0.996665
0.000014 0.999986
0.000017 0.999983
0.373732 0.626268
0.556300 0.443700
0.989511 0.010489
0.000028 0.999972
0.856176 0.143824
0.000007 0.999993
0.001583 0.998417
0.383388 0.616612
0.000007 0.999993
0.027408 0.972592
0.969659 0.030341
0.217939 0.782061
0.211094 0.788906
0.011393 0.988607
0.922913 0.077087
0.001416 0.998584
0.000012 0.999988
0.103135 0.896865
0.999052 0.000948
0.958363 0.041637
0.000012 0.999988
0.993303 0.006697
0.758385 0.241615
0.197347 0.802653
0.000006 0.999994
0.000006 0.999994
0.014078 0.985922
0.363992 0.636008
0.000009 0.999991
0.138436 0.861564
0.001092 0.998908
0.000012 0.999988
0.013513 0.986487
0.000010 0.999990
0.985549 0.014451
0.008999 0.991001
0.000015 0.999985
0.000012 0.999988
0.001211 0.998789
0.745887 0.254113
0.000011 0.999989
0.000008 0.999992
0.121706 0.878294
0.998265 0.001735
0.067903 0.932097
0.000006 0.999994
0.218701 0.781299
0.108128 0.891872
0.979750 0.020250
0.001393 0.998607
0.020074 0.979926
0.659689 0.340311
0.000012 0.999988
0.000007 0.999993
0.000007 0.999993
0.000013 0.999987
0.248647 0.751353
0.000008 0.999992
0.975828 0.024172
0.000012 0.999988
0.000012 0.999988
0.979868 0.020132
0.000069 0.999931
0.010758 0.989242
0.001663 0.998337
0.001387 0.998613
0.999254 0.000746
0.000012 0.999988
0.983313 0.016687
0.671020 0.328980
0.000015 0.999985
0.999177 0.000823
0.001193 0.998807
0.001142 0.998858
0.001228 0.998772
0.000007 0.999993
0.002064 0.997936
0.979580 0.020420
0.533939 0.466061
0.996812 0.003188
0.000988 0.999012
0.001157 0.998843
0.017650 0.982350
0.000006 0.999994
0.967211 0.032789
0.002412 0.997588
0.997890 0.002110
0.998325 0.001675
0.055232 0.944768
0.444681 0.555319
0.923989 0.076011
0.001032 0.998968
0.970579 0.029421
0.995461 0.004539
0.107785 0.892215
0.004070 0.995930
0.948070 0.051930
0.995542 0.004458
0.000104 0.999896
0.234048 0.765952
0.010276 0.989724
0.000013 0.999987
0.000006 0.999994
0.000010 0.999990
0.966819 0.033181
0.997062 0.002938
0.000012 0.999988
0.000008 0.999992
0.995219 0.004781
0.000009 0.999991
0.000013 0.999987
0.000103 0.999897
0.736148 0.263852
0.959343 0.040657
0.000006 0.999994
0.929424 0.070576
0.107072 0.892928
0.880342 0.119658
0.001389 0.998611
0.000006 0.999994
0.000015 0.999985
0.000007 0.999993
0.020885 0.979115
0.994660 0.005340
0.999214 0.000786
0.000007 0.999993
0.000057 0.999943
0.998249 0.001751
0.950954 0.049046
0.036275 0.963725
0.000040 0.999960
0.000009 0.999991
0.011889 0.988111
0.026514 0.973486
0.064391 0.935609
0.406591 0.593409
0.000012 0.999988
0.000106 0.999894
0.999034 0.000966
0.988791 0.011209
0.999029 0.000971
0.994774 0.005226
0.989177 0.010823
0.145874 0.854126
0.983459 0.016541
0.000009 0.999991
0.990485 0.009515
0.000008 0.999992
0.003595 0.996405
0.999111 0.000889
0.000047 0.999953
0.009941 0.990059
0.978989 0.021011
0.989971 0.010029
0.990898 0.009102
0.050180 0.949820
0.002135 0.997865
0.000006 0.999994
0.000013 0.999987
0.000017 0.999983
0.987967 0.012033
0.999254 0.000746
0.012692 0.987308
0.000012 0.999988
0.000089 0.999911
0.000033 0.999967
0.000016 0.999984
0.985411 0.014589
0.962614 0.037386
0.994895 0.005105
0.995887 0.004113
0.000014 0.999986
0.997983 0.002017
0.987393 0.012607
0.087096 0.912904
0.998585 0.001415
0.968302 0.031698
0.960153 0.039847
0.998098 0.001902
0.001330 0.998670
0.000006 0.999994
0.997011 0.002989
0.997723 0.002277
0.997985 0.002015
0.994197 0.005803
0.000048 0.999952
0.000007 0.999993
0.000011 0.999989
0.002051 0.997949
0.000007 0.999993
0.986200 0.013800
0.994451 0.005549
0.000009 0.999991
0.000989 0.999011
0.000006 0.999994
0.019181 0.980819
0.000021 0.999979
0.000017 0.999983
0.003562 0.996438
0.204843 0.795157
0.999079 0.000921
0.984897 0.015103
0.000007 0.999993
0.017654 0.982346
0.000007 0.999993
0.015005 0.984995
0.000005 0.999995
0.993878 0.006122
0.001296 0.998704
0.001770 0.998230
0.363472 0.636528
0.000067 0.999933
0.027094 0.972906
0.015813 0.984187
0.000006 0.999994
0.000024 0.999976
0.154861 0.845139
0.000010 0.999990
0.996684 0.003316
0.999173 0.000827
0.000006 0.999994
0.317758 0.682242
0.052788 0.947212
0.000006 0.999994
0.518026 0.481974
0.896543 0.103457
0.001123 0.998877
0.765876 0.234124
0.050575 0.949425
0.000046 0.999954
0.000007 0.999993
0.001142 0.998858
0.988866 0.011134
0.001068 0.998932
0.009066 0.990934
0.000007 0.999993
0.999165 0.000835
0.000011 0.999989
0.999200 0.000800
0.003216 0.996784
0.998583 0.001417
0.997280 0.002720
0.001327 0.998673
0.000008 0.999992
0.999106 0.000894
0.083677 0.916323
0.000009 0.999991
0.081234 0.918766
0.000012 0.999988
0.998561 0.001439
0.997946 0.002054
0.999249 0.000751
0.002029 0.997971
0.020253 0.979747
0.000106 0.999894
0.416415 0.583585
0.999254 0.000746
0.000006 0.999994
0.159239 0.840761
0.002966 0.997034
0.979442 0.020558
0.997934 0.002066
0.038951 0.961049
0.000012 0.999988
0.046415 0.953585
0.999252 0.000748
0.997363 0.002637
0.000011 0.999989
0.975197 0.024803
0.985349 0.014651
0.001206 0.998794
0.999052 0.000948
0.968431 0.031569
0.983631 0.016369
0.997093 0.002907
0.000006 0.999994
0.000011 0.999989
0.995460 0.004540
0.000025 0.999975
0.998861 0.001139
0.000006 0.999994
0.000009 0.999991
0.000106 0.999894
0.001735 0.998265
0.966616 0.033384
0.000107 0.999893
0.000013 0.999987
0.215064 0.784936
0.993359 0.006641
0.245609 0.754391
0.978108 0.021892
0.000014 0.999986
0.997110 0.002890
0.999057 0.000943
0.996411 0.003589
0.002033 0.997967
0.968943 0.031057
0.000013 0.999987
0.999025 0.000975
0.999170 0.000830
0.157468 0.842532
0.992752 0.007248
0.023844 0.976156
0.977099 0.022901
0.997602 0.002398
0.001508 0.998492
0.000006 0.999994
0.011806 0.988194
0.964356 0.035644
0.000009 0.999991
0.999193 0.000807
0.000037 0.999963
0.000008 0.999992
0.985155 0.014845
0.109443 0.890557
0.251842 0.748158
0.960104 0.039896
0.680082 0.319918
0.997452 0.002548
0.992063 0.007937
0.000012 0.999988
0.000010 0.999990
0.002204 0.997796
0.723893 0.276107
0.000092 0.999908
0.032528 0.967472
0.001863 0.998137
0.000006 0.999994
0.000007 0.999993
0.000012 0.999988
0.242917 0.757083
0.002134 0.997866
0.000007 0.999993
0.001194 0.998806
0.000011 0.999989
0.967021 0.032979
0.014336 0.985664
0.993167 0.006833
0.000006 0.999994
0.993847 0.006153
0.096488 0.903512
0.987691 0.012309
0.000101 0.999899
0.992273 0.007727
0.000012 0.999988
0.996335 0.003665
0.994099 0.005901
0.961014 0.038986
0.997732 0.002268
0.016667 0.983333
0.973723 0.026277
0.956876 0.043124
0.999055 0.000945
0.857125 0.142875
0.958107 0.041893
0.001753 0.998247
0.359691 0.640309
0.044006 0.955994
0.000008 0.999992
0.978600 0.021400
0.970507 0.029493
0.000008 0.999992
0.998607 0.001393
0.001839 0.998161
0.993264 0.006736
0.000013 0.999987
0.000007 0.999993
0.039872 0.960128
0.010874 0.989126
0.494594 0.505406
0.000107 0.999893
0.000007 0.999993
0.025302 0.974698
0.000017 0.999983
0.000010 0.999990
0.000007 0.999993
0.009948 0.990052
0.001342 0.998658
0.140854 0.859146
0.734837 0.265163
0.000007 0.999993
0.000009 0.999991
0.000008 0.999992
0.998589 0.001411
0.001069 0.998931
0.016882 0.983118
0.000006 0.999994
0.999253 0.000747
0.033808 0.966192
0.000006 0.999994
0.000009 0.999991
0.998987 0.001013
0.997351 0.002649
0.001999 0.998001
0.001590 0.998410
0.388470 0.611530
0.974881 0.025119
0.994450 0.005550
0.761269 0.238731
0.996531 0.003469
0.010567 0.989433
0.064233 0.935767
0.000006 0.999994
0.000956 0.999044
0.999172 0.000828
0.000010 0.999990
0.001189 0.998811
0.998248 0.001752
0.000015 0.999985
0.000007 0.999993
0.009812 0.990188
0.002420 0.997580
0.000006 0.999994
0.997810 0.002190
0.033237 0.966763
0.999249 0.000751
0.998227 0.001773
0.000007 0.999993
0.002352 0.997648
0.000006 0.999994
0.000006 0.999994
0.997950 0.002050
0.050552 0.949448
0.066251 0.933749
0.000007 0.999993
0.000009 0.999991
0.064241 0.935759
0.000106 0.999894
0.001094 0.998906
0.059402 0.940598
0.000006 0.999994
0.000008 0.999992
0.997147 0.002853
0.224264 0.775736
0.987827 0.012173
0.997986 0.002014
0.988653 0.011347
0.999234 0.000766
0.987256 0.012744
0.001092 0.998908
0.000013 0.999987
0.000098 0.999902
0.001713 0.998287
0.999249 0.000751
0.994741 0.005259
0.066144 0.933856
0.001149 0.998851
0.000006 0.999994
0.709377 0.290623
0.971054 0.028946
0.998912 0.001088
0.000009 0.999991
0.988179 0.011821
0.013254 0.986746
0.000006 0.999994
0.000006 0.999994
0.525094 0.474906
0.000009 0.999991
0.000007 0.999993
0.000013 0.999987
0.999253 0.000747
0.000006 0.999994
0.997741 0.002259
0.000010 0.999990
0.994783 0.005217
0.000011 0.999989
0.084853 0.915147
0.531867 0.468133
0.000006 0.999994
0.001216 0.998784
0.000012 0.999988
0.001528 0.998472
0.192873 0.807127
0.000007 0.999993
0.100107 0.899893
0.855977 0.144023
0.054037 0.945963
0.247986 0.752014
0.149810 0.850190
0.000082 0.999918
0.101404 0.898596
0.000021 0.999979
0.002700 0.997300
0.978635 0.021365
0.982047 0.017953
0.000066 0.999934
0.013968 0.986032
0.820105 0.179895
0.033168 0.966832
0.999173 0.000827
0.161440 0.838560
0.000012 0.999988
0.983521 0.016479
0.998423 0.001577
0.000016 0.999984
0.030272 0.969728
0.000011 0.999989
0.999036 0.000964
0.003044 0.996956
0.000007 0.999993
0.258169 0.741831
0.046879 0.953121
0.014263 0.985737
0.000007 0.999993
0.244208 0.755792
0.999228 0.000772
0.000007 0.999993
0.892974 0.107026
0.000991 0.999009
0.988803 0.011197
0.001057 0.998943
0.000013 0.999987
0.000010 0.999990
0.007540 0.992460
0.000012 0.999988
0.862337 0.137663
0.004460 0.995540
0.996143 0.003857
0.753925 0.246075
0.001614 0.998386
0.997986 0.002014
0.995993 0.004007
0.000012 0.999988
0.997687 0.002313
0.992241 0.007759
0.000008 0.999992
0.000012 0.999988
0.000007 0.999993
0.269927 0.730073
0.239269 0.760731
0.000006 0.999994
0.000012 0.999988
0.988291 0.011709
0.648016 0.351984
0.002172 0.997828
0.097014 0.902986
0.995962 0.004038
0.874268 0.125732
0.000015 0.999985
0.001034 0.998966
0.011658 0.988342
0.000007 0.999993
0.995191 0.004809
0.998988 0.001012
0.010480 0.989520
0.731499 0.268501
0.044383 0.955617
0.000007 0.999993
0.001078 0.998922
0.987021 0.012979
0.998873 0.001127
0.000008 0.999992
0.997968 0.002032
0.000018 0.999982
0.001500 0.998500
0.000007 0.999993
0.999054 0.000946
0.994764 0.005236
0.000010 0.999990
0.000032 0.999968
0.950377 0.049623
0.000012 0.999988
0.942351 0.057649
0.000016 0.999984
0.121204 0.878796
0.001009 0.998991
0.000010 0.999990
0.997134 0.002866
0.000008 0.999992
0.940489 0.059511
0.973099 0.026901
0.000096 0.999904
0.212169 0.787831
0.000006 0.999994
0.986255 0.013745
0.032598 0.967402
0.989316 0.010684
0.000008 0.999992
0.050489 0.949511
0.070278 0.929722
0.000011 0.999989
0.000007 0.999993
0.001052 0.998948
0.002661 0.997339
0.003056 0.996944
0.999167 0.000833
0.231759 0.768241
0.000007 0.999993
0.998585 0.001415
0.607610 0.392390
0.992401 0.007599
0.011940 0.988060
0.000006 0.999994
0.998308 0.001692
0.745876 0.254124
0.028363 0.971637
0.997953 0.002047
0.000010 0.999990
0.001317 0.998683
0.999150 0.000850
0.001732 0.998268
0.008522 0.991478
0.000006 0.999994
0.014422 0.985578
0.000007 0.999993
0.926280 0.073720
0.000099 0.999901
0.000094 0.999906
0.997851 0.002149
0.040867 0.959133
0.000006 0.999994
0.995746 0.004254
0.000013 0.999987
0.151422 0.848578
0.001771 0.998229
0.002598 0.997402
0.967655 0.032345
0.275537 0.724463
0.010007 0.989993
0.001114 0.998886
0.094376 0.905624
0.967210 0.032790
0.000017 0.999983
0.998356 0.001644
0.002171 0.997829
0.000013 0.999987
0.001248 0.998752
0.992909 0.007091
0.000009 0.999991
0.000011 0.999989
0.000007 0.999993
0.000013 0.999987
0.035742 0.964258
0.000039 0.999961
0.996678 0.003322
0.872952 0.127048
0.011162 0.988838
0.997957 0.002043
0.011759 0.988241
0.001465 0.998535
0.000012 0.999988
0.989757 0.010243
0.994806 0.005194
0.985680 0.014320
0.000006 0.999994
0.997759 0.002241
0.932983 0.067017
0.000019 0.999981
0.001004 0.998996
0.000009 0.999991
0.970211 0.029789
0.000013 0.999987
0.996613 0.003387
0.000011 0.999989
0.997929 0.002071
0.945519 0.054481
0.000006 0.999994
0.093871 0.906129
0.000011 0.999989
0.001115 0.998885
0.001155 0.998845
0.000010 0.999990
0.998224 0.001776
0.001406 0.998594
0.000014 0.999986
0.146806 0.853194
0.993601 0.006399
0.000013 0.999987
0.953692 0.046308
0.996336 0.003664
0.000011 0.999989
0.010244 0.989756
0.002385 0.997615
0.028430 0.971570
0.012172 0.987828
0.000006 0.999994
0.000107 0.999893
0.999247 0.000753
0.001583 0.998417
0.914933 0.085067
0.850590 0.149410
0.000012 0.999988
0.002766 0.997234
0.010889 0.989111
0.000006 0.999994
0.997596 0.002404
0.000007 0.999993
0.011126 0.988874
0.000012 0.999988
0.988614 0.011386
0.991427 0.008573
0.000006 0.999994
0.985373 0.014627
0.999200 0.000800
0.002596 0.997404
0.375128 0.624872
0.295139 0.704861
0.011724 0.988276
0.999250 0.000750
0.000030 0.999970
0.764660 0.235340
0.997980 0.002020
0.000011 0.999989
0.000093 0.999907
0.000013 0.999987
0.000006 0.999994
0.000017 0.999983
0.998386 0.001614
0.012819 0.987181
0.998590 0.001410
0.000008 0.999992
0.000006 0.999994
0.992169 0.007831
0.986535 0.013465
0.002117 0.997883
0.979694 0.020306
0.978021 0.021979
0.001427 0.998573
0.897613 0.102387
0.990442 0.009558
0.000006 0.999994
0.001387 0.998613
0.001737 0.998263
0.980147 0.019853
0.000007 0.999993
0.003331 0.996669
0.011870 0.988130
0.000107 0.999893
0.001112 0.998888
0.000008 0.999992
0.953780 0.046220
0.994082 0.005918
0.000007 0.999993
0.998240 0.001760
0.169133 0.830867
0.983288 0.016712
0.000012 0.999988
0.030456 0.969544
0.997999 0.002001
0.976388 0.023612
0.999054 0.000946
0.999071 0.000929
0.000006 0.999994
0.000006 0.999994
0.001240 0.998760
0.991122 0.008878
0.000006 0.999994
0.000107 0.999893
0.000039 0.999961
0.001278 0.998722
0.990232 0.009768
0.000012 0.999988
0.060414 0.939586
0.000006 0.999994
0.000017 0.999983
0.996394 0.003606
0.985152 0.014848
0.362456 0.637544
0.362533 0.637467
0.012555 0.987445
0.000006 0.999994
0.999253 0.000747
0.347736 0.652264
0.997718 0.002282
0.000013 0.999987
0.981097 0.018903
0.992355 0.007645
0.000036 0.999964
0.024402 0.975598
0.126795 0.873205
0.001006 0.998994
0.000012 0.999988
0.085092 0.914908
0.001341 0.998659
0.000019 0.999981
0.998590 0.001410
0.935247 0.064753
0.000019 0.999981
0.992663 0.007337
0.043243 0.956757
0.994035 0.005965
0.000007 0.999993
0.857181 0.142819
0.043392 0.956608
0.203704 0.796296
0.011046 0.988954
0.999158 0.000842
