0.561463 0.321456 0.117081
0.908845 0.091155
0.769718 0.230282
1.000000
0.564771 0.435229
1.000000
1.000000
1.000000
1.000000
1.000000
0.890327 0.109673
1.000000
1.000000
0.441509 0.558491
1.000000
1.000000
0.583593 0.416407
0.772891 0.227109
0.677916 0.322084
1.000000
0.090471 0.909529
0.041945 0.958055
0.278993 0.721007
0.081493 0.918507
0.124015 0.875985
0.042977 0.957023
1.000000
1.000000
1.000000
1.000000
0.050140 0.949860
1.000000
1.000000
1.000000
0.176963 0.823037
0.807567 0.192433
1.000000
1.000000
0.159537 0.840463
1.000000
1.000000
1.000000
0.004775 0.193749 0.801476
1.000000
1.000000
1.000000
0.896156 0.103844
1.000000
1.000000
1.000000
0.750756 0.249244
1.000000
1.000000
1.000000
1.000000
1.000000
1.000000
1.000000
0.594925 0.405075
1.000000
1.000000
1.000000
1.000000
0.236395 0.763605
1.000000
0.023278 0.976722
1.000000
1.000000
0.709002 0.290998
1.000000
0.690572 0.309428
1.000000
1.000000
1.000000
1.000000
1.000000
1.000000
1.000000
1.000000
1.000000
0.841999 0.158001
0.655237 0.344763
1.000000
1.000000
0.536132 0.463868
0.088652 0.911348
1.000000
0.902840 0.097160
0.050617 0.949383
0.863106 0.136894
0.028648 0.971352
1.000000
1.000000
1.000000
1.000000
0.651024 0.348976
1.000000
1.000000
1.000000
1.000000
0.631526 0.368474
1.000000
0.023756 0.976244
1.000000
0.820136 0.179864
0.623659 0.376341
1.000000
1.000000
0.215523 0.784477
1.000000
0.882304 0.117696
0.684922 0.315078
1.000000
1.000000
1.000000
0.326196 0.673804
1.000000
0.068911 0.931089
1.000000
1.000000
0.732331 0.267669
1.000000
0.023103 0.976897
0.053871 0.946129
1.000000
1.000000
0.017392 0.982608
1.000000
0.809989 0.127880 0.062131
1.000000
1.000000
1.000000
0.844120 0.155880
0.292645 0.707355
0.311822 0.381353 0.306826
0.692431 0.236811 0.058455 0.012303
1.000000
0.062874 0.937126
0.377276 0.622724
1.000000
1.000000
0.681756 0.318244
0.353646 0.381093 0.265261
0.676624 0.323376
1.000000
1.000000
0.279734 0.720266
1.000000
0.836421 0.163579
1.000000
1.000000
0.804002 0.195998
1.000000
0.669204 0.330796
1.000000
1.000000
0.525862 0.474138
1.000000
1.000000
0.807977 0.192023
0.887222 0.112778
1.000000
1.000000
0.598112 0.401888
1.000000
0.721867 0.278133
1.000000
0.761972 0.238028
1.000000
0.583850 0.416150
1.000000
0.912748 0.087252
1.000000
1.000000
0.537117 0.462883
1.000000
0.164339 0.835661
1.000000
1.000000
0.757229 0.160806 0.081965
1.000000
1.000000
1.000000
0.306185 0.693815
1.000000
1.000000
0.044952 0.955048
1.000000
1.000000
0.758033 0.241967
0.086866 0.913134
1.000000
1.000000
0.906204 0.093796
0.030023 0.969977
1.000000
1.000000
1.000000
1.000000
1.000000
0.575314 0.424686
1.000000
0.902356 0.097644
0.309519 0.690481
0.023697 0.976303
1.000000
0.328734 0.671266
0.017579 0.982421
0.617328 0.382672
0.238638 0.761362
0.778723 0.221277
0.032872 0.967128
0.599935 0.400065
1.000000
1.000000
1.000000
0.803369 0.196631
0.451477 0.451325 0.097198
0.527670 0.472330
0.006350 0.157816 0.835834
1.000000
0.075411 0.924589
0.491396 0.508604
1.000000
0.244019 0.755981
0.719631 0.280369
1.000000
0.302860 0.697140
1.000000
1.000000
0.069886 0.930114
1.000000
1.000000
1.000000
0.876651 0.123349
1.000000
0.027197 0.972803
1.000000
1.000000
0.710744 0.289256
0.164212 0.835788
1.000000
1.000000
1.000000
1.000000
1.000000
0.013380 0.986620
1.000000
0.752559 0.247441
0.260846 0.739154
1.000000
1.000000
0.406628 0.593372
0.876838 0.123162
1.000000
0.026685 0.973315
1.000000
1.000000
1.000000
1.000000
0.707772 0.292228
1.000000
1.000000
1.000000
0.682044 0.317956
1.000000
0.049349 0.677467 0.273184
1.000000
0.393201 0.606799
0.228979 0.771021
1.000000
1.000000
1.000000
1.000000
0.064830 0.935170
0.732567 0.267433
0.191189 0.808811
0.007217 0.317439 0.675345
0.185601 0.814399
0.638692 0.245956 0.115352
1.000000
0.028091 0.971909
0.458380 0.541620
1.000000
1.000000
1.000000
0.807106 0.192894
1.000000
0.704953 0.295047
1.000000
1.000000
1.000000
0.883468 0.116532
0.260064 0.739936
0.796317 0.203683
0.189227 0.810773
0.242225 0.757775
1.000000
0.666763 0.333237
1.000000
1.000000
1.000000
1.000000
0.426909 0.573091
1.000000
1.000000
0.025863 0.974137
0.030285 0.969715
0.391601 0.608399
1.000000
1.000000
0.488339 0.511661
1.000000
1.000000
0.292582 0.707418
0.046010 0.226726 0.727264
1.000000
1.000000
1.000000
0.826021 0.108961 0.065017
1.000000
1.000000
0.052524 0.947476
1.000000
1.000000
1.000000
0.682925 0.317075
0.647759 0.352241
0.650173 0.349827
0.060439 0.939561
1.000000
0.055292 0.490132 0.454577
1.000000
1.000000
0.019731 0.980269
1.000000
1.000000
0.647366 0.352634
1.000000
0.017185 0.982815
1.000000
0.914085 0.085915
0.525899 0.474101
0.289366 0.710634
1.000000
0.015664 0.984336
1.000000
0.901837 0.098163
0.752701 0.247299
0.682770 0.317230
1.000000
1.000000
1.000000
1.000000
1.000000
0.875668 0.124332
1.000000
1.000000
1.000000
1.000000
0.839584 0.160416
0.481943 0.442447 0.075610
1.000000
0.474890 0.525110
1.000000
0.695684 0.304316
0.875475 0.124525
1.000000
0.237580 0.762420
1.000000
0.009156 0.209115 0.781729
1.000000
0.004752 0.200380 0.794868
1.000000
0.315969 0.684031
0.911598 0.088402
0.584299 0.415701
1.000000
1.000000
0.904428 0.095572
1.000000
0.521267 0.478733
0.205565 0.794435
0.025394 0.974606
1.000000
0.857274 0.142726
1.000000
1.000000
1.000000
0.781042 0.218958
1.000000
0.883826 0.116174
0.025158 0.974842
0.043238 0.610573 0.346189
1.000000
1.000000
1.000000
1.000000
1.000000
1.000000
0.048608 0.951392
1.000000
1.000000
1.000000
1.000000
1.000000
0.640772 0.359228
1.000000
0.025473 0.974527
1.000000
0.186855 0.813145
0.884405 0.115595
0.337742 0.662258
0.562534 0.437466
0.322281 0.677719
0.772557 0.227443
1.000000
1.000000
0.093176 0.345009 0.561815
0.698979 0.301021
1.000000
0.364986 0.635014
0.271871 0.728129
0.799863 0.200137
1.000000
0.015481 0.984519
0.339476 0.379467 0.281056
0.888511 0.111489
0.744285 0.255715
1.000000
0.659177 0.340823
1.000000
0.103538 0.896462
0.007649 0.241554 0.750797
0.142771 0.264370 0.304795 0.288064
1.000000
1.000000
0.200903 0.583582 0.215515
1.000000
0.837154 0.096717 0.066128
1.000000
1.000000
1.000000
1.000000
0.305718 0.694282
0.076739 0.923261
1.000000
1.000000
0.764032 0.235968
0.643190 0.356810
0.904196 0.095804
0.090141 0.352340 0.557519
0.085995 0.914005
0.521802 0.478198
1.000000
0.822736 0.177264
0.027507 0.387824 0.584670
1.000000
1.000000
1.000000
0.011342 0.988658
1.000000
1.000000
1.000000
0.798602 0.201398
1.000000
0.248220 0.751780
0.631608 0.368392
1.000000
1.000000
0.811936 0.188064
1.000000
1.000000
0.821694 0.178306
1.000000
0.827582 0.172418
1.000000
1.000000
1.000000
1.000000
1.000000
1.000000
0.728752 0.271248
0.421455 0.578545
1.000000
1.000000
1.000000
1.000000
0.369986 0.630014
1.000000
1.000000
1.000000
1.000000
1.000000
1.000000
1.000000
1.000000
0.658156 0.341844
0.800085 0.199915
0.835848 0.096900 0.067252
0.621439 0.378561
1.000000
0.822250 0.177750
0.678756 0.321244
0.614328 0.385672
0.003630 0.104892 0.570211 0.321268
1.000000
0.424967 0.323062 0.162765 0.066039 0.023167
0.684848 0.315152
0.799740 0.200260
0.006465 0.395691 0.597844
1.000000
0.014648 0.985352
1.000000
0.885414 0.114586
1.000000
0.397438 0.602562
0.436232 0.563768
1.000000
0.852058 0.147942
0.865167 0.134833
0.157323 0.842677
0.233589 0.766411
0.486776 0.513224
0.846590 0.153410
0.037890 0.962110
1.000000
0.012587 0.492648 0.494765
1.000000
0.161216 0.838784
0.669727 0.330273
1.000000
0.748675 0.251325
0.806903 0.193097
1.000000
1.000000
1.000000
0.214004 0.785996
0.419634 0.580366
1.000000
0.896450 0.103550
1.000000
1.000000
0.028617 0.971383
0.142718 0.857282
0.748599 0.147101 0.060018 0.044282
1.000000
1.000000
1.000000
0.017432 0.982568
1.000000
1.000000
1.000000
1.000000
0.874394 0.125606
1.000000
0.024055 0.975945
1.000000
0.086838 0.913162
1.000000
1.000000
1.000000
1.000000
1.000000
1.000000
0.017581 0.982419
0.754446 0.245554
0.760646 0.239354
1.000000
0.367616 0.632384
0.764497 0.235503
1.000000
0.893690 0.106310
0.379705 0.620295
1.000000
1.000000
0.648871 0.351129
0.045211 0.954789
0.427374 0.572626
1.000000
0.796933 0.203067
1.000000
1.000000
0.774850 0.225150
0.858510 0.141490
0.895753 0.104247
1.000000
0.405917 0.594083
1.000000
0.207451 0.792549
1.000000
0.235113 0.764887
1.000000
0.498931 0.501069
0.593364 0.406636
1.000000
0.105769 0.894231
1.000000
1.000000
0.009460 0.382846 0.607694
0.796369 0.203631
0.514899 0.485101
0.784936 0.215064
0.863228 0.136772
1.000000
1.000000
1.000000
0.015757 0.984243
1.000000
1.000000
0.858807 0.141193
1.000000
1.000000
1.000000
1.000000
1.000000
0.541469 0.458531
1.000000
1.000000
0.761585 0.238415
0.576977 0.423023
1.000000
0.882120 0.117880
0.013297 0.364693 0.514159 0.107852
1.000000
0.415531 0.361807 0.222663
0.141440 0.858560
1.000000
0.842287 0.157713
1.000000
0.438017 0.561983
0.057328 0.942672
1.000000
0.720466 0.279534
1.000000
1.000000
0.736222 0.263778
0.119844 0.880156
0.885127 0.114873
1.000000
1.000000
1.000000
1.000000
0.823190 0.176810
0.216199 0.371967 0.411834
1.000000
0.763912 0.236088
0.262737 0.618847 0.118415
1.000000
0.438582 0.561418
0.199984 0.800016
1.000000
1.000000
1.000000
1.000000
0.408787 0.591213
0.164821 0.835179
1.000000
1.000000
1.000000
1.000000
1.000000
1.000000
0.762255 0.237745
1.000000
0.574700 0.425300
0.207125 0.376039 0.416836
1.000000
0.901842 0.098158
0.861073 0.138927
1.000000
0.495600 0.504400
0.893205 0.106795
1.000000
0.686798 0.313202
1.000000
0.799020 0.117525 0.083455
0.187931 0.812069
0.359068 0.640932
0.172770 0.717008 0.110222
0.819668 0.180332
0.755760 0.244240
0.392001 0.607999
0.134680 0.865320
0.888354 0.111646
0.654240 0.271065 0.074695
1.000000
0.829616 0.170384
1.000000
0.512284 0.487716
0.848967 0.151033
1.000000
0.133914 0.866086
0.821106 0.178894
1.000000
0.318714 0.681286
1.000000
1.000000
1.000000
1.000000
0.406036 0.593964
0.428756 0.571244
0.021670 0.978330
0.458233 0.541767
1.000000
1.000000
0.069024 0.930976
0.755254 0.244746
0.419969 0.580031
0.880573 0.119427
1.000000
1.000000
1.000000
0.159230 0.840770
1.000000
0.318457 0.681543
0.894229 0.105771
0.735165 0.211865 0.044772 0.008199
1.000000
0.012783 0.987217
1.000000
0.258778 0.741222
1.000000
1.000000
1.000000
0.440447 0.559553
0.898875 0.101125
1.000000
1.000000
1.000000
0.500173 0.499827
0.692676 0.307324
1.000000
1.000000
0.314515 0.685485
1.000000
1.000000
1.000000
1.000000
1.000000
0.014699 0.423844 0.478452 0.083005
0.533498 0.466502
0.473166 0.526834
0.594665 0.405335
1.000000
0.819972 0.180028
0.088140 0.653959 0.257901
0.025163 0.263470 0.711367
0.832691 0.104491 0.062818
0.590202 0.409798
0.860868 0.139132
0.650833 0.349167
0.019584 0.980416
1.000000
1.000000
1.000000
0.017307 0.982693
1.000000
0.301703 0.698297
0.847492 0.152508
0.834208 0.165792
1.000000
1.000000
1.000000
1.000000
0.878368 0.121632
1.000000
1.000000
1.000000
0.215351 0.784649
1.000000
0.466660 0.533340
1.000000
1.000000
0.832354 0.167646
0.803758 0.196242
1.000000
0.834249 0.165751
0.483313 0.516687
0.273978 0.726022
0.835040 0.164960
1.000000
0.731614 0.268386
1.000000
0.016254 0.983746
1.000000
1.000000
0.736383 0.263617
1.000000
1.000000
0.002239 0.053927 0.943834
1.000000
1.000000
1.000000
0.899558 0.100442
0.886161 0.113839
0.339285 0.660715
1.000000
0.889233 0.110767
0.711927 0.288073
0.482003 0.517997
0.089375 0.695051 0.215574
1.000000
0.355811 0.382827 0.261362
0.393606 0.606394
0.225657 0.774343
0.204254 0.795746
0.014083 0.467271 0.518646
0.635798 0.364202
1.000000
1.000000
0.706265 0.293735
1.000000
0.520375 0.479625
1.000000
1.000000
1.000000
0.368862 0.631138
1.000000
1.000000
0.014319 0.112667 0.873014
0.779176 0.220824
1.000000
0.428537 0.354892 0.216571
1.000000
1.000000
1.000000
1.000000
0.713220 0.239357 0.047423
1.000000
1.000000
1.000000
0.848352 0.151648
0.296057 0.703943
0.216377 0.688815 0.094808
0.358875 0.641125
0.004140 0.030303 0.965556
0.519018 0.480982
0.764675 0.235325
1.000000
0.863635 0.136365
0.486285 0.513715
1.000000
1.000000
0.463621 0.536379
0.910222 0.089778
0.037517 0.962483
0.815037 0.184963
1.000000
0.781072 0.218928
1.000000
1.000000
1.000000
1.000000
1.000000
0.263950 0.376724 0.359326
1.000000
1.000000
0.605782 0.299235 0.094982
1.000000
0.663139 0.336861
1.000000
1.000000
1.000000
0.659205 0.340795
1.000000
1.000000
1.000000
1.000000
1.000000
1.000000
1.000000
0.694652 0.305348
0.386449 0.613551
1.000000
1.000000
0.416084 0.377447 0.206469
0.787117 0.212883
1.000000
1.000000
1.000000
1.000000
1.000000
0.037222 0.750304 0.212474
1.000000
0.455657 0.465264 0.079079
1.000000
0.200339 0.799661
1.000000
0.455697 0.544303
1.000000
1.000000
1.000000
1.000000
0.382230 0.617770
1.000000
1.000000
1.000000
0.868001 0.131999
0.852840 0.147160
1.000000
0.494684 0.505316
1.000000
1.000000
0.226220 0.773780
1.000000
1.000000
1.000000
0.841350 0.094260 0.064390
0.187220 0.397242 0.166062 0.134985 0.114492
1.000000
1.000000
1.000000
0.035138 0.964862
1.000000
0.802524 0.197476
1.000000
0.048427 0.951573
1.000000
1.000000
0.698029 0.221750 0.080221
0.144994 0.855006
1.000000
1.000000
0.909227 0.090773
1.000000
1.000000
1.000000
0.265690 0.636286 0.098023
1.000000
0.437121 0.562879
1.000000
1.000000
0.429449 0.489872 0.080679
1.000000
0.620272 0.379728
1.000000
0.380986 0.619014
0.698784 0.301216
1.000000
0.331767 0.668233
0.674178 0.325822
1.000000
0.696837 0.303163
1.000000
0.381147 0.618853
0.860536 0.139464
0.055578 0.806899 0.137523
1.000000
0.161343 0.838657
0.139935 0.668031 0.192034
1.000000
0.901141 0.098859
1.000000
0.446651 0.553349
0.500066 0.499934
1.000000
1.000000
1.000000
1.000000
0.064642 0.935358
0.437390 0.562610
0.031075 0.968925
1.000000
0.322661 0.677339
1.000000
1.000000
0.561909 0.438091
1.000000
1.000000
0.237090 0.762910
1.000000
0.000889 0.004803 0.022743 0.199555 0.772010
1.000000
1.000000
0.484672 0.515328
1.000000
1.000000
1.000000
0.333312 0.385099 0.281589
0.323090 0.676910
1.000000
1.000000
1.000000
0.747298 0.252702
0.662793 0.337207
0.441668 0.362464 0.195867
0.451138 0.548862
1.000000
0.051431 0.948569
1.000000
0.570880 0.429120
0.038656 0.961344
0.341201 0.658799
0.352770 0.563299 0.083932
1.000000
0.025659 0.974341
0.218855 0.781145
1.000000
1.000000
1.000000
1.000000
0.562734 0.437266
1.000000
1.000000
1.000000
1.000000
1.000000
1.000000
0.907748 0.092252
0.704324 0.295676
0.597159 0.402841
1.000000
1.000000
1.000000
0.017805 0.982195
1.000000
1.000000
1.000000
1.000000
0.385680 0.352735 0.261585
0.090560 0.909440
0.358322 0.641678
0.648153 0.351847
1.000000
1.000000
0.456117 0.362814 0.181069
1.000000
0.840275 0.159725
0.665667 0.334333
1.000000
1.000000
1.000000
0.901639 0.098361
0.682333 0.317667
1.000000
0.337580 0.662420
0.474514 0.525486
0.500972 0.499028
0.751574 0.248426
1.000000
0.739473 0.260527
1.000000
1.000000
0.792900 0.131092 0.076008
0.040723 0.959277
0.379369 0.620631
1.000000
1.000000
1.000000
0.179833 0.820167
0.013829 0.986171
0.907664 0.092336
1.000000
1.000000
0.082556 0.917444
1.000000
0.887809 0.112191
1.000000
0.698671 0.301329
0.450804 0.549196
0.641541 0.358459
0.412753 0.587247
1.000000
1.000000
0.820064 0.179936
0.575313 0.424687
1.000000
1.000000
0.575775 0.305559 0.118666
1.000000
0.563504 0.436496
1.000000
0.252612 0.747388
0.834586 0.165414
1.000000
0.440515 0.559485
1.000000
0.354998 0.645002
0.684297 0.259088 0.056615
0.072785 0.927215
0.139472 0.860528
0.621083 0.378917
1.000000
1.000000
1.000000
0.680302 0.319698
0.465263 0.534737
1.000000
0.044282 0.150820 0.332873 0.472025
1.000000
1.000000
0.267945 0.372878 0.359178
1.000000
1.000000
1.000000
0.761861 0.238139
1.000000
0.913097 0.086903
1.000000
0.612796 0.387204
0.358471 0.375168 0.266361
1.000000
1.000000
1.000000
0.470530 0.529470
0.927476 0.072524
0.840353 0.159647
1.000000
1.000000
1.000000
0.849575 0.150425
0.886910 0.113090
0.200586 0.799414
1.000000
0.317726 0.682274
0.237505 0.762495
1.000000
1.000000
0.540602 0.459398
0.548310 0.451690
0.877338 0.122662
1.000000
0.879633 0.120367
1.000000
0.397243 0.602757
0.910471 0.089529
1.000000
0.397650 0.602350
0.757964 0.202881 0.039155
1.000000
0.911593 0.088407
1.000000
0.779610 0.220390
1.000000
0.519854 0.480146
1.000000
0.336576 0.385899 0.277526
1.000000
1.000000
1.000000
0.617522 0.311967 0.070511
0.510893 0.489107
1.000000
1.000000
1.000000
1.000000
1.000000
0.400087 0.599913
0.557082 0.442918
1.000000
1.000000
0.416482 0.583518
1.000000
1.000000
1.000000
0.879083 0.120917
1.000000
1.000000
1.000000
0.912933 0.087067
1.000000
0.033446 0.966554
1.000000
1.000000
1.000000
1.000000
1.000000
0.380150 0.619850
0.019477 0.980523
1.000000
1.000000
1.000000
0.896610 0.103390
1.000000
1.000000
0.849884 0.150116
0.652446 0.273972 0.073582
1.000000
0.021288 0.978712
1.000000
1.000000
0.001617 0.018814 0.320351 0.659218
1.000000
0.566490 0.433510
1.000000
1.000000
0.814961 0.185039
1.000000
1.000000
1.000000
0.022208 0.977792
1.000000
0.899115 0.100885
0.623163 0.376837
1.000000
1.000000
0.853008 0.146992
0.040221 0.959779
0.064788 0.271434 0.663778
1.000000
0.225830 0.774170
1.000000
0.184490 0.387806 0.427704
1.000000
0.912722 0.087278
1.000000
1.000000
0.912377 0.087623
0.903751 0.096249
0.036002 0.963998
0.910013 0.089987
0.908009 0.091991
0.089802 0.910198
1.000000
0.577644 0.422356
0.857631 0.142369
0.720276 0.230615 0.049109
1.000000
1.000000
1.000000
0.018218 0.981782
1.000000
1.000000
1.000000
0.281699 0.718301
1.000000
0.021931 0.093852 0.281190 0.603028
0.211863 0.788137
0.661522 0.338478
1.000000
1.000000
1.000000
0.831707 0.168293
1.000000
0.504257 0.495743
0.066040 0.933960
1.000000
1.000000
0.206857 0.793143
0.736020 0.263980
0.315103 0.684897
1.000000
0.049583 0.950417
0.691450 0.308550
0.758942 0.241058
0.457779 0.542221
0.122989 0.376564 0.500447
0.002526 0.052961 0.944512
1.000000
0.833146 0.166854
1.000000
1.000000
0.458893 0.541107
0.189400 0.810600
1.000000
1.000000
0.016842 0.437683 0.545475
1.000000
1.000000
1.000000
1.000000
0.211760 0.788240
1.000000
1.000000
0.797546 0.202454
1.000000
0.086355 0.913645
1.000000
1.000000
1.000000
1.000000
0.737803 0.262197
1.000000
0.412669 0.587331
0.715493 0.284507
1.000000
0.398482 0.601518
0.174353 0.825647
1.000000
0.649662 0.350338
1.000000
0.728881 0.271119
0.908315 0.091685
1.000000
0.011221 0.988779
1.000000
1.000000
1.000000
1.000000
1.000000
0.667032 0.332968
1.000000
1.000000
1.000000
1.000000
0.038863 0.961137
1.000000
0.295569 0.598743 0.105688
0.711031 0.288969
1.000000
0.051149 0.948851
1.000000
1.000000
1.000000
1.000000
1.000000
0.699191 0.300809
1.000000
0.329123 0.670877
1.000000
1.000000
1.000000
1.000000
0.759922 0.240078
0.045249 0.954751
1.000000
1.000000
1.000000
1.000000
1.000000
1.000000
1.000000
0.901048 0.098952
1.000000
1.000000
0.040944 0.220382 0.738674
0.025350 0.974650
0.387584 0.612416
1.000000
1.000000
0.171837 0.828163
0.027649 0.972351
0.910236 0.089764
1.000000
0.799194 0.200806
0.525433 0.474567
1.000000
1.000000
1.000000
1.000000
1.000000
0.088105 0.911895
1.000000
0.351355 0.648645
0.005995 0.220026 0.773979
1.000000
0.872947 0.127053
0.420716 0.579284
0.736031 0.263969
1.000000
0.619535 0.380465
1.000000
0.700058 0.299942
1.000000
0.089650 0.328707 0.581643
1.000000
0.080271 0.340068 0.579661
1.000000
1.000000
0.104657 0.895343
0.710435 0.180868 0.061225 0.047472
0.623230 0.376770
1.000000
1.000000
0.212251 0.787749
0.307419 0.380740 0.311842
1.000000
0.826205 0.173795
1.000000
0.040127 0.959873
1.000000
0.909344 0.090656
1.000000
1.000000
0.127219 0.872781
0.025139 0.445178 0.435856 0.093826
0.120677 0.879323
0.836447 0.163553
1.000000
0.912409 0.087591
0.672696 0.327304
0.454324 0.545676
1.000000
1.000000
1.000000
0.056206 0.265926 0.677867
0.747734 0.162860 0.089406
1.000000
0.439232 0.560768
1.000000
0.588906 0.411094
0.171645 0.828355
1.000000
1.000000
0.477562 0.315902 0.139999 0.050574 0.015963
0.809958 0.165636 0.024405
0.527913 0.472087
0.778582 0.221418
1.000000
1.000000
1.000000
0.022198 0.977802
0.467708 0.532292
0.434300 0.565700
1.000000
1.000000
1.000000
1.000000
1.000000
0.907344 0.092656
0.879156 0.120844
0.716011 0.165388 0.118601
1.000000
1.000000
1.000000
0.895091 0.104909
1.000000
1.000000
0.002026 0.034827 0.963147
1.000000
1.000000
1.000000
0.270067 0.729933
1.000000
1.000000
0.736019 0.263981
1.000000
1.000000
0.404182 0.595818
1.000000
0.593384 0.406616
1.000000
1.000000
0.612653 0.173842 0.127795 0.085710
1.000000
1.000000
0.538357 0.461643
1.000000
1.000000
1.000000
1.000000
0.790849 0.209151
0.070305 0.929695
1.000000
0.048155 0.228798 0.723047
0.036480 0.963520
1.000000
0.016259 0.983741
1.000000
1.000000
0.673754 0.255991 0.070255
0.817868 0.119013 0.063119
1.000000
0.576224 0.423776
1.000000
1.000000
1.000000
0.575283 0.325483 0.099234
1.000000
0.864555 0.135445
0.797546 0.202454
0.646347 0.353653
1.000000
0.813437 0.186563
1.000000
1.000000
1.000000
1.000000
1.000000
1.000000
0.043511 0.956489
1.000000
1.000000
1.000000
1.000000
0.629145 0.370855
0.847952 0.152048
1.000000
1.000000
0.527398 0.472602
1.000000
1.000000
1.000000
1.000000
0.208454 0.791546
1.000000
0.597730 0.402270
1.000000
1.000000
1.000000
0.045118 0.954882
0.594868 0.405132
1.000000
0.004643 0.150838 0.597104 0.247415
1.000000
1.000000
1.000000
0.918391 0.081609
0.881836 0.118164
1.000000
1.000000
1.000000
0.044897 0.223405 0.731698
1.000000
1.000000
1.000000
1.000000
0.704224 0.295776
1.000000
0.263037 0.628807 0.108157
0.625619 0.374381
1.000000
1.000000
1.000000
1.000000
1.000000
1.000000
1.000000
1.000000
0.049060 0.950940
1.000000
0.264647 0.735353
1.000000
1.000000
1.000000
1.000000
1.000000
1.000000
1.000000
1.000000
1.000000
0.345109 0.383664 0.271228
0.592225 0.407775
1.000000
1.000000
1.000000
0.705784 0.294216
1.000000
0.692136 0.307864
0.016196 0.983804
0.006931 0.157754 0.835315
0.748606 0.251394
1.000000
0.019525 0.980475
1.000000
1.000000
0.061773 0.746188 0.192039
0.228361 0.771639
0.674927 0.325073
0.418353 0.581647
1.000000
0.430588 0.569412
0.635002 0.364998
0.170793 0.829207
1.000000
0.039308 0.219285 0.741406
0.736401 0.263599
1.000000
0.595020 0.404980
0.513636 0.349180 0.137184
1.000000
0.241307 0.758693
1.000000
0.327829 0.672171
1.000000
1.000000
0.200148 0.799852
1.000000
0.033980 0.262473 0.703548
0.643526 0.356474
1.000000
1.000000
1.000000
0.185910 0.814090
0.354120 0.333420 0.208444 0.104015
1.000000
0.595543 0.404457
0.694652 0.305348
1.000000
0.047799 0.952201
1.000000
0.899805 0.100195
1.000000
1.000000
0.821567 0.178433
0.700920 0.234088 0.064992
1.000000
1.000000
1.000000
1.000000
1.000000
1.000000
0.011458 0.988542
1.000000
0.187587 0.812413
1.000000
1.000000
1.000000
1.000000
0.824430 0.175570
1.000000
0.015898 0.984102
1.000000
0.657853 0.342147
1.000000
0.730179 0.269821
0.226003 0.773997
0.154928 0.845072
1.000000
0.727829 0.272171
0.502463 0.497537
0.701559 0.298441
1.000000
0.773377 0.226623
1.000000
0.016965 0.983035
0.807567 0.192433
0.369113 0.630887
1.000000
1.000000
0.824751 0.175249
1.000000
1.000000
0.886876 0.113124
1.000000
0.744327 0.255673
1.000000
1.000000
1.000000
0.020882 0.979118
0.882457 0.117543
0.026979 0.973021
0.024092 0.975908
1.000000
1.000000
0.864229 0.135771
0.027793 0.972207
1.000000
0.013095 0.370671 0.616234
1.000000
1.000000
0.082420 0.917580
1.000000
1.000000
0.678359 0.321641
1.000000
0.438611 0.561389
1.000000
1.000000
1.000000
1.000000
1.000000
0.894938 0.105062
0.660101 0.257943 0.081956
0.258185 0.741815
0.762859 0.237141
1.000000
0.154335 0.845665
0.006297 0.261487 0.732216
1.000000
0.607045 0.392955
1.000000
0.647403 0.352597
1.000000
0.462021 0.537979
1.000000
0.022464 0.977536
0.021536 0.978464
0.650023 0.349977
0.193629 0.806371
0.108018 0.891982
1.000000
0.816186 0.183814
1.000000
0.726096 0.273904
1.000000
1.000000
0.042287 0.766750 0.190963
0.428884 0.571116
0.687674 0.312326
0.022609 0.977391
0.089275 0.910725
0.714889 0.285111
0.025073 0.600492 0.374435
1.000000
1.000000
1.000000
1.000000
1.000000
1.000000
1.000000
0.736155 0.263845
0.719340 0.280660
0.888406 0.111594
0.907610 0.092390
0.281431 0.718569
1.000000
0.736623 0.263377
1.000000
1.000000
0.879444 0.120556
0.903787 0.096213
0.043296 0.956704
1.000000
1.000000
1.000000
0.425188 0.498399 0.076413
1.000000
0.616952 0.383048
1.000000
0.896830 0.103170
1.000000
0.783572 0.216428
0.836466 0.163534
1.000000
0.023638 0.976362
1.000000
1.000000
0.023780 0.976220
1.000000
1.000000
0.832263 0.167737
0.031235 0.968765
0.877174 0.122826
0.059049 0.578374 0.362577
0.810581 0.189419
0.762336 0.237664
0.642289 0.357711
0.863927 0.136073
1.000000
1.000000
1.000000
1.000000
0.553688 0.446312
0.786094 0.213906
1.000000
0.332531 0.667469
1.000000
0.726447 0.273553
1.000000
0.785043 0.214957
0.150174 0.849826
1.000000
0.487084 0.512916
1.000000
1.000000
0.797538 0.202462
1.000000
0.624127 0.375873
1.000000
1.000000
1.000000
1.000000
1.000000
0.678744 0.321256
1.000000
1.000000
1.000000
1.000000
1.000000
0.028653 0.971347
0.206877 0.793123
0.713385 0.286615
0.016510 0.983490
0.733160 0.266840
1.000000
0.019214 0.601981 0.378805
0.032285 0.967715
0.673037 0.326963
0.855790 0.144210
1.000000
1.000000
0.398194 0.601806
1.000000
1.000000
1.000000
0.794691 0.205309
1.000000
0.050131 0.720979 0.228891
1.000000
0.017031 0.982969
0.264765 0.735235
1.000000
1.000000
0.340601 0.659399
1.000000
1.000000
0.042376 0.957624
1.000000
0.152727 0.847273
1.000000
0.883582 0.116418
0.462691 0.537309
0.104278 0.895722
1.000000
0.889053 0.110947
0.899220 0.100780
1.000000
1.000000
0.109252 0.890748
1.000000
1.000000
0.316915 0.683085
1.000000
1.000000
0.592069 0.407931
1.000000
1.000000
0.648887 0.351113
1.000000
1.000000
1.000000
0.546289 0.453711
0.793676 0.206324
1.000000
1.000000
0.084130 0.915870
1.000000
1.000000
1.000000
0.524758 0.475242
1.000000
0.011156 0.988844
0.559364 0.330320 0.110316
0.707562 0.292438
1.000000
0.381780 0.618220
0.912013 0.087987
1.000000
0.524783 0.475217
1.000000
1.000000
1.000000
1.000000
0.905226 0.094774
1.000000
0.841498 0.158502
1.000000
0.108781 0.891219
0.671839 0.328161
0.401398 0.598602
0.626803 0.373197
0.002146 0.027231 0.351241 0.619381
0.871290 0.128710
1.000000
0.808171 0.191829
0.494354 0.505646
1.000000
1.000000
1.000000
1.000000
0.273863 0.726137
0.789920 0.210080
1.000000
0.470877 0.359716 0.169408
0.166014 0.833986
1.000000
0.640348 0.359652
1.000000
1.000000
1.000000
0.250342 0.749658
1.000000
0.172779 0.637852 0.189368
1.000000
0.574515 0.425485
1.000000
1.000000
1.000000
1.000000
0.607395 0.392605
0.052283 0.947717
0.017393 0.982607
0.246365 0.753635
0.582060 0.417940
1.000000
0.904107 0.095893
1.000000
0.426238 0.573762
0.875038 0.124962
0.482286 0.517714
1.000000
0.545004 0.454996
1.000000
0.908947 0.091053
0.637899 0.283512 0.078589
1.000000
1.000000
1.000000
0.739206 0.260794
1.000000
1.000000
1.000000
0.150540 0.659010 0.190450
1.000000
1.000000
0.027410 0.972590
0.649389 0.350611
1.000000
0.034981 0.965019
0.653318 0.346682
0.466167 0.533833
1.000000
1.000000
1.000000
1.000000
0.023541 0.976459
1.000000
1.000000
1.000000
0.768077 0.231923
1.000000
1.000000
0.778733 0.221267
1.000000
0.677093 0.322907
0.849194 0.150806
0.021480 0.978520
0.907649 0.092351
0.539569 0.460431
1.000000
1.000000
0.156234 0.843766
1.000000
0.300904 0.699096
1.000000
0.795433 0.204567
1.000000
0.231932 0.768068
0.193436 0.806564
0.740574 0.259426
1.000000
1.000000
1.000000
0.479367 0.520633
0.182201 0.817799
0.052577 0.947423
0.458086 0.397686 0.090728 0.053500
0.035697 0.964303
1.000000
0.051994 0.948006
0.188138 0.811862
1.000000
0.722084 0.277916
1.000000
1.000000
1.000000
0.736148 0.263852
0.526447 0.473553
0.884402 0.115598
0.550679 0.449321
1.000000
1.000000
1.000000
0.025312 0.974688
1.000000
1.000000
1.000000
1.000000
0.814877 0.164586 0.020537
1.000000
1.000000
1.000000
0.856308 0.143692
1.000000
1.000000
0.636189 0.296581 0.067231
0.579889 0.420111
1.000000
0.778791 0.221209
1.000000
1.000000
1.000000
1.000000
1.000000
1.000000
1.000000
1.000000
0.345924 0.654076
1.000000
1.000000
0.815391 0.184609
1.000000
1.000000
1.000000
1.000000
1.000000
1.000000
1.000000
0.901065 0.098935
0.273732 0.726268
1.000000
0.408755 0.591245
1.000000
1.000000
1.000000
0.769411 0.230589
1.000000
0.790303 0.209697
