2000 3
3 2 2 1 2 1 1 1 1 1 2 1 1 2 1 1 2 2 2 1 2 2 2 2 2 2 1 1 1 1 2 1 1 1 2 2 1 1 2 1 1 1 3 1 1 1 2 1 1 1 2 1 1 1 1 1 1 1 2 1 1 1 1 2 1 2 1 1 2 1 2 1 1 1 1 1 1 1 1 1 2 2 1 1 2 2 1 2 2 2 2 1 1 1 1 2 1 1 1 1 2 1 2 1 2 2 1 1 2 1 2 2 1 1 1 2 1 2 1 1 2 1 2 2 1 1 2 1 3 1 1 1 2 2 3 4 1 2 2 1 1 2 3 2 1 1 2 1 2 1 1 2 1 2 1 1 2 1 1 2 2 1 1 2 1 2 1 2 1 2 1 2 1 1 2 1 2 1 1 3 1 1 1 2 1 1 2 1 1 2 2 1 1 2 2 1 1 1 1 1 2 1 2 2 2 1 2 2 2 2 2 2 2 1 1 1 2 3 2 3 1 2 2 1 2 2 1 2 1 1 2 1 1 1 2 1 2 1 1 2 2 1 1 1 1 1 2 1 2 2 1 1 2 2 1 2 1 1 1 1 2 1 1 1 2 1 3 1 2 2 1 1 1 1 2 2 2 3 2 3 1 2 2 1 1 1 2 1 2 1 1 1 2 2 2 2 2 1 2 1 1 1 1 2 1 1 2 2 2 1 1 2 1 1 2 3 1 1 1 3 1 1 2 1 1 1 2 2 2 2 1 3 1 1 2 1 1 2 1 2 1 2 2 2 1 2 1 2 2 2 1 1 1 1 1 2 1 1 1 1 2 3 1 2 1 2 2 1 2 1 3 1 3 1 2 2 2 1 1 2 1 2 2 2 1 2 1 1 1 2 1 2 2 3 1 1 1 1 1 1 2 1 1 1 1 1 2 1 2 1 2 2 2 2 2 2 1 1 3 2 1 2 2 2 1 2 3 2 2 1 2 1 2 3 4 1 1 3 1 3 1 1 1 1 2 2 1 1 2 2 2 3 2 2 1 2 3 1 1 1 2 1 1 1 2 1 2 2 1 1 2 1 1 2 1 2 1 1 1 1 1 1 2 2 1 1 1 1 2 1 1 1 1 1 1 1 1 2 2 3 2 1 2 2 2 4 1 5 2 2 3 1 2 1 2 1 2 2 1 2 2 2 2 2 2 2 1 3 1 2 2 1 2 2 1 1 1 2 2 1 2 1 1 2 2 4 1 1 1 2 1 1 1 1 2 1 2 1 2 1 1 1 1 1 1 2 2 2 1 2 2 1 2 2 1 1 2 2 2 1 2 1 1 2 2 2 1 2 1 2 1 2 1 2 2 1 2 1 1 3 2 2 2 2 1 1 1 2 1 1 2 1 1 1 1 1 2 1 1 2 2 1 2 4 1 3 2 1 2 1 2 2 1 2 1 1 2 2 2 1 1 1 1 2 3 1 2 3 1 2 2 1 1 1 1 2 2 1 1 1 1 1 1 2 1 2 3 1 2 2 1 2 2 1 2 1 3 2 2 3 2 2 2 2 2 3 1 2 1 2 2 1 2 2 1 2 1 1 1 1 2 2 2 2 1 1 2 2 2 2 1 1 1 2 1 2 2 4 1 2 1 2 1 1 1 2 2 1 1 1 2 2 1 1 2 1 1 1 1 1 4 2 2 2 1 2 3 3 3 2 2 2 2 1 1 1 2 1 2 2 2 1 1 1 1 2 1 1 1 2 1 2 1 1 2 2 1 2 2 2 2 1 2 1 2 1 1 2 1 1 3 1 1 1 2 2 2 1 2 2 2 3 1 3 2 2 2 3 2 1 1 2 1 2 1 1 1 2 1 1 3 2 1 3 1 1 1 1 3 1 1 1 2 2 3 2 3 2 2 1 2 2 1 1 2 2 2 2 1 2 1 1 1 1 1 3 1 1 3 1 2 1 1 1 2 1 1 1 1 1 1 1 2 2 1 1 3 2 1 1 1 1 1 3 1 3 1 2 1 2 1 1 1 1 2 1 1 1 2 2 1 2 1 1 2 1 1 1 3 5 1 1 1 2 1 2 1 2 1 1 3 2 1 1 2 1 1 1 3 1 2 1 1 3 1 2 1 2 2 1 2 2 1 2 1 2 2 3 1 2 3 1 2 1 2 2 1 1 1 1 2 2 2 1 2 1 1 2 1 1 2 1 5 1 1 2 1 1 1 3 2 1 1 1 2 2 3 2 1 2 1 2 2 2 3 1 2 2 1 1 1 1 2 1 1 1 1 1 1 2 2 2 1 1 1 2 1 1 1 1 3 2 2 2 1 1 3 1 2 2 1 1 1 2 2 1 2 2 2 2 1 2 1 1 3 2 2 1 1 1 2 2 2 1 1 2 1 2 1 2 2 2 2 1 1 2 2 1 1 3 1 2 1 2 2 1 2 1 2 3 2 2 2 1 1 1 2 2 1 4 1 1 3 1 1 1 2 1 2 1 2 3 1 1 1 2 2 2 1 1 1 2 2 2 1 2 2 1 1 2 2 2 1 2 1 2 2 1 2 3 1 2 1 2 1 2 1 3 1 1 1 3 2 1 1 1 1 1 2 2 1 1 2 1 1 1 2 1 1 1 2 1 2 1 1 1 1 1 2 2 1 1 1 2 1 1 2 3 1 2 1 1 4 1 2 1 1 2 1 1 1 2 1 2 2 1 1 2 2 3 1 2 1 3 1 2 1 1 2 2 2 2 2 2 1 2 2 3 1 1 1 2 1 1 1 2 1 4 2 2 1 1 1 2 1 2 2 1 1 2 2 2 1 2 2 2 2 3 3 1 2 1 1 2 2 1 1 3 1 1 1 1 2 1 1 2 1 2 1 1 1 1 2 1 2 2 1 2 2 1 2 1 2 2 1 2 1 1 1 1 1 2 1 1 1 1 2 1 3 2 1 2 1 1 1 1 1 2 1 2 1 1 1 1 2 2 1 1 1 1 1 1 1 2 1 1 3 2 2 1 1 2 2 2 1 2 2 1 1 1 1 1 2 1 2 3 1 2 2 2 1 2 1 2 1 3 1 3 1 1 2 4 2 1 1 2 3 1 2 1 2 1 2 1 1 2 4 2 2 1 2 2 2 1 1 1 3 3 1 2 1 2 2 1 1 5 3 2 2 1 1 1 2 2 2 1 1 1 1 1 2 2 3 1 1 1 2 1 1 3 1 1 1 2 1 1 2 1 1 2 1 2 1 1 4 1 1 2 1 1 1 1 2 2 1 3 2 1 2 1 1 3 3 1 2 1 1 1 3 1 2 2 2 1 2 1 1 1 1 1 1 2 1 1 1 1 2 2 1 1 2 1 1 1 1 2 1 2 1 1 1 2 2 1 4 1 1 1 2 2 1 1 1 3 1 1 1 1 2 1 3 2 1 1 1 1 1 1 1 1 2 1 2 1 1 1 1 1 1 1 1 1 3 2 1 1 1 2 1 2 2 3 2 1 2 1 1 3 2 2 2 1 2 2 2 1 3 2 1 2 3 1 2 1 2 1 1 2 1 3 2 1 1 1 2 4 1 2 2 1 2 1 2 1 1 2 3 1 1 1 1 1 1 2 1 2 1 1 1 1 2 1 2 1 2 1 2 2 2 1 2 2 2 1 2 1 2 2 2 1 1 2 1 1 2 1 2 1 1 1 2 2 2 2 1 1 2 2 1 3 1 1 2 1 1 2 1 2 1 1 1 1 1 2 3 2 2 1 2 3 1 2 1 2 1 2 1 2 2 2 2 2 1 2 1 2 1 1 3 2 2 2 2 2 3 1 1 1 1 1 1 1 2 2 2 2 2 1 2 1 1 2 2 2 1 1 1 3 1 2 1 2 1 2 2 1 2 1 1 2 1 1 2 2 2 3 2 2 2 2 1 1 1 1 2 2 1 2 1 2 1 2 2 1 2 1 1 2 1 2 1 1 1 1 1 2 1 1 1 1 1 2 2 2 2 2 1 3 2 2 2 1 1 2 1 1 1 2 1 3 1 2 2 1 1 2 1 1 2 1 2 1 2 2 2 1 2 2 1 1 2 1 1 2 1 1 2 1 1 2 1 1 1 2 2 1 1 2 1 1 1 2 1 2 3 2 1 2 2 1 2 1 1 1 1 2 1 2 1 2 2 2 2 4 2 1 2 2 1 1 1 1 2 2 1 3 2 1 2 1 1 1 2 1 3 1 2 1 1 1 1 2 2 2 2 2 1 2 1 2 2 2 1 2 1 2 3 1 1 1 2 1 1 1 3 1 1 2 2 1 2 2 2 1 1 1 1 2 1 1 1 2 1 1 2 1 2 2 2 2 2 1 1 2 1 2 1 2 1 2 2 2 1 1 1 2 2 2 4 2 1 2 2 1 2 1 1 1 2 2 2 2 1 1 1 2 1 1 1 1 3 1 1 1 2 1 1 3 2 1 2 1 1 1 1 1 1 1 1 2 1 1 2 1 1 1 1 1 1 1 2 2 1 2 1 1 1 2 1 2
0.000592 0.000000 0.000000
0.560870 0.321456 0.117081
-0.000000 0.000000 0.000000
0.843813 0.004215
0.065032 0.086940
0.000000 -0.000000
0.725853 0.138545
0.043865 0.091737
0.000000 -0.000000
0.949576
0.050424
0.000000
0.012901 0.000022
0.551870 0.435207
-0.000000 0.000000
0.914023
0.085977
0.000000
0.787463
0.212537
-0.000000
0.000102
0.999898
-0.000000
0.038557
0.961443
0.000000
0.007959
0.992041
0.000000
0.825971 0.016994
0.064356 0.092679
-0.000000 0.000000
0.110199
0.889801
-0.000000
0.000027
0.999973
-0.000000
0.063987 0.008216
0.377522 0.550275
0.000000 -0.000000
0.946344
0.053656
-0.000000
0.441764
0.558236
-0.000000
0.003166 0.000000
0.580427 0.416407
0.000000 0.000000
0.000019 0.000000
0.772872 0.227109
-0.000000 0.000000
0.642969 0.249965
0.034947 0.072119
-0.000000 -0.000000
0.953350
0.046650
0.000000
0.074811 0.860273
0.015660 0.049256
0.000000 -0.000000
0.001109 0.739996
0.040837 0.218059
-0.000000 0.000000
0.030259 0.119205
0.248734 0.601802
-0.000000 -0.000000
0.066664 0.872795
0.014829 0.045712
0.000000 0.000000
0.002318 0.428102
0.121697 0.447883
-0.000000 -0.000000
0.031005 0.915875
0.011971 0.041149
0.000000 -0.000000
0.948780
0.051220
0.000000
0.000056
0.999944
0.000000
0.948411
0.051589
0.000000
0.941647
0.058353
-0.000000
0.007787 0.790766
0.042352 0.159094
0.000000 -0.000000
0.216784
0.783216
0.000000
0.016432
0.983568
-0.000000
0.200624
0.799376
0.000000
0.000159 0.093558
0.176804 0.729479
-0.000000 -0.000000
0.000006 0.000000
0.807561 0.192433
-0.000000 0.000000
0.761083
0.238917
0.000000
0.916836
0.083164
-0.000000
0.003655 0.308054
0.155882 0.532409
-0.000000 -0.000000
0.935367
0.064633
-0.000000
0.949576
0.050424
0.000000
0.000284
0.999716
0.000000
0.000493 0.177837 0.767345
0.004282 0.015913 0.034131
-0.000000 0.000000 0.000000
0.932258
0.067742
0.000000
0.947337
0.052663
-0.000000
0.891269
0.108731
0.000000
0.817781 0.005176
0.078375 0.098668
-0.000000 -0.000000
0.000043
0.999957
0.000000
0.868960
0.131040
0.000000
0.941036
0.058964
0.000000
0.529542 0.001214
0.221213 0.248031
-0.000000 0.000000
0.950731
0.049269
-0.000000
0.947984
0.052016
-0.000000
0.769217
0.230783
-0.000000
0.942871
0.057129
-0.000000
0.434237
0.565763
-0.000000
0.066256
0.933744
0.000000
0.935227
0.064773
0.000000
0.003277 0.000000
0.591648 0.405075
0.000000 -0.000000
0.359797
0.640203
-0.000000
0.120493
0.879507
-0.000000
0.153049
0.846951
0.000000
0.925482
0.074518
0.000000
0.013221 0.130575
0.223174 0.633030
0.000000 -0.000000
0.948919
0.051081
0.000000
0.011706 0.937350
0.011571 0.039373
-0.000000 0.000000
0.932305
0.067695
0.000000
0.952567
0.047433
-0.000000
0.319713 0.000010
0.389289 0.290988
0.000000 0.000000
0.951926
0.048074
-0.000000
0.468344 0.004288
0.222228 0.305140
0.000000 -0.000000
0.874771
0.125229
0.000000
0.071866
0.928134
0.000000
0.900120
0.099880
-0.000000
0.954411
0.045589
-0.000000
0.953416
0.046584
0.000000
0.908130
0.091870
0.000000
0.951712
0.048288
0.000000
0.137500
0.862500
-0.000000
0.913096
0.086904
-0.000000
0.728238 0.007412
0.113761 0.150589
0.000000 0.000000
0.000418 0.000000
0.654819 0.344763
-0.000000 0.000000
0.888397
0.111603
-0.000000
0.000000
1.000000
-0.000000
0.079789 0.001516
0.456342 0.462352
0.000000 -0.000000
0.043319 0.771925
0.045333 0.139423
0.000000 -0.000000
0.932628
0.067372
-0.000000
0.829566 0.003364
0.073273 0.093796
0.000000 -0.000000
0.037870 0.906579
0.012747 0.042804
0.000000 -0.000000
0.761249 0.024979
0.101858 0.111915
0.000000 0.000000
0.015095 0.926004
0.013553 0.045348
0.000000 0.000000
0.954484
0.045516
-0.000000
0.000001
0.999999
0.000000
0.164680
0.835320
0.000000
0.000983
0.999017
0.000000
0.000959 0.000000
0.650065 0.348976
-0.000000 0.000000
0.000000
1.000000
0.000000
0.878559
0.121441
-0.000000
0.929557
0.070443
-0.000000
0.613247
0.386753
0.000000
0.597618 0.297018
0.033908 0.071456
0.000000 -0.000000
0.000001
0.999999
0.000000
0.006244 0.912764
0.017512 0.063480
0.000000 0.000000
0.922854
0.077146
-0.000000
0.634082 0.000185
0.186054 0.179679
0.000000 0.000000
0.023841 0.000001
0.599818 0.376340
0.000000 0.000000
0.919397
0.080603
0.000000
0.043553
0.956447
-0.000000
0.191388 0.722389
0.024135 0.062088
0.000000 -0.000000
0.001829
0.998171
0.000000
0.836923 0.045882
0.045382 0.071814
-0.000000 -0.000000
0.000664 0.000000
0.684258 0.315078
0.000000 -0.000000
0.838508
0.161492
0.000000
0.801509
0.198491
-0.000000
0.944105
0.055895
0.000000
0.036231 0.031934
0.289964 0.641870
0.000000 0.000000
0.222530
0.777470
-0.000000
0.054570 0.888895
0.014341 0.042194
0.000000 -0.000000
0.000000
1.000000
0.000000
0.068253
0.931747
0.000000
0.000445 0.000000
0.731886 0.267669
0.000000 0.000000
0.942544
0.057456
-0.000000
0.004724 0.911343
0.018379 0.065554
-0.000000 0.000000
0.030330 0.873216
0.023541 0.072913
-0.000000 0.000000
0.792007
0.207993
-0.000000
0.940901
0.059099
-0.000000
0.007993 0.946122
0.009399 0.036486
0.000000 -0.000000
0.002525
0.997475
0.000000
0.769736 0.062394 0.000129
0.040253 0.065486 0.062002
0.000000 -0.000000 0.000000
0.623159
0.376841
0.000000
0.891956
0.108044
-0.000000
0.951539
0.048461
0.000000
0.675900 0.001190
0.168220 0.154690
-0.000000 -0.000000
0.269402 0.650807
0.023243 0.056548
-0.000000 -0.000000
0.027202 0.002035 0.000021
0.284619 0.379317 0.306804
0.000000 0.000000 0.000000
0.000259 0.000000 0.000000 0.000000
0.692172 0.236811 0.058455 0.012303
0.000000 -0.000000 -0.000000 0.000000
0.913680
0.086320
0.000000
0.048893 0.892833
0.013981 0.044293
-0.000000 -0.000000
0.350916 0.561735
0.026360 0.060988
-0.000000 0.000000
0.948694
0.051306
-0.000000
0.924427
0.075573
0.000000
0.647911 0.252483
0.033845 0.065760
-0.000000 0.000000
0.017952 0.000103 0.000000
0.335694 0.380990 0.265261
-0.000000 0.000000 0.000000
0.641707 0.251304
0.034917 0.072072
-0.000000 -0.000000
0.939673
0.060327
0.000000
0.942474
0.057526
0.000000
0.020703 0.065937
0.259031 0.654328
-0.000000 0.000000
0.002383
0.997617
0.000000
0.673545 0.000242
0.162876 0.163337
0.000000 -0.000000
0.919530
0.080470
-0.000000
0.953327
0.046673
0.000000
0.000457 0.000000
0.803545 0.195998
-0.000000 0.000000
0.842801
0.157199
0.000000
0.629041 0.254543
0.040163 0.076253
-0.000000 0.000000
0.869599
0.130401
-0.000000
0.110360
0.889640
-0.000000
0.490106 0.396544
0.035756 0.077594
0.000000 -0.000000
0.944365
0.055635
0.000000
0.947207
0.052793
0.000000
0.765927 0.118567
0.042050 0.073456
0.000000 0.000000
0.824991 0.021490
0.062231 0.091288
-0.000000 -0.000000
0.922927
0.077073
-0.000000
0.946845
0.053155
-0.000000
0.002316 0.000000
0.595796 0.401888
0.000000 -0.000000
0.952595
0.047405
0.000000
0.000121 0.000000
0.721746 0.278133
-0.000000 0.000000
0.365289
0.634711
-0.000000
0.724600 0.165110
0.037372 0.072918
0.000000 -0.000000
0.953869
0.046131
-0.000000
0.004044 0.000000
0.579807 0.416149
0.000000 -0.000000
0.941455
0.058545
-0.000000
0.865031 0.012040
0.047718 0.075211
0.000000 0.000000
0.844781
0.155219
-0.000000
0.000001
0.999999
0.000000
0.010720 0.000016
0.526396 0.462867
0.000000 -0.000000
0.092904
0.907096
-0.000000
0.142818 0.777953
0.021521 0.057708
-0.000000 -0.000000
0.924304
0.075696
-0.000000
0.002747
0.997253
-0.000000
0.605090 0.019389 0.000154
0.152139 0.141417 0.081812
-0.000000 0.000000 0.000000
0.952220
0.047780
0.000000
0.860731
0.139269
0.000000
0.949716
0.050284
-0.000000
0.053165 0.059831
0.253020 0.633985
-0.000000 -0.000000
0.929298
0.070702
-0.000000
0.000049
0.999951
-0.000000
0.032067 0.913699
0.012885 0.041349
-0.000000 -0.000000
0.926552
0.073448
0.000000
0.017344
0.982656
-0.000000
0.349633 0.000236
0.408400 0.241731
-0.000000 0.000000
0.011375 0.659726
0.075491 0.253408
-0.000000 0.000000
0.003018
0.996982
0.000000
0.949649
0.050351
0.000000
0.858739 0.017379
0.047465 0.076417
-0.000000 -0.000000
0.018133 0.930556
0.011890 0.039421
0.000000 -0.000000
0.741585
0.258415
-0.000000
0.845743
0.154257
0.000000
0.951552
0.048448
0.000000
0.138232
0.861768
0.000000
0.113590
0.886410
-0.000000
0.542848 0.354811
0.032465 0.069876
0.000000 0.000000
0.943719
0.056281
0.000000
0.855259 0.023592
0.047097 0.074051
0.000000 0.000000
0.284247 0.628778
0.025272 0.061703
-0.000000 -0.000000
0.013710 0.938226
0.009986 0.038077
-0.000000 0.000000
0.466842
0.533158
0.000000
0.303625 0.610845
0.025109 0.060421
-0.000000 -0.000000
0.005172 0.935693
0.012407 0.046728
-0.000000 -0.000000
0.001277 0.000000
0.616050 0.382672
-0.000000 -0.000000
0.217066 0.706741
0.021572 0.054621
0.000000 -0.000000
0.000018 0.000000
0.778705 0.221277
-0.000000 -0.000000
0.021927 0.926329
0.010946 0.040799
0.000000 0.000000
0.558997 0.303957
0.040938 0.096108
-0.000000 -0.000000
0.000000
1.000000
0.000000
0.937784
0.062216
-0.000000
0.718822
0.281178
-0.000000
0.000063 0.000000
0.803307 0.196631
0.000000 -0.000000
0.425412 0.400588 0.036313
0.026065 0.050737 0.060885
0.000000 0.000000 0.000000
0.019677 0.000001
0.507993 0.472329
-0.000000 0.000000
0.000850 0.138659 0.795364
0.005500 0.019157 0.040470
0.000000 -0.000000 0.000000
0.856067
0.143933
-0.000000
0.060687 0.881679
0.014724 0.042909
0.000000 -0.000000
0.042299 0.000092
0.449097 0.508512
0.000000 0.000000
0.000002
0.999998
0.000000
0.221893 0.700146
0.022126 0.055835
0.000000 0.000000
0.684235 0.214404
0.035396 0.065965
-0.000000 0.000000
0.000168
0.999832
0.000000
0.028278 0.048102
0.274582 0.649038
-0.000000 -0.000000
0.137923
0.862077
0.000000
0.000014
0.999986
0.000000
0.055675 0.887674
0.014211 0.042440
-0.000000 0.000000
0.485552
0.514448
-0.000000
0.140413
0.859587
0.000000
0.920107
0.079893
-0.000000
0.768553 0.006916
0.108098 0.116433
0.000000 -0.000000
0.188731
0.811269
0.000000
0.010522 0.918657
0.016675 0.054146
-0.000000 -0.000000
0.498772
0.501228
0.000000
0.558021
0.441979
0.000000
0.318441 0.000085
0.392303 0.289172
0.000000 0.000000
0.146175 0.786576
0.018037 0.049212
0.000000 -0.000000
0.000041
0.999959
-0.000000
0.924465
0.075535
0.000000
0.054801
0.945199
0.000000
0.954284
0.045716
0.000000
0.946676
0.053324
0.000000
0.000350 0.917365
0.013029 0.069256
-0.000000 0.000000
0.405926
0.594074
-0.000000
0.456906 0.000033
0.295653 0.247408
0.000000 -0.000000
0.238361 0.683019
0.022485 0.056135
-0.000000 -0.000000
0.024592
0.975408
0.000000
0.000669
0.999331
0.000000
0.061353 0.002707
0.345276 0.590665
-0.000000 0.000000
0.823092 0.043464
0.053746 0.079698
-0.000000 -0.000000
0.912117
0.087883
-0.000000
0.001181 0.864049
0.025504 0.109266
0.000000 -0.000000
0.401792
0.598208
0.000000
0.915704
0.084296
0.000000
0.950914
0.049086
0.000000
0.950383
0.049617
-0.000000
0.653587 0.188925
0.054185 0.103303
0.000000 -0.000000
0.153229
0.846771
-0.000000
0.118582
0.881418
0.000000
0.899133
0.100867
-0.000000
0.002014 0.000001
0.680030 0.317955
-0.000000 0.000000
0.943858
0.056142
-0.000000
0.038412 0.646573 0.222548
0.010937 0.030894 0.050637
0.000000 -0.000000 0.000000
0.036612
0.963388
0.000000
0.362811 0.528528
0.030390 0.078271
0.000000 -0.000000
0.206714 0.714334
0.022265 0.056687
-0.000000 0.000000
0.000011
0.999989
-0.000000
0.025573
0.974427
-0.000000
0.917134
0.082866
0.000000
0.017596
0.982404
0.000000
0.050791 0.893426
0.014039 0.041744
-0.000000 -0.000000
0.696431 0.195558
0.036136 0.071874
-0.000000 0.000000
0.000054 0.040585
0.191136 0.768225
-0.000000 0.000000
0.001876 0.298929 0.638285
0.005341 0.018510 0.037059
0.000000 0.000000 -0.000000
0.165190 0.761009
0.020411 0.053391
-0.000000 0.000000
0.321700 0.000205 0.000000
0.316992 0.245751 0.115352
0.000000 0.000000 0.000000
0.088398
0.911602
0.000000
0.014183 0.924010
0.013908 0.047899
0.000000 0.000000
0.071930 0.000196
0.386450 0.541424
-0.000000 -0.000000
0.000002
0.999998
-0.000000
0.940384
0.059616
0.000000
0.001071
0.998929
-0.000000
0.768141 0.121513
0.038964 0.071381
-0.000000 0.000000
0.944062
0.055938
0.000000
0.668129 0.214705
0.036824 0.080342
-0.000000 0.000000
0.113812
0.886188
-0.000000
0.896307
0.103693
0.000000
0.007175
0.992825
0.000000
0.840090 0.046868
0.043378 0.069664
0.000000 0.000000
0.237475 0.683495
0.022590 0.056441
0.000000 0.000000
0.011811 0.000000
0.784506 0.203683
-0.000000 0.000000
0.169829 0.759749
0.019397 0.051025
-0.000000 0.000000
0.129423 0.444300
0.112803 0.313475
0.000000 0.000000
0.914482
0.085518
-0.000000
0.632038 0.261073
0.034724 0.072164
-0.000000 0.000000
0.433469
0.566531
-0.000000
0.020015
0.979985
-0.000000
0.000000
1.000000
-0.000000
0.949568
0.050432
0.000000
0.075233 0.002434
0.351677 0.570657
0.000000 0.000000
0.143746
0.856254
-0.000000
0.070355
0.929645
0.000000
0.014182 0.934553
0.011681 0.039584
0.000000 0.000000
0.016320 0.917698
0.013965 0.052018
-0.000000 0.000000
0.362696 0.534789
0.028905 0.073611
-0.000000 0.000000
0.948868
0.051132
0.000000
0.810440
0.189560
0.000000
0.025295 0.000314
0.463044 0.511346
0.000000 0.000000
0.584482
0.415518
-0.000000
0.783156
0.216844
0.000000
0.028266 0.046969
0.264315 0.660450
0.000000 0.000000
0.000000 0.001505 0.089795
0.046010 0.225221 0.637469
0.000000 0.000000 -0.000000
0.089976
0.910024
0.000000
0.878886
0.121114
-0.000000
0.000001
0.999999
0.000000
0.769174 0.029929 0.000071
0.056847 0.079032 0.064946
-0.000000 0.000000 -0.000000
0.904643
0.095357
0.000000
0.931048
0.068952
-0.000000
0.004892 0.757053
0.047632 0.190423
0.000000 0.000000
0.909310
0.090690
0.000000
0.472883
0.527117
-0.000000
0.937932
0.062068
0.000000
0.640560 0.229143
0.042365 0.087932
0.000000 -0.000000
0.305897 0.000645
0.341862 0.351596
-0.000000 0.000000
0.000686 0.000000
0.649487 0.349827
0.000000 0.000000
0.043798 0.892252
0.016641 0.047310
0.000000 -0.000000
0.362676
0.637324
0.000000
0.042681 0.453906 0.392763
0.012611 0.036226 0.061814
0.000000 0.000000 0.000000
0.633480
0.366520
0.000000
0.057496
0.942504
0.000000
0.010056 0.941759
0.009675 0.038511
-0.000000 0.000000
0.893886
0.106114
0.000000
0.937416
0.062584
-0.000000
0.325837 0.000098
0.321528 0.352536
0.000000 -0.000000
0.001344
0.998656
-0.000000
0.003333 0.927741
0.013853 0.055073
-0.000000 0.000000
0.919511
0.080489
0.000000
0.853673 0.002614
0.060412 0.083301
0.000000 0.000000
0.088489 0.000202
0.437410 0.473899
0.000000 0.000000
0.247665 0.614095
0.041701 0.096539
0.000000 0.000000
0.944127
0.055873
0.000000
0.003418 0.932483
0.012246 0.051853
-0.000000 -0.000000
0.891104
0.108896
-0.000000
0.000001 0.000000
0.901836 0.098163
0.000000 -0.000000
0.444730 0.000066
0.307971 0.247233
0.000000 0.000000
0.000459 0.000000
0.682311 0.317230
-0.000000 0.000000
0.000001
0.999999
-0.000000
0.951592
0.048408
-0.000000
0.889731
0.110269
0.000000
0.000008
0.999992
-0.000000
0.001269
0.998731
0.000000
0.772855 0.008482
0.102813 0.115850
0.000000 0.000000
0.821693
0.178307
-0.000000
0.914180
0.085820
0.000000
0.000037
0.999963
-0.000000
0.001634
0.998366
-0.000000
0.000042 0.000000
0.839542 0.160416
-0.000000 -0.000000
0.454436 0.385367 0.006855
0.027507 0.057080 0.068756
0.000000 0.000000 0.000000
0.000103
0.999897
0.000000
0.033088 0.002653
0.441802 0.522458
0.000000 -0.000000
0.000011
0.999989
-0.000000
0.000173 0.000000
0.695511 0.304316
0.000000 -0.000000
0.805808 0.027521
0.069667 0.097004
0.000000 0.000000
0.935082
0.064918
-0.000000
0.209255 0.683561
0.028325 0.078859
0.000000 0.000000
0.954149
0.045851
0.000000
0.001106 0.179359 0.717759
0.008050 0.029756 0.063970
0.000000 0.000000 -0.000000
0.000114
0.999886
-0.000000
0.000481 0.184584 0.761178
0.004270 0.015796 0.033690
-0.000000 0.000000 0.000000
0.922090
0.077910
0.000000
0.075306 0.118320
0.240663 0.565711
0.000000 -0.000000
0.862332 0.011523
0.049266 0.076880
0.000000 0.000000
0.010514 0.000172
0.573785 0.415529
-0.000000 -0.000000
0.386492
0.613508
0.000000
0.805263
0.194737
0.000000
0.852165 0.018216
0.052263 0.077356
-0.000000 -0.000000
0.000001
0.999999
0.000000
0.380130 0.180608
0.141137 0.298124
0.000000 0.000000
0.002585 0.127247
0.202980 0.667188
0.000000 -0.000000
0.006429 0.903376
0.018966 0.071229
0.000000 -0.000000
0.000012
0.999988
0.000000
0.763708 0.034834
0.093566 0.107892
-0.000000 -0.000000
0.000465
0.999535
0.000000
0.948318
0.051682
0.000000
0.948938
0.051062
-0.000000
0.741592 0.141814
0.039450 0.077144
-0.000000 -0.000000
0.938308
0.061692
0.000000
0.838797 0.042589
0.045029 0.073584
0.000000 -0.000000
0.011893 0.929798
0.013265 0.045045
-0.000000 -0.000000
0.033269 0.581815 0.297835
0.009969 0.028758 0.048354
0.000000 0.000000 -0.000000
0.882053
0.117947
0.000000
0.949146
0.050854
-0.000000
0.118319
0.881681
0.000000
0.139776
0.860224
0.000000
0.950023
0.049977
-0.000000
0.085483
0.914517
0.000000
0.033627 0.904790
0.014981 0.046602
-0.000000 -0.000000
0.153293
0.846707
0.000000
0.115262
0.884738
-0.000000
0.000101
0.999899
0.000000
0.952723
0.047277
-0.000000
0.953128
0.046872
0.000000
0.601953 0.284121
0.038819 0.075108
0.000000 0.000000
0.910642
0.089358
0.000000
0.011589 0.925755
0.013885 0.048772
-0.000000 0.000000
0.000530
0.999470
-0.000000
0.000552 0.117044
0.186304 0.696101
0.000000 -0.000000
0.825434 0.030599
0.058971 0.084996
0.000000 0.000000
0.054203 0.040852
0.283539 0.621406
-0.000000 0.000000
0.007254 0.000000
0.555281 0.437465
-0.000000 0.000000
0.038397 0.039465
0.283883 0.638254
-0.000000 0.000000
0.000026 0.000000
0.772531 0.227443
0.000000 -0.000000
0.942272
0.057728
-0.000000
0.924899
0.075101
0.000000
0.002847 0.052980 0.035839
0.090329 0.292029 0.525976
-0.000000 0.000000 0.000000
0.000200 0.000000
0.698779 0.301021
-0.000000 0.000000
0.953461
0.046539
0.000000
0.215409 0.300707
0.149576 0.334307
-0.000000 0.000000
0.246322 0.658365
0.025549 0.069764
-0.000000 0.000000
0.582920 0.000048
0.216943 0.200089
0.000000 0.000000
0.948088
0.051912
0.000000
0.001919 0.924094
0.013562 0.060426
-0.000000 0.000000
0.021755 0.000451 0.000001
0.317721 0.379016 0.281055
-0.000000 0.000000 -0.000000
0.845144 0.039857
0.043367 0.071632
0.000000 -0.000000
0.675905 0.145444
0.068380 0.110271
-0.000000 -0.000000
0.000001
0.999999
0.000000
0.000584 0.000000
0.658594 0.340823
-0.000000 -0.000000
0.000461
0.999539
0.000000
0.087495 0.846510
0.016043 0.049951
-0.000000 -0.000000
0.000712 0.216479 0.698552
0.006938 0.025075 0.052245
0.000000 0.000000 0.000000
0.017164 0.017187 0.000700 0.000003
0.125608 0.247183 0.304095 0.288060
0.000000 -0.000000 0.000000 0.000000
0.932248
0.067752
-0.000000
0.000000
1.000000
0.000000
0.170550 0.511726 0.114664
0.030353 0.071856 0.100851
-0.000000 -0.000000 0.000000
0.000818
0.999182
-0.000000
0.779862 0.017810 0.000018
0.057293 0.078907 0.066111
-0.000000 -0.000000 0.000000
0.000000
1.000000
-0.000000
0.001317
0.998683
-0.000000
0.000002
0.999998
-0.000000
0.952403
0.047597
-0.000000
0.282396 0.633667
0.023322 0.060616
0.000000 -0.000000
0.062085 0.880269
0.014653 0.042992
0.000000 -0.000000
0.941361
0.058639
0.000000
0.127078
0.872922
-0.000000
0.381974 0.006337
0.382058 0.229630
-0.000000 0.000000
0.431004 0.018257
0.212186 0.338552
-0.000000 -0.000000
0.833651 0.004244
0.070545 0.091560
-0.000000 0.000000
0.001108 0.055940 0.020614
0.089032 0.296401 0.536905
-0.000000 0.000000 0.000000
0.058830 0.834871
0.027165 0.079134
0.000000 0.000000
0.490246 0.407884
0.031556 0.070314
-0.000000 0.000000
0.936471
0.063529
-0.000000
0.000006 0.000000
0.822729 0.177264
0.000000 0.000000
0.017168 0.355211 0.523751
0.010338 0.032612 0.060919
0.000000 0.000000 -0.000000
0.432509
0.567491
-0.000000
0.940209
0.059791
-0.000000
0.952886
0.047114
0.000000
0.002094 0.946968
0.009249 0.041690
-0.000000 0.000000
0.940027
0.059973
0.000000
0.918452
0.081548
-0.000000
0.940650
0.059350
-0.000000
0.000005 0.000000
0.798597 0.201398
-0.000000 -0.000000
0.941564
0.058436
-0.000000
0.009648 0.104702
0.238572 0.647078
-0.000000 0.000000
0.065259 0.000030
0.566349 0.368362
0.000000 -0.000000
0.483891
0.516109
-0.000000
0.941921
0.058079
-0.000000
0.772172 0.116491
0.039764 0.071573
0.000000 0.000000
0.000484
0.999516
-0.000000
0.149268
0.850732
0.000000
0.781468 0.109839
0.040225 0.068468
0.000000 -0.000000
0.175885
0.824115
0.000000
0.000003 0.000000
0.827579 0.172418
-0.000000 -0.000000
0.851646
0.148354
0.000000
0.004923
0.995077
0.000000
0.000001
0.999999
0.000000
0.000000
1.000000
0.000000
0.939112
0.060888
0.000000
0.953244
0.046756
-0.000000
0.357211 0.000005
0.371540 0.271243
0.000000 -0.000000
0.054462 0.001447
0.366993 0.577098
0.000000 0.000000
0.940868
0.059132
0.000000
0.018407
0.981593
0.000000
0.195691
0.804309
0.000000
0.000052
0.999948
0.000000
0.051560 0.021820
0.318427 0.608194
-0.000000 -0.000000
0.009417
0.990583
0.000000
0.952634
0.047366
-0.000000
0.925987
0.074013
-0.000000
0.000062
0.999938
0.000000
0.000110
0.999890
0.000000
0.937461
0.062539
-0.000000
0.133252
0.866748
-0.000000
0.000065
0.999935
-0.000000
0.364923 0.001449
0.293233 0.340394
0.000000 0.000000
0.000005 0.000000
0.800081 0.199915
-0.000000 0.000000
0.763785 0.005802 0.000001
0.072063 0.091098 0.067250
-0.000000 -0.000000 0.000000
0.582030 0.298427
0.039410 0.080134
0.000000 0.000000
0.459361
0.540639
-0.000000
0.012795 0.000000
0.809455 0.177750
-0.000000 0.000000
0.637807 0.238758
0.040950 0.082486
0.000000 0.000000
0.010061 0.000245
0.604267 0.385427
0.000000 -0.000000
0.000430 0.093798 0.546947 0.284647
0.003199 0.011094 0.023264 0.036621
0.000000 0.000000 -0.000000 -0.000000
0.918722
0.081278
0.000000
0.002300 0.000001 0.000000 0.000000 -0.000000
0.422667 0.323061 0.162765 0.066039 0.023167
-0.000000 0.000000 0.000000 0.000000 0.000000
0.006552 0.000004
0.678296 0.315148
0.000000 -0.000000
0.000247 0.000000
0.799493 0.200260
-0.000000 -0.000000
0.001237 0.375426 0.555261
0.005228 0.020266 0.042583
0.000000 0.000000 -0.000000
0.006899
0.993101
0.000000
0.005704 0.949543
0.008944 0.035809
-0.000000 -0.000000
0.035186
0.964814
0.000000
0.788901 0.004947
0.096513 0.109640
-0.000000 0.000000
0.953031
0.046969
-0.000000
0.049465 0.009176
0.347973 0.593386
0.000000 0.000000
0.058009 0.001073
0.378223 0.562694
0.000000 -0.000000
0.150888
0.849112
0.000000
0.723392 0.019513
0.128666 0.128429
-0.000000 -0.000000
0.812002 0.054699
0.053165 0.080134
0.000000 0.000000
0.138202 0.791489
0.019121 0.051188
0.000000 -0.000000
0.194155 0.666049
0.039434 0.100362
0.000000 0.000000
0.027406 0.000020
0.459370 0.513205
-0.000000 0.000000
0.000857 0.000000
0.845734 0.153410
-0.000000 0.000000
0.025561 0.922613
0.012329 0.039497
-0.000000 -0.000000
0.912563
0.087437
-0.000000
0.005549 0.469986 0.452677
0.007039 0.022662 0.042088
-0.000000 0.000000 -0.000000
0.070644
0.929356
0.000000
0.142657 0.791537
0.018559 0.047247
0.000000 -0.000000
0.001018 0.000000
0.668710 0.330273
0.000000 -0.000000
0.946808
0.053192
0.000000
0.003084 0.000000
0.745591 0.251325
-0.000000 -0.000000
0.767574 0.120662
0.039329 0.072435
-0.000000 -0.000000
0.015208
0.984792
-0.000000
0.664348
0.335652
-0.000000
0.000077
0.999923
-0.000000
0.193541 0.733252
0.020464 0.052743
-0.000000 0.000000
0.391106 0.514228
0.028528 0.066138
0.000000 -0.000000
0.002679
0.997321
-0.000000
0.813581 0.001771
0.082869 0.101779
-0.000000 -0.000000
0.951563
0.048437
0.000000
0.942680
0.057320
0.000000
0.016953 0.933037
0.011664 0.038346
-0.000000 0.000000
0.125468 0.809281
0.017250 0.048001
0.000000 -0.000000
0.711240 0.086639 0.000477 0.000000
0.037359 0.060461 0.059541 0.044282
-0.000000 -0.000000 -0.000000 -0.000000
0.955454
0.044546
-0.000000
0.386917
0.613083
-0.000000
0.112345
0.887655
-0.000000
0.000292 0.883847
0.017140 0.098721
0.000000 0.000000
0.092235
0.907765
0.000000
0.954480
0.045520
-0.000000
0.000111
0.999889
-0.000000
0.947210
0.052790
0.000000
0.794336 0.026919
0.080058 0.098687
-0.000000 -0.000000
0.753489
0.246511
0.000000
0.014024 0.938548
0.010030 0.037397
-0.000000 -0.000000
0.836236
0.163764
0.000000
0.000079 0.387939
0.086759 0.525222
-0.000000 -0.000000
0.947406
0.052594
-0.000000
0.031758
0.968242
-0.000000
0.908721
0.091279
0.000000
0.050862
0.949138
0.000000
0.014352
0.985648
0.000000
0.841811
0.158189
-0.000000
0.000209 0.882422
0.017372 0.099997
0.000000 0.000000
0.000044 0.000000
0.754402 0.245554
0.000000 0.000000
0.477390 0.000042
0.283256 0.239312
-0.000000 -0.000000
0.928944
0.071056
0.000000
0.341020 0.569479
0.026597 0.062905
0.000000 0.000000
0.709463 0.131146
0.055035 0.104357
-0.000000 0.000000
0.935779
0.064221
-0.000000
0.807989 0.001752
0.085701 0.104558
-0.000000 -0.000000
0.053939 0.012138
0.325766 0.608158
0.000000 -0.000000
0.944956
0.055044
-0.000000
0.953884
0.046116
-0.000000
0.614603 0.279721
0.034268 0.071408
-0.000000 -0.000000
0.000104 0.725015
0.045106 0.229775
0.000000 -0.000000
0.042521 0.005862
0.384853 0.566764
0.000000 -0.000000
0.941388
0.058612
-0.000000
0.002791 0.000000
0.794142 0.203067
0.000000 0.000000
0.000000
1.000000
-0.000000
0.034851
0.965149
0.000000
0.000041 0.000000
0.774809 0.225150
-0.000000 -0.000000
0.000001 0.000000
0.858510 0.141490
0.000000 0.000000
0.844852 0.027433
0.050900 0.076814
-0.000000 -0.000000
0.000099
0.999901
0.000000
0.378166 0.529646
0.027751 0.064437
0.000000 0.000000
0.950726
0.049274
-0.000000
0.186810 0.742497
0.020640 0.050052
-0.000000 -0.000000
0.916405
0.083595
-0.000000
0.213345 0.704539
0.021767 0.060349
0.000000 -0.000000
0.611646
0.388354
0.000000
0.464615 0.428734
0.034316 0.072335
0.000000 0.000000
0.023743 0.000005
0.569621 0.406631
-0.000000 -0.000000
0.000023
0.999977
-0.000000
0.000000 0.000241
0.105769 0.893989
0.000000 0.000000
0.937761
0.062239
-0.000000
0.919782
0.080218
0.000000
0.003377 0.362441 0.568116
0.006083 0.020405 0.039578
-0.000000 0.000000 -0.000000
0.000102 0.000000
0.796267 0.203631
0.000000 0.000000
0.483890 0.417507
0.031008 0.067594
-0.000000 0.000000
0.001600 0.000000
0.783336 0.215064
-0.000000 -0.000000
0.792563 0.027763
0.070665 0.109009
-0.000000 -0.000000
0.951860
0.048140
-0.000000
0.278565
0.721435
-0.000000
0.142946
0.857054
0.000000
0.006158 0.943357
0.009599 0.040885
0.000000 -0.000000
0.003613
0.996387
-0.000000
0.950371
0.049629
0.000000
0.813333 0.063609
0.045474 0.077584
-0.000000 -0.000000
0.943144
0.056856
0.000000
0.934023
0.065977
-0.000000
0.001092
0.998908
0.000000
0.906918
0.093082
0.000000
0.947300
0.052700
-0.000000
0.443580 0.248862
0.097889 0.209669
-0.000000 -0.000000
0.953972
0.046028
-0.000000
0.119051
0.880949
0.000000
0.716687 0.159146
0.044898 0.079269
0.000000 0.000000
0.544205 0.351887
0.032772 0.071136
-0.000000 -0.000000
0.949012
0.050988
0.000000
0.791417 0.004233
0.090703 0.113647
-0.000000 -0.000000
0.007005 0.345899 0.480197 0.061761
0.006292 0.018794 0.033962 0.046090
0.000000 -0.000000 -0.000000 -0.000000
0.000631
0.999369
0.000000
0.062209 0.000389 0.000000
0.353322 0.361417 0.222663
0.000000 -0.000000 0.000000
0.000417 0.222788
0.141023 0.635772
0.000000 0.000000
0.000001
0.999999
-0.000000
0.798759 0.080569
0.043528 0.077144
-0.000000 -0.000000
0.929718
0.070282
0.000000
0.049343 0.000200
0.388673 0.561783
-0.000000 -0.000000
0.043519 0.901153
0.013808 0.041519
-0.000000 0.000000
0.309665
0.690335
0.000000
0.000108 0.000000
0.720358 0.279534
-0.000000 0.000000
0.148864
0.851136
-0.000000
0.009231
0.990769
-0.000000
0.000679 0.000000
0.735543 0.263778
0.000000 0.000000
0.102593 0.832325
0.017251 0.047831
-0.000000 -0.000000
0.807194 0.012094
0.077932 0.102779
-0.000000 -0.000000
0.917262
0.082738
0.000000
0.000424
0.999576
0.000000
0.900467
0.099533
-0.000000
0.777192
0.222808
0.000000
0.784014 0.105513
0.039176 0.071297
0.000000 -0.000000
0.031969 0.017993 0.000289
0.184230 0.353973 0.411545
-0.000000 0.000000 0.000000
0.000000
1.000000
0.000000
0.726645 0.164751
0.037266 0.071337
-0.000000 -0.000000
0.242595 0.572613 0.056225
0.020143 0.046234 0.062190
0.000000 -0.000000 0.000000
0.936822
0.063178
0.000000
0.045603 0.001396
0.392979 0.560022
0.000000 -0.000000
0.179002 0.745577
0.020982 0.054439
-0.000000 0.000000
0.368774
0.631226
0.000000
0.948714
0.051286
0.000000
0.932163
0.067837
0.000000
0.953106
0.046894
0.000000
0.057140 0.002554
0.351647 0.588659
-0.000000 -0.000000
0.001009 0.166837
0.163811 0.668342
-0.000000 0.000000
0.946890
0.053110
0.000000
0.182835
0.817165
-0.000000
0.126532
0.873468
0.000000
0.932676
0.067324
0.000000
0.814995
0.185005
0.000000
0.932337
0.067663
0.000000
0.000030 0.000000
0.762224 0.237745
-0.000000 -0.000000
0.002223
0.997777
0.000000
0.516358 0.301574
0.058342 0.123726
-0.000000 0.000000
0.023692 0.019470 0.001693
0.183434 0.356569 0.415144
-0.000000 0.000000 -0.000000
0.091496
0.908504
-0.000000
0.853448 0.021288
0.048394 0.076870
0.000000 0.000000
0.821713 0.062877
0.039360 0.076050
0.000000 -0.000000
0.000051
0.999949
-0.000000
0.039418 0.000636
0.456181 0.503764
-0.000000 -0.000000
0.839062 0.019188
0.054143 0.087607
0.000000 -0.000000
0.933318
0.066682
0.000000
0.651641 0.242097
0.035157 0.071105
-0.000000 -0.000000
0.950516
0.049484
-0.000000
0.719150 0.010778 0.000006
0.079870 0.106746 0.083450
0.000000 -0.000000 0.000000
0.001927 0.163509
0.186004 0.648560
-0.000000 -0.000000
0.333073 0.579412
0.025995 0.061519
0.000000 -0.000000
0.154857 0.673182 0.048146
0.017912 0.043827 0.062076
0.000000 0.000000 0.000000
0.000037 0.000000
0.819630 0.180332
-0.000000 0.000000
0.000024 0.000000
0.755736 0.244240
-0.000000 0.000000
0.048399 0.011274
0.343602 0.596726
0.000000 0.000000
0.002069 0.335903
0.132611 0.529417
0.000000 -0.000000
0.844203 0.038884
0.044151 0.072762
0.000000 0.000000
0.000311 0.000000 0.000000
0.653929 0.271065 0.074695
-0.000000 0.000000 0.000000
0.942408
0.057592
0.000000
0.780894 0.094965
0.048722 0.075419
-0.000000 0.000000
0.133190
0.866810
-0.000000
0.014693 0.000012
0.497591 0.487704
-0.000000 -0.000000
0.000019 0.000000
0.848948 0.151033
-0.000000 0.000000
0.818863
0.181137
-0.000000
0.116248 0.817514
0.017666 0.048572
0.000000 0.000000
0.000592 0.000000
0.820514 0.178894
0.000000 -0.000000
0.002072
0.997928
0.000000
0.293108 0.619035
0.025605 0.062251
0.000000 0.000000
0.729724
0.270276
0.000000
0.755391
0.244609
-0.000000
0.894194
0.105806
-0.000000
0.060151
0.939849
-0.000000
0.377388 0.527097
0.028648 0.066867
-0.000000 -0.000000
0.059262 0.001531
0.369494 0.569713
0.000000 -0.000000
0.002927 0.910673
0.018743 0.067657
-0.000000 -0.000000
0.072288 0.001578
0.385945 0.540189
0.000000 0.000000
0.005643
0.994357
0.000000
0.099385
0.900615
0.000000
0.043790 0.854890
0.025233 0.076086
-0.000000 -0.000000
0.001731 0.000000
0.753523 0.244746
0.000000 -0.000000
0.073221 0.001337
0.346748 0.578694
-0.000000 -0.000000
0.783782 0.010167
0.096791 0.109259
-0.000000 0.000000
0.000012
0.999988
-0.000000
0.062119
0.937881
0.000000
0.954032
0.045968
0.000000
0.000044 0.043590
0.159186 0.797180
-0.000000 -0.000000
0.000000
1.000000
0.000000
0.271707 0.557922
0.046750 0.123621
0.000000 0.000000
0.808783 0.001962
0.085447 0.103809
-0.000000 -0.000000
0.001226 0.000000 0.000000 0.000000
0.733939 0.211864 0.044772 0.008199
-0.000000 -0.000000 -0.000000 -0.000000
0.000088
0.999912
-0.000000
0.000353 0.922090
0.012430 0.065127
-0.000000 0.000000
0.948456
0.051544
-0.000000
0.026682 0.092549
0.232096 0.648673
-0.000000 -0.000000
0.788177
0.211823
-0.000000
0.953852
0.046148
-0.000000
0.248042
0.751958
-0.000000
0.411500 0.493217
0.028947 0.066335
0.000000 0.000000
0.852179 0.027141
0.046696 0.073984
0.000000 0.000000
0.405977
0.594023
0.000000
0.924293
0.075707
-0.000000
0.777551
0.222449
-0.000000
0.456579 0.408186
0.043594 0.091642
0.000000 -0.000000
0.000268 0.000000
0.692408 0.307324
-0.000000 -0.000000
0.557885
0.442115
-0.000000
0.000000
1.000000
-0.000000
0.240916 0.520202
0.073599 0.165283
0.000000 -0.000000
0.889964
0.110036
0.000000
0.004490
0.995510
-0.000000
0.952242
0.047758
0.000000
0.950249
0.049751
-0.000000
0.107551
0.892449
0.000000
0.007690 0.403229 0.441874 0.034395
0.007009 0.020614 0.036578 0.048610
0.000000 0.000000 0.000000 0.000000
0.011481 0.000007
0.522017 0.466495
-0.000000 0.000000
0.031497 0.000055
0.441669 0.526778
0.000000 -0.000000
0.561098 0.333407
0.033568 0.071928
-0.000000 -0.000000
0.000000
1.000000
-0.000000
0.000142 0.000000
0.819830 0.180028
-0.000000 0.000000
0.065730 0.593977 0.164267
0.022410 0.059981 0.093634
0.000000 0.000000 -0.000000
0.001235 0.177898 0.533748
0.023928 0.085572 0.177619
0.000000 -0.000000 0.000000
0.770470 0.021238 0.000030
0.062221 0.083253 0.062788
0.000000 -0.000000 0.000000
0.202513 0.000230
0.387689 0.409568
0.000000 -0.000000
0.731337 0.000529
0.129532 0.138602
-0.000000 0.000000
0.615523 0.279041
0.035310 0.070125
-0.000000 -0.000000
0.001039 0.899566
0.018545 0.080850
0.000000 -0.000000
0.607737
0.392263
-0.000000
0.000007
0.999993
0.000000
0.243719
0.756281
-0.000000
0.005412 0.938763
0.011895 0.043930
-0.000000 0.000000
0.941027
0.058973
-0.000000
0.278827 0.646053
0.022876 0.052244
-0.000000 0.000000
0.000001 0.000000
0.847491 0.152508
0.000000 0.000000
0.681109 0.015983
0.153099 0.149808
0.000000 0.000000
0.920293
0.079707
-0.000000
0.005746
0.994254
0.000000
0.922362
0.077638
0.000000
0.898114
0.101886
-0.000000
0.830984 0.046716
0.047384 0.074915
-0.000000 -0.000000
0.201536
0.798464
-0.000000
0.950657
0.049343
0.000000
0.911729
0.088271
0.000000
0.092286 0.429674
0.123065 0.354975
0.000000 0.000000
0.950521
0.049479
0.000000
0.437043 0.467097
0.029617 0.066242
0.000000 -0.000000
0.933298
0.066702
0.000000
0.939474
0.060526
-0.000000
0.647059 0.006450
0.185296 0.161196
0.000000 -0.000000
0.661750 0.005308
0.142008 0.190933
0.000000 -0.000000
0.933029
0.066971
-0.000000
0.718101 0.013048
0.116148 0.152703
0.000000 0.000000
0.033499 0.000236
0.449814 0.516450
0.000000 -0.000000
0.021085 0.078038
0.252893 0.647984
0.000000 -0.000000
0.001475 0.000000
0.833565 0.164960
0.000000 -0.000000
0.822810
0.177190
0.000000
0.000189 0.000000
0.731425 0.268386
-0.000000 -0.000000
0.390071
0.609929
0.000000
0.003719 0.936048
0.012536 0.047698
0.000000 -0.000000
0.880305
0.119695
0.000000
0.895763
0.104237
0.000000
0.000908 0.000001
0.735475 0.263616
-0.000000 -0.000000
0.128197
0.871803
-0.000000
0.044703
0.955297
-0.000000
0.000011 0.042704 0.913177
0.002229 0.011222 0.030658
-0.000000 -0.000000 0.000000
0.000179
0.999821
-0.000000
0.931486
0.068514
-0.000000
0.002415
0.997585
-0.000000
0.854505 0.027697
0.045053 0.072744
-0.000000 -0.000000
0.844820 0.039477
0.041341 0.074362
-0.000000 0.000000
0.044699 0.034446
0.294587 0.626269
-0.000000 0.000000
0.826292
0.173708
0.000000
0.826323 0.024557
0.062910 0.086210
-0.000000 -0.000000
0.002093 0.000004
0.709834 0.288069
0.000000 0.000000
0.026930 0.000030
0.455073 0.517967
0.000000 -0.000000
0.076209 0.662044 0.165499
0.013166 0.033007 0.050076
-0.000000 0.000000 -0.000000
0.151402
0.848598
0.000000
0.028081 0.000104 0.000000
0.327730 0.382723 0.261362
-0.000000 -0.000000 -0.000000
0.056817 0.001881
0.336790 0.604512
0.000000 0.000000
0.203768 0.718495
0.021889 0.055848
-0.000000 0.000000
0.173409 0.715798
0.030845 0.079948
0.000000 -0.000000
0.007031 0.444613 0.476490
0.007052 0.022658 0.042156
0.000000 -0.000000 0.000000
0.601272 0.291690
0.034525 0.072513
-0.000000 0.000000
0.771449
0.228551
0.000000
0.929131
0.070869
0.000000
0.668990 0.210664
0.037275 0.083071
-0.000000 0.000000
0.908580
0.091420
0.000000
0.016862 0.000042
0.503513 0.479583
-0.000000 0.000000
0.878515
0.121485
-0.000000
0.947601
0.052399
0.000000
0.935321
0.064679
0.000000
0.058419 0.011007
0.310443 0.620131
0.000000 -0.000000
0.000011
0.999989
-0.000000
0.947786
0.052214
0.000000
0.000128 0.059180 0.751077
0.014192 0.053487 0.121937
0.000000 -0.000000 -0.000000
0.527006 0.000083
0.252169 0.220741
-0.000000 0.000000
0.789588
0.210412
0.000000
0.086546 0.000154 0.000000
0.341991 0.354738 0.216571
0.000000 0.000000 -0.000000
0.789407
0.210593
0.000000
0.950904
0.049096
-0.000000
0.000264
0.999736
-0.000000
0.000261
0.999739
-0.000000
0.000060 0.000000 0.000000
0.713160 0.239357 0.047423
0.000000 0.000000 0.000000
0.818952
0.181048
0.000000
0.001952
0.998048
0.000000
0.000052
0.999948
0.000000
0.000643 0.000000
0.847709 0.151648
-0.000000 0.000000
0.029147 0.058612
0.266910 0.645331
0.000000 -0.000000
0.196569 0.641713 0.030057
0.019808 0.047102 0.064751
0.000000 -0.000000 0.000000
0.050219 0.006949
0.308656 0.634177
0.000000 -0.000000
0.000000 0.001048 0.853653
0.004140 0.029256 0.111904
0.000000 0.000000 0.000000
0.023488 0.000014
0.495530 0.480968
0.000000 0.000000
0.457419 0.000308
0.307256 0.235017
-0.000000 -0.000000
0.947230
0.052770
-0.000000
0.739472 0.007299
0.124163 0.129066
-0.000000 0.000000
0.456575 0.450514
0.029710 0.063202
-0.000000 -0.000000
0.000000
1.000000
0.000000
0.009617
0.990383
-0.000000
0.429934 0.462742
0.033687 0.073638
-0.000000 0.000000
0.854861 0.010019
0.055361 0.079759
0.000000 -0.000000
0.001079 0.798648
0.036438 0.163835
0.000000 -0.000000
0.622370 0.000138
0.192667 0.184825
0.000000 -0.000000
0.001360
0.998640
0.000000
0.002764 0.000000
0.778307 0.218928
-0.000000 0.000000
0.943176
0.056824
-0.000000
0.944330
0.055670
0.000000
0.933289
0.066711
0.000000
0.935947
0.064053
-0.000000
0.127124
0.872876
-0.000000
0.038484 0.004378 0.000017
0.225466 0.372346 0.359309
0.000000 0.000000 -0.000000
0.938832
0.061168
-0.000000
0.016503
0.983497
0.000000
0.035473 0.000000 0.000000
0.570309 0.299235 0.094982
-0.000000 0.000000 -0.000000
0.138051
0.861949
-0.000000
0.628352 0.267074
0.034787 0.069787
0.000000 -0.000000
0.929094
0.070906
-0.000000
0.951585
0.048415
0.000000
0.938066
0.061934
0.000000
0.000401 0.000000
0.658804 0.340795
0.000000 -0.000000
0.923308
0.076692
-0.000000
0.951411
0.048589
0.000000
0.000048
0.999952
-0.000000
0.921899
0.078101
0.000000
0.946849
0.053151
-0.000000
0.924501
0.075499
-0.000000
0.783620
0.216380
-0.000000
0.654558 0.229574
0.040094 0.075774
-0.000000 0.000000
0.360633 0.556820
0.025815 0.056731
-0.000000 -0.000000
0.950714
0.049286
-0.000000
0.933699
0.066301
-0.000000
0.010055 0.000006 0.000000
0.406029 0.377441 0.206469
0.000000 -0.000000 -0.000000
0.000196 0.000000
0.786921 0.212883
0.000000 -0.000000
0.843376
0.156624
-0.000000
0.942295
0.057705
-0.000000
0.247737
0.752263
0.000000
0.921477
0.078523
-0.000000
0.187828
0.812172
0.000000
0.027046 0.718410 0.158009
0.010176 0.031894 0.054465
-0.000000 0.000000 0.000000
0.950138
0.049862
-0.000000
0.428556 0.408657 0.010249
0.027100 0.056608 0.068830
-0.000000 0.000000 0.000000
0.000000
1.000000
-0.000000
0.171599 0.723917
0.028740 0.075745
0.000000 -0.000000
0.934815
0.065185
0.000000
0.040287 0.000337
0.415410 0.543966
0.000000 0.000000
0.945553
0.054447
0.000000
0.731860
0.268140
0.000000
0.484284
0.515716
-0.000000
0.194388
0.805612
-0.000000
0.054570 0.003399
0.327660 0.614371
-0.000000 0.000000
0.007247
0.992753
0.000000
0.000065
0.999935
-0.000000
0.410557
0.589443
0.000000
0.765151 0.012439
0.102849 0.119561
0.000000 0.000000
0.803096 0.069859
0.049744 0.077301
-0.000000 0.000000
0.881551
0.118449
0.000000
0.025656 0.000047
0.469029 0.505269
0.000000 0.000000
0.001128
0.998872
0.000000
0.940663
0.059337
0.000000
0.205526 0.720871
0.020694 0.052909
0.000000 -0.000000
0.065306
0.934694
0.000000
0.952351
0.047649
0.000000
0.945862
0.054138
0.000000
0.781724 0.013217 0.000008
0.059626 0.081043 0.064382
0.000000 0.000000 -0.000000
0.140197 0.297984 0.034661 0.000625 0.000003
0.047023 0.099258 0.131401 0.134359 0.114489
0.000000 0.000000 -0.000000 0.000000 0.000000
0.846200
0.153800
-0.000000
0.946433
0.053567
-0.000000
0.107702
0.892298
0.000000
0.001890 0.832614
0.033248 0.132248
0.000000 -0.000000
0.138326
0.861674
0.000000
0.764025 0.124951
0.038499 0.072525
-0.000000 -0.000000
0.168394
0.831606
-0.000000
0.035088 0.907884
0.013340 0.043688
-0.000000 0.000000
0.954229
0.045771
-0.000000
0.018435
0.981565
-0.000000
0.658741 0.145925 0.000318
0.039288 0.075824 0.079903
0.000000 0.000000 0.000000
0.126185 0.804281
0.018810 0.050725
0.000000 -0.000000
0.000006
0.999994
0.000000
0.000146
0.999854
0.000000
0.849279 0.007818
0.059947 0.082955
0.000000 0.000000
0.941084
0.058916
0.000000
0.875448
0.124552
0.000000
0.002348
0.997652
-0.000000
0.244921 0.588407 0.033855
0.020770 0.047879 0.064168
0.000000 -0.000000 0.000000
0.951096
0.048904
-0.000000
0.105432 0.004911
0.331689 0.557968
0.000000 -0.000000
0.186682
0.813318
-0.000000
0.000408
0.999592
0.000000
0.401752 0.426743 0.002576
0.027697 0.063129 0.078103
0.000000 0.000000 -0.000000
0.874879
0.125121
0.000000
0.002705 0.000000
0.617566 0.379728
-0.000000 0.000000
0.945634
0.054366
0.000000
0.074992 0.018836
0.305994 0.600178
-0.000000 0.000000
0.009162 0.000002
0.689622 0.301215
0.000000 -0.000000
0.877957
0.122043
0.000000
0.036384 0.036183
0.295383 0.632050
-0.000000 0.000000
0.050973 0.000000
0.623204 0.325822
0.000000 -0.000000
0.591638
0.408362
0.000000
0.303278 0.000054
0.393559 0.303108
0.000000 -0.000000
0.003462
0.996538
-0.000000
0.048777 0.016751
0.332370 0.602102
-0.000000 0.000000
0.818356 0.066845
0.042180 0.072619
-0.000000 0.000000
0.043493 0.770931 0.079402
0.012085 0.035969 0.058121
-0.000000 -0.000000 -0.000000
0.873584
0.126416
-0.000000
0.002970 0.290400
0.158373 0.548257
0.000000 0.000000
0.124839 0.631902 0.139458
0.015096 0.036129 0.052576
0.000000 0.000000 0.000000
0.899488
0.100512
0.000000
0.852502 0.024071
0.048639 0.074788
0.000000 0.000000
0.001678
0.998322
-0.000000
0.045805 0.001671
0.400846 0.551678
0.000000 -0.000000
0.203170 0.010662
0.296895 0.489273
0.000000 -0.000000
0.057792
0.942208
0.000000
0.438470
0.561530
0.000000
0.940552
0.059448
-0.000000
0.268444
0.731556
-0.000000
0.050453 0.892909
0.014189 0.042449
0.000000 0.000000
0.367827 0.404772
0.069563 0.157838
0.000000 0.000000
0.000248 0.821234
0.030827 0.147691
0.000000 0.000000
0.000412
0.999588
0.000000
0.119851 0.198599
0.202810 0.478740
0.000000 -0.000000
0.156338
0.843662
0.000000
0.000125
0.999875
0.000000
0.004236 0.000001
0.557673 0.438090
-0.000000 0.000000
0.920870
0.079130
0.000000
0.902115
0.097885
-0.000000
0.010060 0.109505
0.227030 0.653405
0.000000 0.000000
0.952495
0.047505
0.000000
0.000000 0.000039 0.007246 0.161558 0.695949
0.000889 0.004764 0.015497 0.037997 0.076061
-0.000000 0.000000 -0.000000 -0.000000 0.000000
0.866449
0.133551
0.000000
0.935117
0.064883
-0.000000
0.107845 0.005382
0.376827 0.509946
0.000000 -0.000000
0.237569
0.762431
-0.000000
0.009791
0.990209
0.000000
0.936478
0.063522
-0.000000
0.025838 0.000187 0.000000
0.307474 0.384912 0.281589
-0.000000 0.000000 0.000000
0.295352 0.603025
0.027738 0.073885
0.000000 0.000000
0.111815
0.888185
-0.000000
0.949844
0.050156
-0.000000
0.678728
0.321272
0.000000
0.000031 0.000000
0.747268 0.252702
0.000000 0.000000
0.001303 0.000000
0.661490 0.337207
0.000000 0.000000
0.015155 0.000046 0.000000
0.426514 0.362418 0.195867
0.000000 -0.000000 0.000000
0.051133 0.000736
0.400005 0.548126
0.000000 0.000000
0.944364
0.055636
0.000000
0.037407 0.901101
0.014023 0.047468
0.000000 0.000000
0.031165
0.968835
-0.000000
0.538031 0.358329
0.032850 0.070791
-0.000000 0.000000
0.026323 0.922377
0.012333 0.038967
0.000000 -0.000000
0.043632 0.037612
0.297569 0.621187
-0.000000 0.000000
0.329034 0.510951 0.016906
0.023735 0.052347 0.067026
-0.000000 -0.000000 -0.000000
0.932438
0.067562
0.000000
0.008033 0.911298
0.017626 0.063043
-0.000000 -0.000000
0.193317 0.715704
0.025538 0.065441
-0.000000 0.000000
0.953619
0.046381
-0.000000
0.795942
0.204058
-0.000000
0.037808
0.962192
-0.000000
0.867791
0.132209
-0.000000
0.009478 0.000024
0.553257 0.437242
-0.000000 -0.000000
0.915162
0.084838
0.000000
0.845125
0.154875
-0.000000
0.000000
1.000000
-0.000000
0.749018
0.250982
-0.000000
0.915869
0.084131
0.000000
0.952764
0.047236
0.000000
0.837779 0.001524
0.069969 0.090728
-0.000000 -0.000000
0.030687 0.000000
0.673637 0.295676
-0.000000 0.000000
0.537723 0.277770
0.059436 0.125071
0.000000 -0.000000
0.003563
0.996437
-0.000000
0.924763
0.075237
-0.000000
0.670297
0.329703
-0.000000
0.004415 0.930277
0.013390 0.051918
0.000000 0.000000
0.884649
0.115351
-0.000000
0.182663
0.817337
0.000000
0.000330
0.999670
0.000000
0.948332
0.051668
0.000000
0.124141 0.001817 0.000001
0.261538 0.350919 0.261584
0.000000 -0.000000 -0.000000
0.076132 0.862676
0.014428 0.046764
0.000000 0.000000
0.333553 0.586769
0.024769 0.054909
-0.000000 -0.000000
0.000983 0.000000
0.647170 0.351847
0.000000 -0.000000
0.949295
0.050705
0.000000
0.895808
0.104192
0.000000
0.007675 0.000019 0.000000
0.448442 0.362796 0.181069
0.000000 -0.000000 0.000000
0.833649
0.166351
-0.000000
0.000009 0.000000
0.840267 0.159725
-0.000000 -0.000000
0.001249 0.000000
0.664418 0.334333
-0.000000 -0.000000
0.047152
0.952848
-0.000000
0.005297
0.994703
-0.000000
0.931234
0.068766
0.000000
0.852785 0.023441
0.048854 0.074920
0.000000 0.000000
0.064417 0.000087
0.617916 0.317580
0.000000 -0.000000
0.476752
0.523248
0.000000
0.046516 0.017430
0.291064 0.644991
-0.000000 0.000000
0.033760 0.000067
0.440754 0.525419
-0.000000 -0.000000
0.020684 0.000041
0.480287 0.498987
-0.000000 0.000000
0.098778 0.000106
0.652795 0.248320
0.000000 0.000000
0.049923
0.950077
-0.000000
0.002267 0.000001
0.737206 0.260525
-0.000000 0.000000
0.948301
0.051699
-0.000000
0.874012
0.125988
0.000000
0.669057 0.000986 0.000000
0.123843 0.130106 0.076008
0.000000 -0.000000 0.000000
0.000487 0.756222
0.040236 0.203054
-0.000000 0.000000
0.053722 0.004893
0.325647 0.615738
0.000000 0.000000
0.929864
0.070136
-0.000000
0.937274
0.062726
0.000000
0.952700
0.047300
-0.000000
0.160195 0.768434
0.019638 0.051734
0.000000 0.000000
0.002932 0.933629
0.010896 0.052542
0.000000 -0.000000
0.862753 0.018218
0.044912 0.074118
-0.000000 0.000000
0.001783
0.998217
-0.000000
0.000167
0.999833
0.000000
0.067215 0.873115
0.015341 0.044330
-0.000000 0.000000
0.947068
0.052932
-0.000000
0.807091 0.012729
0.080718 0.099461
-0.000000 -0.000000
0.108559
0.891441
-0.000000
0.635732 0.184194
0.062940 0.117135
-0.000000 0.000000
0.044613 0.000135
0.406191 0.549060
-0.000000 -0.000000
0.401437 0.007453
0.240104 0.351006
0.000000 -0.000000
0.385672 0.526064
0.027081 0.061183
0.000000 0.000000
0.933822
0.066178
-0.000000
0.173242
0.826758
0.000000
0.775265 0.100947
0.044799 0.078988
-0.000000 -0.000000
0.004861 0.000000
0.570452 0.424686
0.000000 0.000000
0.954400
0.045600
0.000000
0.946306
0.053694
0.000000
0.002309 0.000010 0.000000
0.573466 0.305549 0.118666
0.000000 -0.000000 0.000000
0.481147
0.518853
0.000000
0.056570 0.000056
0.506934 0.436440
0.000000 -0.000000
0.952527
0.047473
0.000000
0.012522 0.089697
0.240090 0.657691
0.000000 0.000000
0.774656 0.080646
0.059930 0.084768
-0.000000 -0.000000
0.951057
0.048943
-0.000000
0.182883 0.027849
0.257632 0.531637
-0.000000 0.000000
0.237046
0.762954
0.000000
0.330238 0.589856
0.024759 0.055146
-0.000000 -0.000000
0.000226 0.000000 0.000000
0.684071 0.259088 0.056615
-0.000000 0.000000 -0.000000
0.058498 0.880971
0.014287 0.046244
-0.000000 0.000000
0.121428 0.811302
0.018044 0.049226
0.000000 0.000000
0.003367 0.000000
0.617716 0.378917
0.000000 -0.000000
0.924993
0.075007
-0.000000
0.000016
0.999984
0.000000
0.151969
0.848031
0.000000
0.645289 0.247380
0.035013 0.072318
0.000000 -0.000000
0.034289 0.000370
0.430974 0.534367
-0.000000 0.000000
0.742123
0.257877
-0.000000
0.000090 0.009786 0.051024 0.037596
0.044193 0.141034 0.281848 0.434429
0.000000 -0.000000 0.000000 -0.000000
0.908384
0.091616
0.000000
0.697319
0.302681
0.000000
0.039126 0.011452 0.000586
0.228818 0.361425 0.358591
-0.000000 0.000000 0.000000
0.912815
0.087185
0.000000
0.891541
0.108459
-0.000000
0.950148
0.049852
0.000000
0.654615 0.059540
0.107245 0.178600
-0.000000 0.000000
0.002852
0.997148
0.000000
0.863348 0.009933
0.049748 0.076971
0.000000 -0.000000
0.000000
1.000000
-0.000000
0.001785 0.000000
0.611011 0.387204
-0.000000 0.000000
0.022292 0.001964 0.000053
0.336180 0.373203 0.266308
0.000000 -0.000000 0.000000
0.112616
0.887384
-0.000000
0.000008
0.999992
0.000000
0.000013
0.999987
-0.000000
0.037072 0.003600
0.433459 0.525870
0.000000 0.000000
0.000003 0.000000
0.927473 0.072524
0.000000 -0.000000
0.801026 0.087608
0.039326 0.072039
0.000000 0.000000
0.936758
0.063242
0.000000
0.951787
0.048213
0.000000
0.448565
0.551435
0.000000
0.748119 0.038859
0.101457 0.111565
-0.000000 0.000000
0.000000 0.000000
0.886910 0.113090
-0.000000 0.000000
0.084724 0.460561
0.115862 0.338853
-0.000000 -0.000000
0.933647
0.066353
0.000000
0.033514 0.040530
0.284212 0.641744
-0.000000 0.000000
0.195207 0.644711
0.042298 0.117784
-0.000000 -0.000000
0.178423
0.821577
0.000000
0.000040
0.999960
0.000000
0.009472 0.000003
0.531129 0.459395
0.000000 0.000000
0.009345 0.000001
0.538966 0.451689
-0.000000 0.000000
0.779090 0.003815
0.098247 0.118847
-0.000000 -0.000000
0.000000
1.000000
0.000000
0.784349 0.010484
0.095284 0.109883
-0.000000 0.000000
0.839433
0.160567
0.000000
0.154592 0.111439
0.242651 0.491318
-0.000000 0.000000
0.855513 0.010105
0.054958 0.079424
0.000000 -0.000000
0.918553
0.081447
-0.000000
0.368403 0.527652
0.029247 0.074698
-0.000000 0.000000
0.000111 0.000000 0.000000
0.757853 0.202881 0.039155
0.000000 -0.000000 0.000000
0.043063
0.956937
-0.000000
0.866824 0.014295
0.044769 0.074113
-0.000000 0.000000
0.002379
0.997621
-0.000000
0.741158 0.147972
0.038452 0.072419
-0.000000 0.000000
0.148775
0.851225
-0.000000
0.022027 0.000008
0.497827 0.480138
-0.000000 -0.000000
0.000027
0.999973
-0.000000
0.042601 0.000233 0.000000
0.293974 0.385666 0.277526
0.000000 0.000000 0.000000
0.325202
0.674798
-0.000000
0.953579
0.046421
0.000000
0.925310
0.074690
0.000000
0.585896 0.251795 0.003632
0.031626 0.060172 0.066879
-0.000000 0.000000 -0.000000
0.024431 0.000132
0.486462 0.488975
-0.000000 0.000000
0.089707
0.910293
-0.000000
0.849871
0.150129
-0.000000
0.000004
0.999996
-0.000000
0.000061
0.999939
0.000000
0.000327
0.999673
-0.000000
0.057715 0.001434
0.342372 0.598479
-0.000000 -0.000000
0.010482 0.000004
0.546600 0.442914
0.000000 0.000000
0.001271
0.998729
0.000000
0.954863
0.045137
-0.000000
0.049349 0.013518
0.367134 0.569999
-0.000000 -0.000000
0.323818
0.676182
0.000000
0.107310
0.892690
0.000000
0.946741
0.053259
-0.000000
0.782292 0.009950
0.096790 0.110968
-0.000000 -0.000000
0.945895
0.054105
0.000000
0.113126
0.886874
0.000000
0.948266
0.051734
-0.000000
0.857112 0.007646
0.055821 0.079422
-0.000000 0.000000
0.000919
0.999081
-0.000000
0.022614 0.926615
0.010832 0.039939
-0.000000 0.000000
0.000037
0.999963
-0.000000
0.948734
0.051266
0.000000
0.000002
0.999998
-0.000000
0.947038
0.052962
0.000000
0.577324
0.422676
0.000000
0.054648 0.003444
0.325502 0.616405
-0.000000 0.000000
0.006156 0.932530
0.013321 0.047992
0.000000 -0.000000
0.105146
0.894854
-0.000000
0.914714
0.085286
0.000000
0.116251
0.883749
-0.000000
0.843997 0.024803
0.052613 0.078587
0.000000 -0.000000
0.929475
0.070525
0.000000
0.021730
0.978270
-0.000000
0.810338 0.071911
0.039546 0.078204
-0.000000 0.000000
0.000203 0.000000 0.000000
0.652243 0.273972 0.073582
0.000000 0.000000 0.000000
0.947382
0.052618
-0.000000
0.000934 0.888270
0.020354 0.090442
-0.000000 0.000000
0.950961
0.049039
0.000000
0.935468
0.064532
0.000000
0.000012 0.012365 0.304682 0.630663
0.001605 0.006450 0.015668 0.028555
0.000000 0.000000 -0.000000 0.000000
0.950460
0.049540
-0.000000
0.009147 0.000000
0.557343 0.433509
-0.000000 -0.000000
0.043939
0.956061
-0.000000
0.839934
0.160066
-0.000000
0.566684 0.002086
0.248276 0.182953
0.000000 -0.000000
0.882438
0.117562
0.000000
0.925566
0.074434
-0.000000
0.948697
0.051303
-0.000000
0.008654 0.926029
0.013555 0.051763
0.000000 -0.000000
0.001057
0.998943
-0.000000
0.848991 0.025735
0.050125 0.075149
0.000000 -0.000000
0.002187 0.000000
0.620976 0.376837
-0.000000 -0.000000
0.834577
0.165423
-0.000000
0.125126
0.874874
0.000000
0.709715 0.013487
0.143293 0.133504
0.000000 -0.000000
0.028491 0.919168
0.011730 0.040611
-0.000000 0.000000
0.000063 0.028302 0.137156
0.064724 0.243132 0.526622
-0.000000 -0.000000 0.000000
0.574232
0.425768
0.000000
0.012030 0.103572
0.213800 0.670598
-0.000000 0.000000
0.931241
0.068759
-0.000000
0.037711 0.048099 0.000398
0.146779 0.339707 0.427306
-0.000000 -0.000000 0.000000
0.000325
0.999675
-0.000000
0.855620 0.006846
0.057102 0.080432
-0.000000 -0.000000
0.954949
0.045051
0.000000
0.636961
0.363039
0.000000
0.852242 0.004178
0.060135 0.083445
0.000000 0.000000
0.852028 0.019265
0.051723 0.076985
0.000000 0.000000
0.001342 0.784578
0.034660 0.179420
-0.000000 0.000000
0.857178 0.012607
0.052834 0.077381
-0.000000 -0.000000
0.841934 0.004171
0.066075 0.087820
-0.000000 -0.000000
0.009859 0.618881
0.079944 0.291317
-0.000000 0.000000
0.294099
0.705901
-0.000000
0.011367 0.000017
0.566278 0.422338
-0.000000 0.000000
0.728439 0.006040
0.129192 0.136329
0.000000 -0.000000
0.000832 0.000000 0.000000
0.719444 0.230615 0.049109
0.000000 -0.000000 0.000000
0.946160
0.053840
0.000000
0.915982
0.084018
-0.000000
0.622053
0.377947
-0.000000
0.006511 0.939283
0.011707 0.042500
0.000000 0.000000
0.818698
0.181302
0.000000
0.154178
0.845822
0.000000
0.727432
0.272568
-0.000000
0.209446 0.524355
0.072252 0.193946
-0.000000 -0.000000
0.934413
0.065587
-0.000000
0.000000 0.000953 0.043679 0.148069
0.021930 0.092899 0.237511 0.454959
0.000000 0.000000 -0.000000 0.000000
0.190950 0.734200
0.020914 0.053936
-0.000000 -0.000000
0.625673 0.269391
0.035848 0.069087
0.000000 -0.000000
0.865088
0.134912
-0.000000
0.000031
0.999969
-0.000000
0.000939
0.999061
-0.000000
0.792595 0.097121
0.039112 0.071172
0.000000 -0.000000
0.054864
0.945136
-0.000000
0.235697 0.022763
0.268560 0.472981
-0.000000 -0.000000
0.016985 0.774542
0.049055 0.159418
0.000000 0.000000
0.950966
0.049034
-0.000000
0.950249
0.049751
0.000000
0.183003 0.731431
0.023854 0.061713
-0.000000 0.000000
0.545196 0.008530
0.190824 0.255450
0.000000 -0.000000
0.291531 0.628728
0.023572 0.056168
0.000000 -0.000000
0.847155
0.152845
0.000000
0.036321 0.909608
0.013261 0.040809
-0.000000 -0.000000
0.654017 0.232778
0.037433 0.075771
-0.000000 0.000000
0.212332 0.000672
0.546610 0.240386
0.000000 0.000000
0.428889 0.477319
0.028890 0.064902
-0.000000 -0.000000
0.006585 0.052051 0.005141
0.116404 0.324513 0.495306
-0.000000 0.000000 0.000000
0.000008 0.040296 0.910020
0.002519 0.012666 0.034492
0.000000 0.000000 0.000000
0.860058
0.139942
0.000000
0.794568 0.095758
0.038577 0.071097
-0.000000 0.000000
0.937347
0.062653
-0.000000
0.000001
0.999999
-0.000000
0.429016 0.472799
0.029876 0.068309
-0.000000 0.000000
0.168829 0.756928
0.020571 0.053673
-0.000000 0.000000
0.842610
0.157390
0.000000
0.000000
1.000000
-0.000000
0.004781 0.398325 0.471234
0.012061 0.039358 0.074241
0.000000 -0.000000 0.000000
0.954667
0.045333
-0.000000
0.726219
0.273781
-0.000000
0.301138
0.698862
-0.000000
0.095462
0.904538
0.000000
0.191349 0.735429
0.020411 0.052811
0.000000 -0.000000
0.880846
0.119154
0.000000
0.414707
0.585293
-0.000000
0.760024 0.130807
0.037522 0.071647
-0.000000 0.000000
0.945805
0.054195
-0.000000
0.071423 0.869087
0.014932 0.044558
-0.000000 0.000000
0.875579
0.124421
-0.000000
0.759114
0.240886
-0.000000
0.935142
0.064858
-0.000000
0.052981
0.947019
0.000000
0.699048 0.191141
0.038754 0.071057
0.000000 -0.000000
0.884517
0.115483
-0.000000
0.066801 0.001830
0.345868 0.585502
0.000000 -0.000000
0.309257 0.000003
0.406236 0.284504
-0.000000 0.000000
0.944979
0.055021
0.000000
0.371144 0.538499
0.027337 0.063019
-0.000000 -0.000000
0.154221 0.772543
0.020132 0.053104
0.000000 0.000000
0.000000
1.000000
0.000000
0.615265 0.278088
0.034397 0.072251
-0.000000 0.000000
0.000305
0.999695
0.000000
0.003522 0.000000
0.725359 0.271119
-0.000000 -0.000000
0.853879 0.012926
0.054436 0.078758
-0.000000 0.000000
0.000611
0.999389
-0.000000
0.000603 0.936464
0.010617 0.052315
-0.000000 -0.000000
0.942687
0.057313
-0.000000
0.938325
0.061675
-0.000000
0.944826
0.055174
-0.000000
0.877542
0.122458
0.000000
0.119413
0.880587
0.000000
0.314811 0.000119
0.352221 0.332850
-0.000000 0.000000
0.006036
0.993964
-0.000000
0.953203
0.046797
0.000000
0.942737
0.057263
0.000000
0.000143
0.999857
-0.000000
0.026504 0.921945
0.012360 0.039191
-0.000000 -0.000000
0.147740
0.852260
0.000000
0.273829 0.549744 0.041088
0.021740 0.048998 0.064601
-0.000000 -0.000000 -0.000000
0.000323 0.000000
0.710709 0.288969
0.000000 -0.000000
0.001200
0.998800
0.000000
0.027945 0.876339
0.023204 0.072512
0.000000 -0.000000
0.395309
0.604691
-0.000000
0.196867
0.803133
0.000000
0.950297
0.049703
-0.000000
0.130482
0.869518
-0.000000
0.000000
1.000000
-0.000000
0.624965 0.166227
0.074226 0.134581
-0.000000 -0.000000
0.755285
0.244715
-0.000000
0.057104 0.043253
0.272018 0.627625
-0.000000 -0.000000
0.032505
0.967495
0.000000
0.017425
0.982575
0.000000
0.704131
0.295869
0.000000
0.942399
0.057601
-0.000000
0.716328 0.166349
0.043594 0.073729
0.000000 -0.000000
0.032467 0.915154
0.012782 0.039596
-0.000000 0.000000
0.914768
0.085232
0.000000
0.087314
0.912686
0.000000
0.007994
0.992006
0.000000
0.894405
0.105595
-0.000000
0.928502
0.071498
0.000000
0.000433
0.999567
-0.000000
0.925975
0.074025
0.000000
0.855489 0.023763
0.045559 0.075189
-0.000000 0.000000
0.024907
0.975093
-0.000000
0.105337
0.894663
0.000000
0.000027 0.010180 0.136692
0.040917 0.210202 0.601982
0.000000 0.000000 0.000000
0.013855 0.936098
0.011495 0.038552
0.000000 -0.000000
0.088631 0.027532
0.298953 0.584885
0.000000 -0.000000
0.317210
0.682790
0.000000
0.018715
0.981285
-0.000000
0.151673 0.774923
0.020164 0.053240
-0.000000 0.000000
0.017240 0.934264
0.010409 0.038087
0.000000 -0.000000
0.856949 0.012051
0.053287 0.077712
-0.000000 0.000000
0.944898
0.055102
-0.000000
0.755544 0.122732
0.043650 0.078074
0.000000 0.000000
0.013757 0.000004
0.511676 0.474563
0.000000 0.000000
0.000295
0.999705
-0.000000
0.941897
0.058103
0.000000
0.417186
0.582814
0.000000
0.009891
0.990109
0.000000
0.022204
0.977796
0.000000
0.065305 0.846290
0.022800 0.065605
-0.000000 0.000000
0.589887
0.410113
0.000000
0.326327 0.592466
0.025028 0.056179
-0.000000 -0.000000
0.000769 0.200916 0.733598
0.005226 0.019109 0.040382
0.000000 -0.000000 -0.000000
0.923028
0.076972
0.000000
0.812030 0.021032
0.060917 0.106021
-0.000000 -0.000000
0.287826 0.253434
0.132890 0.325851
-0.000000 0.000000
0.699872 0.191804
0.036158 0.072165
-0.000000 0.000000
0.007374
0.992626
-0.000000
0.001859 0.000000
0.617675 0.380465
0.000000 -0.000000
0.046631
0.953369
-0.000000
0.001176 0.000000
0.698882 0.299942
0.000000 -0.000000
0.001319
0.998681
0.000000
0.000909 0.044311 0.051777
0.088741 0.284396 0.529866
-0.000000 -0.000000 -0.000000
0.803999
0.196001
0.000000
0.000475 0.056641 0.033874
0.079795 0.283427 0.545787
-0.000000 0.000000 0.000000
0.923251
0.076749
0.000000
0.085497
0.914503
0.000000
0.088157 0.844296
0.016500 0.051047
0.000000 0.000000
0.674765 0.122662 0.001495 0.000003
0.035670 0.058206 0.059730 0.047468
-0.000000 0.000000 0.000000 -0.000000
0.001164 0.000000
0.622066 0.376770
-0.000000 -0.000000
0.518879
0.481121
0.000000
0.945784
0.054216
0.000000
0.006779 0.114917
0.205472 0.672832
-0.000000 0.000000
0.035627 0.001129 0.000002
0.271792 0.379610 0.311840
0.000000 0.000000 -0.000000
0.087591
0.912409
0.000000
0.656733 0.000265
0.169472 0.173531
0.000000 -0.000000
0.880278
0.119722
-0.000000
0.028608 0.919387
0.011520 0.040486
0.000000 0.000000
0.874850
0.125150
-0.000000
0.841054 0.001310
0.068290 0.089346
-0.000000 0.000000
0.126121
0.873879
-0.000000
0.000000
1.000000
0.000000
0.107175 0.817537
0.020044 0.055244
-0.000000 -0.000000
0.017539 0.423643 0.398807 0.045787
0.007601 0.021535 0.037049 0.048040
-0.000000 -0.000000 -0.000000 -0.000000
0.000001 0.069995
0.120676 0.809328
0.000000 0.000000
0.672752 0.000298
0.163696 0.163255
-0.000000 0.000000
0.829775
0.170225
-0.000000
0.000000 0.000000
0.912408 0.087591
0.000000 0.000000
0.001185 0.000000
0.671511 0.327304
-0.000000 0.000000
0.040721 0.000550
0.413604 0.545125
-0.000000 -0.000000
0.000030
0.999970
0.000000
0.853624
0.146376
-0.000000
0.000011
0.999989
0.000000
0.000020 0.022220 0.105640
0.056187 0.243706 0.572227
-0.000000 -0.000000 0.000000
0.695059 0.072736 0.000126
0.052674 0.090125 0.089280
0.000000 -0.000000 0.000000
0.000018
0.999982
0.000000
0.064974 0.005596
0.374257 0.555173
-0.000000 -0.000000
0.000001
0.999999
0.000000
0.007575 0.000074
0.581330 0.411020
0.000000 0.000000
0.153071 0.777741
0.018574 0.050614
0.000000 0.000000
0.952866
0.047134
-0.000000
0.008344
0.991656
-0.000000
0.000931 0.000000 0.000000 0.000000 -0.000000
0.476631 0.315901 0.139999 0.050574 0.015963
0.000000 0.000000 -0.000000 -0.000000 0.000000
0.000004 0.000000 0.000000
0.809954 0.165636 0.024405
-0.000000 0.000000 -0.000000
0.016083 0.000023
0.511831 0.472064
0.000000 0.000000
0.522663 0.000092
0.255919 0.221327
0.000000 -0.000000
0.944674
0.055326
0.000000
0.899122
0.100878
-0.000000
0.885616
0.114384
-0.000000
0.009855 0.933035
0.012342 0.044768
-0.000000 0.000000
0.043279 0.000786
0.424430 0.531506
0.000000 -0.000000
0.049911 0.001573
0.384389 0.564128
0.000000 -0.000000
0.924956
0.075044
-0.000000
0.953062
0.046938
0.000000
0.952088
0.047912
0.000000
0.887588
0.112412
-0.000000
0.792097
0.207903
0.000000
0.839160 0.003093
0.068184 0.089563
-0.000000 -0.000000
0.785549 0.011607
0.093607 0.109237
-0.000000 0.000000
0.581462 0.003538 0.000001
0.134549 0.161849 0.118600
0.000000 0.000000 0.000000
0.000743
0.999257
0.000000
0.050610
0.949390
0.000000
0.945760
0.054240
0.000000
0.000014 0.000000
0.895076 0.104909
-0.000000 -0.000000
0.937469
0.062531
-0.000000
0.909197
0.090803
-0.000000
0.000003 0.024136 0.932573
0.002024 0.010691 0.030573
-0.000000 0.000000 -0.000000
0.045966
0.954034
0.000000
0.933786
0.066214
-0.000000
0.904462
0.095538
-0.000000
0.162171 0.435732
0.107896 0.294201
0.000000 0.000000
0.321885
0.678115
0.000000
0.920713
0.079287
0.000000
0.087428 0.000077
0.648591 0.263904
0.000000 0.000000
0.954770
0.045230
0.000000
0.757746
0.242254
-0.000000
0.336191 0.438792
0.067991 0.157026
-0.000000 -0.000000
0.915999
0.084001
0.000000
0.003570 0.000000
0.589814 0.406616
-0.000000 0.000000
0.000000
1.000000
0.000000
0.950094
0.049906
-0.000000
0.512203 0.029196 0.000118 0.000000
0.100451 0.144646 0.127677 0.085710
0.000000 -0.000000 -0.000000 0.000000
0.910151
0.089849
0.000000
0.949164
0.050836
0.000000
0.363964 0.084530
0.174394 0.377113
-0.000000 0.000000
0.001346
0.998654
-0.000000
0.944312
0.055688
-0.000000
0.334806
0.665194
-0.000000
0.639852
0.360148
-0.000000
0.537446 0.000062
0.253403 0.209089
0.000000 -0.000000
0.056194 0.883834
0.014111 0.045861
-0.000000 -0.000000
0.942604
0.057396
-0.000000
0.000000 0.001895 0.107311
0.048155 0.226903 0.615736
-0.000000 0.000000 0.000000
0.025253 0.921506
0.011228 0.042014
0.000000 0.000000
0.460560
0.539440
0.000000
0.004097 0.937868
0.012162 0.045873
-0.000000 -0.000000
0.000051
0.999949
0.000000
0.906344
0.093656
0.000000
0.000471 0.000000 0.000000
0.673283 0.255991 0.070255
0.000000 -0.000000 -0.000000
0.772340 0.049032 0.000120
0.045527 0.069981 0.062999
-0.000000 -0.000000 0.000000
0.000025
0.999975
-0.000000
0.004084 0.000000
0.572140 0.423776
-0.000000 -0.000000
0.932120
0.067880
-0.000000
0.936039
0.063961
0.000000
0.000445
0.999555
0.000000
0.531154 0.239762 0.002474
0.044129 0.085721 0.096760
-0.000000 -0.000000 0.000000
0.921598
0.078402
-0.000000
0.771716 0.010885
0.092839 0.124560
0.000000 0.000000
0.760024 0.130807
0.037522 0.071647
0.000000 0.000000
0.005480 0.000022
0.640866 0.353631
0.000000 0.000000
0.000002
0.999998
-0.000000
0.000038 0.000000
0.813400 0.186563
-0.000000 0.000000
0.881481
0.118519
-0.000000
0.880050
0.119950
-0.000000
0.005950
0.994050
0.000000
0.126045
0.873955
-0.000000
0.000000
1.000000
-0.000000
0.950526
0.049474
-0.000000
0.003861 0.807400
0.039651 0.149088
0.000000 -0.000000
0.828529
0.171471
-0.000000
0.097100
0.902900
0.000000
0.000034
0.999966
0.000000
0.904464
0.095536
0.000000
0.595267 0.299283
0.033878 0.071572
-0.000000 0.000000
0.706716 0.001767
0.141236 0.150282
0.000000 0.000000
0.000009
0.999991
0.000000
0.000483
0.999517
-0.000000
0.495609 0.408084
0.031789 0.064518
0.000000 -0.000000
0.151339
0.848661
-0.000000
0.022886
0.977114
-0.000000
0.937975
0.062025
0.000000
0.000029
0.999971
-0.000000
0.004619 0.134711
0.203835 0.656835
0.000000 0.000000
0.034478
0.965522
0.000000
0.005196 0.000003
0.592534 0.402267
0.000000 0.000000
0.955216
0.044784
0.000000
0.898526
0.101474
-0.000000
0.000002
0.999998
-0.000000
0.000215 0.720308
0.044902 0.234574
-0.000000 -0.000000
0.003476 0.000000
0.591392 0.405132
0.000000 0.000000
0.948177
0.051823
0.000000
0.000886 0.138272 0.571687 0.208826
0.003757 0.012566 0.025418 0.038589
-0.000000 -0.000000 -0.000000 -0.000000
0.007130
0.992870
0.000000
0.905386
0.094614
-0.000000
0.148160
0.851840
0.000000
0.000011 0.000000
0.918381 0.081609
-0.000000 -0.000000
0.839304 0.046773
0.042532 0.071390
-0.000000 -0.000000
0.756007
0.243993
0.000000
0.055603
0.944397
0.000000
0.702116
0.297884
0.000000
0.000000 0.001030 0.097231
0.044897 0.222375 0.634467
0.000000 0.000000 0.000000
0.871651
0.128349
0.000000
0.017751
0.982249
-0.000000
0.000000
1.000000
0.000000
0.027635
0.972365
0.000000
0.664853 0.224002
0.039371 0.071774
-0.000000 0.000000
0.159176
0.840824
0.000000
0.243044 0.584664 0.049051
0.019993 0.044143 0.059106
0.000000 0.000000 0.000000
0.001095 0.000000
0.624524 0.374381
-0.000000 0.000000
0.000016
0.999984
0.000000
0.818334
0.181666
0.000000
0.057386
0.942614
-0.000000
0.931878
0.068122
0.000000
0.028505
0.971495
-0.000000
0.000361
0.999639
0.000000
0.920758
0.079242
0.000000
0.954357
0.045643
-0.000000
0.032929 0.904286
0.016131 0.046654
0.000000 -0.000000
0.163850
0.836150
-0.000000
0.242140 0.674330
0.022507 0.061022
-0.000000 0.000000
0.000467
0.999533
-0.000000
0.620088
0.379912
-0.000000
0.935029
0.064971
0.000000
0.020162
0.979838
-0.000000
0.769645
0.230355
0.000000
0.691519
0.308481
-0.000000
0.000040
0.999960
0.000000
0.392471
0.607529
0.000000
0.000019
0.999981
-0.000000
0.026359 0.000193 0.000000
0.318750 0.383471 0.271227
0.000000 0.000000 0.000000
0.557750 0.335274
0.034475 0.072501
-0.000000 0.000000
0.911631
0.088369
0.000000
0.868456
0.131544
-0.000000
0.316983
0.683017
0.000000
0.113537 0.000002
0.592246 0.294215
-0.000000 -0.000000
0.923359
0.076641
-0.000000
0.657454 0.241021
0.034682 0.066844
-0.000000 -0.000000
0.007080 0.948071
0.009117 0.035733
-0.000000 0.000000
0.001840 0.139604 0.795619
0.005090 0.018150 0.039697
-0.000000 0.000000 -0.000000
0.711378 0.184593
0.037228 0.066801
-0.000000 -0.000000
0.688912
0.311088
0.000000
0.000084 0.867181
0.019442 0.113294
0.000000 0.000000
0.940562
0.059438
0.000000
0.939643
0.060357
0.000000
0.049617 0.712887 0.139324
0.012155 0.033301 0.052715
0.000000 0.000000 -0.000000
0.011507 0.105357
0.216854 0.666281
-0.000000 -0.000000
0.151069 0.000002
0.523857 0.325071
0.000000 0.000000
0.055781 0.003214
0.362572 0.578433
-0.000000 -0.000000
0.953845
0.046155
0.000000
0.048684 0.003142
0.381903 0.566270
0.000000 0.000000
0.573921 0.238895
0.061081 0.126103
0.000000 0.000000
0.000035 0.059840
0.170757 0.769368
-0.000000 -0.000000
0.035428
0.964572
-0.000000
0.000000 0.000004 0.004507
0.039308 0.219281 0.736899
0.000000 -0.000000 0.000000
0.699183 0.192784
0.037218 0.070816
-0.000000 -0.000000
0.000004
0.999996
-0.000000
0.002804 0.000000
0.592216 0.404980
-0.000000 -0.000000
0.012046 0.000001 0.000000
0.501591 0.349179 0.137184
-0.000000 0.000000 -0.000000
0.002317
0.997683
-0.000000
0.213171 0.680538
0.028136 0.078154
0.000000 0.000000
0.130643
0.869357
0.000000
0.046729 0.060113
0.281100 0.612058
-0.000000 -0.000000
0.000008
0.999992
-0.000000
0.000789
0.999211
-0.000000
0.002939 0.154240
0.197209 0.645612
-0.000000 -0.000000
0.905454
0.094546
-0.000000
0.000961 0.155005 0.492625
0.033018 0.107468 0.210923
0.000000 0.000000 0.000000
0.597014 0.260952
0.046512 0.095522
0.000000 0.000000
0.930615
0.069385
-0.000000
0.039948
0.960052
0.000000
0.000055
0.999945
-0.000000
0.165732 0.761259
0.020178 0.052831
0.000000 -0.000000
0.006099 0.000014 0.000000 0.000000
0.348022 0.333406 0.208444 0.104015
-0.000000 -0.000000 -0.000000 0.000000
0.894803
0.105197
0.000000
0.004799 0.000001
0.590744 0.404456
0.000000 -0.000000
0.654558 0.229574
0.040094 0.075774
-0.000000 0.000000
0.945882
0.054118
0.000000
0.026058 0.873051
0.021741 0.079149
0.000000 0.000000
0.943770
0.056230
0.000000
0.000005 0.000000
0.899800 0.100195
0.000000 0.000000
0.000014
0.999986
-0.000000
0.941764
0.058236
0.000000
0.764523 0.085303
0.057044 0.093130
-0.000000 -0.000000
0.668050 0.175252 0.001279
0.032870 0.058837 0.063713
0.000000 0.000000 0.000000
0.912426
0.087574
0.000000
0.942690
0.057310
-0.000000
0.945810
0.054190
0.000000
0.931141
0.068859
-0.000000
0.843099
0.156901
0.000000
0.135601
0.864399
-0.000000
0.001077 0.938064
0.010380 0.050478
0.000000 -0.000000
0.916991
0.083009
-0.000000
0.167823 0.760572
0.019765 0.051840
-0.000000 0.000000
0.000005
0.999995
0.000000
0.948233
0.051767
-0.000000
0.895973
0.104027
0.000000
0.951691
0.048309
0.000000
0.000005 0.000000
0.824425 0.175570
-0.000000 -0.000000
0.919801
0.080199
-0.000000
0.006427 0.944428
0.009470 0.039674
0.000000 0.000000
0.918692
0.081308
-0.000000
0.000426 0.000000
0.657427 0.342147
0.000000 0.000000
0.000508
0.999492
-0.000000
0.692678 0.197970
0.037501 0.071850
-0.000000 -0.000000
0.203114 0.709958
0.022889 0.064039
-0.000000 0.000000
0.060117 0.550303
0.094811 0.294769
-0.000000 0.000000
0.153974
0.846026
-0.000000
0.000594 0.000000
0.727235 0.272171
0.000000 0.000000
0.229287 0.025176
0.273176 0.472361
-0.000000 -0.000000
0.000269 0.000000
0.701290 0.298441
-0.000000 -0.000000
0.941133
0.058867
-0.000000
0.717317 0.112247
0.056060 0.114377
0.000000 -0.000000
0.953503
0.046497
0.000000
0.007608 0.946418
0.009357 0.036617
0.000000 0.000000
0.000005 0.000000
0.807561 0.192433
-0.000000 -0.000000
0.343138 0.565868
0.025976 0.065019
0.000000 -0.000000
0.940432
0.059568
-0.000000
0.000000
1.000000
0.000000
0.772859 0.093226
0.051892 0.082023
-0.000000 0.000000
0.943862
0.056138
-0.000000
0.946760
0.053240
0.000000
0.833763 0.033701
0.053113 0.079423
0.000000 -0.000000
0.949738
0.050262
-0.000000
0.000679 0.000000
0.743648 0.255673
0.000000 -0.000000
0.922116
0.077884
-0.000000
0.000030
0.999970
0.000000
0.000073
0.999927
-0.000000
0.008205 0.931998
0.012677 0.047121
0.000000 0.000000
0.831760 0.039765
0.050697 0.077778
-0.000000 -0.000000
0.015273 0.933687
0.011707 0.039333
-0.000000 -0.000000
0.014016 0.938804
0.010076 0.037104
0.000000 0.000000
0.000102
0.999898
0.000000
0.862590
0.137410
0.000000
0.797640 0.029672
0.066590 0.106098
0.000000 -0.000000
0.015347 0.928531
0.012446 0.043676
0.000000 0.000000
0.919228
0.080772
-0.000000
0.002384 0.334431 0.545486
0.010711 0.036240 0.070747
-0.000000 -0.000000 -0.000000
0.002866
0.997134
0.000000
0.946431
0.053569
-0.000000
0.055686 0.839128
0.026734 0.078451
-0.000000 0.000000
0.953622
0.046378
0.000000
0.927952
0.072048
-0.000000
0.003461 0.000005
0.674897 0.321636
0.000000 0.000000
0.345385
0.654615
0.000000
0.051247 0.002144
0.387364 0.559245
0.000000 -0.000000
0.000000
1.000000
-0.000000
0.102074
0.897926
0.000000
0.000134
0.999866
0.000000
0.118698
0.881302
0.000000
0.946780
0.053220
0.000000
0.852253 0.034235
0.042685 0.070827
0.000000 0.000000
0.069120 0.000056 0.000000
0.590981 0.257886 0.081956
0.000000 0.000000 0.000000
0.232717 0.671744
0.025468 0.070071
-0.000000 -0.000000
0.000036 0.000000
0.762823 0.237141
-0.000000 0.000000
0.001617
0.998383
-0.000000
0.122072 0.757434
0.032263 0.088231
-0.000000 0.000000
0.001379 0.243965 0.696084
0.004918 0.017522 0.036132
0.000000 0.000000 0.000000
0.949698
0.050302
0.000000
0.216351 0.000862
0.390694 0.392093
-0.000000 0.000000
0.146317
0.853683
-0.000000
0.000971 0.000000
0.646432 0.352597
-0.000000 0.000000
0.917816
0.082184
0.000000
0.043908 0.000649
0.418113 0.537330
-0.000000 -0.000000
0.926334
0.073666
0.000000
0.012609 0.940180
0.009854 0.037357
0.000000 0.000000
0.009767 0.936818
0.011769 0.041647
-0.000000 -0.000000
0.436690 0.013129
0.213333 0.336848
-0.000000 0.000000
0.172824 0.752247
0.020805 0.054124
-0.000000 -0.000000
0.092054 0.844219
0.015965 0.047763
0.000000 -0.000000
0.883111
0.116889
-0.000000
0.000003 0.000000
0.816183 0.183814
0.000000 -0.000000
0.948127
0.051873
-0.000000
0.000241 0.000000
0.725854 0.273904
0.000000 0.000000
0.904507
0.095493
0.000000
0.011013
0.988987
-0.000000
0.031596 0.733751 0.135493
0.010691 0.032999 0.055470
-0.000000 0.000000 0.000000
0.378866 0.459320
0.050018 0.111796
0.000000 0.000000
0.279017 0.005737
0.408657 0.306589
0.000000 -0.000000
0.010845 0.936149
0.011764 0.041242
0.000000 -0.000000
0.073043 0.865075
0.016232 0.045650
0.000000 -0.000000
0.679003 0.213897
0.035885 0.071214
0.000000 0.000000
0.016246 0.573858 0.327927
0.008827 0.026633 0.046508
0.000000 -0.000000 0.000000
0.761392
0.238608
-0.000000
0.942243
0.057757
0.000000
0.877834
0.122166
-0.000000
0.042029
0.957971
0.000000
0.907512
0.092488
0.000000
0.616405
0.383595
0.000000
0.013422
0.986578
-0.000000
0.208509 0.000226
0.527646 0.263619
0.000000 -0.000000
0.342695 0.000061
0.376645 0.280599
-0.000000 -0.000000
0.798513 0.006422
0.089893 0.105172
-0.000000 -0.000000
0.844344 0.006296
0.063265 0.086094
-0.000000 -0.000000
0.027102 0.048870
0.254329 0.669699
-0.000000 -0.000000
0.031637
0.968363
-0.000000
0.344347 0.000024
0.392275 0.263353
0.000000 -0.000000
0.921174
0.078826
0.000000
0.085803
0.914197
0.000000
0.781289 0.001686
0.098155 0.118869
0.000000 0.000000
0.000000 0.000000
0.903787 0.096213
-0.000000 -0.000000
0.003235 0.804325
0.040060 0.152379
-0.000000 0.000000
0.880097
0.119903
-0.000000
0.000109
0.999891
0.000000
0.005881
0.994119
-0.000000
0.398988 0.442105 0.006540
0.026201 0.056294 0.069873
-0.000000 0.000000 -0.000000
0.930878
0.069122
-0.000000
0.583226 0.314918
0.033726 0.068131
0.000000 0.000000
0.000117
0.999883
0.000000
0.821764 0.007408
0.075067 0.095762
0.000000 0.000000
0.941664
0.058336
-0.000000
0.607268 0.002139
0.176304 0.214289
0.000000 -0.000000
0.681135 0.000363
0.155331 0.163171
-0.000000 -0.000000
0.921337
0.078663
0.000000
0.011549 0.933538
0.012089 0.042825
0.000000 -0.000000
0.764936
0.235064
-0.000000
0.000062
0.999938
-0.000000
0.010850 0.928533
0.012930 0.047688
-0.000000 0.000000
0.068890
0.931110
-0.000000
0.953083
0.046917
0.000000
0.000005 0.000000
0.832258 0.167737
0.000000 0.000000
0.019122 0.928907
0.012114 0.039858
0.000000 0.000000
0.833127 0.050240
0.044047 0.072585
-0.000000 0.000000
0.048741 0.549393 0.314662
0.010307 0.028981 0.047916
0.000000 -0.000000 -0.000000
0.553330 0.001881
0.257252 0.187538
0.000000 -0.000000
0.725638 0.165590
0.036698 0.072074
0.000000 0.000000
0.036791 0.000003
0.605498 0.357708
0.000000 0.000000
0.737801 0.002123
0.126126 0.133950
0.000000 0.000000
0.009231
0.990769
-0.000000
0.032169
0.967831
0.000000
0.910409
0.089591
0.000000
0.000000
1.000000
-0.000000
0.007962 0.000001
0.545727 0.446310
-0.000000 -0.000000
0.745544 0.145040
0.040549 0.068867
0.000000 0.000000
0.013355
0.986645
0.000000
0.038921 0.026559
0.293610 0.640910
-0.000000 -0.000000
0.930674
0.069326
0.000000
0.689812 0.202772
0.036635 0.070781
-0.000000 0.000000
0.939042
0.060958
0.000000
0.654399 0.006676
0.130644 0.208282
0.000000 -0.000000
0.083645 0.647224
0.066528 0.202603
-0.000000 0.000000
0.948972
0.051028
0.000000
0.454306 0.431822
0.032778 0.081095
0.000000 -0.000000
0.108561
0.891439
0.000000
0.006705
0.993295
-0.000000
0.758596 0.120990
0.038942 0.081472
-0.000000 -0.000000
0.876782
0.123218
-0.000000
0.001704 0.000000
0.622423 0.375873
0.000000 -0.000000
0.001630
0.998370
-0.000000
0.857813
0.142187
-0.000000
0.949678
0.050322
0.000000
0.933551
0.066449
-0.000000
0.941764
0.058236
-0.000000
0.004203 0.000023
0.674541 0.321233
0.000000 -0.000000
0.001520
0.998480
-0.000000
0.946761
0.053239
0.000000
0.238941
0.761059
-0.000000
0.888392
0.111608
0.000000
0.946553
0.053447
-0.000000
0.016477 0.930092
0.012176 0.041254
0.000000 0.000000
0.005143 0.115332
0.201734 0.677790
-0.000000 -0.000000
0.002650 0.000009
0.710735 0.286606
-0.000000 0.000000
0.003017 0.930203
0.013493 0.053287
0.000000 0.000000
0.000052 0.000000
0.733108 0.266840
-0.000000 0.000000
0.829459
0.170541
-0.000000
0.010769 0.576018 0.332785
0.008446 0.025963 0.046020
-0.000000 0.000000 0.000000
0.017916 0.922196
0.014368 0.045519
0.000000 0.000000
0.000910 0.000000
0.672127 0.326963
-0.000000 0.000000
0.000001 0.000000
0.855789 0.144210
0.000000 -0.000000
0.909755
0.090245
-0.000000
0.682743
0.317257
-0.000000
0.083238 0.014161
0.314956 0.587645
0.000000 0.000000
0.879478
0.120522
0.000000
0.001994
0.998006
0.000000
0.850269
0.149731
-0.000000
0.699203 0.065091
0.095488 0.140217
-0.000000 -0.000000
0.951926
0.048074
-0.000000
0.038899 0.689500 0.177883
0.011232 0.031478 0.051007
-0.000000 -0.000000 0.000000
0.017344
0.982656
0.000000
0.002990 0.926767
0.014042 0.056202
0.000000 0.000000
0.023016 0.122340
0.241749 0.612895
0.000000 0.000000
0.048328
0.951672
0.000000
0.076938
0.923062
-0.000000
0.261549 0.471085
0.079053 0.188314
0.000000 0.000000
0.950435
0.049565
0.000000
0.146796
0.853204
0.000000
0.023975 0.898945
0.018401 0.058678
-0.000000 0.000000
0.097931
0.902069
-0.000000
0.134966 0.798736
0.017761 0.048538
0.000000 0.000000
0.915168
0.084832
-0.000000
0.810377 0.005954
0.073206 0.110463
-0.000000 0.000000
0.432975 0.469728
0.029716 0.067581
-0.000000 0.000000
0.088042 0.852071
0.016236 0.043651
-0.000000 0.000000
0.949215
0.050785
0.000000
0.827510 0.025228
0.061543 0.085719
-0.000000 -0.000000
0.823660 0.004636
0.075560 0.096144
0.000000 0.000000
0.000038
0.999962
-0.000000
0.765448
0.234552
0.000000
0.092832 0.847268
0.016419 0.043480
-0.000000 -0.000000
0.000021
0.999979
0.000000
0.332487
0.667513
-0.000000
0.035490 0.028678
0.281426 0.654407
0.000000 -0.000000
0.931200
0.068800
-0.000000
0.954508
0.045492
0.000000
0.007676 0.000009
0.584393 0.407922
-0.000000 -0.000000
0.000006
0.999994
0.000000
0.916442
0.083558
0.000000
0.001193 0.000000
0.647694 0.351113
-0.000000 0.000000
0.909402
0.090598
-0.000000
0.930877
0.069123
-0.000000
0.000074
0.999926
0.000000
0.515394 0.390537
0.030895 0.063173
-0.000000 0.000000
0.493350 0.004824
0.300326 0.201500
0.000000 0.000000
0.955952
0.044048
0.000000
0.147411
0.852589
-0.000000
0.068849 0.871964
0.015281 0.043907
-0.000000 -0.000000
0.188455
0.811545
0.000000
0.050863
0.949137
-0.000000
0.094227
0.905773
0.000000
0.011489 0.000002
0.513269 0.475240
0.000000 0.000000
0.898814
0.101186
-0.000000
0.001998 0.947686
0.009157 0.041158
0.000000 0.000000
0.001365 0.000000 0.000000
0.557999 0.330320 0.110316
-0.000000 0.000000 -0.000000
0.670741 0.212826
0.036821 0.079611
-0.000000 0.000000
0.827491
0.172509
-0.000000
0.354095 0.548139
0.027685 0.070081
0.000000 -0.000000
0.852690 0.004574
0.059322 0.083413
-0.000000 -0.000000
0.166140
0.833860
-0.000000
0.415149 0.254195
0.109634 0.221022
0.000000 0.000000
0.945400
0.054600
0.000000
0.945493
0.054507
0.000000
0.880877
0.119123
0.000000
0.070036
0.929964
-0.000000
0.838974 0.006643
0.066252 0.088131
-0.000000 0.000000
0.001123
0.998877
0.000000
0.800379 0.080943
0.041119 0.077559
0.000000 -0.000000
0.882914
0.117086
-0.000000
0.091859 0.844002
0.016922 0.047217
0.000000 -0.000000
0.001110 0.000000
0.670729 0.328161
-0.000000 0.000000
0.374555 0.542447
0.026842 0.056155
0.000000 -0.000000
0.593096 0.302508
0.033707 0.070688
-0.000000 0.000000
0.000039 0.019745 0.334640 0.591079
0.002107 0.007486 0.016602 0.028302
-0.000000 0.000000 0.000000 0.000000
0.828359 0.059055
0.042930 0.069655
-0.000000 0.000000
0.914700
0.085300
0.000000
0.609574 0.000370
0.198598 0.191459
0.000000 0.000000
0.025968 0.000734
0.468386 0.504912
-0.000000 -0.000000
0.079708
0.920292
-0.000000
0.936876
0.063124
-0.000000
0.010517
0.989483
0.000000
0.283024
0.716976
0.000000
0.251455 0.671071
0.022408 0.055066
-0.000000 0.000000
0.751919 0.138715
0.038001 0.071366
0.000000 -0.000000
0.092235
0.907765
0.000000
0.009998 0.000043 0.000000
0.460879 0.359672 0.169408
-0.000000 0.000000 -0.000000
0.000033 0.049111
0.165980 0.784875
0.000000 0.000000
0.950896
0.049104
0.000000
0.000611 0.000000
0.639737 0.359652
0.000000 -0.000000
0.166972
0.833028
-0.000000
0.809833
0.190167
0.000000
0.952338
0.047662
0.000000
0.227686 0.692689
0.022655 0.056969
-0.000000 -0.000000
0.151536
0.848464
0.000000
0.156690 0.596056 0.128228
0.016089 0.041796 0.061141
0.000000 -0.000000 0.000000
0.003837
0.996163
0.000000
0.541913 0.354879
0.032602 0.070605
-0.000000 -0.000000
0.001239
0.998761
-0.000000
0.157875
0.842125
-0.000000
0.952135
0.047865
0.000000
0.734027
0.265973
-0.000000
0.574252 0.323527
0.033142 0.069078
-0.000000 0.000000
0.040036 0.903755
0.012247 0.043961
-0.000000 0.000000
0.004971 0.936027
0.012422 0.046580
0.000000 -0.000000
0.221707 0.685339
0.024658 0.068295
0.000000 -0.000000
0.008455 0.000103
0.573605 0.417837
-0.000000 0.000000
0.926919
0.073081
-0.000000
0.855341 0.021200
0.048767 0.074693
-0.000000 -0.000000
0.835067
0.164933
0.000000
0.053534 0.001234
0.372704 0.572528
-0.000000 -0.000000
0.833182 0.053712
0.041857 0.071250
-0.000000 -0.000000
0.070480 0.000242
0.411806 0.517471
0.000000 -0.000000
0.000001
0.999999
0.000000
0.513625 0.387688
0.031379 0.067308
-0.000000 0.000000
0.943299
0.056701
0.000000
0.856646 0.013542
0.052301 0.077511
0.000000 -0.000000
0.601092 0.213771 0.001776
0.036807 0.069741 0.076812
-0.000000 -0.000000 -0.000000
0.929837
0.070163
0.000000
0.948111
0.051889
0.000000
0.000037
0.999963
0.000000
0.000050 0.000000
0.739157 0.260794
0.000000 0.000000
0.915755
0.084245
-0.000000
0.094896
0.905104
-0.000000
0.006242
0.993758
0.000000
0.135098 0.622374 0.137529
0.015442 0.036636 0.052921
-0.000000 0.000000 -0.000000
0.837859
0.162141
0.000000
0.943104
0.056896
0.000000
0.015751 0.933753
0.011659 0.038837
-0.000000 0.000000
0.005592 0.000021
0.643797 0.350590
0.000000 0.000000
0.946916
0.053084
-0.000000
0.022113 0.918882
0.012868 0.046137
0.000000 0.000000
0.618844 0.274400
0.034473 0.072282
0.000000 0.000000
0.042035 0.000403
0.424132 0.533430
-0.000000 -0.000000
0.084228
0.915772
-0.000000
0.947140
0.052860
-0.000000
0.000032
0.999968
-0.000000
0.000472
0.999528
-0.000000
0.000094 0.832802
0.023447 0.143657
-0.000000 0.000000
0.655188
0.344812
-0.000000
0.534192
0.465808
0.000000
0.311775
0.688225
0.000000
0.000023 0.000000
0.768053 0.231923
-0.000000 0.000000
0.703181
0.296819
-0.000000
0.327433
0.672567
0.000000
0.000016 0.000000
0.778717 0.221267
-0.000000 -0.000000
0.900278
0.099722
0.000000
0.106653 0.000008
0.570439 0.322899
0.000000 0.000000
0.810173 0.073805
0.039021 0.077000
0.000000 0.000000
0.011510 0.938332
0.009970 0.040188
-0.000000 0.000000
0.840545 0.003695
0.067104 0.088656
0.000000 -0.000000
0.008161 0.000005
0.531408 0.460427
0.000000 0.000000
0.930702
0.069298
-0.000000
0.000001
0.999999
0.000000
0.137367 0.793265
0.018867 0.050502
-0.000000 -0.000000
0.953822
0.046178
-0.000000
0.030723 0.035276
0.270181 0.663820
-0.000000 0.000000
0.128685
0.871315
-0.000000
0.753397 0.131047
0.042036 0.073520
0.000000 -0.000000
0.083332
0.916668
0.000000
0.005929 0.124106
0.226003 0.643961
-0.000000 -0.000000
0.172373 0.751746
0.021064 0.054818
0.000000 -0.000000
0.000448 0.000000
0.740127 0.259426
0.000000 0.000000
0.085464
0.914536
0.000000
0.953393
0.046607
-0.000000
0.928165
0.071835
0.000000
0.449606 0.456069
0.029762 0.064563
-0.000000 0.000000
0.000482 0.111856
0.181719 0.705943
0.000000 -0.000000
0.039293 0.907086
0.013284 0.040337
0.000000 -0.000000
0.431586 0.347575 0.032062 0.000776
0.026500 0.050110 0.058666 0.052725
-0.000000 0.000000 -0.000000 -0.000000
0.021065 0.915010
0.014633 0.049293
-0.000000 0.000000
0.000411
0.999589
0.000000
0.038570 0.906006
0.013425 0.042000
0.000000 -0.000000
0.168650 0.763908
0.019488 0.047954
-0.000000 0.000000
0.000001
0.999999
-0.000000
0.003251 0.000008
0.718833 0.277908
0.000000 0.000000
0.946822
0.053178
0.000000
0.000022
0.999978
0.000000
0.821661
0.178339
-0.000000
0.000338 0.000000
0.735810 0.263852
0.000000 0.000000
0.494711 0.399754
0.031737 0.073798
0.000000 -0.000000
0.797337 0.005855
0.087065 0.109742
0.000000 -0.000000
0.010337 0.000002
0.540342 0.449319
0.000000 0.000000
0.100595
0.899405
0.000000
0.000018
0.999982
0.000000
0.000727
0.999273
0.000000
0.015161 0.936911
0.010152 0.037776
-0.000000 0.000000
0.954514
0.045486
-0.000000
0.937393
0.062607
0.000000
0.028625
0.971375
0.000000
0.954315
0.045685
0.000000
0.000151 0.000000 0.000000
0.814725 0.164586 0.020537
0.000000 0.000000 -0.000000
0.596173
0.403827
-0.000000
0.934838
0.065162
-0.000000
0.002058
0.997942
-0.000000
0.816995 0.073010
0.039313 0.070681
-0.000000 0.000000
0.840149
0.159851
0.000000
0.954703
0.045297
-0.000000
0.605261 0.239261 0.002899
0.030928 0.057320 0.064332
0.000000 0.000000 -0.000000
0.006481 0.000012
0.573408 0.420099
-0.000000 -0.000000
0.144275
0.855725
0.000000
0.000747 0.000000
0.778044 0.221209
-0.000000 -0.000000
0.000605
0.999395
-0.000000
0.924699
0.075301
-0.000000
0.948156
0.051844
0.000000
0.000000
1.000000
0.000000
0.034880
0.965120
-0.000000
0.000002
0.999998
-0.000000
0.880076
0.119924
0.000000
0.087826
0.912174
-0.000000
0.043231 0.021741
0.302694 0.632335
-0.000000 -0.000000
0.633780
0.366220
-0.000000
0.930276
0.069724
-0.000000
0.641057 0.005693
0.174335 0.178915
0.000000 0.000000
0.952035
0.047965
-0.000000
0.891230
0.108770
0.000000
0.442845
0.557155
-0.000000
0.930915
0.069085
-0.000000
0.818020
0.181980
-0.000000
0.000001
0.999999
0.000000
0.145701
0.854299
-0.000000
0.824819 0.002677
0.076246 0.096258
0.000000 -0.000000
0.020758 0.046420
0.252974 0.679848
-0.000000 -0.000000
0.891908
0.108092
0.000000
0.051037 0.004754
0.357718 0.586491
-0.000000 0.000000
0.939950
0.060050
0.000000
0.000002
0.999998
-0.000000
0.891215
0.108785
-0.000000
0.651446 0.051667
0.117965 0.178922
0.000000 -0.000000
0.942657
0.057343
-0.000000
0.000110 0.000000
0.790193 0.209697
0.000000 -0.000000
