0.508981 0.340735 0.150284
0.918024 0.081976
0.767121 0.232879
1.000000
0.512829 0.487171
1.000000
1.000000
1.000000
1.000000
1.000000
0.896603 0.103397
1.000000
1.000000
0.497048 0.502952
1.000000
1.000000
0.524538 0.475462
0.731067 0.268933
0.664199 0.335801
1.000000
0.107770 0.892230
0.038577 0.961423
0.249618 0.750382
0.091178 0.908822
0.072295 0.927705
0.054042 0.945958
1.000000
1.000000
1.000000
1.000000
0.039270 0.960730
1.000000
1.000000
1.000000
0.119429 0.880571
0.772368 0.227632
1.000000
1.000000
0.090223 0.909777
1.000000
1.000000
1.000000
0.004653 0.216469 0.778878
1.000000
1.000000
1.000000
0.904777 0.095223
1.000000
1.000000
1.000000
0.759840 0.240160
1.000000
1.000000
1.000000
1.000000
1.000000
1.000000
1.000000
0.537873 0.462127
1.000000
1.000000
1.000000
1.000000
0.176299 0.823701
1.000000
0.028073 0.971927
1.000000
1.000000
0.717716 0.282284
1.000000
0.718675 0.281325
1.000000
1.000000
1.000000
1.000000
1.000000
1.000000
1.000000
1.000000
1.000000
0.854055 0.145945
0.609244 0.390756
1.000000
1.000000
0.526475 0.473525
0.086212 0.913788
1.000000
0.912775 0.087225
0.063408 0.936592
0.869241 0.130759
0.033675 0.966325
1.000000
1.000000
1.000000
1.000000
0.592798 0.407202
1.000000
1.000000
1.000000
1.000000
0.620207 0.379793
1.000000
0.023162 0.976838
1.000000
0.835996 0.164004
0.583127 0.416873
1.000000
1.000000
0.231775 0.768225
1.000000
0.876114 0.123886
0.630954 0.369046
1.000000
1.000000
1.000000
0.382306 0.617694
1.000000
0.084150 0.915850
1.000000
1.000000
0.684942 0.315058
1.000000
0.022000 0.978000
0.059845 0.940155
1.000000
1.000000
0.021604 0.978396
1.000000
0.803912 0.137109 0.058979
1.000000
1.000000
1.000000
0.850690 0.149310
0.303150 0.696850
0.330653 0.335151 0.334196
0.637537 0.260225 0.080407 0.021831
1.000000
0.071945 0.928055
0.384289 0.615711
1.000000
1.000000
0.663834 0.336166
0.343470 0.350893 0.305636
0.663008 0.336992
1.000000
1.000000
0.266061 0.733939
1.000000
0.852113 0.147887
1.000000
1.000000
0.774608 0.225392
1.000000
0.670208 0.329792
1.000000
1.000000
0.524181 0.475819
1.000000
1.000000
0.800895 0.199105
0.892529 0.107471
1.000000
1.000000
0.536951 0.463049
1.000000
0.652320 0.347680
1.000000
0.748044 0.251956
1.000000
0.527979 0.472021
1.000000
0.922082 0.077918
1.000000
1.000000
0.507788 0.492212
1.000000
0.180440 0.819560
1.000000
1.000000
0.747008 0.155078 0.097914
1.000000
1.000000
1.000000
0.361550 0.638450
1.000000
1.000000
0.053715 0.946285
1.000000
1.000000
0.742746 0.257254
0.061384 0.938616
1.000000
1.000000
0.914589 0.085411
0.036645 0.963355
1.000000
1.000000
1.000000
1.000000
1.000000
0.568012 0.431988
1.000000
0.904390 0.095610
0.323400 0.676600
0.029320 0.970680
1.000000
0.340112 0.659888
0.018935 0.981065
0.555572 0.444428
0.254044 0.745956
0.721156 0.278844
0.039720 0.960280
0.598346 0.401654
1.000000
1.000000
1.000000
0.766256 0.233744
0.451083 0.456614 0.092303
0.478210 0.521790
0.005889 0.175499 0.818613
1.000000
0.091332 0.908668
0.490000 0.510000
1.000000
0.260303 0.739697
0.703247 0.296753
1.000000
0.323877 0.676123
1.000000
1.000000
0.083274 0.916726
1.000000
1.000000
1.000000
0.884812 0.115188
1.000000
0.028897 0.971103
1.000000
1.000000
0.723100 0.276900
0.176367 0.823633
1.000000
1.000000
1.000000
1.000000
1.000000
0.015023 0.984977
1.000000
0.767995 0.232005
0.275601 0.724399
1.000000
1.000000
0.508764 0.491236
0.877916 0.122084
1.000000
0.022265 0.977735
1.000000
1.000000
1.000000
1.000000
0.704795 0.295205
1.000000
1.000000
1.000000
0.631735 0.368265
1.000000
0.057732 0.662035 0.280233
1.000000
0.403358 0.596642
0.247760 0.752240
1.000000
1.000000
1.000000
1.000000
0.079097 0.920903
0.718289 0.281711
0.164464 0.835536
0.007559 0.332897 0.659544
0.205717 0.794283
0.630799 0.231886 0.137315
1.000000
0.032030 0.967970
0.513323 0.486677
1.000000
1.000000
1.000000
0.796704 0.203296
1.000000
0.698505 0.301495
1.000000
1.000000
1.000000
0.876145 0.123855
0.275234 0.724766
0.752786 0.247214
0.204728 0.795272
0.245338 0.754662
1.000000
0.653334 0.346666
1.000000
1.000000
1.000000
1.000000
0.522543 0.477457
1.000000
1.000000
0.031242 0.968758
0.033788 0.966212
0.401177 0.598823
1.000000
1.000000
0.497151 0.502849
1.000000
1.000000
0.324593 0.675407
0.044496 0.171773 0.783731
1.000000
1.000000
1.000000
0.824611 0.108195 0.067194
1.000000
1.000000
0.037873 0.962127
1.000000
1.000000
1.000000
0.682660 0.317340
0.639910 0.360090
0.590880 0.409120
0.071640 0.928360
1.000000
0.059483 0.491652 0.448865
1.000000
1.000000
0.023990 0.976010
1.000000
1.000000
0.645979 0.354021
1.000000
0.017478 0.982522
1.000000
0.925842 0.074158
0.526710 0.473290
0.301554 0.698446
1.000000
0.016233 0.983767
1.000000
0.875825 0.124175
0.764874 0.235126
0.627779 0.372221
1.000000
1.000000
1.000000
1.000000
1.000000
0.883979 0.116021
1.000000
1.000000
1.000000
1.000000
0.796940 0.203060
0.483979 0.454822 0.061199
1.000000
0.499942 0.500058
1.000000
0.640745 0.359255
0.880528 0.119472
1.000000
0.257107 0.742893
1.000000
0.007814 0.224710 0.767476
1.000000
0.004623 0.223662 0.771715
1.000000
0.340163 0.659837
0.921258 0.078742
0.551009 0.448991
1.000000
1.000000
0.908599 0.091401
1.000000
0.554489 0.445511
0.115940 0.884060
0.024252 0.975748
1.000000
0.861824 0.138176
1.000000
1.000000
1.000000
0.778069 0.221931
1.000000
0.882219 0.117781
0.029232 0.970768
0.049848 0.600502 0.349649
1.000000
1.000000
1.000000
1.000000
1.000000
1.000000
0.058411 0.941589
1.000000
1.000000
1.000000
1.000000
1.000000
0.629376 0.370624
1.000000
0.028523 0.971477
1.000000
0.105768 0.894232
0.891491 0.108509
0.400032 0.599968
0.495607 0.504393
0.370400 0.629600
0.730691 0.269309
1.000000
1.000000
0.074889 0.445018 0.480093
0.644524 0.355476
1.000000
0.382970 0.617030
0.289920 0.710080
0.808426 0.191574
1.000000
0.014891 0.985109
0.342406 0.343328 0.314266
0.886563 0.113437
0.746740 0.253260
1.000000
0.600809 0.399191
1.000000
0.120450 0.879550
0.006491 0.262263 0.731246
0.169523 0.268932 0.260165 0.301380
1.000000
1.000000
0.211305 0.586840 0.201855
1.000000
0.836352 0.095858 0.067789
1.000000
1.000000
1.000000
1.000000
0.315769 0.684231
0.091600 0.908400
1.000000
1.000000
0.761793 0.238207
0.690705 0.309295
0.913619 0.086381
0.066189 0.505399 0.428412
0.096533 0.903467
0.517539 0.482461
1.000000
0.798827 0.201173
0.029054 0.394377 0.576569
1.000000
1.000000
1.000000
0.012704 0.987296
1.000000
1.000000
1.000000
0.761797 0.238203
1.000000
0.175099 0.824901
0.587976 0.412024
1.000000
1.000000
0.802709 0.197291
1.000000
1.000000
0.808518 0.191482
1.000000
0.782468 0.217532
1.000000
1.000000
1.000000
1.000000
1.000000
1.000000
0.727204 0.272796
0.512194 0.487806
1.000000
1.000000
1.000000
1.000000
0.446699 0.553301
1.000000
1.000000
1.000000
1.000000
1.000000
1.000000
1.000000
1.000000
0.668958 0.331042
0.763580 0.236420
0.837919 0.088778 0.073303
0.615965 0.384035
1.000000
0.783281 0.216719
0.669533 0.330467
0.586103 0.413897
0.003433 0.118410 0.554512 0.323646
1.000000
0.376845 0.315732 0.183741 0.087370 0.036312
0.635362 0.364638
0.748812 0.251188
0.006729 0.406536 0.586735
1.000000
0.017874 0.982126
1.000000
0.894917 0.105083
1.000000
0.480338 0.519662
0.506099 0.493901
1.000000
0.857459 0.142541
0.865260 0.134740
0.176494 0.823506
0.248383 0.751617
0.478308 0.521692
0.811254 0.188746
0.046645 0.953355
1.000000
0.014281 0.491676 0.494043
1.000000
0.175870 0.824130
0.614907 0.385093
1.000000
0.710042 0.289958
0.796360 0.203640
1.000000
1.000000
1.000000
0.229518 0.770482
0.424362 0.575638
1.000000
0.907698 0.092302
1.000000
1.000000
0.035494 0.964506
0.155638 0.844362
0.733332 0.160014 0.055395 0.051259
1.000000
1.000000
1.000000
0.021581 0.978419
1.000000
1.000000
1.000000
1.000000
0.881543 0.118457
1.000000
0.030332 0.969668
1.000000
0.090440 0.909560
1.000000
1.000000
1.000000
1.000000
1.000000
1.000000
0.021353 0.978647
0.709335 0.290665
0.776594 0.223406
1.000000
0.376446 0.623554
0.760190 0.239810
1.000000
0.905027 0.094973
0.474613 0.525387
1.000000
1.000000
0.636965 0.363035
0.045299 0.954701
0.485671 0.514329
1.000000
0.774383 0.225617
1.000000
1.000000
0.716949 0.283051
0.833651 0.166349
0.898059 0.101941
1.000000
0.411734 0.588266
1.000000
0.225615 0.774385
1.000000
0.250016 0.749984
1.000000
0.495197 0.504803
0.542513 0.457487
1.000000
0.140631 0.859369
1.000000
1.000000
0.010289 0.392504 0.597207
0.758107 0.241893
0.513018 0.486982
0.745599 0.254401
0.870094 0.129906
1.000000
1.000000
1.000000
0.018590 0.981410
1.000000
1.000000
0.861559 0.138441
1.000000
1.000000
1.000000
1.000000
1.000000
0.557418 0.442582
1.000000
1.000000
0.762520 0.237480
0.568641 0.431359
1.000000
0.891804 0.108196
0.015288 0.371358 0.509795 0.103559
1.000000
0.385966 0.342093 0.271941
0.114654 0.885346
1.000000
0.843394 0.156606
1.000000
0.503812 0.496188
0.070733 0.929267
1.000000
0.682457 0.317543
1.000000
1.000000
0.688774 0.311226
0.137966 0.862034
0.892899 0.107101
1.000000
1.000000
1.000000
1.000000
0.813098 0.186902
0.269906 0.355230 0.374863
1.000000
0.751435 0.248565
0.274383 0.613821 0.111796
1.000000
0.501308 0.498692
0.218586 0.781414
1.000000
1.000000
1.000000
1.000000
0.511879 0.488121
0.092553 0.907447
1.000000
1.000000
1.000000
1.000000
1.000000
1.000000
0.718498 0.281502
1.000000
0.576081 0.423919
0.249155 0.370739 0.380106
1.000000
0.909479 0.090521
0.860410 0.139590
1.000000
0.502035 0.497965
0.903267 0.096733
1.000000
0.674447 0.325553
1.000000
0.797957 0.110043 0.092000
0.105159 0.894841
0.368199 0.631801
0.190410 0.705035 0.104554
0.785485 0.214515
0.710749 0.289251
0.472548 0.527452
0.076864 0.923136
0.886808 0.113192
0.599211 0.297896 0.102893
1.000000
0.822910 0.177090
1.000000
0.491461 0.508539
0.820736 0.179264
1.000000
0.151052 0.848948
0.774765 0.225235
1.000000
0.331926 0.668074
1.000000
1.000000
1.000000
1.000000
0.411985 0.588015
0.513390 0.486610
0.019552 0.980448
0.515385 0.484615
1.000000
1.000000
0.076892 0.923108
0.694891 0.305109
0.522201 0.477799
0.888824 0.111176
1.000000
1.000000
1.000000
0.166456 0.833544
1.000000
0.333798 0.666202
0.905399 0.094601
0.718336 0.219001 0.051736 0.010928
1.000000
0.014128 0.985872
1.000000
0.254911 0.745089
1.000000
1.000000
1.000000
0.443451 0.556549
0.900138 0.099862
1.000000
1.000000
1.000000
0.497956 0.502044
0.637403 0.362597
1.000000
1.000000
0.319934 0.680066
1.000000
1.000000
1.000000
1.000000
1.000000
0.017127 0.427926 0.480274 0.074672
0.495721 0.504279
0.488526 0.511474
0.585786 0.414214
1.000000
0.773171 0.226829
0.096315 0.653852 0.249833
0.016848 0.274507 0.708645
0.832399 0.099213 0.068389
0.585919 0.414081
0.874892 0.125108
0.643220 0.356780
0.018517 0.981483
1.000000
1.000000
1.000000
0.018983 0.981017
1.000000
0.311010 0.688990
0.827968 0.172032
0.838914 0.161086
1.000000
1.000000
1.000000
1.000000
0.877375 0.122625
1.000000
1.000000
1.000000
0.214365 0.785635
1.000000
0.468031 0.531969
1.000000
1.000000
0.838257 0.161743
0.819871 0.180129
1.000000
0.845118 0.154882
0.493963 0.506037
0.253248 0.746752
0.809255 0.190745
1.000000
0.665113 0.334887
1.000000
0.016895 0.983105
1.000000
1.000000
0.691158 0.308842
1.000000
1.000000
0.002966 0.069963 0.927071
1.000000
1.000000
1.000000
0.900174 0.099826
0.889686 0.110314
0.399049 0.600951
1.000000
0.893663 0.106337
0.665923 0.334077
0.484832 0.515168
0.101862 0.673234 0.224904
1.000000
0.342873 0.346396 0.310731
0.512596 0.487404
0.243994 0.756006
0.220916 0.779084
0.016052 0.468878 0.515070
0.624565 0.375435
1.000000
1.000000
0.698315 0.301685
1.000000
0.500868 0.499132
1.000000
1.000000
1.000000
0.478593 0.521407
1.000000
1.000000
0.010247 0.113957 0.875796
0.794665 0.205335
1.000000
0.397005 0.335530 0.267465
1.000000
1.000000
1.000000
1.000000
0.652187 0.276095 0.071718
1.000000
1.000000
1.000000
0.824743 0.175257
0.308091 0.691909
0.234484 0.680445 0.085071
0.482791 0.517209
0.009531 0.048400 0.942070
0.491169 0.508831
0.771245 0.228755
1.000000
0.871887 0.128113
0.487407 0.512593
1.000000
1.000000
0.466423 0.533577
0.916777 0.083223
0.031416 0.968584
0.831543 0.168457
1.000000
0.748386 0.251614
1.000000
1.000000
1.000000
1.000000
1.000000
0.318313 0.316264 0.365423
1.000000
1.000000
0.565307 0.311606 0.123086
1.000000
0.653569 0.346431
1.000000
1.000000
1.000000
0.599691 0.400309
1.000000
1.000000
1.000000
1.000000
1.000000
1.000000
1.000000
0.694863 0.305137
0.392136 0.607864
1.000000
1.000000
0.365095 0.370532 0.264374
0.747440 0.252560
1.000000
1.000000
1.000000
1.000000
1.000000
0.045014 0.737821 0.217165
1.000000
0.459461 0.475025 0.065515
1.000000
0.210495 0.789505
1.000000
0.492475 0.507525
1.000000
1.000000
1.000000
1.000000
0.503737 0.496263
1.000000
1.000000
1.000000
0.876345 0.123655
0.851180 0.148820
1.000000
0.481992 0.518008
1.000000
1.000000
0.240277 0.759723
1.000000
1.000000
1.000000
0.841580 0.089997 0.068423
0.197007 0.406070 0.147146 0.120609 0.129168
1.000000
1.000000
1.000000
0.029730 0.970270
1.000000
0.790258 0.209742
1.000000
0.056141 0.943859
1.000000
1.000000
0.697492 0.234570 0.067938
0.165098 0.834902
1.000000
1.000000
0.916792 0.083208
1.000000
1.000000
1.000000
0.279892 0.631420 0.088688
1.000000
0.534780 0.465220
1.000000
1.000000
0.440858 0.501909 0.057233
1.000000
0.540486 0.459514
1.000000
0.477670 0.522330
0.661629 0.338371
1.000000
0.378130 0.621870
0.643004 0.356996
1.000000
0.706773 0.293227
1.000000
0.459193 0.540807
0.854919 0.145081
0.067900 0.795763 0.136337
1.000000
0.090287 0.909713
0.152380 0.650754 0.196867
1.000000
0.903491 0.096509
1.000000
0.494496 0.505504
0.579052 0.420948
1.000000
1.000000
1.000000
1.000000
0.078146 0.921854
0.447624 0.552376
0.029557 0.970443
1.000000
0.342768 0.657232
1.000000
1.000000
0.518159 0.481841
1.000000
1.000000
0.171801 0.828199
1.000000
0.001631 0.007113 0.027800 0.215120 0.748336
1.000000
1.000000
0.525522 0.474478
1.000000
1.000000
1.000000
0.336065 0.338807 0.325128
0.338263 0.661737
1.000000
1.000000
1.000000
0.700765 0.299235
0.607787 0.392213
0.400239 0.360146 0.239615
0.508970 0.491030
1.000000
0.057818 0.942182
1.000000
0.564092 0.435908
0.048284 0.951716
0.392855 0.607145
0.363269 0.565749 0.070982
1.000000
0.025747 0.974253
0.237435 0.762565
1.000000
1.000000
1.000000
1.000000
0.522065 0.477935
1.000000
1.000000
1.000000
1.000000
1.000000
1.000000
0.919749 0.080251
0.651814 0.348186
0.597650 0.402350
1.000000
1.000000
1.000000
0.018559 0.981441
1.000000
1.000000
1.000000
1.000000
0.390233 0.302138 0.307629
0.103365 0.896635
0.365607 0.634393
0.602934 0.397066
1.000000
1.000000
0.402010 0.364616 0.233374
1.000000
0.810131 0.189869
0.591574 0.408426
1.000000
1.000000
1.000000
0.904153 0.095847
0.641446 0.358554
1.000000
0.439299 0.560701
0.490033 0.509967
0.487866 0.512134
0.724610 0.275390
1.000000
0.694715 0.305285
1.000000
1.000000
0.791133 0.117520 0.091347
0.032462 0.967538
0.496060 0.503940
1.000000
1.000000
1.000000
0.198289 0.801711
0.016037 0.983963
0.915510 0.084490
1.000000
1.000000
0.098849 0.901151
1.000000
0.895046 0.104954
1.000000
0.692210 0.307790
0.496146 0.503854
0.683658 0.316342
0.417609 0.582391
1.000000
1.000000
0.821082 0.178918
0.519468 0.480532
1.000000
1.000000
0.528657 0.320556 0.150787
1.000000
0.519534 0.480466
1.000000
0.200645 0.799355
0.835066 0.164934
1.000000
0.547528 0.452472
1.000000
0.362854 0.637146
0.617523 0.296933 0.085544
0.087976 0.912024
0.157361 0.842639
0.543590 0.456410
1.000000
1.000000
1.000000
0.666252 0.333748
0.497483 0.502517
1.000000
0.027070 0.136857 0.416527 0.419545
1.000000
1.000000
0.310861 0.338575 0.350564
1.000000
1.000000
1.000000
0.784572 0.215428
1.000000
0.923126 0.076874
1.000000
0.551530 0.448470
0.353417 0.346543 0.300041
1.000000
1.000000
1.000000
0.496410 0.503590
0.911553 0.088447
0.830180 0.169820
1.000000
1.000000
1.000000
0.853761 0.146239
0.867019 0.132981
0.198234 0.801766
1.000000
0.356871 0.643129
0.254904 0.745096
1.000000
1.000000
0.497100 0.502900
0.486176 0.513824
0.887613 0.112387
1.000000
0.887471 0.112529
1.000000
0.441666 0.558334
0.916960 0.083040
1.000000
0.407066 0.592934
0.718287 0.227383 0.054330
1.000000
0.920413 0.079587
1.000000
0.768068 0.231932
1.000000
0.489391 0.510609
1.000000
0.339426 0.329146 0.331428
1.000000
1.000000
1.000000
0.612391 0.328269 0.059340
0.497481 0.502519
1.000000
1.000000
1.000000
1.000000
1.000000
0.514767 0.485233
0.510255 0.489745
1.000000
1.000000
0.474533 0.525467
1.000000
1.000000
1.000000
0.887046 0.112954
1.000000
1.000000
1.000000
0.920218 0.079782
1.000000
0.040771 0.959229
1.000000
1.000000
1.000000
1.000000
1.000000
0.503788 0.496212
0.020870 0.979130
1.000000
1.000000
1.000000
0.899669 0.100331
1.000000
1.000000
0.848092 0.151908
0.597089 0.301619 0.101292
1.000000
0.020197 0.979803
1.000000
1.000000
0.001740 0.023899 0.333962 0.640399
1.000000
0.511434 0.488566
1.000000
1.000000
0.812906 0.187094
1.000000
1.000000
1.000000
0.024332 0.975668
1.000000
0.897920 0.102080
0.565149 0.434851
1.000000
1.000000
0.857014 0.142986
0.050790 0.949210
0.038037 0.239180 0.722783
1.000000
0.181625 0.818375
1.000000
0.222892 0.399963 0.377146
1.000000
0.920385 0.079615
1.000000
1.000000
0.923650 0.076350
0.907623 0.092377
0.043850 0.956150
0.915544 0.084456
0.917261 0.082739
0.063691 0.936309
1.000000
0.532308 0.467692
0.867927 0.132073
0.676708 0.255995 0.067297
1.000000
1.000000
1.000000
0.020473 0.979527
1.000000
1.000000
1.000000
0.295762 0.704238
1.000000
0.016693 0.060256 0.271933 0.651118
0.228250 0.771750
0.654992 0.345008
1.000000
1.000000
1.000000
0.821632 0.178368
1.000000
0.584289 0.415711
0.055501 0.944499
1.000000
1.000000
0.223672 0.776328
0.756401 0.243599
0.323706 0.676294
1.000000
0.061093 0.938907
0.689452 0.310548
0.742510 0.257490
0.459708 0.540292
0.118355 0.499242 0.382404
0.003178 0.068742 0.928081
1.000000
0.822129 0.177871
1.000000
1.000000
0.460122 0.539878
0.209419 0.790581
1.000000
1.000000
0.015646 0.446136 0.538218
1.000000
1.000000
1.000000
1.000000
0.225801 0.774199
1.000000
1.000000
0.783935 0.216065
1.000000
0.098320 0.901680
1.000000
1.000000
1.000000
1.000000
0.729869 0.270131
1.000000
0.516360 0.483640
0.710204 0.289796
1.000000
0.404582 0.595418
0.194277 0.805723
1.000000
0.636760 0.363240
1.000000
0.664341 0.335659
0.913965 0.086035
1.000000
0.011997 0.988003
1.000000
1.000000
1.000000
1.000000
1.000000
0.651480 0.348520
1.000000
1.000000
1.000000
1.000000
0.048266 0.951734
1.000000
0.306781 0.596181 0.097037
0.640918 0.359082
1.000000
0.056477 0.943523
1.000000
1.000000
1.000000
1.000000
1.000000
0.710898 0.289102
1.000000
0.400148 0.599852
1.000000
1.000000
1.000000
1.000000
0.755342 0.244658
0.056368 0.943632
1.000000
1.000000
1.000000
1.000000
1.000000
1.000000
1.000000
0.907973 0.092027
1.000000
1.000000
0.035892 0.180215 0.783892
0.031054 0.968946
0.474626 0.525374
1.000000
1.000000
0.192250 0.807750
0.034905 0.965095
0.915969 0.084031
1.000000
0.784108 0.215892
0.488332 0.511668
1.000000
1.000000
1.000000
1.000000
1.000000
0.101951 0.898049
1.000000
0.360274 0.639726
0.005653 0.240641 0.753707
1.000000
0.887286 0.112714
0.459282 0.540718
0.721137 0.278863
1.000000
0.540064 0.459936
1.000000
0.633867 0.366133
1.000000
0.057648 0.393972 0.548380
1.000000
0.055333 0.473666 0.471001
1.000000
1.000000
0.122745 0.877255
0.694208 0.198102 0.056186 0.051504
0.561938 0.438062
1.000000
1.000000
0.148266 0.851734
0.334444 0.324369 0.341187
1.000000
0.840356 0.159644
1.000000
0.049780 0.950220
1.000000
0.921486 0.078514
1.000000
1.000000
0.144690 0.855310
0.029408 0.446123 0.438290 0.086179
0.163342 0.836658
0.851630 0.148370
1.000000
0.889624 0.110376
0.629064 0.370936
0.498363 0.501637
1.000000
1.000000
1.000000
0.037555 0.244504 0.717941
0.744901 0.170018 0.085081
1.000000
0.502989 0.497011
1.000000
0.557895 0.442105
0.182375 0.817625
1.000000
1.000000
0.431036 0.315957 0.160460 0.067469 0.025079
0.780664 0.185960 0.033375
0.496996 0.503004
0.793780 0.206220
1.000000
1.000000
1.000000
0.025207 0.974793
0.499181 0.500819
0.509154 0.490846
1.000000
1.000000
1.000000
1.000000
1.000000
0.918762 0.081238
0.886750 0.113250
0.715924 0.152136 0.131940
1.000000
1.000000
1.000000
0.880289 0.119711
1.000000
1.000000
0.002946 0.047646 0.949407
1.000000
1.000000
1.000000
0.284956 0.715044
1.000000
1.000000
0.719541 0.280459
1.000000
1.000000
0.415219 0.584781
1.000000
0.535254 0.464746
1.000000
1.000000
0.596458 0.160940 0.130408 0.112193
1.000000
1.000000
0.610499 0.389501
1.000000
1.000000
1.000000
1.000000
0.797282 0.202718
0.085231 0.914769
1.000000
0.040923 0.155213 0.803864
0.043328 0.956672
1.000000
0.017231 0.982769
1.000000
1.000000
0.621051 0.281834 0.097115
0.813962 0.123950 0.062088
1.000000
0.518069 0.481931
1.000000
1.000000
1.000000
0.577059 0.339516 0.083424
1.000000
0.872395 0.127605
0.783935 0.216065
0.588975 0.411025
1.000000
0.778091 0.221909
1.000000
1.000000
1.000000
1.000000
1.000000
1.000000
0.031576 0.968424
1.000000
1.000000
1.000000
1.000000
0.617805 0.382195
0.858695 0.141305
1.000000
1.000000
0.527296 0.472704
1.000000
1.000000
1.000000
1.000000
0.127872 0.872128
1.000000
0.546095 0.453905
1.000000
1.000000
1.000000
0.049703 0.950297
0.518369 0.481631
1.000000
0.004565 0.165341 0.578583 0.251511
1.000000
1.000000
1.000000
0.899959 0.100041
0.878544 0.121456
1.000000
1.000000
1.000000
0.044365 0.167671 0.787965
1.000000
1.000000
1.000000
1.000000
0.698496 0.301504
1.000000
0.274895 0.619566 0.105539
0.564326 0.435674
1.000000
1.000000
1.000000
1.000000
1.000000
1.000000
1.000000
1.000000
0.058869 0.941131
1.000000
0.278449 0.721551
1.000000
1.000000
1.000000
1.000000
1.000000
1.000000
1.000000
1.000000
1.000000
0.339992 0.342953 0.317055
0.593167 0.406833
1.000000
1.000000
1.000000
0.668526 0.331474
1.000000
0.674335 0.325665
0.020094 0.979906
0.007238 0.170404 0.822358
0.733989 0.266011
1.000000
0.022889 0.977111
1.000000
1.000000
0.073384 0.726454 0.200162
0.182592 0.817408
0.662212 0.337788
0.510507 0.489493
1.000000
0.502727 0.497273
0.634572 0.365428
0.143750 0.856250
1.000000
0.061780 0.268998 0.669222
0.725928 0.274072
1.000000
0.547536 0.452464
0.432825 0.369036 0.198139
1.000000
0.260630 0.739370
1.000000
0.356680 0.643320
1.000000
1.000000
0.112030 0.887970
1.000000
0.020285 0.270329 0.709386
0.637648 0.362352
1.000000
1.000000
1.000000
0.205258 0.794742
0.319974 0.314108 0.229743 0.136174
1.000000
0.538814 0.461186
0.694863 0.305137
1.000000
0.049413 0.950587
1.000000
0.884393 0.115607
1.000000
1.000000
0.826784 0.173216
0.686720 0.257004 0.056275
1.000000
1.000000
1.000000
1.000000
1.000000
1.000000
0.012634 0.987366
1.000000
0.205156 0.794844
1.000000
1.000000
1.000000
1.000000
0.792216 0.207784
1.000000
0.018888 0.981112
1.000000
0.598232 0.401768
1.000000
0.719727 0.280273
0.244372 0.755628
0.145224 0.854776
1.000000
0.679995 0.320005
0.577771 0.422229
0.628372 0.371628
1.000000
0.779198 0.220802
1.000000
0.020947 0.979053
0.772366 0.227634
0.377872 0.622128
1.000000
1.000000
0.827925 0.172075
1.000000
1.000000
0.888804 0.111196
1.000000
0.699653 0.300347
1.000000
1.000000
1.000000
0.023192 0.976808
0.883143 0.116857
0.032794 0.967206
0.030770 0.969230
1.000000
1.000000
0.870417 0.129583
0.032281 0.967719
1.000000
0.011282 0.383872 0.604846
1.000000
1.000000
0.092341 0.907659
1.000000
1.000000
0.616810 0.383190
1.000000
0.502720 0.497280
1.000000
1.000000
1.000000
1.000000
1.000000
0.893484 0.106516
0.639209 0.262026 0.098765
0.277022 0.722978
0.730559 0.269441
1.000000
0.165644 0.834356
0.006475 0.279797 0.713728
1.000000
0.599576 0.400424
1.000000
0.589041 0.410959
1.000000
0.499476 0.500524
1.000000
0.028091 0.971909
0.025023 0.974977
0.697504 0.302496
0.213695 0.786305
0.117491 0.882509
1.000000
0.782763 0.217237
1.000000
0.658729 0.341271
1.000000
1.000000
0.051198 0.754354 0.194448
0.435928 0.564072
0.670839 0.329161
0.026508 0.973492
0.100360 0.899640
0.702147 0.297853
0.029604 0.589874 0.380521
1.000000
1.000000
1.000000
1.000000
1.000000
1.000000
1.000000
0.721224 0.278776
0.720542 0.279458
0.897897 0.102103
0.915926 0.084074
0.312908 0.687092
1.000000
0.728243 0.271757
1.000000
1.000000
0.891041 0.108959
0.878356 0.121644
0.030939 0.969061
1.000000
1.000000
1.000000
0.431656 0.508195 0.060148
1.000000
0.610699 0.389301
1.000000
0.905294 0.094706
1.000000
0.796512 0.203488
0.850233 0.149767
1.000000
0.027405 0.972595
1.000000
1.000000
0.026697 0.973303
1.000000
1.000000
0.788459 0.211541
0.038179 0.961821
0.874377 0.125623
0.065982 0.571409 0.362609
0.807664 0.192336
0.747471 0.252529
0.576053 0.423947
0.875047 0.124953
1.000000
1.000000
1.000000
1.000000
0.503796 0.496204
0.774206 0.225794
1.000000
0.401188 0.598812
1.000000
0.715334 0.284666
1.000000
0.818116 0.181884
0.152595 0.847405
1.000000
0.490167 0.509833
1.000000
1.000000
0.791537 0.208463
1.000000
0.563654 0.436346
1.000000
1.000000
1.000000
1.000000
1.000000
0.634190 0.365810
1.000000
1.000000
1.000000
1.000000
1.000000
0.034205 0.965795
0.136732 0.863268
0.657441 0.342559
0.016680 0.983320
0.684131 0.315869
1.000000
0.022687 0.590236 0.387077
0.037162 0.962838
0.599218 0.400782
0.837794 0.162206
1.000000
1.000000
0.497540 0.502460
1.000000
1.000000
1.000000
0.802493 0.197507
1.000000
0.059735 0.701960 0.238305
1.000000
0.017146 0.982854
0.221227 0.778773
1.000000
1.000000
0.353279 0.646721
1.000000
1.000000
0.048378 0.951622
1.000000
0.167108 0.832892
1.000000
0.899021 0.100979
0.463758 0.536242
0.119020 0.880980
1.000000
0.893290 0.106710
0.908675 0.091325
1.000000
1.000000
0.125705 0.874295
1.000000
1.000000
0.386926 0.613074
1.000000
1.000000
0.531837 0.468163
1.000000
1.000000
0.591350 0.408650
1.000000
1.000000
1.000000
0.538874 0.461126
0.792752 0.207248
1.000000
1.000000
0.101216 0.898784
1.000000
1.000000
1.000000
0.486016 0.513984
1.000000
0.012463 0.987537
0.475296 0.361162 0.163542
0.701551 0.298449
1.000000
0.391238 0.608762
0.923315 0.076685
1.000000
0.543360 0.456640
1.000000
1.000000
1.000000
1.000000
0.913554 0.086446
1.000000
0.840972 0.159028
1.000000
0.127596 0.872404
0.596110 0.403890
0.404911 0.595089
0.616504 0.383496
0.001982 0.033951 0.361302 0.602765
0.862457 0.137543
1.000000
0.827665 0.172335
0.499430 0.500570
1.000000
1.000000
1.000000
1.000000
0.282826 0.717174
0.778007 0.221993
1.000000
0.407102 0.362877 0.230021
0.156959 0.843041
1.000000
0.593126 0.406874
1.000000
1.000000
1.000000
0.267077 0.732923
1.000000
0.183617 0.634361 0.182022
1.000000
0.566703 0.433297
1.000000
1.000000
1.000000
1.000000
0.599625 0.400375
0.060618 0.939382
0.018643 0.981357
0.265880 0.734120
0.553197 0.446803
1.000000
0.907026 0.092974
1.000000
0.511217 0.488783
0.870537 0.129463
0.506675 0.493325
1.000000
0.541123 0.458877
1.000000
0.914200 0.085800
0.633099 0.300659 0.066242
1.000000
1.000000
1.000000
0.703709 0.296291
1.000000
1.000000
1.000000
0.162606 0.642881 0.194512
1.000000
1.000000
0.033609 0.966391
0.591510 0.408490
1.000000
0.042542 0.957458
0.640237 0.359763
0.498020 0.501980
1.000000
1.000000
1.000000
1.000000
0.029966 0.970034
1.000000
1.000000
1.000000
0.725367 0.274633
1.000000
1.000000
0.738017 0.261983
1.000000
0.666560 0.333440
0.847012 0.152988
0.025787 0.974213
0.917166 0.082834
0.505523 0.494477
1.000000
1.000000
0.175838 0.824162
1.000000
0.355248 0.644752
1.000000
0.788481 0.211519
1.000000
0.144089 0.855911
0.213272 0.786728
0.693699 0.306301
1.000000
1.000000
1.000000
0.480571 0.519429
0.111459 0.888541
0.065288 0.934712
0.458192 0.405315 0.086340 0.050153
0.040900 0.959100
1.000000
0.062184 0.937816
0.206100 0.793900
1.000000
0.665930 0.334070
1.000000
1.000000
1.000000
0.670154 0.329846
0.528182 0.471818
0.893890 0.106110
0.492755 0.507245
1.000000
1.000000
1.000000
0.031783 0.968217
1.000000
1.000000
1.000000
1.000000
0.783450 0.187113 0.029437
1.000000
1.000000
1.000000
0.847602 0.152398
1.000000
1.000000
0.624353 0.318255 0.057392
0.542423 0.457577
1.000000
0.742665 0.257335
1.000000
1.000000
1.000000
1.000000
1.000000
1.000000
1.000000
1.000000
0.425967 0.574033
1.000000
1.000000
0.821628 0.178372
1.000000
1.000000
1.000000
1.000000
1.000000
1.000000
1.000000
0.911481 0.088519
0.293424 0.706576
1.000000
0.496751 0.503249
1.000000
1.000000
1.000000
0.783988 0.216012
1.000000
0.751075 0.248925
