0.998543 0.001457
0.000017 0.999983
0.017914 0.982086
0.000006 0.999994
0.995097 0.004903
0.000009 0.999991
0.000019 0.999981
0.999110 0.000890
0.978808 0.021192
0.995002 0.004998
0.026541 0.973459
0.982266 0.017734
0.867799 0.132201
0.963634 0.036366
0.001230 0.998770
0.391288 0.608712
0.998794 0.001206
0.999233 0.000767
0.000010 0.999990
0.000006 0.999994
0.000007 0.999993
0.189342 0.810658
0.923311 0.076689
0.000007 0.999993
0.616515 0.383485
0.000006 0.999994
0.000007 0.999993
0.164466 0.835534
0.001112 0.998888
0.001269 0.998731
0.157827 0.842173
0.907683 0.092317
0.967844 0.032156
0.891775 0.108225
0.979999 0.020001
0.998699 0.001301
0.270467 0.729533
0.000010 0.999990
0.778141 0.221859
0.001370 0.998630
0.000007 0.999993
0.997739 0.002261
0.001047 0.998953
0.000007 0.999993
0.001189 0.998811
0.043275 0.956725
0.000019 0.999981
0.999297 0.000703
0.105303 0.894697
0.001295 0.998705
0.319998 0.680002
0.001160 0.998840
0.001104 0.998896
0.021087 0.978913
0.000007 0.999993
0.673473 0.326527
0.783066 0.216934
0.000008 0.999992
0.998799 0.001201
0.269297 0.730703
0.000090 0.999910
0.948393 0.051607
0.001502 0.998498
0.946122 0.053878
0.000006 0.999994
0.001046 0.998954
0.000009 0.999991
0.000007 0.999993
0.000069 0.999931
0.001141 0.998859
0.474869 0.525131
0.000013 0.999987
0.981622 0.018378
0.001815 0.998185
0.000007 0.999993
0.000007 0.999993
0.000008 0.999992
0.000007 0.999993
0.988573 0.011427
0.000010 0.999990
0.135909 0.864091
0.997706 0.002294
0.017793 0.982207
0.999136 0.000864
0.919948 0.080052
0.153846 0.846154
0.012911 0.987089
0.000018 0.999982
0.000006 0.999994
0.003755 0.996245
0.010477 0.989523
0.000007 0.999993
0.165244 0.834756
0.965475 0.034525
0.543879 0.456121
0.998102 0.001898
0.000118 0.999882
0.000012 0.999988
0.000007 0.999993
0.363588 0.636412
0.000010 0.999990
0.992332 0.007668
0.032869 0.967131
0.001229 0.998771
0.006073 0.993927
0.837907 0.162093
0.000008 0.999992
0.000067 0.999933
0.012802 0.987198
0.998213 0.001787
0.002177 0.997823
0.997887 0.002113
0.000016 0.999984
0.000012 0.999988
0.000007 0.999993
0.991594 0.008406
0.832262 0.167738
0.000007 0.999993
0.000118 0.999882
0.992394 0.007606
0.996401 0.003599
0.001216 0.998784
0.001272 0.998728
0.055309 0.944691
0.028379 0.971621
0.000007 0.999993
0.000999 0.999001
0.999023 0.000977
0.000019 0.999981
0.176793 0.823207
0.000012 0.999988
0.000007 0.999993
0.005574 0.994426
0.001360 0.998640
0.996313 0.003687
0.998310 0.001690
0.015282 0.984718
0.000007 0.999993
0.001448 0.998552
0.011244 0.988756
0.000009 0.999991
0.000010 0.999990
0.997395 0.002605
0.000010 0.999990
0.000008 0.999992
0.000008 0.999992
0.988931 0.011069
0.998918 0.001082
0.000033 0.999967
0.001577 0.998423
0.000007 0.999993
0.000116 0.999884
0.001736 0.998264
0.001883 0.998117
0.000013 0.999987
0.982156 0.017844
0.015816 0.984184
0.001254 0.998746
0.000007 0.999993
0.001996 0.998004
0.025894 0.974106
0.000009 0.999991
0.000006 0.999994
0.997730 0.002270
0.001094 0.998906
0.999216 0.000784
0.462129 0.537871
0.001810 0.998190
0.001070 0.998930
0.998707 0.001293
0.000007 0.999993
0.000013 0.999987
0.084591 0.915409
0.999315 0.000685
0.996680 0.003320
0.980215 0.019785
0.012207 0.987793
0.012542 0.987458
0.996780 0.003220
0.064770 0.935230
0.000007 0.999993
0.000014 0.999986
0.001117 0.998883
0.911216 0.088784
0.000007 0.999993
0.993443 0.006557
0.000006 0.999994
0.001174 0.998826
0.996660 0.003340
0.011498 0.988502
0.342888 0.657112
0.993000 0.007000
0.001176 0.998824
0.002180 0.997820
0.000006 0.999994
0.000026 0.999974
0.000015 0.999985
0.000007 0.999993
0.986170 0.013830
0.987281 0.012719
0.000010 0.999990
0.001256 0.998744
0.002212 0.997788
0.000008 0.999992
0.000006 0.999994
0.357887 0.642113
0.000008 0.999992
0.000007 0.999993
0.999036 0.000964
0.000008 0.999992
0.997730 0.002270
0.001044 0.998956
0.016604 0.983396
0.996939 0.003061
0.000008 0.999992
0.268851 0.731149
0.999119 0.000881
0.000014 0.999986
0.987094 0.012906
0.010815 0.989185
0.000010 0.999990
0.000007 0.999993
0.978739 0.021261
0.966850 0.033150
0.000008 0.999992
0.000011 0.999989
0.995692 0.004308
0.990808 0.009192
0.941843 0.058157
0.999231 0.000769
0.000007 0.999993
0.000049 0.999951
0.940074 0.059926
0.000009 0.999991
0.000024 0.999976
0.925799 0.074201
0.012045 0.987955
0.595973 0.404027
0.345441 0.654559
0.000070 0.999930
0.000007 0.999993
0.984829 0.015171
0.000009 0.999991
0.800682 0.199318
0.000007 0.999993
0.000007 0.999993
0.000008 0.999992
0.543755 0.456245
0.008896 0.991104
0.000008 0.999992
0.991068 0.008932
0.844593 0.155407
0.982940 0.017060
0.000014 0.999986
0.058569 0.941431
0.041242 0.958758
0.000056 0.999944
0.000008 0.999992
0.001156 0.998844
0.000007 0.999993
0.054938 0.945062
0.942923 0.057077
0.978476 0.021524
0.001736 0.998264
0.995779 0.004221
0.001164 0.998836
0.001419 0.998581
0.989854 0.010146
0.001502 0.998498
0.000008 0.999992
0.998130 0.001870
0.928521 0.071479
0.000008 0.999992
0.951121 0.048879
0.000007 0.999993
0.000011 0.999989
0.991983 0.008017
0.000007 0.999993
0.000008 0.999992
0.110322 0.889678
0.976576 0.023424
0.010650 0.989350
0.964470 0.035530
0.999312 0.000688
0.012856 0.987144
0.995516 0.004484
0.000011 0.999989
0.001148 0.998852
0.000010 0.999990
0.987247 0.012753
0.000011 0.999989
0.998061 0.001939
0.000013 0.999987
0.000008 0.999992
0.018868 0.981132
0.000007 0.999993
0.388119 0.611881
0.000010 0.999990
0.000010 0.999990
0.008131 0.991869
0.992932 0.007068
0.999140 0.000860
0.000007 0.999993
0.970083 0.029917
0.987343 0.012657
0.990738 0.009262
0.000006 0.999994
0.000007 0.999993
0.001479 0.998521
0.000007 0.999993
0.000017 0.999983
0.996503 0.003497
0.056106 0.943894
0.237274 0.762726
0.989799 0.010201
0.988943 0.011057
0.977764 0.022236
0.099907 0.900093
0.998386 0.001614
0.003787 0.996213
0.000011 0.999989
0.011404 0.988596
0.252852 0.747148
0.058216 0.941784
0.008667 0.991333
0.011053 0.988947
0.017582 0.982418
0.602222 0.397778
0.999209 0.000791
0.011087 0.988913
0.556616 0.443384
0.030764 0.969236
0.232993 0.767007
0.000102 0.999898
0.000006 0.999994
0.000012 0.999988
0.013238 0.986762
0.583279 0.416721
0.995491 0.004509
0.000007 0.999993
0.000008 0.999992
0.000016 0.999984
0.901107 0.098893
0.069298 0.930702
0.000008 0.999992
0.023487 0.976513
0.001890 0.998110
0.998006 0.001994
0.000056 0.999944
0.999244 0.000756
0.998700 0.001300
0.000007 0.999993
0.001938 0.998062
0.995800 0.004200
0.998926 0.001074
0.003865 0.996135
0.000018 0.999982
0.056709 0.943291
0.994469 0.005531
0.996977 0.003023
0.999129 0.000871
0.000014 0.999986
0.998689 0.001311
0.992748 0.007252
0.999236 0.000764
0.997813 0.002187
0.026113 0.973887
0.000007 0.999993
0.014470 0.985530
0.001097 0.998903
0.055163 0.944837
0.000117 0.999883
0.000006 0.999994
0.000009 0.999991
0.830511 0.169489
0.002244 0.997756
0.998080 0.001920
0.000055 0.999945
0.027874 0.972126
0.000014 0.999986
0.994541 0.005459
0.361747 0.638253
0.987481 0.012519
0.034352 0.965648
0.995166 0.004834
0.003575 0.996425
0.999027 0.000973
0.000007 0.999993
0.000007 0.999993
0.000011 0.999989
0.001269 0.998731
0.002129 0.997871
0.010425 0.989575
0.001362 0.998638
0.000012 0.999988
0.000007 0.999993
0.969217 0.030783
0.974536 0.025464
0.001100 0.998900
0.985002 0.014998
0.010729 0.989271
0.973316 0.026684
0.988760 0.011240
0.019314 0.980686
0.000007 0.999993
0.000007 0.999993
0.018302 0.981698
0.000010 0.999990
0.010691 0.989309
0.867102 0.132898
0.987842 0.012158
0.000015 0.999985
0.951695 0.048305
0.998494 0.001506
0.980080 0.019920
0.996604 0.003396
0.012623 0.987377
0.000009 0.999991
0.973085 0.026915
0.994999 0.005001
0.000006 0.999994
0.448283 0.551717
0.000008 0.999992
0.064246 0.935754
0.000007 0.999993
0.031952 0.968048
0.997022 0.002978
0.000013 0.999987
0.064843 0.935157
0.997999 0.002001
0.999140 0.000860
0.514926 0.485074
0.000007 0.999993
0.032689 0.967311
0.995714 0.004286
0.001413 0.998587
0.519152 0.480848
0.090548 0.909452
0.864292 0.135708
0.003852 0.996148
0.996631 0.003369
0.019025 0.980975
0.999241 0.000759
0.000007 0.999993
0.000008 0.999992
0.000007 0.999993
0.000008 0.999992
0.970575 0.029425
0.093749 0.906251
0.519557 0.480443
0.000018 0.999982
0.988746 0.011254
0.057807 0.942193
0.000009 0.999991
0.000008 0.999992
0.999234 0.000766
0.036978 0.963022
0.000052 0.999948
0.001105 0.998895
0.000007 0.999993
0.000006 0.999994
0.000007 0.999993
0.030206 0.969794
0.001306 0.998694
0.998699 0.001301
0.000008 0.999992
0.987361 0.012639
0.802592 0.197408
0.546271 0.453729
0.000008 0.999992
0.000012 0.999988
0.994793 0.005207
0.943815 0.056185
0.000012 0.999988
0.722962 0.277038
0.998707 0.001293
0.127923 0.872077
0.996538 0.003462
0.999320 0.000680
0.995854 0.004146
0.001278 0.998722
0.001096 0.998904
0.010740 0.989260
0.994001 0.005999
0.001109 0.998891
0.000111 0.999889
0.008085 0.991915
0.998674 0.001326
0.985719 0.014281
0.995327 0.004673
0.000007 0.999993
0.001492 0.998508
0.981709 0.018291
0.993414 0.006586
0.000007 0.999993
0.988722 0.011278
0.019193 0.980807
0.556259 0.443741
0.999130 0.000870
0.000026 0.999974
0.018176 0.981824
0.582841 0.417159
0.000115 0.999885
0.018601 0.981399
0.992897 0.007103
0.001173 0.998827
0.012783 0.987217
0.995571 0.004429
0.966436 0.033564
0.798332 0.201668
0.001108 0.998892
0.995828 0.004172
0.000006 0.999994
0.017467 0.982533
0.000022 0.999978
0.000007 0.999993
0.991830 0.008170
0.982035 0.017965
0.962877 0.037123
0.000028 0.999972
0.002378 0.997622
0.001229 0.998771
0.066844 0.933156
0.996237 0.003763
0.000117 0.999883
0.000006 0.999994
0.001283 0.998717
0.000007 0.999993
0.991967 0.008033
0.001228 0.998772
0.998105 0.001895
0.011045 0.988955
0.173345 0.826655
0.001898 0.998102
0.990247 0.009753
0.000031 0.999969
0.999292 0.000708
0.000008 0.999992
0.000009 0.999991
0.018924 0.981076
0.000020 0.999980
0.000006 0.999994
0.011929 0.988071
0.000006 0.999994
0.000007 0.999993
0.000023 0.999977
0.000006 0.999994
0.000037 0.999963
0.989985 0.010015
0.000010 0.999990
0.976139 0.023861
0.000006 0.999994
0.993931 0.006069
0.001145 0.998855
0.000019 0.999981
0.000014 0.999986
0.000006 0.999994
0.000015 0.999985
0.504388 0.495612
0.000007 0.999993
0.017622 0.982378
0.040868 0.959132
0.000063 0.999937
0.955788 0.044212
0.120813 0.879187
0.000010 0.999990
0.999120 0.000880
0.000052 0.999948
0.000009 0.999991
0.000009 0.999991
0.055664 0.944336
0.012567 0.987433
0.003382 0.996618
0.986684 0.013316
0.001116 0.998884
0.001113 0.998887
0.000010 0.999990
0.002833 0.997167
0.994014 0.005986
0.000008 0.999992
0.173179 0.826821
0.996938 0.003062
0.995561 0.004439
0.999233 0.000767
0.999133 0.000867
0.000014 0.999986
0.998671 0.001329
0.000009 0.999991
0.000007 0.999993
0.001281 0.998719
0.001279 0.998721
0.001302 0.998698
0.005920 0.994080
0.016657 0.983343
0.943216 0.056784
0.999228 0.000772
0.849040 0.150960
0.000008 0.999992
0.000007 0.999993
0.001134 0.998866
0.997689 0.002311
0.001582 0.998418
0.919671 0.080329
0.067713 0.932287
0.000007 0.999993
0.726480 0.273520
0.987824 0.012176
0.000006 0.999994
0.998622 0.001378
0.000007 0.999993
0.000013 0.999987
0.001186 0.998814
0.000007 0.999993
0.999178 0.000822
0.000010 0.999990
0.000007 0.999993
0.214144 0.785856
0.001104 0.998896
0.988169 0.011831
0.002041 0.997959
0.000010 0.999990
0.000007 0.999993
0.032091 0.967909
0.000009 0.999991
0.998197 0.001803
0.926356 0.073644
0.745894 0.254106
0.984968 0.015032
0.000012 0.999988
0.034011 0.965989
0.994567 0.005433
0.001092 0.998908
0.517127 0.482873
0.999290 0.000710
0.950045 0.049955
0.018837 0.981163
0.904170 0.095830
0.001181 0.998819
0.028388 0.971612
0.036919 0.963081
0.994753 0.005247
0.060135 0.939865
0.193542 0.806458
0.000011 0.999989
0.985887 0.014113
0.985129 0.014871
0.000011 0.999989
0.000012 0.999988
0.000007 0.999993
0.994821 0.005179
0.001278 0.998722
0.716652 0.283348
0.000007 0.999993
0.012415 0.987585
0.000006 0.999994
0.992886 0.007114
0.958036 0.041964
0.010346 0.989654
0.921163 0.078837
0.972226 0.027774
0.000008 0.999992
0.000017 0.999983
0.011888 0.988112
0.999306 0.000694
0.998947 0.001053
0.083052 0.916948
0.993983 0.006017
0.954899 0.045101
0.000013 0.999987
0.000011 0.999989
0.999226 0.000774
0.979923 0.020077
0.023092 0.976908
0.000008 0.999992
0.000010 0.999990
0.000007 0.999993
0.087273 0.912727
0.941607 0.058393
0.000009 0.999991
0.001845 0.998155
0.996604 0.003396
0.998131 0.001869
0.991648 0.008352
0.769902 0.230098
0.002103 0.997897
0.999267 0.000733
0.001209 0.998791
0.002259 0.997741
0.986997 0.013003
0.995956 0.004044
0.978396 0.021604
0.189518 0.810482
0.001194 0.998806
0.962533 0.037467
0.981972 0.018028
0.000008 0.999992
0.287430 0.712570
0.000024 0.999976
0.000012 0.999988
0.000102 0.999898
0.001487 0.998513
0.986382 0.013618
0.000008 0.999992
0.961012 0.038988
0.996184 0.003816
0.987323 0.012677
0.056524 0.943476
0.818075 0.181925
0.972065 0.027935
0.000022 0.999978
0.996624 0.003376
0.016595 0.983405
0.000007 0.999993
0.973527 0.026473
0.999316 0.000684
0.071877 0.928123
0.000020 0.999980
0.000115 0.999885
0.761303 0.238697
0.000008 0.999992
0.000007 0.999993
0.933184 0.066816
0.234254 0.765746
0.000006 0.999994
0.011863 0.988137
0.000009 0.999991
0.002195 0.997805
0.000061 0.999939
0.033710 0.966290
0.000020 0.999980
0.047425 0.952575
0.994289 0.005711
0.006923 0.993077
0.995845 0.004155
0.187489 0.812511
0.000011 0.999989
0.174619 0.825381
0.000007 0.999993
0.000007 0.999993
0.989786 0.010214
0.001585 0.998415
0.998085 0.001915
0.995869 0.004131
0.001650 0.998350
0.000118 0.999882
0.996573 0.003427
0.077471 0.922529
0.267568 0.732432
0.000024 0.999976
0.737095 0.262905
0.000028 0.999972
0.001741 0.998259
0.000008 0.999992
0.278694 0.721306
0.165060 0.834940
0.879272 0.120728
0.000006 0.999994
0.000008 0.999992
0.000008 0.999992
0.999236 0.000764
0.049600 0.950400
0.014307 0.985693
0.989026 0.010974
0.000009 0.999991
0.015869 0.984131
0.000013 0.999987
0.000081 0.999919
0.000007 0.999993
0.000010 0.999990
0.433466 0.566534
0.000007 0.999993
0.001535 0.998465
0.011377 0.988623
0.000007 0.999993
0.000037 0.999963
0.228082 0.771918
0.000007 0.999993
0.137541 0.862459
0.990540 0.009460
0.973110 0.026890
0.000116 0.999884
0.000017 0.999983
0.998328 0.001672
0.705536 0.294464
0.001106 0.998894
0.000013 0.999987
0.000011 0.999989
0.997435 0.002565
0.973382 0.026618
0.971852 0.028148
0.001012 0.998988
0.993397 0.006603
0.001152 0.998848
0.998918 0.001082
0.002142 0.997858
0.000012 0.999988
0.978135 0.021865
0.002966 0.997034
0.000016 0.999984
0.995321 0.004679
0.996304 0.003696
0.000009 0.999991
0.978086 0.021914
0.987490 0.012510
0.993273 0.006727
0.000008 0.999992
0.039123 0.960877
0.001188 0.998812
0.001686 0.998314
0.159059 0.840941
0.000007 0.999993
0.000010 0.999990
0.000010 0.999990
0.992965 0.007035
0.100390 0.899610
0.001209 0.998791
0.001375 0.998625
0.976019 0.023981
0.999233 0.000767
0.001168 0.998832
0.153877 0.846123
0.007785 0.992215
0.000019 0.999981
0.884874 0.115126
0.102798 0.897202
0.001097 0.998903
0.998055 0.001945
0.000117 0.999883
0.994485 0.005515
0.164398 0.835602
0.000116 0.999884
0.999226 0.000774
0.000116 0.999884
0.975144 0.024856
0.001957 0.998043
0.991995 0.008005
0.000014 0.999986
0.984186 0.015814
0.009212 0.990788
0.000007 0.999993
0.000027 0.999973
0.000009 0.999991
0.999239 0.000761
0.750300 0.249700
0.016496 0.983504
0.002484 0.997516
0.078934 0.921066
0.006239 0.993761
0.994119 0.005881
0.000116 0.999884
0.001267 0.998733
0.001202 0.998798
0.000008 0.999992
0.001187 0.998813
0.986784 0.013216
0.989940 0.010060
0.000008 0.999992
0.996734 0.003266
0.163764 0.836236
0.987385 0.012615
0.000010 0.999990
0.013325 0.986675
0.001093 0.998907
0.012318 0.987682
0.999164 0.000836
0.000009 0.999991
0.000007 0.999993
0.997699 0.002301
0.000009 0.999991
0.000007 0.999993
0.000009 0.999991
0.076634 0.923366
0.000011 0.999989
0.000009 0.999991
0.000006 0.999994
0.012810 0.987190
0.995283 0.004717
0.995048 0.004952
0.152975 0.847025
0.000007 0.999993
0.000071 0.999929
0.015149 0.984851
0.728048 0.271952
0.000008 0.999992
0.001171 0.998829
0.002379 0.997621
0.998168 0.001832
0.038531 0.961469
0.000008 0.999992
0.994904 0.005096
0.000007 0.999993
0.000025 0.999975
0.000045 0.999955
0.937313 0.062687
0.993120 0.006880
0.997002 0.002998
0.996575 0.003425
0.000052 0.999948
0.034043 0.965957
0.000014 0.999986
0.060013 0.939987
0.996440 0.003560
0.997269 0.002731
0.011281 0.988719
0.000008 0.999992
0.993114 0.006886
0.000007 0.999993
0.000007 0.999993
0.003911 0.996089
0.412916 0.587084
0.084052 0.915948
0.000007 0.999993
0.988464 0.011536
0.017343 0.982657
0.986129 0.013871
0.001864 0.998136
0.923998 0.076002
0.000007 0.999993
0.000007 0.999993
0.992555 0.007445
0.027854 0.972146
0.001218 0.998782
0.974252 0.025748
0.999290 0.000710
0.000016 0.999984
0.000007 0.999993
0.000013 0.999987
0.998866 0.001134
0.000012 0.999988
0.001157 0.998843
0.931686 0.068314
0.927103 0.072897
0.515637 0.484363
0.000015 0.999985
0.072500 0.927500
0.993556 0.006444
0.001240 0.998760
0.950330 0.049670
0.855073 0.144927
0.000013 0.999987
0.991577 0.008423
0.000105 0.999895
0.291736 0.708264
0.108041 0.891959
0.509888 0.490112
0.992804 0.007196
0.002020 0.997980
0.000009 0.999991
0.000013 0.999987
0.797995 0.202005
0.000010 0.999990
0.000011 0.999989
0.000014 0.999986
0.997884 0.002116
0.988689 0.011311
0.804240 0.195760
0.000105 0.999895
0.649341 0.350659
0.000007 0.999993
0.671020 0.328980
0.001103 0.998897
0.136797 0.863203
0.002017 0.997983
0.760453 0.239547
0.672661 0.327339
0.969289 0.030711
0.999286 0.000714
0.998656 0.001344
0.000009 0.999991
0.000011 0.999989
0.978389 0.021611
0.001103 0.998897
0.150402 0.849598
0.002332 0.997668
0.000007 0.999993
0.903482 0.096518
0.801893 0.198107
0.973834 0.026166
0.000008 0.999992
0.996278 0.003722
0.000009 0.999991
0.988490 0.011510
0.001111 0.998889
0.040848 0.959152
0.999230 0.000770
0.997574 0.002426
0.979661 0.020339
0.986976 0.013024
0.000008 0.999992
0.000007 0.999993
0.993307 0.006693
0.001630 0.998370
0.000006 0.999994
0.978149 0.021851
0.000013 0.999987
0.000007 0.999993
0.032875 0.967125
0.013986 0.986014
0.000007 0.999993
0.003190 0.996810
0.986613 0.013387
0.000013 0.999987
0.998154 0.001846
0.000010 0.999990
0.156235 0.843765
0.997673 0.002327
0.000024 0.999976
0.000010 0.999990
0.000007 0.999993
0.000017 0.999983
0.000110 0.999890
0.084015 0.915985
0.993680 0.006320
0.001508 0.998492
0.352925 0.647075
0.001148 0.998852
0.000012 0.999988
0.943166 0.056834
0.998269 0.001731
0.010569 0.989431
0.880071 0.119929
0.000007 0.999993
0.000009 0.999991
0.996094 0.003906
0.001180 0.998820
0.001863 0.998137
0.996352 0.003648
0.002719 0.997281
0.999237 0.000763
0.998054 0.001946
0.977218 0.022782
0.996289 0.003711
0.011417 0.988583
0.000014 0.999986
0.738869 0.261131
0.000045 0.999955
0.982175 0.017825
0.992973 0.007027
0.997228 0.002772
0.152399 0.847601
0.994313 0.005687
0.980500 0.019500
0.000007 0.999993
0.000013 0.999987
0.006084 0.993916
0.196854 0.803146
0.991309 0.008691
0.001444 0.998556
0.001274 0.998726
0.000007 0.999993
0.000007 0.999993
0.000007 0.999993
0.000013 0.999987
0.997529 0.002471
0.999195 0.000805
0.001131 0.998869
0.000007 0.999993
0.000019 0.999981
0.975799 0.024201
0.089842 0.910158
0.993824 0.006176
0.549664 0.450336
0.000009 0.999991
0.001389 0.998611
0.962553 0.037447
0.002048 0.997952
0.997163 0.002837
0.000006 0.999994
0.000007 0.999993
0.997538 0.002462
0.609354 0.390646
0.926680 0.073320
0.000007 0.999993
0.988950 0.011050
0.000016 0.999984
0.000007 0.999993
0.780656 0.219344
0.350220 0.649780
0.000008 0.999992
0.978086 0.021914
0.000007 0.999993
0.001203 0.998797
0.993277 0.006723
0.000007 0.999993
0.998141 0.001859
0.971041 0.028959
0.000010 0.999990
0.996019 0.003981
0.003963 0.996037
0.987531 0.012469
0.060597 0.939403
0.046696 0.953304
0.979137 0.020863
0.000010 0.999990
0.000012 0.999988
0.001128 0.998872
0.183156 0.816844
0.000116 0.999884
0.002261 0.997739
0.973014 0.026986
0.997373 0.002627
0.993765 0.006235
0.960039 0.039961
0.998134 0.001866
0.998689 0.001311
0.988984 0.011016
0.000117 0.999883
0.001908 0.998092
0.001355 0.998645
0.000007 0.999993
0.590944 0.409056
0.000023 0.999977
0.999314 0.000686
0.405112 0.594888
0.001138 0.998862
0.990287 0.009713
0.068261 0.931739
0.942056 0.057944
0.981673 0.018327
0.998092 0.001908
0.997849 0.002151
0.035867 0.964133
0.998397 0.001603
0.000022 0.999978
0.022127 0.977873
0.749434 0.250566
0.002472 0.997528
0.053727 0.946273
0.000009 0.999991
0.984722 0.015278
0.993394 0.006606
0.002099 0.997901
0.998855 0.001145
0.001860 0.998140
0.000085 0.999915
0.984719 0.015281
0.995129 0.004871
0.980494 0.019506
0.000062 0.999938
0.000007 0.999993
0.000009 0.999991
0.000016 0.999984
0.991138 0.008862
0.960588 0.039412
0.000015 0.999985
0.995178 0.004822
0.999227 0.000773
0.983492 0.016508
0.992676 0.007324
0.992475 0.007525
0.997731 0.002269
0.000006 0.999994
0.984047 0.015953
0.700075 0.299925
0.987809 0.012191
0.001220 0.998780
0.000022 0.999978
0.000007 0.999993
0.988933 0.011067
0.000007 0.999993
0.000015 0.999985
0.998488 0.001512
0.000006 0.999994
0.996177 0.003823
0.000007 0.999993
0.998404 0.001596
0.000007 0.999993
0.378400 0.621600
0.993072 0.006928
0.010566 0.989434
0.982535 0.017465
0.000008 0.999992
0.989774 0.010226
0.002383 0.997617
0.000009 0.999991
0.000109 0.999891
0.001868 0.998132
0.998643 0.001357
0.000007 0.999993
0.001500 0.998500
0.001107 0.998893
0.001372 0.998628
0.001029 0.998971
0.001110 0.998890
0.985942 0.014058
0.980601 0.019399
0.152945 0.847055
0.000046 0.999954
0.000013 0.999987
0.013705 0.986295
0.000007 0.999993
0.000007 0.999993
0.019123 0.980877
0.002345 0.997655
0.997496 0.002504
0.000017 0.999983
0.988145 0.011855
0.004887 0.995113
0.000006 0.999994
0.940459 0.059541
0.305150 0.694850
0.973753 0.026247
0.032554 0.967446
0.921672 0.078328
0.997557 0.002443
0.000015 0.999985
0.000007 0.999993
0.159225 0.840775
0.000016 0.999984
0.000014 0.999986
0.002807 0.997193
0.000014 0.999986
0.000017 0.999983
0.359256 0.640744
0.431009 0.568991
0.989775 0.010225
0.000028 0.999972
0.865360 0.134640
0.000007 0.999993
0.001558 0.998442
0.387178 0.612822
0.000006 0.999994
0.018503 0.981497
0.971997 0.028003
0.219780 0.780220
0.182594 0.817406
0.011309 0.988691
0.925534 0.074466
0.001282 0.998718
0.000011 0.999989
0.105775 0.894225
0.999125 0.000875
0.960618 0.039382
0.000011 0.999989
0.992687 0.007313
0.747705 0.252295
0.197844 0.802156
0.000007 0.999993
0.000007 0.999993
0.012726 0.987274
0.365211 0.634789
0.000008 0.999992
0.152450 0.847550
0.001080 0.998920
0.000011 0.999989
0.014266 0.985734
0.000009 0.999991
0.981664 0.018336
0.010006 0.989994
0.000013 0.999987
0.000011 0.999989
0.001115 0.998885
0.762197 0.237803
0.000009 0.999991
0.000008 0.999992
0.125415 0.874585
0.998409 0.001591
0.060058 0.939942
0.000007 0.999993
0.220356 0.779644
0.105700 0.894300
0.980409 0.019591
0.001275 0.998725
0.019861 0.980139
0.683468 0.316532
0.000011 0.999989
0.000007 0.999993
0.000007 0.999993
0.000012 0.999988
0.268536 0.731464
0.000008 0.999992
0.963946 0.036054
0.000011 0.999989
0.000012 0.999988
0.978562 0.021438
0.000070 0.999930
0.012259 0.987741
0.001469 0.998531
0.001253 0.998747
0.999321 0.000679
0.000010 0.999990
0.984352 0.015648
0.688098 0.311902
0.000015 0.999985
0.999208 0.000792
0.001149 0.998851
0.001127 0.998873
0.001326 0.998674
0.000007 0.999993
0.001480 0.998520
0.979834 0.020166
0.535092 0.464908
0.996593 0.003407
0.001109 0.998891
0.001279 0.998721
0.019241 0.980759
0.000006 0.999994
0.969593 0.030407
0.002067 0.997933
0.998035 0.001965
0.998337 0.001663
0.055116 0.944884
0.429633 0.570367
0.932460 0.067540
0.001125 0.998875
0.973059 0.026941
0.995850 0.004150
0.097979 0.902021
0.003753 0.996247
0.937881 0.062119
0.995142 0.004858
0.000112 0.999888
0.226159 0.773841
0.010518 0.989482
0.000012 0.999988
0.000006 0.999994
0.000010 0.999990
0.966811 0.033189
0.996801 0.003199
0.000011 0.999989
0.000009 0.999991
0.995440 0.004560
0.000009 0.999991
0.000013 0.999987
0.000110 0.999890
0.616044 0.383956
0.962379 0.037621
0.000006 0.999994
0.922335 0.077665
0.108029 0.891971
0.885210 0.114790
0.001253 0.998747
0.000006 0.999994
0.000015 0.999985
0.000008 0.999992
0.020138 0.979862
0.994665 0.005335
0.999255 0.000745
0.000008 0.999992
0.000052 0.999948
0.998235 0.001765
0.950103 0.049897
0.034772 0.965228
0.000035 0.999965
0.000008 0.999992
0.011376 0.988624
0.028496 0.971504
0.060258 0.939742
0.348843 0.651157
0.000011 0.999989
0.000114 0.999886
0.999067 0.000933
0.988364 0.011636
0.999089 0.000911
0.994866 0.005134
0.987686 0.012314
0.151144 0.848856
0.979573 0.020427
0.000009 0.999991
0.990754 0.009246
0.000007 0.999993
0.003812 0.996188
0.999144 0.000856
0.000043 0.999957
0.011217 0.988783
0.977517 0.022483
0.990528 0.009472
0.989448 0.010552
0.050229 0.949771
0.002076 0.997924
0.000006 0.999994
0.000013 0.999987
0.000017 0.999983
0.989243 0.010757
0.999318 0.000682
0.011831 0.988169
0.000010 0.999990
0.000064 0.999936
0.000033 0.999967
0.000011 0.999989
0.986657 0.013343
0.964743 0.035257
0.994929 0.005071
0.996187 0.003813
0.000010 0.999990
0.998143 0.001857
0.987046 0.012954
0.086743 0.913257
0.998686 0.001314
0.967650 0.032350
0.963335 0.036665
0.998152 0.001848
0.001237 0.998763
0.000007 0.999993
0.996766 0.003234
0.997829 0.002171
0.998139 0.001861
0.994267 0.005733
0.000048 0.999952
0.000008 0.999992
0.000011 0.999989
0.002005 0.997995
0.000007 0.999993
0.986297 0.013703
0.994543 0.005457
0.000009 0.999991
0.001104 0.998896
0.000007 0.999993
0.019231 0.980769
0.000018 0.999982
0.000017 0.999983
0.003602 0.996398
0.215945 0.784055
0.999125 0.000875
0.978874 0.021126
0.000007 0.999993
0.019223 0.980777
0.000008 0.999992
0.014884 0.985116
0.000006 0.999994
0.991056 0.008944
0.001330 0.998670
0.001789 0.998211
0.315791 0.684209
0.000062 0.999938
0.028454 0.971546
0.016718 0.983282
0.000007 0.999993
0.000023 0.999977
0.136728 0.863272
0.000010 0.999990
0.996756 0.003244
0.999249 0.000751
0.000007 0.999993
0.339572 0.660428
0.055828 0.944172
0.000007 0.999993
0.468254 0.531746
0.902490 0.097510
0.001159 0.998841
0.784455 0.215545
0.031027 0.968973
0.000047 0.999953
0.000007 0.999993
0.001122 0.998878
0.988724 0.011276
0.001058 0.998942
0.008991 0.991009
0.000007 0.999993
0.999224 0.000776
0.000011 0.999989
0.999251 0.000749
0.003326 0.996674
0.998682 0.001318
0.997312 0.002688
0.001415 0.998585
0.000008 0.999992
0.999137 0.000863
0.077321 0.922679
0.000009 0.999991
0.082998 0.917002
0.000011 0.999989
0.998637 0.001363
0.998114 0.001886
0.999307 0.000693
0.001496 0.998504
0.020091 0.979909
0.000115 0.999885
0.408130 0.591870
0.999318 0.000682
0.000007 0.999993
0.152628 0.847372
0.002830 0.997170
0.980162 0.019838
0.998080 0.001920
0.040122 0.959878
0.000010 0.999990
0.046895 0.953105
0.999310 0.000690
0.997469 0.002531
0.000010 0.999990
0.977586 0.022414
0.982935 0.017065
0.001125 0.998875
0.999126 0.000874
0.967755 0.032245
0.981235 0.018765
0.997177 0.002823
0.000006 0.999994
0.000011 0.999989
0.995822 0.004178
0.000019 0.999981
0.998886 0.001114
0.000007 0.999993
0.000007 0.999993
0.000113 0.999887
0.001655 0.998345
0.969182 0.030818
0.000117 0.999883
0.000012 0.999988
0.224944 0.775056
0.993292 0.006708
0.209193 0.790807
0.976919 0.023081
0.000013 0.999987
0.996674 0.003326
0.999133 0.000867
0.996064 0.003936
0.001891 0.998109
0.972306 0.027694
0.000012 0.999988
0.999063 0.000937
0.999233 0.000767
0.165635 0.834365
0.990234 0.009766
0.024536 0.975464
0.974537 0.025463
0.996387 0.003613
0.001565 0.998435
0.000006 0.999994
0.011772 0.988228
0.968442 0.031558
0.000008 0.999992
0.999228 0.000772
0.000033 0.999967
0.000007 0.999993
0.983803 0.016197
0.078406 0.921594
0.211033 0.788967
0.963191 0.036809
0.704026 0.295974
0.997637 0.002363
0.992614 0.007386
0.000010 0.999990
0.000010 0.999990
0.001561 0.998439
0.722545 0.277455
0.000097 0.999903
0.033671 0.966329
0.001742 0.998258
0.000006 0.999994
0.000007 0.999993
0.000011 0.999989
0.231157 0.768843
0.001770 0.998230
0.000008 0.999992
0.001185 0.998815
0.000009 0.999991
0.962662 0.037338
0.014848 0.985152
0.993184 0.006816
0.000007 0.999993
0.993892 0.006108
0.085720 0.914280
0.984070 0.015930
0.000107 0.999893
0.990086 0.009914
0.000011 0.999989
0.996618 0.003382
0.994226 0.005774
0.962978 0.037022
0.997778 0.002222
0.013461 0.986539
0.975874 0.024126
0.953026 0.046974
0.999132 0.000868
0.865911 0.134089
0.958354 0.041646
0.001774 0.998226
0.348979 0.651021
0.039078 0.960922
0.000007 0.999993
0.976463 0.023537
0.972637 0.027363
0.000008 0.999992
0.998670 0.001330
0.001409 0.998591
0.993423 0.006577
0.000011 0.999989
0.000007 0.999993
0.036868 0.963132
0.011748 0.988252
0.516023 0.483977
0.000117 0.999883
0.000007 0.999993
0.023536 0.976464
0.000016 0.999984
0.000008 0.999992
0.000007 0.999993
0.011329 0.988671
0.001428 0.998572
0.152778 0.847222
0.725783 0.274217
0.000007 0.999993
0.000010 0.999990
0.000007 0.999993
0.998696 0.001304
0.001196 0.998804
0.017156 0.982844
0.000007 0.999993
0.999312 0.000688
0.035158 0.964842
0.000006 0.999994
0.000010 0.999990
0.999043 0.000957
0.997448 0.002552
0.001821 0.998179
0.001317 0.998683
0.363751 0.636249
0.977720 0.022280
0.994810 0.005190
0.751442 0.248558
0.996770 0.003230
0.011512 0.988488
0.055186 0.944814
0.000007 0.999993
0.001001 0.998999
0.999237 0.000763
0.000009 0.999991
0.001250 0.998750
0.998397 0.001603
0.000014 0.999986
0.000008 0.999992
0.011177 0.988823
0.002390 0.997610
0.000007 0.999993
0.997950 0.002050
0.036509 0.963491
0.999301 0.000699
0.998348 0.001652
0.000007 0.999993
0.002311 0.997689
0.000006 0.999994
0.000006 0.999994
0.998080 0.001920
0.040096 0.959904
0.065059 0.934941
0.000007 0.999993
0.000010 0.999990
0.057952 0.942048
0.000115 0.999885
0.001180 0.998820
0.057536 0.942464
0.000007 0.999993
0.000009 0.999991
0.997312 0.002688
0.214085 0.785915
0.987714 0.012286
0.998157 0.001843
0.987462 0.012538
0.999277 0.000723
0.987111 0.012889
0.001216 0.998784
0.000012 0.999988
0.000104 0.999896
0.001373 0.998627
0.999302 0.000698
0.995001 0.004999
0.061854 0.938146
0.001078 0.998922
0.000007 0.999993
0.712360 0.287640
0.973713 0.026287
0.998963 0.001037
0.000008 0.999992
0.988261 0.011739
0.012420 0.987580
0.000006 0.999994
0.000006 0.999994
0.521367 0.478633
0.000008 0.999992
0.000007 0.999993
0.000012 0.999988
0.999312 0.000688
0.000007 0.999993
0.997903 0.002097
0.000008 0.999992
0.994615 0.005385
0.000009 0.999991
0.076335 0.923665
0.540808 0.459192
0.000006 0.999994
0.001166 0.998834
0.000011 0.999989
0.001291 0.998709
0.174513 0.825487
0.000007 0.999993
0.108323 0.891677
0.852412 0.147588
0.057193 0.942807
0.236779 0.763221
0.157990 0.842010
0.000086 0.999914
0.102942 0.897058
0.000021 0.999979
0.002727 0.997273
0.972855 0.027145
0.979568 0.020432
0.000068 0.999932
0.012714 0.987286
0.820022 0.179978
0.033527 0.966473
0.999244 0.000756
0.153653 0.846347
0.000009 0.999991
0.984853 0.015147
0.998233 0.001767
0.000014 0.999986
0.033458 0.966542
0.000010 0.999990
0.999092 0.000908
0.003073 0.996927
0.000007 0.999993
0.260359 0.739641
0.047001 0.952999
0.015181 0.984819
0.000006 0.999994
0.264475 0.735525
0.998815 0.001185
0.000007 0.999993
0.882339 0.117661
0.001132 0.998868
0.989732 0.010268
0.001057 0.998943
0.000013 0.999987
0.000008 0.999992
0.007823 0.992177
0.000011 0.999989
0.867243 0.132757
0.004511 0.995489
0.995862 0.004138
0.758551 0.241449
0.001328 0.998672
0.998169 0.001831
0.996019 0.003981
0.000012 0.999988
0.997583 0.002417
0.990973 0.009027
0.000008 0.999992
0.000011 0.999989
0.000008 0.999992
0.262812 0.737188
0.217560 0.782440
0.000007 0.999993
0.000009 0.999991
0.988558 0.011442
0.663229 0.336771
0.001817 0.998183
0.107817 0.892183
0.996113 0.003887
0.880900 0.119100
0.000014 0.999986
0.001071 0.998929
0.012753 0.987247
0.000008 0.999992
0.995428 0.004572
0.999024 0.000976
0.011894 0.988106
0.643321 0.356679
0.046269 0.953731
0.000007 0.999993
0.001066 0.998934
0.986398 0.013602
0.998945 0.001055
0.000007 0.999993
0.998117 0.001883
0.000016 0.999984
0.001265 0.998735
0.000007 0.999993
0.999108 0.000892
0.995161 0.004839
0.000010 0.999990
0.000032 0.999968
0.946256 0.053744
0.000009 0.999991
0.945191 0.054809
0.000015 0.999985
0.119049 0.880951
0.001141 0.998859
0.000009 0.999991
0.996660 0.003340
0.000007 0.999993
0.938003 0.061997
0.971084 0.028916
0.000100 0.999900
0.190213 0.809787
0.000007 0.999993
0.987582 0.012418
0.032629 0.967371
0.989864 0.010136
0.000007 0.999993
0.053836 0.946164
0.068688 0.931312
0.000009 0.999991
0.000007 0.999993
0.001173 0.998827
0.002654 0.997346
0.003090 0.996910
0.999229 0.000771
0.253222 0.746778
0.000007 0.999993
0.998688 0.001312
0.590663 0.409337
0.990819 0.009181
0.012487 0.987513
0.000007 0.999993
0.998368 0.001632
0.762189 0.237811
0.030653 0.969347
0.998049 0.001951
0.000010 0.999990
0.001193 0.998807
0.998689 0.001311
0.001605 0.998395
0.008861 0.991139
0.000006 0.999994
0.014571 0.985429
0.000007 0.999993
0.930601 0.069399
0.000103 0.999897
0.000097 0.999903
0.997848 0.002152
0.041559 0.958441
0.000006 0.999994
0.995988 0.004012
0.000010 0.999990
0.161594 0.838406
0.001458 0.998542
0.002559 0.997441
0.970661 0.029339
0.256416 0.743584
0.011395 0.988605
0.001243 0.998757
0.103565 0.896435
0.963692 0.036308
0.000017 0.999983
0.998403 0.001597
0.001929 0.998071
0.000012 0.999988
0.001170 0.998830
0.993316 0.006684
0.000009 0.999991
0.000010 0.999990
0.000006 0.999994
0.000013 0.999987
0.039175 0.960825
0.000039 0.999961
0.996726 0.003274
0.859148 0.140852
0.012005 0.987995
0.997850 0.002150
0.011313 0.988687
0.001346 0.998654
0.000011 0.999989
0.989740 0.010260
0.995172 0.004828
0.981192 0.018808
0.000007 0.999993
0.997864 0.002136
0.932498 0.067502
0.000018 0.999982
0.001144 0.998856
0.000008 0.999992
0.973296 0.026704
0.000011 0.999989
0.996564 0.003436
0.000010 0.999990
0.997959 0.002041
0.950592 0.049408
0.000006 0.999994
0.087666 0.912334
0.000010 0.999990
0.001082 0.998918
0.001099 0.998901
0.000008 0.999992
0.998275 0.001725
0.001480 0.998520
0.000014 0.999986
0.162176 0.837824
0.993552 0.006448
0.000012 0.999988
0.953442 0.046558
0.996632 0.003368
0.000010 0.999990
0.011116 0.988884
0.002386 0.997614
0.026545 0.973455
0.013238 0.986762
0.000007 0.999993
0.000117 0.999883
0.999299 0.000701
0.001625 0.998375
0.909243 0.090757
0.855694 0.144306
0.000010 0.999990
0.002574 0.997426
0.011276 0.988724
0.000006 0.999994
0.997725 0.002275
0.000007 0.999993
0.011118 0.988882
0.000010 0.999990
0.988721 0.011279
0.991699 0.008301
0.000007 0.999993
0.986483 0.013517
0.999249 0.000751
0.002178 0.997822
0.400431 0.599569
0.278145 0.721855
0.012051 0.987949
0.999307 0.000693
0.000030 0.999970
0.771482 0.228518
0.998136 0.001864
0.000011 0.999989
0.000097 0.999903
0.000011 0.999989
0.000006 0.999994
0.000017 0.999983
0.998393 0.001607
0.013461 0.986539
0.998714 0.001286
0.000007 0.999993
0.000007 0.999993
0.990384 0.009616
0.987784 0.012216
0.001993 0.998007
0.979818 0.020182
0.977768 0.022232
0.001277 0.998723
0.904530 0.095470
0.990335 0.009665
0.000006 0.999994
0.001400 0.998600
0.001558 0.998442
0.978414 0.021586
0.000006 0.999994
0.003233 0.996767
0.011611 0.988389
0.000117 0.999883
0.001089 0.998911
0.000008 0.999992
0.957487 0.042513
0.994462 0.005538
0.000007 0.999993
0.998371 0.001629
0.188319 0.811681
0.984520 0.015480
0.000010 0.999990
0.030767 0.969233
0.998023 0.001977
0.977249 0.022751
0.999124 0.000876
0.999097 0.000903
0.000006 0.999994
0.000006 0.999994
0.001300 0.998700
0.990269 0.009731
0.000007 0.999993
0.000117 0.999883
0.000034 0.999966
0.001317 0.998683
0.990468 0.009532
0.000012 0.999988
0.060075 0.939925
0.000007 0.999993
0.000016 0.999984
0.996470 0.003530
0.986629 0.013371
0.381550 0.618450
0.380789 0.619211
0.011391 0.988609
0.000007 0.999993
0.998826 0.001174
0.362489 0.637511
0.997897 0.002103
0.000013 0.999987
0.981450 0.018550
0.991294 0.008706
0.000033 0.999967
0.025594 0.974406
0.128648 0.871352
0.001121 0.998879
0.000011 0.999989
0.081296 0.918704
0.001364 0.998636
0.000017 0.999983
0.998706 0.001294
0.938038 0.061962
0.000019 0.999981
0.990707 0.009293
0.045334 0.954666
0.993803 0.006197
0.000008 0.999992
0.868068 0.131932
0.043551 0.956449
0.200010 0.799990
0.011947 0.988053
0.999220 0.000780
