-0.000000 0.999834 0.000094 0.000072
-0.000000 0.145556 0.015488 0.838955
-0.000000 0.134074 0.016064 0.849863
0.000000 0.049415 0.012371 0.938214
-0.000000 0.997205 0.000152 0.002642
0.000000 0.083711 0.012334 0.903954
0.000000 0.211688 0.024993 0.763319
0.000000 0.999936 0.000055 0.000008
-0.000000 0.986395 0.000445 0.013159
-0.000000 0.998202 0.000224 0.001574
-0.000000 0.151789 0.014211 0.834000
-0.000000 0.980469 0.000207 0.019324
0.000000 0.992505 0.007481 0.000013
-0.000000 0.968827 0.000568 0.030605
0.000000 0.051230 0.008611 0.940159
0.000000 0.577269 0.016438 0.406293
0.000000 0.999673 0.000062 0.000265
-0.000000 0.999952 0.000047 0.000001
-0.000000 0.105407 0.015916 0.878677
-0.000000 0.044707 0.009116 0.946177
-0.000000 0.062719 0.013903 0.923378
-0.000000 0.275046 0.035744 0.689210
0.000000 0.928783 0.001001 0.070216
0.000000 0.058695 0.015151 0.926154
-0.000000 0.623419 0.006821 0.369760
0.000000 0.050818 0.012636 0.936545
-0.000000 0.049560 0.010698 0.939743
0.000000 0.958620 0.041352 0.000028
0.000000 0.050185 0.011029 0.938786
0.000000 0.056135 0.009785 0.934080
-0.000000 0.211147 0.017634 0.771219
-0.000000 0.891324 0.001129 0.107547
0.000000 0.989149 0.001560 0.009291
-0.000000 0.883468 0.001258 0.115274
-0.000000 0.984523 0.000514 0.014963
-0.000000 0.999925 0.000075 0.000001
0.000000 0.249923 0.006817 0.743259
-0.000000 0.080386 0.012129 0.907485
-0.000000 0.765130 0.003372 0.231498
0.000000 0.062163 0.009897 0.927940
-0.000000 0.048017 0.008424 0.943559
0.000000 0.999793 0.000161 0.000045
-0.000000 0.052609 0.014260 0.933132
-0.000000 0.066971 0.017525 0.915504
-0.000000 0.050576 0.009325 0.940099
-0.000000 0.108221 0.010461 0.881319
0.000000 0.171111 0.018158 0.810731
-0.000000 0.999947 0.000051 0.000002
-0.000000 0.134858 0.010147 0.854994
-0.000000 0.056547 0.009307 0.934146
0.000000 0.477632 0.014478 0.507889
-0.000000 0.047054 0.008517 0.944429
-0.000000 0.050820 0.011430 0.937749
0.000000 0.244000 0.070885 0.685115
-0.000000 0.055587 0.013189 0.931224
0.000000 0.622995 0.003430 0.373575
-0.000000 0.936934 0.012422 0.050644
-0.000000 0.062569 0.011342 0.926090
-0.000000 0.999656 0.000061 0.000283
0.000000 0.657048 0.033852 0.309100
0.000000 0.837213 0.074593 0.088194
-0.000000 0.943772 0.000625 0.055603
-0.000000 0.071976 0.010896 0.917129
0.000000 0.947538 0.000724 0.051739
-0.000000 0.049858 0.012255 0.937886
-0.000000 0.049101 0.013572 0.937328
-0.000000 0.065136 0.010315 0.924549
0.000000 0.045526 0.009241 0.945233
-0.000000 0.672407 0.053508 0.274085
0.000000 0.045920 0.008497 0.945582
-0.000000 0.540733 0.008032 0.451235
0.000000 0.124186 0.016755 0.859058
-0.000000 0.984036 0.000262 0.015702
-0.000000 0.097987 0.013631 0.888382
-0.000000 0.043481 0.008438 0.948080
-0.000000 0.044447 0.008590 0.946962
0.000000 0.091714 0.032043 0.876243
-0.000000 0.046670 0.010110 0.943220
-0.000000 0.985358 0.000128 0.014514
-0.000000 0.084037 0.012626 0.903337
0.000000 0.263339 0.013837 0.722824
0.000000 0.999773 0.000157 0.000070
0.000000 0.110445 0.013207 0.876349
-0.000000 0.999962 0.000038 0.000000
-0.000000 0.939457 0.001675 0.058867
0.000000 0.190596 0.011617 0.797787
0.000000 0.065283 0.009098 0.925620
0.000000 0.160774 0.016669 0.822557
0.000000 0.053201 0.012786 0.934013
-0.000000 0.206157 0.019304 0.774539
-0.000000 0.057341 0.013279 0.929381
0.000000 0.043614 0.008920 0.947466
0.000000 0.969403 0.030596 0.000000
-0.000000 0.956886 0.000409 0.042705
0.000000 0.769309 0.230391 0.000301
0.000000 0.999737 0.000118 0.000144
-0.000000 0.974798 0.025202 0.000000
0.000000 0.119802 0.016199 0.863999
0.000000 0.069265 0.018380 0.912354
-0.000000 0.404270 0.008034 0.587696
0.000000 0.104019 0.016058 0.879923
-0.000000 0.999655 0.000345 0.000000
-0.000000 0.081387 0.015908 0.902705
-0.000000 0.078386 0.020862 0.900751
0.000000 0.364876 0.031828 0.603296
-0.000000 0.972312 0.010179 0.017510
-0.000000 0.080783 0.022811 0.896406
0.000000 0.527021 0.457054 0.015925
-0.000000 0.085136 0.013944 0.900920
-0.000000 0.999647 0.000118 0.000235
-0.000000 0.111882 0.013715 0.874403
0.000000 0.999753 0.000132 0.000115
0.000000 0.160461 0.020414 0.819125
0.000000 0.206891 0.072882 0.720228
-0.000000 0.055084 0.013259 0.931657
-0.000000 0.993485 0.000115 0.006400
0.000000 0.837938 0.001994 0.160068
0.000000 0.054179 0.012361 0.933459
0.000000 0.972993 0.027007 0.000000
-0.000000 0.993376 0.000100 0.006524
-0.000000 0.999662 0.000220 0.000118
-0.000000 0.055599 0.010987 0.933414
0.000000 0.084393 0.028855 0.886752
-0.000000 0.096166 0.011619 0.892215
-0.000000 0.211043 0.022277 0.766681
0.000000 0.056613 0.009391 0.933996
-0.000000 0.044001 0.012706 0.943292
0.000000 0.999733 0.000052 0.000214
0.000000 0.159433 0.015683 0.824883
0.000000 0.381908 0.021252 0.596839
0.000000 0.106519 0.014813 0.878668
-0.000000 0.046102 0.008272 0.945626
0.000000 0.315841 0.026337 0.657822
0.000000 0.077858 0.014340 0.907802
-0.000000 0.996916 0.000071 0.003013
-0.000000 0.999859 0.000100 0.000040
-0.000000 0.084575 0.010806 0.904619
-0.000000 0.056432 0.014963 0.928606
-0.000000 0.085549 0.014723 0.899729
0.000000 0.049752 0.008690 0.941558
-0.000000 0.073128 0.011049 0.915823
0.000000 0.097532 0.014600 0.887868
0.000000 0.998149 0.000066 0.001785
0.000000 0.105327 0.015910 0.878763
-0.000000 0.058015 0.010096 0.931889
0.000000 0.055128 0.009413 0.935459
0.000000 0.990674 0.000147 0.009179
0.000000 0.999723 0.000062 0.000215
0.000000 0.324395 0.029344 0.646261
-0.000000 0.078038 0.011456 0.910506
0.000000 0.044653 0.008819 0.946528
-0.000000 0.946525 0.053232 0.000243
0.000000 0.162352 0.054219 0.783429
0.000000 0.113003 0.015513 0.871484
0.000000 0.127425 0.016654 0.855921
-0.000000 0.980448 0.000215 0.019337
0.000000 0.112862 0.015275 0.871863
0.000000 0.053224 0.008892 0.937884
0.000000 0.050488 0.009059 0.940453
-0.000000 0.111429 0.014440 0.874131
-0.000000 0.148381 0.014090 0.837530
-0.000000 0.074407 0.011614 0.913979
-0.000000 0.052457 0.013625 0.933917
-0.000000 0.999518 0.000127 0.000355
-0.000000 0.045329 0.008665 0.946006
-0.000000 0.999943 0.000049 0.000008
-0.000000 0.658634 0.015890 0.325476
-0.000000 0.107577 0.015126 0.877296
0.000000 0.044220 0.008907 0.946873
-0.000000 0.999585 0.000062 0.000353
-0.000000 0.056100 0.009479 0.934421
0.000000 0.116690 0.013254 0.870056
0.000000 0.156299 0.011450 0.832251
-0.000000 0.999967 0.000033 0.000000
-0.000000 0.998291 0.000118 0.001591
0.000000 0.984605 0.000364 0.015031
-0.000000 0.077828 0.013479 0.908693
0.000000 0.076611 0.016302 0.907087
-0.000000 0.999289 0.000203 0.000508
-0.000000 0.365181 0.023305 0.611514
0.000000 0.046126 0.009921 0.943953
-0.000000 0.136662 0.017717 0.845620
0.000000 0.048651 0.010248 0.941101
0.000000 0.939674 0.001269 0.059057
-0.000000 0.071905 0.021254 0.906841
0.000000 0.999531 0.000455 0.000014
0.000000 0.052260 0.013763 0.933977
-0.000000 0.075034 0.021919 0.903047
0.000000 0.998336 0.000088 0.001576
-0.000000 0.632214 0.044394 0.323392
0.000000 0.348830 0.009421 0.641750
0.000000 0.998576 0.000457 0.000967
0.000000 0.048098 0.008574 0.943329
0.000000 0.117923 0.013382 0.868695
-0.000000 0.049342 0.013449 0.937209
0.000000 0.252061 0.027118 0.720821
-0.000000 0.154386 0.020041 0.825573
0.000000 0.046113 0.008320 0.945567
-0.000000 0.984201 0.000183 0.015616
-0.000000 0.987538 0.000191 0.012271
-0.000000 0.101108 0.015998 0.882894
0.000000 0.053934 0.009135 0.936931
0.000000 0.115290 0.013513 0.871197
0.000000 0.086070 0.015534 0.898396
-0.000000 0.046207 0.013473 0.940320
0.000000 0.554786 0.016048 0.429166
-0.000000 0.084160 0.015104 0.900735
-0.000000 0.058236 0.019500 0.922265
-0.000000 0.999842 0.000058 0.000100
-0.000000 0.074384 0.014271 0.911345
-0.000000 0.999865 0.000132 0.000003
-0.000000 0.049963 0.014077 0.935960
0.000000 0.138551 0.018454 0.842995
0.000000 0.999876 0.000124 0.000000
-0.000000 0.059686 0.009535 0.930779
-0.000000 0.301577 0.010940 0.687483
0.000000 0.999945 0.000050 0.000005
-0.000000 0.133559 0.016648 0.849792
0.000000 0.992735 0.000360 0.006905
-0.000000 0.064004 0.015991 0.920005
0.000000 0.145330 0.058979 0.795691
-0.000000 0.055297 0.012463 0.932240
0.000000 0.983532 0.000396 0.016071
0.000000 0.998360 0.001639 0.000001
0.000000 0.076312 0.014472 0.909217
0.000000 0.098541 0.014257 0.887202
0.000000 0.999678 0.000274 0.000048
-0.000000 0.992615 0.000124 0.007261
-0.000000 0.947984 0.000959 0.051057
-0.000000 0.999948 0.000051 0.000001
-0.000000 0.054446 0.012841 0.932713
0.000000 0.508391 0.050323 0.441287
0.000000 0.937052 0.000717 0.062230
0.000000 0.077323 0.011565 0.911112
0.000000 0.216895 0.020067 0.763038
-0.000000 0.912341 0.000872 0.086787
0.000000 0.070203 0.017128 0.912669
0.000000 0.543680 0.003967 0.452353
-0.000000 0.457808 0.012042 0.530149
0.000000 0.667840 0.054690 0.277470
-0.000000 0.065253 0.014273 0.920475
0.000000 0.999101 0.000880 0.000018
-0.000000 0.072942 0.011733 0.915325
-0.000000 0.945559 0.011828 0.042614
0.000000 0.043532 0.008281 0.948186
0.000000 0.052213 0.012218 0.935570
0.000000 0.084622 0.042208 0.873170
-0.000000 0.619534 0.007808 0.372658
-0.000000 0.543081 0.044394 0.412524
-0.000000 0.076913 0.014479 0.908608
-0.000000 0.994848 0.000214 0.004938
-0.000000 0.924404 0.075347 0.000249
0.000000 0.985377 0.000229 0.014394
-0.000000 0.127780 0.014875 0.857345
0.000000 0.087551 0.008218 0.904231
0.000000 0.141253 0.037122 0.821624
-0.000000 0.591793 0.058408 0.349799
-0.000000 0.085820 0.024180 0.890001
0.000000 0.046896 0.008550 0.944555
0.000000 0.047226 0.008355 0.944419
0.000000 0.157393 0.014021 0.828586
-0.000000 0.935654 0.000648 0.063698
-0.000000 0.979527 0.000328 0.020146
-0.000000 0.098830 0.013766 0.887404
0.000000 0.999177 0.000238 0.000585
0.000000 0.054606 0.011932 0.933463
-0.000000 0.089959 0.015472 0.894569
-0.000000 0.993130 0.000203 0.006667
-0.000000 0.108984 0.018686 0.872331
0.000000 0.077551 0.014702 0.907747
0.000000 0.999874 0.000124 0.000001
0.000000 0.978551 0.003643 0.017806
-0.000000 0.084355 0.023607 0.892038
0.000000 0.985792 0.002712 0.011496
-0.000000 0.053456 0.012404 0.934140
0.000000 0.105590 0.015409 0.879001
0.000000 0.996035 0.000342 0.003623
-0.000000 0.059218 0.014361 0.926421
0.000000 0.072086 0.014126 0.913788
0.000000 0.669361 0.040677 0.289962
-0.000000 0.977966 0.000307 0.021727
-0.000000 0.060579 0.014822 0.924599
0.000000 0.968482 0.000503 0.031015
-0.000000 0.999960 0.000040 0.000000
0.000000 0.057580 0.008423 0.933997
-0.000000 0.999390 0.000322 0.000288
0.000000 0.106528 0.014503 0.878969
-0.000000 0.054308 0.011832 0.933860
-0.000000 0.115332 0.017156 0.867512
0.000000 0.987407 0.000203 0.012390
0.000000 0.101121 0.014110 0.884768
0.000000 0.999173 0.000080 0.000747
-0.000000 0.107701 0.013585 0.878714
-0.000000 0.077382 0.014540 0.908078
0.000000 0.940589 0.050430 0.008982
-0.000000 0.068428 0.013871 0.917702
0.000000 0.450642 0.009082 0.540275
0.000000 0.083334 0.012195 0.904472
-0.000000 0.105378 0.016015 0.878606
-0.000000 0.569147 0.055844 0.375009
-0.000000 0.995727 0.000203 0.004070
-0.000000 0.999961 0.000039 0.000000
-0.000000 0.048576 0.009940 0.941485
-0.000000 0.972487 0.000413 0.027100
0.000000 0.984836 0.000160 0.015005
-0.000000 0.991631 0.000126 0.008243
0.000000 0.049409 0.013909 0.936682
0.000000 0.064752 0.022456 0.912792
-0.000000 0.101780 0.017477 0.880743
0.000000 0.048816 0.008727 0.942457
-0.000000 0.190568 0.023546 0.785885
0.000000 0.997358 0.000078 0.002564
0.000000 0.426265 0.039549 0.534186
-0.000000 0.224687 0.006827 0.768486
-0.000000 0.991964 0.000139 0.007897
-0.000000 0.990412 0.000409 0.009179
-0.000000 0.979410 0.000277 0.020313
-0.000000 0.124451 0.009753 0.865796
0.000000 0.999909 0.000091 0.000000
-0.000000 0.191684 0.017047 0.791268
-0.000000 0.092874 0.013241 0.893885
0.000000 0.069073 0.014358 0.916570
-0.000000 0.250232 0.010472 0.739296
0.000000 0.090195 0.008148 0.901657
-0.000000 0.513926 0.046433 0.439641
-0.000000 0.061737 0.012254 0.926009
0.000000 0.128581 0.015719 0.855700
-0.000000 0.708235 0.008648 0.283117
0.000000 0.999902 0.000050 0.000048
-0.000000 0.062166 0.012495 0.925339
0.000000 0.664661 0.008142 0.327197
-0.000000 0.110116 0.014897 0.874987
0.000000 0.383019 0.015510 0.601471
-0.000000 0.886878 0.072140 0.040983
-0.000000 0.046563 0.014559 0.938877
-0.000000 0.103840 0.014428 0.881732
-0.000000 0.060518 0.008622 0.930861
0.000000 0.691729 0.008540 0.299731
-0.000000 0.999323 0.000284 0.000394
-0.000000 0.068789 0.025386 0.905825
0.000000 0.079922 0.022849 0.897230
0.000000 0.137071 0.014202 0.848727
-0.000000 0.930966 0.002410 0.066624
0.000000 0.140879 0.012651 0.846470
-0.000000 0.053422 0.009042 0.937536
-0.000000 0.063820 0.014888 0.921292
-0.000000 0.105956 0.014392 0.879652
-0.000000 0.999914 0.000086 0.000000
0.000000 0.551215 0.045256 0.403529
-0.000000 0.999919 0.000048 0.000033
0.000000 0.999924 0.000076 0.000000
0.000000 0.046039 0.008244 0.945717
0.000000 0.108852 0.014841 0.876308
-0.000000 0.999738 0.000261 0.000002
0.000000 0.999808 0.000067 0.000125
0.000000 0.211880 0.020370 0.767750
-0.000000 0.175230 0.021315 0.803455
-0.000000 0.085913 0.008711 0.905376
0.000000 0.999625 0.000365 0.000010
-0.000000 0.999481 0.000210 0.000309
0.000000 0.999952 0.000044 0.000004
-0.000000 0.149952 0.017991 0.832057
-0.000000 0.999067 0.000926 0.000006
0.000000 0.994062 0.000142 0.005796
0.000000 0.999955 0.000044 0.000001
0.000000 0.999829 0.000144 0.000027
-0.000000 0.161604 0.015134 0.823263
0.000000 0.064896 0.016667 0.918438
-0.000000 0.107691 0.016997 0.875312
-0.000000 0.043904 0.008666 0.947430
-0.000000 0.102883 0.014426 0.882691
-0.000000 0.952454 0.047484 0.000062
0.000000 0.051987 0.014153 0.933860
-0.000000 0.075284 0.011388 0.913327
-0.000000 0.863197 0.002340 0.134463
0.000000 0.119948 0.013288 0.866764
0.000000 0.998889 0.000064 0.001047
0.000000 0.612598 0.062456 0.324946
0.000000 0.194340 0.020290 0.785370
-0.000000 0.123470 0.014155 0.862375
-0.000000 0.999706 0.000294 0.000000
0.000000 0.462616 0.009760 0.527624
0.000000 0.986401 0.000188 0.013411
0.000000 0.091373 0.019228 0.889399
-0.000000 0.999704 0.000294 0.000003
0.000000 0.194468 0.019342 0.786190
0.000000 0.999894 0.000067 0.000039
0.000000 0.050560 0.011714 0.937726
0.000000 0.048656 0.008511 0.942832
0.000000 0.113021 0.015462 0.871517
-0.000000 0.059389 0.010091 0.930520
0.000000 0.113279 0.013731 0.872991
-0.000000 0.056811 0.013412 0.929776
0.000000 0.084793 0.015294 0.899913
-0.000000 0.116661 0.015946 0.867393
0.000000 0.049549 0.011278 0.939173
-0.000000 0.966872 0.000362 0.032766
0.000000 0.969652 0.000299 0.030049
-0.000000 0.048541 0.010565 0.940894
0.000000 0.985310 0.000194 0.014496
0.000000 0.059743 0.012457 0.927800
-0.000000 0.966109 0.000300 0.033591
-0.000000 0.986928 0.000129 0.012943
0.000000 0.955373 0.044575 0.000052
0.000000 0.045018 0.008328 0.946654
0.000000 0.044770 0.008643 0.946588
-0.000000 0.112666 0.014077 0.873257
0.000000 0.086649 0.012682 0.900669
0.000000 0.061591 0.015542 0.922868
0.000000 0.992371 0.007268 0.000361
-0.000000 0.988129 0.000230 0.011641
-0.000000 0.137895 0.015121 0.846985
-0.000000 0.962861 0.000668 0.036471
0.000000 0.999346 0.000056 0.000599
-0.000000 0.984489 0.000272 0.015239
-0.000000 0.999788 0.000206 0.000005
-0.000000 0.055698 0.008272 0.936030
0.000000 0.072603 0.011007 0.916390
0.000000 0.979053 0.000367 0.020579
-0.000000 0.999616 0.000329 0.000055
0.000000 0.044833 0.009546 0.945621
-0.000000 0.510699 0.007807 0.481494
-0.000000 0.094795 0.017652 0.887552
0.000000 0.419325 0.029172 0.551503
-0.000000 0.050366 0.011156 0.938478
0.000000 0.074890 0.017145 0.907964
0.000000 0.997688 0.000068 0.002243
-0.000000 0.109557 0.013605 0.876838
-0.000000 0.177286 0.014136 0.808578
-0.000000 0.999906 0.000093 0.000000
-0.000000 0.999900 0.000055 0.000045
-0.000000 0.971573 0.028187 0.000240
-0.000000 0.063860 0.014109 0.922030
-0.000000 0.084140 0.013696 0.902164
0.000000 0.996679 0.000073 0.003248
0.000000 0.065252 0.010123 0.924624
-0.000000 0.985014 0.014986 0.000000
0.000000 0.205144 0.014797 0.780059
0.000000 0.989823 0.009726 0.000450
0.000000 0.193092 0.017552 0.789356
0.000000 0.999820 0.000180 0.000000
-0.000000 0.940542 0.058719 0.000738
0.000000 0.999958 0.000042 0.000000
-0.000000 0.045968 0.009930 0.944102
0.000000 0.081835 0.015498 0.902667
0.000000 0.055386 0.012690 0.931924
0.000000 0.056111 0.009157 0.934733
-0.000000 0.966681 0.000337 0.032982
0.000000 0.593686 0.038933 0.367381
-0.000000 0.569011 0.006707 0.424282
0.000000 0.155729 0.016300 0.827971
0.000000 0.991652 0.000147 0.008200
-0.000000 0.106405 0.011843 0.881752
0.000000 0.101383 0.016527 0.882090
-0.000000 0.061038 0.009841 0.929121
-0.000000 0.999956 0.000044 0.000000
0.000000 0.103946 0.014809 0.881245
-0.000000 0.565845 0.057428 0.376727
0.000000 0.059651 0.016047 0.924301
0.000000 0.045474 0.009798 0.944728
0.000000 0.050191 0.018828 0.930982
0.000000 0.059588 0.014822 0.925590
0.000000 0.080106 0.009228 0.910666
-0.000000 0.056868 0.009151 0.933981
0.000000 0.999924 0.000076 0.000000
0.000000 0.055913 0.009160 0.934927
-0.000000 0.987129 0.000175 0.012696
-0.000000 0.936228 0.009703 0.054069
0.000000 0.548232 0.005225 0.446543
-0.000000 0.055609 0.009286 0.935105
0.000000 0.107343 0.014430 0.878226
-0.000000 0.999485 0.000364 0.000151
-0.000000 0.937555 0.000648 0.061797
-0.000000 0.104482 0.013931 0.881586
0.000000 0.845985 0.008556 0.145459
-0.000000 0.999931 0.000069 0.000000
0.000000 0.150502 0.007925 0.841573
0.000000 0.998930 0.000184 0.000886
-0.000000 0.999973 0.000027 0.000000
-0.000000 0.999804 0.000196 0.000000
-0.000000 0.058846 0.010857 0.930297
-0.000000 0.044933 0.009102 0.945966
-0.000000 0.638155 0.047699 0.314147
0.000000 0.994475 0.000084 0.005440
-0.000000 0.058658 0.015634 0.925708
-0.000000 0.920259 0.067249 0.012493
-0.000000 0.560399 0.352214 0.087387
-0.000000 0.999904 0.000091 0.000005
-0.000000 0.987595 0.000197 0.012209
0.000000 0.998025 0.000194 0.001781
-0.000000 0.045431 0.009157 0.945412
0.000000 0.071599 0.010726 0.917674
-0.000000 0.998898 0.001073 0.000028
0.000000 0.999534 0.000428 0.000037
0.000000 0.061914 0.015635 0.922451
-0.000000 0.985914 0.000128 0.013957
0.000000 0.950396 0.049574 0.000031
0.000000 0.649422 0.008741 0.341837
-0.000000 0.999949 0.000051 0.000000
0.000000 0.221103 0.018893 0.760004
0.000000 0.118351 0.014903 0.866747
-0.000000 0.591300 0.006228 0.402473
0.000000 0.941262 0.048487 0.010250
-0.000000 0.122342 0.015100 0.862558
0.000000 0.996447 0.000277 0.003276
-0.000000 0.072346 0.015505 0.912149
-0.000000 0.082976 0.018108 0.898916
0.000000 0.999126 0.000252 0.000622
-0.000000 0.993596 0.001899 0.004506
-0.000000 0.988720 0.011145 0.000135
0.000000 0.066858 0.015676 0.917466
0.000000 0.998575 0.000196 0.001229
-0.000000 0.043013 0.013251 0.943736
-0.000000 0.904475 0.072502 0.023024
-0.000000 0.198994 0.018798 0.782208
-0.000000 0.045290 0.009692 0.945018
-0.000000 0.992966 0.000116 0.006917
0.000000 0.984343 0.000254 0.015403
0.000000 0.960660 0.000529 0.038811
0.000000 0.248550 0.023283 0.728167
-0.000000 0.127940 0.014837 0.857224
0.000000 0.068396 0.013614 0.917990
-0.000000 0.142421 0.013408 0.844170
-0.000000 0.997178 0.000072 0.002750
0.000000 0.952752 0.046700 0.000548
-0.000000 0.049704 0.012869 0.937427
-0.000000 0.089881 0.024798 0.885321
-0.000000 0.070131 0.014818 0.915051
0.000000 0.992419 0.000111 0.007469
0.000000 0.063813 0.013137 0.923050
0.000000 0.999725 0.000115 0.000160
-0.000000 0.051463 0.008547 0.939990
0.000000 0.949503 0.048652 0.001846
-0.000000 0.108079 0.014491 0.877429
0.000000 0.997059 0.000769 0.002172
0.000000 0.335754 0.036801 0.627445
-0.000000 0.999947 0.000049 0.000004
-0.000000 0.071282 0.014041 0.914677
0.000000 0.093943 0.016037 0.890020
-0.000000 0.936959 0.061489 0.001552
0.000000 0.178768 0.018044 0.803187
0.000000 0.047069 0.011160 0.941771
-0.000000 0.055678 0.009118 0.935204
-0.000000 0.047922 0.012806 0.939271
0.000000 0.063246 0.014061 0.922693
-0.000000 0.191425 0.016578 0.791997
-0.000000 0.042841 0.009403 0.947756
0.000000 0.488793 0.269360 0.241846
-0.000000 0.988404 0.000114 0.011482
-0.000000 0.118437 0.070149 0.811414
-0.000000 0.976771 0.000310 0.022919
0.000000 0.044111 0.010291 0.945598
-0.000000 0.999532 0.000435 0.000032
0.000000 0.051116 0.010687 0.938197
0.000000 0.171849 0.017337 0.810814
-0.000000 0.251779 0.108758 0.639464
-0.000000 0.045384 0.012669 0.941947
0.000000 0.164503 0.021049 0.814449
-0.000000 0.645435 0.040965 0.313600
0.000000 0.050283 0.008943 0.940774
0.000000 0.907493 0.071653 0.020854
-0.000000 0.090169 0.009105 0.900726
-0.000000 0.605104 0.377088 0.017808
0.000000 0.988614 0.002569 0.008817
0.000000 0.163569 0.012128 0.824303
-0.000000 0.120843 0.070704 0.808453
-0.000000 0.999942 0.000055 0.000003
0.000000 0.522207 0.043678 0.434115
-0.000000 0.068535 0.010556 0.920909
-0.000000 0.088389 0.015500 0.896110
0.000000 0.158962 0.013912 0.827126
-0.000000 0.062106 0.008779 0.929114
0.000000 0.184569 0.018223 0.797209
0.000000 0.988821 0.000184 0.010995
0.000000 0.054173 0.012613 0.933214
-0.000000 0.044017 0.008354 0.947629
-0.000000 0.104106 0.015909 0.879985
0.000000 0.272198 0.156504 0.571298
-0.000000 0.994868 0.000093 0.005039
-0.000000 0.056084 0.009157 0.934759
0.000000 0.951817 0.046291 0.001892
0.000000 0.999873 0.000127 0.000000
0.000000 0.996770 0.000087 0.003143
0.000000 0.999953 0.000045 0.000003
-0.000000 0.999955 0.000045 0.000000
-0.000000 0.121812 0.014212 0.863976
0.000000 0.999906 0.000082 0.000011
-0.000000 0.091119 0.015661 0.893220
0.000000 0.047218 0.009205 0.943577
-0.000000 0.068887 0.013017 0.918096
0.000000 0.084602 0.023395 0.892003
-0.000000 0.080350 0.015506 0.904144
-0.000000 0.387955 0.040514 0.571531
0.000000 0.106657 0.014441 0.878902
-0.000000 0.980381 0.002643 0.016976
0.000000 0.999946 0.000053 0.000001
0.000000 0.827999 0.171924 0.000077
-0.000000 0.059713 0.009660 0.930627
0.000000 0.081782 0.022551 0.895667
-0.000000 0.064433 0.014505 0.921063
-0.000000 0.999848 0.000132 0.000020
0.000000 0.097099 0.015441 0.887461
-0.000000 0.994236 0.004620 0.001144
-0.000000 0.176314 0.013068 0.810619
0.000000 0.046446 0.009915 0.943639
0.000000 0.761594 0.004000 0.234405
-0.000000 0.984727 0.000137 0.015137
-0.000000 0.049266 0.017244 0.933490
0.000000 0.999631 0.000077 0.000291
-0.000000 0.047887 0.010117 0.941995
-0.000000 0.118048 0.014495 0.867458
-0.000000 0.054936 0.010664 0.934400
0.000000 0.066085 0.017075 0.916840
0.000000 0.999862 0.000049 0.000089
-0.000000 0.090916 0.013043 0.896042
-0.000000 0.050273 0.008680 0.941048
0.000000 0.321928 0.012343 0.665730
-0.000000 0.044026 0.008565 0.947409
-0.000000 0.987907 0.000179 0.011914
0.000000 0.120115 0.015316 0.864570
-0.000000 0.103083 0.016370 0.880547
-0.000000 0.048619 0.008660 0.942721
-0.000000 0.199971 0.017776 0.782253
-0.000000 0.102430 0.016788 0.880782
-0.000000 0.999782 0.000117 0.000100
-0.000000 0.950639 0.002012 0.047350
-0.000000 0.823837 0.010963 0.165200
-0.000000 0.999317 0.000682 0.000000
0.000000 0.116016 0.014669 0.869315
-0.000000 0.069491 0.008851 0.921658
-0.000000 0.995131 0.000075 0.004794
-0.000000 0.053006 0.012228 0.934766
-0.000000 0.715539 0.015261 0.269199
0.000000 0.999946 0.000047 0.000007
-0.000000 0.945639 0.000650 0.053711
-0.000000 0.940283 0.052630 0.007086
-0.000000 0.993541 0.006065 0.000394
0.000000 0.062977 0.013121 0.923901
-0.000000 0.175403 0.015746 0.808851
0.000000 0.081594 0.008887 0.909519
0.000000 0.999483 0.000398 0.000119
0.000000 0.099866 0.009493 0.890641
0.000000 0.229605 0.008645 0.761750
0.000000 0.106464 0.014373 0.879163
-0.000000 0.988890 0.000224 0.010886
0.000000 0.999543 0.000457 0.000000
0.000000 0.105494 0.014925 0.879581
-0.000000 0.125222 0.017109 0.857668
-0.000000 0.063309 0.017943 0.918749
-0.000000 0.995425 0.000079 0.004495
-0.000000 0.073742 0.014127 0.912131
0.000000 0.698341 0.003654 0.298005
0.000000 0.049725 0.010959 0.939316
-0.000000 0.065782 0.009259 0.924959
-0.000000 0.045422 0.010512 0.944065
0.000000 0.993525 0.000098 0.006377
-0.000000 0.952240 0.000712 0.047048
-0.000000 0.052137 0.010259 0.937604
-0.000000 0.916679 0.001117 0.082204
-0.000000 0.973962 0.000444 0.025594
-0.000000 0.064775 0.010349 0.924876
0.000000 0.185016 0.022808 0.792175
0.000000 0.067761 0.015162 0.917078
0.000000 0.999955 0.000043 0.000002
-0.000000 0.999775 0.000067 0.000158
0.000000 0.186346 0.014351 0.799303
-0.000000 0.995286 0.000093 0.004620
0.000000 0.969423 0.001025 0.029553
-0.000000 0.119307 0.013725 0.866968
0.000000 0.111068 0.014715 0.874217
-0.000000 0.999947 0.000049 0.000003
-0.000000 0.984420 0.000414 0.015167
0.000000 0.136599 0.013179 0.850223
-0.000000 0.064132 0.010136 0.925733
0.000000 0.104106 0.015503 0.880391
0.000000 0.047295 0.008806 0.943899
-0.000000 0.263535 0.016024 0.720440
0.000000 0.938957 0.000963 0.060080
-0.000000 0.086137 0.015199 0.898664
-0.000000 0.120635 0.016946 0.862420
0.000000 0.999803 0.000188 0.000009
-0.000000 0.999880 0.000117 0.000003
-0.000000 0.992850 0.000119 0.007032
-0.000000 0.742503 0.003545 0.253952
-0.000000 0.111519 0.013569 0.874912
-0.000000 0.999932 0.000045 0.000023
0.000000 0.055795 0.011283 0.932922
0.000000 0.119455 0.014665 0.865880
-0.000000 0.984658 0.000152 0.015190
0.000000 0.997687 0.000123 0.002190
-0.000000 0.998864 0.001127 0.000009
-0.000000 0.186270 0.007157 0.806573
-0.000000 0.064191 0.013340 0.922469
-0.000000 0.997654 0.001952 0.000394
0.000000 0.997723 0.001272 0.001005
0.000000 0.087011 0.015624 0.897365
-0.000000 0.283467 0.007436 0.709097
-0.000000 0.241244 0.027311 0.731445
-0.000000 0.103428 0.014372 0.882200
-0.000000 0.885237 0.070752 0.044011
-0.000000 0.094955 0.016017 0.889028
0.000000 0.987528 0.000194 0.012278
0.000000 0.087615 0.030876 0.881509
0.000000 0.965574 0.000604 0.033822
0.000000 0.998822 0.000193 0.000985
0.000000 0.989538 0.000227 0.010235
0.000000 0.101294 0.011855 0.886851
0.000000 0.988189 0.010705 0.001107
-0.000000 0.975120 0.000366 0.024515
0.000000 0.198611 0.018877 0.782512
0.000000 0.999821 0.000176 0.000003
-0.000000 0.883788 0.073202 0.043009
0.000000 0.043951 0.008716 0.947333
0.000000 0.985373 0.002044 0.012584
0.000000 0.999969 0.000031 0.000000
-0.000000 0.175199 0.015714 0.809087
-0.000000 0.183351 0.018413 0.798236
0.000000 0.941486 0.057784 0.000731
-0.000000 0.987307 0.012643 0.000050
-0.000000 0.079701 0.038556 0.881743
-0.000000 0.049114 0.008522 0.942364
-0.000000 0.948256 0.000914 0.050830
-0.000000 0.219438 0.006780 0.773782
0.000000 0.044794 0.010557 0.944649
-0.000000 0.733826 0.068898 0.197276
-0.000000 0.094408 0.015950 0.889642
0.000000 0.114927 0.013562 0.871510
-0.000000 0.574205 0.049254 0.376541
-0.000000 0.076070 0.010861 0.913069
-0.000000 0.226022 0.027633 0.746345
0.000000 0.137354 0.013973 0.848673
0.000000 0.999543 0.000377 0.000080
0.000000 0.435129 0.040682 0.524189
-0.000000 0.999828 0.000172 0.000000
-0.000000 0.247297 0.011309 0.741394
0.000000 0.107823 0.014880 0.877297
-0.000000 0.959169 0.037328 0.003503
0.000000 0.045827 0.009233 0.944940
0.000000 0.047545 0.008874 0.943582
0.000000 0.988980 0.000114 0.010906
0.000000 0.110090 0.016991 0.872919
-0.000000 0.998955 0.000061 0.000984
0.000000 0.996733 0.000078 0.003189
-0.000000 0.104481 0.016111 0.879408
0.000000 0.971079 0.028921 0.000000
0.000000 0.999783 0.000179 0.000038
0.000000 0.177859 0.014450 0.807691
0.000000 0.302611 0.010822 0.686567
0.000000 0.198631 0.016951 0.784418
0.000000 0.815802 0.006243 0.177954
0.000000 0.264400 0.024733 0.710867
0.000000 0.102951 0.015026 0.882023
-0.000000 0.101852 0.044193 0.853955
0.000000 0.406750 0.012773 0.580477
0.000000 0.966756 0.033241 0.000003
-0.000000 0.855105 0.001414 0.143480
-0.000000 0.054705 0.017627 0.927668
0.000000 0.056447 0.009214 0.934339
0.000000 0.073064 0.013525 0.913411
0.000000 0.999958 0.000042 0.000000
-0.000000 0.296361 0.022800 0.680839
0.000000 0.077690 0.010246 0.912064
-0.000000 0.996994 0.001704 0.001301
-0.000000 0.075255 0.011403 0.913342
0.000000 0.100457 0.012367 0.887176
0.000000 0.116876 0.014160 0.868964
0.000000 0.768260 0.068412 0.163328
0.000000 0.047215 0.008945 0.943840
0.000000 0.085717 0.012472 0.901811
0.000000 0.507727 0.008244 0.484029
-0.000000 0.047576 0.009621 0.942803
0.000000 0.094496 0.015426 0.890079
-0.000000 0.065900 0.013835 0.920265
-0.000000 0.060019 0.014970 0.925011
-0.000000 0.336665 0.029298 0.634037
-0.000000 0.335581 0.012041 0.652378
0.000000 0.067159 0.017451 0.915391
-0.000000 0.268009 0.014124 0.717867
0.000000 0.992577 0.000187 0.007236
0.000000 0.977417 0.000357 0.022226
0.000000 0.949344 0.049667 0.000989
-0.000000 0.174766 0.021226 0.804007
-0.000000 0.999872 0.000101 0.000026
0.000000 0.666015 0.003024 0.330961
-0.000000 0.059601 0.019782 0.920617
0.000000 0.116215 0.015558 0.868227
0.000000 0.102456 0.014342 0.883202
-0.000000 0.999655 0.000147 0.000199
0.000000 0.969292 0.000302 0.030405
-0.000000 0.981676 0.000574 0.017750
-0.000000 0.042856 0.016967 0.940176
-0.000000 0.999546 0.000386 0.000068
-0.000000 0.069256 0.019793 0.910951
-0.000000 0.999760 0.000068 0.000173
-0.000000 0.112087 0.013391 0.874522
-0.000000 0.110517 0.013860 0.875622
-0.000000 0.982232 0.000299 0.017469
-0.000000 0.169480 0.020042 0.810478
0.000000 0.142921 0.015736 0.841342
-0.000000 0.999072 0.000254 0.000674
-0.000000 0.997241 0.000076 0.002683
0.000000 0.093497 0.015223 0.891280
0.000000 0.971887 0.000248 0.027865
0.000000 0.990496 0.000285 0.009219
-0.000000 0.994201 0.000088 0.005712
-0.000000 0.076202 0.014530 0.909268
-0.000000 0.111410 0.013587 0.875004
-0.000000 0.070136 0.014726 0.915138
-0.000000 0.105740 0.015977 0.878283
0.000000 0.235037 0.011214 0.753749
-0.000000 0.070394 0.018840 0.910766
-0.000000 0.119225 0.017942 0.862832
0.000000 0.089184 0.012848 0.897969
-0.000000 0.995802 0.000214 0.003984
0.000000 0.123994 0.009101 0.866905
0.000000 0.050053 0.008631 0.941316
0.000000 0.062201 0.009683 0.928116
-0.000000 0.981430 0.000328 0.018242
0.000000 0.999951 0.000048 0.000001
0.000000 0.050278 0.009719 0.940003
-0.000000 0.198039 0.016953 0.785008
0.000000 0.472611 0.039441 0.487948
-0.000000 0.211307 0.025406 0.763286
0.000000 0.926489 0.003230 0.070281
-0.000000 0.216238 0.014496 0.769266
0.000000 0.047578 0.010215 0.942207
0.000000 0.999836 0.000117 0.000047
-0.000000 0.954614 0.045225 0.000161
0.000000 0.999650 0.000333 0.000017
-0.000000 0.186073 0.008257 0.805670
-0.000000 0.941636 0.057255 0.001108
-0.000000 0.999949 0.000048 0.000004
0.000000 0.951290 0.048303 0.000406
0.000000 0.980374 0.000335 0.019291
-0.000000 0.128644 0.017399 0.853957
-0.000000 0.993966 0.000109 0.005925
0.000000 0.146835 0.136830 0.716335
-0.000000 0.990443 0.000440 0.009117
0.000000 0.533682 0.042471 0.423847
-0.000000 0.050994 0.010692 0.938314
-0.000000 0.245778 0.023128 0.731094
0.000000 0.090560 0.014741 0.894699
-0.000000 0.999959 0.000041 0.000000
0.000000 0.977490 0.014861 0.007648
-0.000000 0.106235 0.014605 0.879160
0.000000 0.128817 0.014166 0.857017
0.000000 0.210926 0.048598 0.740476
0.000000 0.377399 0.032789 0.589812
-0.000000 0.999156 0.000423 0.000421
-0.000000 0.943090 0.055159 0.001751
0.000000 0.054435 0.009102 0.936463
-0.000000 0.053309 0.009088 0.937603
-0.000000 0.064159 0.010202 0.925639
-0.000000 0.063126 0.015579 0.921295
-0.000000 0.985769 0.000181 0.014050
0.000000 0.991335 0.000165 0.008500
-0.000000 0.058675 0.009619 0.931706
0.000000 0.998160 0.000097 0.001743
-0.000000 0.923261 0.051368 0.025371
0.000000 0.983892 0.000141 0.015967
-0.000000 0.102178 0.015230 0.882592
-0.000000 0.068822 0.009358 0.921820
0.000000 0.046853 0.009980 0.943168
0.000000 0.059801 0.008550 0.931649
0.000000 0.999916 0.000055 0.000029
-0.000000 0.074033 0.011350 0.914617
0.000000 0.046391 0.008729 0.944880
-0.000000 0.999845 0.000147 0.000008
-0.000000 0.075534 0.011493 0.912973
0.000000 0.051104 0.009798 0.939098
0.000000 0.073024 0.011046 0.915930
0.000000 0.232090 0.035930 0.731979
0.000000 0.112291 0.015516 0.872193
0.000000 0.080935 0.013958 0.905107
0.000000 0.048223 0.011932 0.939844
-0.000000 0.064184 0.008939 0.926877
-0.000000 0.997663 0.000165 0.002172
-0.000000 0.999651 0.000286 0.000064
-0.000000 0.161454 0.008253 0.830294
-0.000000 0.056626 0.013648 0.929726
0.000000 0.734421 0.066907 0.198672
0.000000 0.076540 0.010154 0.913305
-0.000000 0.827878 0.007507 0.164615
0.000000 0.093573 0.016254 0.890173
0.000000 0.047602 0.008491 0.943907
-0.000000 0.149167 0.017782 0.833050
-0.000000 0.999928 0.000072 0.000000
-0.000000 0.104508 0.013712 0.881780
-0.000000 0.062844 0.010879 0.926277
-0.000000 0.995693 0.000080 0.004227
0.000000 0.051976 0.008804 0.939220
-0.000000 0.269775 0.031276 0.698949
0.000000 0.520504 0.054870 0.424626
0.000000 0.920572 0.000713 0.078715
-0.000000 0.994321 0.000091 0.005588
-0.000000 0.998861 0.000135 0.001004
-0.000000 0.999768 0.000218 0.000014
-0.000000 0.590045 0.058335 0.351620
0.000000 0.216587 0.017616 0.765796
0.000000 0.121887 0.014749 0.863364
0.000000 0.123388 0.015614 0.860998
0.000000 0.997350 0.000071 0.002579
-0.000000 0.999583 0.000163 0.000254
-0.000000 0.058098 0.010482 0.931419
-0.000000 0.071640 0.014095 0.914265
-0.000000 0.993644 0.000099 0.006257
-0.000000 0.045369 0.008333 0.946298
-0.000000 0.052459 0.011353 0.936187
-0.000000 0.195606 0.017018 0.787376
0.000000 0.537088 0.010557 0.452355
0.000000 0.154821 0.011451 0.833728
-0.000000 0.051093 0.008684 0.940222
0.000000 0.989300 0.000196 0.010503
0.000000 0.170057 0.061974 0.767969
-0.000000 0.984209 0.000185 0.015606
0.000000 0.107607 0.014657 0.877736
-0.000000 0.924784 0.001125 0.074090
-0.000000 0.055248 0.015293 0.929459
0.000000 0.043927 0.009096 0.946977
-0.000000 0.995895 0.000225 0.003880
0.000000 0.190510 0.016602 0.792887
0.000000 0.067599 0.013509 0.918892
0.000000 0.998652 0.001345 0.000003
-0.000000 0.999947 0.000042 0.000011
0.000000 0.136466 0.014892 0.848641
0.000000 0.056429 0.009356 0.934215
-0.000000 0.121670 0.016166 0.862164
-0.000000 0.999734 0.000070 0.000196
0.000000 0.129627 0.017463 0.852910
-0.000000 0.046678 0.008443 0.944879
-0.000000 0.937991 0.000936 0.061073
0.000000 0.913210 0.000834 0.085956
-0.000000 0.973337 0.026436 0.000227
0.000000 0.166856 0.019739 0.813405
-0.000000 0.125675 0.010198 0.864127
-0.000000 0.998758 0.000355 0.000886
0.000000 0.051936 0.008688 0.939376
-0.000000 0.959568 0.000688 0.039744
-0.000000 0.983873 0.009267 0.006861
-0.000000 0.118862 0.015837 0.865302
0.000000 0.992931 0.000115 0.006954
-0.000000 0.900631 0.063293 0.036076
0.000000 0.427884 0.013622 0.558494
-0.000000 0.690447 0.047678 0.261875
0.000000 0.965959 0.031996 0.002045
0.000000 0.993616 0.000100 0.006283
0.000000 0.110068 0.013917 0.876015
-0.000000 0.102424 0.016392 0.881184
-0.000000 0.124974 0.016769 0.858257
-0.000000 0.787006 0.003155 0.209839
-0.000000 0.100971 0.015635 0.883393
0.000000 0.097404 0.013800 0.888796
0.000000 0.117477 0.013837 0.868686
0.000000 0.999601 0.000140 0.000259
-0.000000 0.990516 0.000175 0.009309
0.000000 0.823792 0.002720 0.173488
0.000000 0.892858 0.061826 0.045317
-0.000000 0.609115 0.003553 0.387332
0.000000 0.057644 0.012216 0.930140
0.000000 0.776576 0.009527 0.213897
-0.000000 0.054404 0.012547 0.933049
0.000000 0.236551 0.013443 0.750006
-0.000000 0.184709 0.093744 0.721547
0.000000 0.986143 0.013599 0.000258
0.000000 0.727950 0.004602 0.267449
-0.000000 0.961558 0.000352 0.038089
0.000000 0.999943 0.000049 0.000008
0.000000 0.999573 0.000066 0.000362
-0.000000 0.076448 0.011990 0.911561
0.000000 0.095687 0.013562 0.890751
0.000000 0.978678 0.000295 0.021027
-0.000000 0.045705 0.009291 0.945004
-0.000000 0.142320 0.020603 0.837077
0.000000 0.130474 0.016727 0.852799
-0.000000 0.064739 0.018617 0.916645
-0.000000 0.919753 0.001528 0.078719
-0.000000 0.832443 0.003444 0.164113
0.000000 0.993216 0.001510 0.005274
-0.000000 0.060986 0.009778 0.929235
-0.000000 0.996937 0.000076 0.002987
0.000000 0.101610 0.018377 0.880013
-0.000000 0.987377 0.000128 0.012496
0.000000 0.048261 0.009590 0.942149
0.000000 0.330783 0.032629 0.636589
-0.000000 0.999950 0.000049 0.000002
-0.000000 0.999608 0.000145 0.000246
-0.000000 0.990849 0.000815 0.008336
0.000000 0.988297 0.000212 0.011491
0.000000 0.053125 0.008849 0.938026
-0.000000 0.059890 0.017950 0.922160
0.000000 0.997316 0.000284 0.002400
-0.000000 0.102518 0.015949 0.881533
-0.000000 0.049055 0.012374 0.938571
0.000000 0.981624 0.000299 0.018077
-0.000000 0.140030 0.017898 0.842072
0.000000 0.067253 0.017590 0.915158
-0.000000 0.080873 0.015533 0.903594
-0.000000 0.090404 0.014346 0.895250
0.000000 0.044497 0.009114 0.946389
-0.000000 0.204311 0.024478 0.771211
-0.000000 0.991114 0.000258 0.008629
0.000000 0.131452 0.017556 0.850992
-0.000000 0.999031 0.000065 0.000904
0.000000 0.082033 0.012277 0.905689
-0.000000 0.158375 0.007353 0.834272
-0.000000 0.999895 0.000105 0.000000
-0.000000 0.247628 0.027891 0.724481
0.000000 0.081528 0.012031 0.906441
-0.000000 0.045088 0.008582 0.946330
0.000000 0.154162 0.015391 0.830447
0.000000 0.919612 0.059056 0.021332
0.000000 0.188862 0.014398 0.796741
-0.000000 0.998516 0.000367 0.001117
0.000000 0.072848 0.010860 0.916292
-0.000000 0.353161 0.007923 0.638916
0.000000 0.064839 0.022509 0.912653
-0.000000 0.112652 0.015286 0.872062
0.000000 0.930864 0.000640 0.068496
0.000000 0.999833 0.000118 0.000049
-0.000000 0.050006 0.008617 0.941377
0.000000 0.896552 0.002123 0.101325
0.000000 0.059163 0.014181 0.926655
0.000000 0.077803 0.013686 0.908511
0.000000 0.999492 0.000256 0.000252
-0.000000 0.048463 0.008646 0.942890
-0.000000 0.102584 0.014153 0.883263
0.000000 0.998326 0.000142 0.001532
-0.000000 0.164910 0.020406 0.814683
-0.000000 0.999959 0.000041 0.000001
0.000000 0.999692 0.000112 0.000196
-0.000000 0.983031 0.000458 0.016512
-0.000000 0.998877 0.000182 0.000941
0.000000 0.068790 0.014265 0.916945
0.000000 0.117804 0.013848 0.868348
0.000000 0.931014 0.013646 0.055340
0.000000 0.525933 0.053001 0.421066
0.000000 0.987379 0.000248 0.012373
0.000000 0.994433 0.000132 0.005435
0.000000 0.998078 0.000066 0.001856
-0.000000 0.866973 0.046103 0.086923
0.000000 0.995246 0.000092 0.004662
0.000000 0.997485 0.001119 0.001396
-0.000000 0.050227 0.011252 0.938521
-0.000000 0.123918 0.016548 0.859534
-0.000000 0.322362 0.024326 0.653312
0.000000 0.262472 0.024695 0.712834
-0.000000 0.992955 0.000117 0.006928
0.000000 0.067653 0.010330 0.922017
0.000000 0.060527 0.010609 0.928864
0.000000 0.045116 0.008505 0.946380
0.000000 0.069468 0.013858 0.916674
0.000000 0.063081 0.027687 0.909232
-0.000000 0.113069 0.013276 0.873656
-0.000000 0.999527 0.000163 0.000310
0.000000 0.999932 0.000057 0.000011
-0.000000 0.057409 0.012578 0.930013
-0.000000 0.050595 0.008925 0.940479
0.000000 0.173524 0.017866 0.808610
0.000000 0.974632 0.000309 0.025059
-0.000000 0.181984 0.012946 0.805070
-0.000000 0.994637 0.000091 0.005272
-0.000000 0.609039 0.006464 0.384496
-0.000000 0.086285 0.014785 0.898930
0.000000 0.063711 0.010141 0.926148
-0.000000 0.952590 0.000426 0.046984
-0.000000 0.119388 0.014889 0.865722
0.000000 0.999067 0.000132 0.000801
-0.000000 0.043763 0.009079 0.947158
0.000000 0.051892 0.010799 0.937309
-0.000000 0.999417 0.000133 0.000451
0.000000 0.567995 0.004319 0.427686
-0.000000 0.955894 0.002092 0.042014
-0.000000 0.045441 0.008914 0.945645
0.000000 0.989672 0.000147 0.010182
0.000000 0.139213 0.016038 0.844749
-0.000000 0.047518 0.010600 0.941882
0.000000 0.829900 0.003097 0.167003
0.000000 0.710334 0.124349 0.165317
0.000000 0.078149 0.013745 0.908105
0.000000 0.998540 0.001352 0.000108
-0.000000 0.058269 0.013434 0.928297
-0.000000 0.065243 0.013375 0.921381
0.000000 0.998500 0.000356 0.001145
-0.000000 0.074856 0.023317 0.901826
0.000000 0.999898 0.000099 0.000002
-0.000000 0.967125 0.000385 0.032490
-0.000000 0.105716 0.015963 0.878321
0.000000 0.996697 0.000075 0.003228
-0.000000 0.258317 0.029413 0.712270
-0.000000 0.989180 0.000172 0.010648
0.000000 0.091089 0.008058 0.900852
-0.000000 0.298551 0.026464 0.674985
-0.000000 0.982378 0.000361 0.017261
-0.000000 0.084766 0.012449 0.902785
-0.000000 0.106878 0.014844 0.878278
-0.000000 0.048053 0.009723 0.942224
-0.000000 0.289175 0.011939 0.698886
-0.000000 0.947433 0.050521 0.002046
0.000000 0.120454 0.013253 0.866293
-0.000000 0.998898 0.001102 0.000000
-0.000000 0.999525 0.000155 0.000320
0.000000 0.995173 0.000142 0.004685
-0.000000 0.960059 0.000498 0.039443
0.000000 0.999880 0.000119 0.000001
0.000000 0.999911 0.000088 0.000001
-0.000000 0.990957 0.000201 0.008842
-0.000000 0.963993 0.036005 0.000002
0.000000 0.107304 0.014217 0.878479
-0.000000 0.060762 0.009649 0.929589
-0.000000 0.046603 0.010107 0.943290
0.000000 0.602940 0.005907 0.391153
-0.000000 0.205437 0.020400 0.774163
0.000000 0.999967 0.000033 0.000000
-0.000000 0.482536 0.008694 0.508769
-0.000000 0.066982 0.018874 0.914145
0.000000 0.992145 0.000131 0.007724
0.000000 0.164463 0.015497 0.820040
0.000000 0.933460 0.000739 0.065802
0.000000 0.998873 0.001109 0.000018
-0.000000 0.999061 0.000067 0.000872
0.000000 0.998966 0.000072 0.000962
-0.000000 0.212394 0.017770 0.769836
-0.000000 0.999936 0.000064 0.000000
0.000000 0.198241 0.019686 0.782072
-0.000000 0.160702 0.017644 0.821655
0.000000 0.781788 0.003449 0.214763
-0.000000 0.128081 0.014112 0.857807
-0.000000 0.081637 0.008818 0.909545
0.000000 0.103520 0.018046 0.878434
-0.000000 0.999052 0.000894 0.000054
-0.000000 0.995097 0.000115 0.004788
-0.000000 0.112865 0.012990 0.874145
0.000000 0.999732 0.000071 0.000197
-0.000000 0.107589 0.014731 0.877680
0.000000 0.817316 0.070615 0.112069
0.000000 0.991096 0.000438 0.008466
-0.000000 0.999676 0.000318 0.000007
-0.000000 0.983031 0.000352 0.016617
0.000000 0.666369 0.065890 0.267741
0.000000 0.044256 0.008500 0.947244
0.000000 0.072154 0.011116 0.916730
0.000000 0.153668 0.017189 0.829142
-0.000000 0.993782 0.000214 0.006004
-0.000000 0.964348 0.000575 0.035077
0.000000 0.149859 0.019514 0.830627
0.000000 0.999738 0.000261 0.000001
0.000000 0.999951 0.000044 0.000005
-0.000000 0.998856 0.000965 0.000179
-0.000000 0.993572 0.000095 0.006333
-0.000000 0.996575 0.000287 0.003138
-0.000000 0.999624 0.000148 0.000228
0.000000 0.043578 0.009886 0.946536
0.000000 0.985837 0.000243 0.013920
-0.000000 0.721055 0.003672 0.275273
-0.000000 0.986507 0.000147 0.013347
-0.000000 0.050912 0.008739 0.940349
0.000000 0.200821 0.019872 0.779307
-0.000000 0.053212 0.012634 0.934154
0.000000 0.987196 0.000126 0.012679
0.000000 0.049449 0.008886 0.941664
-0.000000 0.128794 0.014283 0.856923
0.000000 0.999335 0.000609 0.000056
0.000000 0.048878 0.013742 0.937379
-0.000000 0.999738 0.000254 0.000008
0.000000 0.049158 0.009295 0.941547
-0.000000 0.999916 0.000084 0.000000
0.000000 0.050665 0.009028 0.940307
-0.000000 0.456191 0.012046 0.531763
-0.000000 0.994312 0.000092 0.005596
0.000000 0.060431 0.015655 0.923914
-0.000000 0.981524 0.000223 0.018253
-0.000000 0.084950 0.024908 0.890142
-0.000000 0.987935 0.000115 0.011949
0.000000 0.125305 0.014241 0.860454
-0.000000 0.067940 0.010650 0.921409
0.000000 0.915260 0.070576 0.014164
-0.000000 0.113860 0.015077 0.871063
0.000000 0.999890 0.000086 0.000024
0.000000 0.051318 0.011790 0.936893
-0.000000 0.113791 0.050405 0.835804
-0.000000 0.047374 0.009907 0.942719
0.000000 0.062043 0.009731 0.928226
0.000000 0.050806 0.015359 0.933835
0.000000 0.047573 0.009272 0.943155
-0.000000 0.995278 0.000639 0.004083
0.000000 0.990964 0.000660 0.008376
-0.000000 0.165590 0.008732 0.825678
0.000000 0.419118 0.032784 0.548098
0.000000 0.114880 0.015516 0.869604
0.000000 0.072386 0.009776 0.917838
0.000000 0.048849 0.008439 0.942711
-0.000000 0.064390 0.022701 0.912909
0.000000 0.947868 0.051463 0.000669
0.000000 0.119449 0.014027 0.866523
-0.000000 0.999469 0.000142 0.000390
-0.000000 0.162896 0.020294 0.816810
0.000000 0.987212 0.000163 0.012624
-0.000000 0.267581 0.023034 0.709386
-0.000000 0.050042 0.012555 0.937403
-0.000000 0.938766 0.000917 0.060317
-0.000000 0.443921 0.013846 0.542233
-0.000000 0.975862 0.000370 0.023768
-0.000000 0.068166 0.009242 0.922592
-0.000000 0.948074 0.001214 0.050712
-0.000000 0.999764 0.000177 0.000059
-0.000000 0.131073 0.014435 0.854492
0.000000 0.043007 0.008507 0.948486
-0.000000 0.377358 0.022575 0.600067
0.000000 0.136951 0.014298 0.848751
0.000000 0.122592 0.014112 0.863296
-0.000000 0.202744 0.132276 0.664980
-0.000000 0.123906 0.014052 0.862041
0.000000 0.147490 0.015641 0.836869
-0.000000 0.396300 0.012639 0.591061
0.000000 0.722405 0.048534 0.229061
0.000000 0.995258 0.000399 0.004343
-0.000000 0.259057 0.025150 0.715792
-0.000000 0.991302 0.008170 0.000528
-0.000000 0.051345 0.008665 0.939989
0.000000 0.081362 0.012067 0.906571
0.000000 0.399770 0.007238 0.592992
-0.000000 0.052895 0.016572 0.930533
0.000000 0.190092 0.053253 0.756655
0.000000 0.966323 0.000347 0.033330
0.000000 0.282404 0.009992 0.707604
-0.000000 0.277462 0.012762 0.709776
-0.000000 0.065235 0.013170 0.921595
-0.000000 0.917796 0.001383 0.080821
-0.000000 0.073048 0.014051 0.912901
0.000000 0.102011 0.014876 0.883113
-0.000000 0.139310 0.010743 0.849948
-0.000000 0.999949 0.000049 0.000003
-0.000000 0.996688 0.002811 0.000501
-0.000000 0.106190 0.014304 0.879506
-0.000000 0.994318 0.000106 0.005576
0.000000 0.777978 0.003497 0.218525
0.000000 0.216105 0.010550 0.773345
0.000000 0.046817 0.008671 0.944511
0.000000 0.047857 0.009695 0.942448
-0.000000 0.084470 0.013899 0.901631
0.000000 0.454906 0.010152 0.534942
-0.000000 0.077622 0.014424 0.907954
-0.000000 0.157091 0.007855 0.835054
-0.000000 0.051829 0.012392 0.935779
0.000000 0.110138 0.015791 0.874071
0.000000 0.754606 0.049877 0.195517
-0.000000 0.092328 0.015429 0.892243
-0.000000 0.987162 0.000247 0.012590
0.000000 0.048701 0.016292 0.935007
0.000000 0.138048 0.017939 0.844013
0.000000 0.105674 0.014350 0.879977
0.000000 0.063072 0.017330 0.919598
-0.000000 0.989611 0.010389 0.000000
0.000000 0.097721 0.016385 0.885894
0.000000 0.072551 0.014175 0.913274
0.000000 0.161637 0.010467 0.827896
-0.000000 0.999927 0.000073 0.000000
0.000000 0.127607 0.013731 0.858662
-0.000000 0.043446 0.008920 0.947633
-0.000000 0.283739 0.010026 0.706235
-0.000000 0.685988 0.049443 0.264568
-0.000000 0.980270 0.000244 0.019486
-0.000000 0.071298 0.014009 0.914693
0.000000 0.118437 0.013822 0.867741
-0.000000 0.641259 0.003346 0.355394
-0.000000 0.105871 0.014841 0.879289
-0.000000 0.051695 0.008698 0.939607
-0.000000 0.057485 0.013875 0.928639
-0.000000 0.122871 0.016524 0.860605
-0.000000 0.251143 0.006551 0.742306
0.000000 0.062339 0.010097 0.927564
0.000000 0.983501 0.001316 0.015183
-0.000000 0.106350 0.014748 0.878901
-0.000000 0.114184 0.015664 0.870152
0.000000 0.981227 0.000283 0.018490
-0.000000 0.682564 0.051158 0.266279
0.000000 0.053047 0.008135 0.938818
0.000000 0.088835 0.015060 0.896106
0.000000 0.071484 0.013913 0.914603
0.000000 0.999974 0.000026 0.000000
-0.000000 0.105370 0.016172 0.878458
0.000000 0.998748 0.001112 0.000140
-0.000000 0.978961 0.018848 0.002191
0.000000 0.126887 0.014290 0.858823
-0.000000 0.999900 0.000057 0.000043
0.000000 0.063753 0.027042 0.909205
-0.000000 0.056619 0.013439 0.929942
0.000000 0.059296 0.009789 0.930915
0.000000 0.054244 0.012948 0.932807
0.000000 0.128496 0.038739 0.832765
-0.000000 0.978879 0.000287 0.020835
-0.000000 0.698850 0.012330 0.288820
0.000000 0.998865 0.000167 0.000968
-0.000000 0.044834 0.008776 0.946390
-0.000000 0.054790 0.008932 0.936278
0.000000 0.956598 0.043317 0.000085
-0.000000 0.049348 0.012542 0.938111
-0.000000 0.963927 0.000336 0.035737
-0.000000 0.132095 0.017272 0.850633
-0.000000 0.999829 0.000120 0.000051
-0.000000 0.999737 0.000118 0.000145
-0.000000 0.095456 0.011688 0.892856
0.000000 0.620167 0.016790 0.363043
-0.000000 0.914324 0.000749 0.084927
-0.000000 0.047912 0.009718 0.942370
-0.000000 0.968669 0.000306 0.031025
0.000000 0.999795 0.000205 0.000000
-0.000000 0.209938 0.013776 0.776287
-0.000000 0.245606 0.028385 0.726009
-0.000000 0.953982 0.000863 0.045155
0.000000 0.996783 0.000098 0.003119
-0.000000 0.925890 0.062094 0.012016
-0.000000 0.305503 0.010570 0.683927
0.000000 0.057114 0.011940 0.930946
0.000000 0.113261 0.014874 0.871865
0.000000 0.050080 0.012282 0.937638
-0.000000 0.082634 0.012148 0.905218
-0.000000 0.969657 0.000472 0.029871
0.000000 0.998744 0.000130 0.001126
-0.000000 0.103192 0.014378 0.882430
-0.000000 0.069008 0.010588 0.920404
0.000000 0.999544 0.000342 0.000114
-0.000000 0.071452 0.011520 0.917028
-0.000000 0.114941 0.013551 0.871509
0.000000 0.918050 0.063435 0.018515
-0.000000 0.879149 0.053943 0.066908
0.000000 0.958730 0.001157 0.040112
-0.000000 0.048076 0.013247 0.938677
-0.000000 0.936129 0.001078 0.062793
-0.000000 0.664194 0.046257 0.289549
0.000000 0.978035 0.006643 0.015322
-0.000000 0.071680 0.013936 0.914384
0.000000 0.046388 0.012616 0.940995
-0.000000 0.124673 0.014096 0.861231
0.000000 0.052643 0.008919 0.938437
-0.000000 0.118926 0.013661 0.867412
0.000000 0.997124 0.000166 0.002709
0.000000 0.999929 0.000052 0.000019
-0.000000 0.055756 0.009644 0.934600
-0.000000 0.582578 0.059550 0.357872
0.000000 0.999068 0.000065 0.000866
0.000000 0.981984 0.002350 0.015666
0.000000 0.087506 0.012119 0.900375
-0.000000 0.418176 0.046157 0.535667
-0.000000 0.079816 0.014006 0.906178
0.000000 0.063505 0.014203 0.922291
0.000000 0.075906 0.009789 0.914305
0.000000 0.163366 0.012446 0.824188
0.000000 0.485912 0.011020 0.503068
-0.000000 0.105980 0.015488 0.878532
-0.000000 0.934824 0.060109 0.005066
0.000000 0.999811 0.000051 0.000138
0.000000 0.990868 0.000207 0.008925
-0.000000 0.999847 0.000050 0.000103
0.000000 0.999257 0.000370 0.000373
0.000000 0.989373 0.000168 0.010458
-0.000000 0.200377 0.009664 0.789959
-0.000000 0.984464 0.000272 0.015264
0.000000 0.074199 0.011213 0.914589
0.000000 0.990664 0.000122 0.009213
-0.000000 0.065428 0.014230 0.920342
-0.000000 0.191768 0.017118 0.791114
-0.000000 0.999865 0.000052 0.000083
0.000000 0.484793 0.051216 0.463992
-0.000000 0.052409 0.008490 0.939101
0.000000 0.978204 0.000307 0.021490
-0.000000 0.991727 0.000172 0.008101
-0.000000 0.991605 0.000194 0.008201
-0.000000 0.343574 0.026401 0.630025
0.000000 0.118049 0.015756 0.866195
-0.000000 0.049848 0.012903 0.937249
0.000000 0.122474 0.016247 0.861279
-0.000000 0.151120 0.015142 0.833738
0.000000 0.986737 0.000119 0.013144
-0.000000 0.999974 0.000026 0.000000
-0.000000 0.073717 0.013059 0.913224
-0.000000 0.111077 0.016983 0.871940
-0.000000 0.464702 0.515921 0.019378
-0.000000 0.324633 0.029318 0.646049
-0.000000 0.179646 0.068717 0.751637
0.000000 0.999448 0.000552 0.000000
-0.000000 0.996913 0.002423 0.000664
0.000000 0.995628 0.000083 0.004289
-0.000000 0.999748 0.000245 0.000007
-0.000000 0.154246 0.049706 0.796048
-0.000000 0.999901 0.000097 0.000002
-0.000000 0.986753 0.000204 0.013043
-0.000000 0.227441 0.014424 0.758135
0.000000 0.999909 0.000089 0.000002
-0.000000 0.971901 0.000493 0.027606
-0.000000 0.998271 0.001729 0.000000
0.000000 0.999104 0.000074 0.000823
0.000000 0.067276 0.014650 0.918074
-0.000000 0.045235 0.009211 0.945554
0.000000 0.998683 0.000129 0.001188
-0.000000 0.999707 0.000137 0.000156
0.000000 0.999897 0.000103 0.000001
-0.000000 0.996563 0.000167 0.003270
0.000000 0.475954 0.040277 0.483769
0.000000 0.052843 0.008888 0.938269
0.000000 0.099072 0.013971 0.886956
0.000000 0.112645 0.015191 0.872164
0.000000 0.055800 0.017746 0.926454
-0.000000 0.988552 0.000241 0.011208
-0.000000 0.994956 0.000083 0.004961
-0.000000 0.072618 0.011115 0.916267
0.000000 0.045048 0.008977 0.945975
-0.000000 0.045689 0.008575 0.945736
-0.000000 0.111015 0.013111 0.875873
0.000000 0.210635 0.025754 0.763611
0.000000 0.151090 0.015274 0.833636
-0.000000 0.196106 0.019256 0.784638
-0.000000 0.415470 0.017714 0.566816
0.000000 0.999880 0.000056 0.000063
0.000000 0.988463 0.000751 0.010786
0.000000 0.052972 0.012317 0.934711
-0.000000 0.957899 0.042094 0.000007
0.000000 0.060357 0.011020 0.928623
-0.000000 0.088813 0.011452 0.899735
-0.000000 0.042272 0.018741 0.938987
-0.000000 0.995556 0.000256 0.004188
0.000000 0.063773 0.010275 0.925952
0.000000 0.092848 0.013071 0.894081
-0.000000 0.425437 0.010876 0.563687
-0.000000 0.670057 0.063475 0.266468
-0.000000 0.077930 0.009346 0.912724
-0.000000 0.867930 0.057506 0.074564
-0.000000 0.043288 0.008774 0.947938
0.000000 0.242153 0.028335 0.729513
0.000000 0.234203 0.013368 0.752428
0.000000 0.081633 0.012006 0.906362
0.000000 0.999125 0.000168 0.000707
0.000000 0.999974 0.000026 0.000000
0.000000 0.047535 0.008435 0.944030
0.000000 0.458301 0.011894 0.529805
0.000000 0.090486 0.009850 0.899664
-0.000000 0.049510 0.011247 0.939244
0.000000 0.578689 0.008230 0.413081
0.000000 0.992296 0.006878 0.000826
-0.000000 0.054162 0.011836 0.934002
-0.000000 0.743378 0.002229 0.254392
-0.000000 0.357430 0.122502 0.520067
0.000000 0.459322 0.036828 0.503850
0.000000 0.057702 0.013371 0.928926
-0.000000 0.056251 0.014159 0.929590
-0.000000 0.989272 0.000325 0.010402
-0.000000 0.051555 0.014818 0.933627
0.000000 0.524041 0.043477 0.432482
-0.000000 0.057199 0.019056 0.923745
-0.000000 0.999946 0.000051 0.000003
-0.000000 0.090699 0.013131 0.896170
-0.000000 0.999919 0.000044 0.000037
0.000000 0.169906 0.015911 0.814183
0.000000 0.999906 0.000092 0.000002
-0.000000 0.999214 0.000132 0.000655
-0.000000 0.065378 0.010170 0.924452
0.000000 0.061556 0.010373 0.928071
-0.000000 0.999903 0.000065 0.000031
-0.000000 0.226138 0.015990 0.757872
-0.000000 0.075972 0.011372 0.912657
0.000000 0.214501 0.014884 0.770616
-0.000000 0.105871 0.014841 0.879289
-0.000000 0.999416 0.000055 0.000529
-0.000000 0.999908 0.000091 0.000000
-0.000000 0.999959 0.000039 0.000003
0.000000 0.121550 0.037727 0.840722
-0.000000 0.118859 0.013823 0.867318
-0.000000 0.939030 0.056767 0.004203
-0.000000 0.864310 0.040500 0.095190
0.000000 0.999968 0.000032 0.000000
0.000000 0.047177 0.008618 0.944204
-0.000000 0.198217 0.016111 0.785672
-0.000000 0.169164 0.020595 0.810241
-0.000000 0.979909 0.000245 0.019847
-0.000000 0.999865 0.000130 0.000005
0.000000 0.094591 0.009596 0.895813
0.000000 0.104173 0.016113 0.879714
-0.000000 0.288135 0.022491 0.689374
-0.000000 0.999958 0.000041 0.000001
0.000000 0.999725 0.000189 0.000086
0.000000 0.093639 0.014710 0.891651
0.000000 0.972086 0.000267 0.027647
0.000000 0.991817 0.000478 0.007706
-0.000000 0.061753 0.016893 0.921354
-0.000000 0.999949 0.000048 0.000002
0.000000 0.966539 0.000490 0.032971
0.000000 0.988920 0.000406 0.010675
0.000000 0.998973 0.000129 0.000898
0.000000 0.043221 0.009795 0.946984
0.000000 0.098766 0.013857 0.887376
-0.000000 0.999772 0.000228 0.000000
0.000000 0.266184 0.168758 0.565058
-0.000000 0.999676 0.000053 0.000271
-0.000000 0.049462 0.008790 0.941748
-0.000000 0.078273 0.015835 0.905892
0.000000 0.929516 0.066114 0.004370
-0.000000 0.092632 0.013126 0.894243
-0.000000 0.963185 0.000333 0.036482
0.000000 0.962558 0.037436 0.000005
-0.000000 0.108669 0.013673 0.877659
0.000000 0.252223 0.008408 0.739369
0.000000 0.994133 0.000104 0.005763
0.000000 0.320931 0.018929 0.660140
0.000000 0.980683 0.000861 0.018455
-0.000000 0.126914 0.016971 0.856116
-0.000000 0.998278 0.000088 0.001634
-0.000000 0.999955 0.000045 0.000000
0.000000 0.997525 0.000086 0.002389
0.000000 0.107818 0.014768 0.877414
-0.000000 0.964726 0.000321 0.034953
0.000000 0.120242 0.016653 0.863105
-0.000000 0.999857 0.000058 0.000085
-0.000000 0.999951 0.000049 0.000001
0.000000 0.186306 0.007950 0.805743
-0.000000 0.994270 0.000286 0.005444
0.000000 0.068156 0.011546 0.920298
0.000000 0.986976 0.000750 0.012274
-0.000000 0.998147 0.001809 0.000044
-0.000000 0.076706 0.011362 0.911932
-0.000000 0.044002 0.009796 0.946202
-0.000000 0.060976 0.012347 0.926677
-0.000000 0.959366 0.000359 0.040275
-0.000000 0.081700 0.015699 0.902601
0.000000 0.999915 0.000053 0.000032
0.000000 0.383815 0.041034 0.575151
0.000000 0.064513 0.016583 0.918904
0.000000 0.992020 0.000538 0.007442
-0.000000 0.249261 0.038717 0.712023
-0.000000 0.334328 0.019809 0.645863
0.000000 0.998080 0.001897 0.000022
0.000000 0.663834 0.003048 0.333118
-0.000000 0.999841 0.000156 0.000003
0.000000 0.994141 0.000160 0.005699
-0.000000 0.104159 0.015773 0.880068
0.000000 0.085516 0.012599 0.901885
-0.000000 0.136327 0.042926 0.820747
-0.000000 0.733244 0.003216 0.263540
0.000000 0.850879 0.056930 0.092190
-0.000000 0.076594 0.011022 0.912385
0.000000 0.099394 0.014501 0.886105
-0.000000 0.042980 0.012817 0.944203
-0.000000 0.061475 0.020631 0.917894
0.000000 0.100699 0.014132 0.885169
0.000000 0.322949 0.011010 0.666041
-0.000000 0.139023 0.080054 0.780924
-0.000000 0.057017 0.009622 0.933362
0.000000 0.058982 0.013645 0.927373
-0.000000 0.095120 0.015720 0.889160
-0.000000 0.967544 0.000501 0.031954
-0.000000 0.820287 0.059936 0.119777
0.000000 0.993617 0.000098 0.006285
-0.000000 0.044309 0.009164 0.946527
0.000000 0.994456 0.000094 0.005450
0.000000 0.191199 0.014284 0.794516
0.000000 0.990679 0.000608 0.008713
0.000000 0.907974 0.067903 0.024124
-0.000000 0.994492 0.004447 0.001061
-0.000000 0.104924 0.014885 0.880190
-0.000000 0.999799 0.000200 0.000001
-0.000000 0.998810 0.000342 0.000848
0.000000 0.990234 0.001818 0.007948
0.000000 0.999484 0.000134 0.000382
-0.000000 0.106703 0.017019 0.876278
0.000000 0.971846 0.000280 0.027874
-0.000000 0.960313 0.000631 0.039056
-0.000000 0.999950 0.000050 0.000001
-0.000000 0.990735 0.008779 0.000486
-0.000000 0.954314 0.000611 0.045074
0.000000 0.091900 0.012967 0.895133
-0.000000 0.372920 0.009063 0.618017
-0.000000 0.142651 0.014925 0.842423
-0.000000 0.069501 0.018343 0.912156
0.000000 0.985370 0.000519 0.014112
0.000000 0.998222 0.001752 0.000026
-0.000000 0.071214 0.014025 0.914760
0.000000 0.999437 0.000054 0.000509
0.000000 0.107694 0.032101 0.860205
-0.000000 0.998117 0.000333 0.001551
0.000000 0.112291 0.015516 0.872193
0.000000 0.052748 0.012124 0.935128
0.000000 0.101700 0.021869 0.876431
-0.000000 0.055088 0.009948 0.934964
0.000000 0.978714 0.021283 0.000002
-0.000000 0.959890 0.040103 0.000007
-0.000000 0.056184 0.010706 0.933110
0.000000 0.146280 0.014696 0.839024
-0.000000 0.149677 0.016603 0.833719
-0.000000 0.090091 0.025420 0.884489
0.000000 0.055236 0.010435 0.934329
0.000000 0.052226 0.008178 0.939596
0.000000 0.066354 0.010255 0.923391
0.000000 0.160707 0.007605 0.831687
0.000000 0.873587 0.011731 0.114683
-0.000000 0.061077 0.026154 0.912768
-0.000000 0.080550 0.011893 0.907557
-0.000000 0.069687 0.013889 0.916424
0.000000 0.999919 0.000080 0.000000
-0.000000 0.049493 0.008713 0.941794
0.000000 0.102099 0.012466 0.885435
0.000000 0.046777 0.010274 0.942949
0.000000 0.999962 0.000038 0.000000
-0.000000 0.080189 0.011095 0.908716
0.000000 0.047812 0.016210 0.935978
-0.000000 0.078999 0.011704 0.909298
0.000000 0.999903 0.000063 0.000035
-0.000000 0.999729 0.000183 0.000088
0.000000 0.106432 0.014905 0.878663
0.000000 0.085643 0.016271 0.898086
-0.000000 0.412106 0.008893 0.579000
-0.000000 0.971379 0.000256 0.028365
-0.000000 0.999485 0.000316 0.000198
0.000000 0.781746 0.003482 0.214772
-0.000000 0.999740 0.000202 0.000058
-0.000000 0.057314 0.009590 0.933096
0.000000 0.170510 0.014891 0.814599
0.000000 0.044471 0.008776 0.946753
-0.000000 0.044149 0.012925 0.942926
0.000000 0.999956 0.000044 0.000000
0.000000 0.088995 0.015891 0.895115
-0.000000 0.057143 0.009409 0.933448
0.000000 0.999935 0.000065 0.000000
0.000000 0.128864 0.015352 0.855785
0.000000 0.053722 0.009170 0.937107
-0.000000 0.051342 0.008214 0.940444
-0.000000 0.126826 0.014495 0.858678
-0.000000 0.048308 0.009600 0.942092
0.000000 0.999756 0.000118 0.000126
0.000000 0.076943 0.008965 0.914092
0.000000 0.999949 0.000049 0.000002
0.000000 0.999879 0.000111 0.000010
-0.000000 0.058699 0.019483 0.921819
0.000000 0.122937 0.014312 0.862751
0.000000 0.049128 0.013641 0.937231
-0.000000 0.045018 0.012263 0.942720
-0.000000 0.999852 0.000135 0.000014
0.000000 0.145049 0.029882 0.825069
0.000000 0.169285 0.012815 0.817900
-0.000000 0.054590 0.016568 0.928843
-0.000000 0.078221 0.011655 0.910124
-0.000000 0.119501 0.013602 0.866897
0.000000 0.938845 0.059367 0.001788
0.000000 0.051172 0.008734 0.940094
0.000000 0.105263 0.011848 0.882889
0.000000 0.044534 0.009210 0.946255
-0.000000 0.069556 0.010653 0.919791
-0.000000 0.999185 0.000127 0.000687
0.000000 0.657764 0.041142 0.301094
0.000000 0.989187 0.000188 0.010626
0.000000 0.999924 0.000076 0.000000
-0.000000 0.989025 0.000226 0.010749
0.000000 0.999938 0.000054 0.000008
0.000000 0.986755 0.000193 0.013052
0.000000 0.050918 0.008838 0.940243
-0.000000 0.107951 0.013412 0.878637
-0.000000 0.883827 0.058539 0.057634
-0.000000 0.095084 0.017515 0.887401
-0.000000 0.999954 0.000044 0.000002
-0.000000 0.999161 0.000295 0.000544
0.000000 0.121625 0.012782 0.865593
-0.000000 0.056891 0.014397 0.928712
-0.000000 0.048040 0.008740 0.943219
0.000000 0.798611 0.007125 0.194264
-0.000000 0.968026 0.000309 0.031665
-0.000000 0.999849 0.000064 0.000087
0.000000 0.083800 0.023325 0.892874
-0.000000 0.990037 0.000199 0.009764
0.000000 0.074505 0.015680 0.909814
-0.000000 0.045268 0.012988 0.941745
0.000000 0.051883 0.015680 0.932437
0.000000 0.567804 0.006616 0.425580
-0.000000 0.073285 0.014257 0.912458
0.000000 0.061890 0.015645 0.922465
0.000000 0.114154 0.015421 0.870424
-0.000000 0.999961 0.000039 0.000000
0.000000 0.050690 0.011711 0.937599
-0.000000 0.999832 0.000127 0.000040
-0.000000 0.098911 0.032480 0.868610
-0.000000 0.997392 0.000210 0.002398
-0.000000 0.096001 0.016297 0.887702
-0.000000 0.164708 0.013695 0.821598
0.000000 0.719376 0.014574 0.266050
-0.000000 0.051403 0.015312 0.933285
0.000000 0.060001 0.014301 0.925699
0.000000 0.104618 0.015305 0.880077
0.000000 0.079945 0.015088 0.904966
-0.000000 0.250358 0.017121 0.732521
0.000000 0.055298 0.009325 0.935377
-0.000000 0.124840 0.008581 0.866579
-0.000000 0.959449 0.008154 0.032397
-0.000000 0.092936 0.009589 0.897476
-0.000000 0.396183 0.016560 0.587258
-0.000000 0.935143 0.056464 0.008393
0.000000 0.760026 0.053216 0.186758
0.000000 0.651995 0.043242 0.304763
-0.000000 0.187958 0.018061 0.793981
0.000000 0.143012 0.015143 0.841845
-0.000000 0.981758 0.000380 0.017862
-0.000000 0.988351 0.000486 0.011163
-0.000000 0.644075 0.047774 0.308151
-0.000000 0.079976 0.017295 0.902728
0.000000 0.918795 0.007851 0.073354
0.000000 0.212786 0.017927 0.769287
0.000000 0.999968 0.000032 0.000000
0.000000 0.202638 0.016767 0.780595
-0.000000 0.121387 0.045963 0.832650
-0.000000 0.999151 0.000794 0.000055
-0.000000 0.999433 0.000079 0.000489
0.000000 0.149740 0.018427 0.831832
0.000000 0.068484 0.008994 0.922522
-0.000000 0.099415 0.015064 0.885521
-0.000000 0.999924 0.000068 0.000008
-0.000000 0.164474 0.016827 0.818699
-0.000000 0.055916 0.009528 0.934556
-0.000000 0.395758 0.013538 0.590705
0.000000 0.318098 0.024768 0.657134
0.000000 0.076674 0.010090 0.913236
-0.000000 0.053416 0.016298 0.930286
0.000000 0.245423 0.006662 0.747915
0.000000 0.999273 0.000724 0.000003
0.000000 0.059426 0.019667 0.920908
0.000000 0.945649 0.004175 0.050176
0.000000 0.044703 0.008208 0.947089
-0.000000 0.999456 0.000542 0.000001
-0.000000 0.049992 0.013208 0.936800
0.000000 0.111389 0.013869 0.874742
0.000000 0.084770 0.015437 0.899793
0.000000 0.432843 0.033079 0.534078
-0.000000 0.106078 0.015260 0.878662
0.000000 0.964116 0.006655 0.029229
-0.000000 0.254368 0.023470 0.722163
0.000000 0.998279 0.000171 0.001550
0.000000 0.959011 0.016316 0.024673
0.000000 0.089941 0.029843 0.880216
0.000000 0.999932 0.000068 0.000000
-0.000000 0.998331 0.000158 0.001511
-0.000000 0.105477 0.014163 0.880360
-0.000000 0.998638 0.000075 0.001287
-0.000000 0.993188 0.000125 0.006688
0.000000 0.066853 0.010482 0.922665
-0.000000 0.104510 0.015002 0.880489
-0.000000 0.058446 0.009547 0.932006
0.000000 0.342379 0.009550 0.648071
-0.000000 0.280746 0.011162 0.708092
-0.000000 0.049148 0.009980 0.940871
-0.000000 0.114270 0.019109 0.866621
-0.000000 0.987856 0.000140 0.012005
0.000000 0.973517 0.021948 0.004535
0.000000 0.117809 0.016398 0.865793
-0.000000 0.124819 0.007938 0.867244
0.000000 0.999349 0.000234 0.000416
0.000000 0.990257 0.008792 0.000950
-0.000000 0.140881 0.018347 0.840772
-0.000000 0.049016 0.011487 0.939498
0.000000 0.064435 0.009200 0.926366
0.000000 0.055722 0.009168 0.935110
-0.000000 0.998549 0.000220 0.001231
0.000000 0.999806 0.000060 0.000134
-0.000000 0.051470 0.008356 0.940174
0.000000 0.804833 0.012588 0.182578
-0.000000 0.111026 0.010581 0.878393
0.000000 0.052177 0.012075 0.935749
-0.000000 0.051671 0.014375 0.933954
0.000000 0.986285 0.000187 0.013528
-0.000000 0.999697 0.000050 0.000253
0.000000 0.066631 0.024165 0.909204
0.000000 0.999872 0.000121 0.000007
-0.000000 0.170842 0.021702 0.807455
-0.000000 0.078590 0.015069 0.906341
-0.000000 0.058337 0.016627 0.925037
0.000000 0.999874 0.000052 0.000074
0.000000 0.999742 0.000258 0.000000
-0.000000 0.087855 0.012697 0.899448
0.000000 0.309879 0.031842 0.658279
0.000000 0.954620 0.000743 0.044637
-0.000000 0.125473 0.038931 0.835597
0.000000 0.994959 0.003853 0.001188
-0.000000 0.149790 0.019566 0.830644
-0.000000 0.235440 0.013622 0.750938
0.000000 0.045920 0.008497 0.945582
-0.000000 0.090917 0.015557 0.893527
0.000000 0.998336 0.000088 0.001576
-0.000000 0.070257 0.026200 0.903543
-0.000000 0.939895 0.000847 0.059259
-0.000000 0.980298 0.000597 0.019106
-0.000000 0.872109 0.068762 0.059130
-0.000000 0.279716 0.012116 0.708168
0.000000 0.047748 0.009890 0.942363
0.000000 0.984272 0.000142 0.015586
-0.000000 0.076061 0.012193 0.911746
-0.000000 0.989144 0.000124 0.010732
0.000000 0.064260 0.013794 0.921945
-0.000000 0.085677 0.009806 0.904517
-0.000000 0.179457 0.012349 0.808195
-0.000000 0.096567 0.016149 0.887284
-0.000000 0.057770 0.012923 0.929306
0.000000 0.048628 0.008864 0.942508
-0.000000 0.141228 0.015412 0.843360
0.000000 0.165451 0.016829 0.817721
0.000000 0.999950 0.000047 0.000003
-0.000000 0.243238 0.006784 0.749977
0.000000 0.057717 0.012546 0.929737
-0.000000 0.999912 0.000086 0.000002
-0.000000 0.695084 0.008424 0.296492
-0.000000 0.993263 0.000126 0.006611
-0.000000 0.066826 0.009571 0.923603
-0.000000 0.043502 0.008707 0.947791
0.000000 0.999211 0.000060 0.000729
0.000000 0.989713 0.010285 0.000003
-0.000000 0.082147 0.009390 0.908463
0.000000 0.999697 0.000119 0.000184
-0.000000 0.088191 0.012734 0.899075
0.000000 0.069263 0.017803 0.912933
-0.000000 0.999256 0.000740 0.000004
-0.000000 0.092496 0.014424 0.893080
0.000000 0.485825 0.037493 0.476681
-0.000000 0.042073 0.008613 0.949314
-0.000000 0.817285 0.065205 0.117509
0.000000 0.056863 0.012561 0.930575
0.000000 0.919818 0.000878 0.079304
0.000000 0.894941 0.070384 0.034675
0.000000 0.860937 0.065577 0.073486
-0.000000 0.998872 0.000068 0.001060
-0.000000 0.100374 0.010173 0.889453
-0.000000 0.049543 0.018446 0.932011
-0.000000 0.999415 0.000232 0.000353
-0.000000 0.114379 0.016917 0.868703
-0.000000 0.177890 0.008652 0.813457
-0.000000 0.096419 0.016675 0.886906
-0.000000 0.136212 0.014074 0.849713
0.000000 0.963031 0.000344 0.036625
0.000000 0.343230 0.010855 0.645915
0.000000 0.052608 0.008164 0.939227
-0.000000 0.052060 0.008667 0.939273
-0.000000 0.121356 0.008483 0.870161
0.000000 0.973202 0.000556 0.026242
-0.000000 0.147941 0.015760 0.836299
0.000000 0.999746 0.000109 0.000145
0.000000 0.114466 0.014756 0.870778
0.000000 0.115847 0.015871 0.868282
0.000000 0.061976 0.012937 0.925087
0.000000 0.999204 0.000404 0.000392
-0.000000 0.080599 0.013902 0.905499
0.000000 0.102835 0.015851 0.881314
-0.000000 0.052805 0.014675 0.932520
0.000000 0.107501 0.013704 0.878795
0.000000 0.084109 0.008836 0.907055
-0.000000 0.389080 0.035631 0.575289
-0.000000 0.997467 0.000069 0.002464
-0.000000 0.933978 0.004817 0.061205
0.000000 0.061538 0.009988 0.928474
-0.000000 0.998948 0.000080 0.000972
0.000000 0.701449 0.065688 0.232863
0.000000 0.075426 0.014484 0.910089
0.000000 0.105907 0.014712 0.879382
-0.000000 0.989878 0.000120 0.010003
-0.000000 0.997435 0.000168 0.002397
-0.000000 0.989729 0.000970 0.009300
-0.000000 0.046896 0.008704 0.944400
-0.000000 0.999759 0.000145 0.000097
0.000000 0.931025 0.000964 0.068011
-0.000000 0.191301 0.023852 0.784847
0.000000 0.045411 0.008226 0.946363
0.000000 0.078136 0.014685 0.907179
0.000000 0.966641 0.000307 0.033052
-0.000000 0.115687 0.017145 0.867167
-0.000000 0.999035 0.000196 0.000770
-0.000000 0.102229 0.016227 0.881544
0.000000 0.999674 0.000143 0.000183
0.000000 0.941244 0.000548 0.058208
-0.000000 0.046351 0.010193 0.943456
0.000000 0.272455 0.021130 0.706415
-0.000000 0.100322 0.015489 0.884189
0.000000 0.054478 0.014960 0.930562
0.000000 0.058128 0.018910 0.922962
0.000000 0.092325 0.017443 0.890232
0.000000 0.999110 0.000065 0.000824
0.000000 0.070673 0.010617 0.918710
-0.000000 0.117430 0.013774 0.868796
0.000000 0.168735 0.007471 0.823794
-0.000000 0.994075 0.000092 0.005833
-0.000000 0.108032 0.013752 0.878217
-0.000000 0.961295 0.000754 0.037951
-0.000000 0.999826 0.000174 0.000000
0.000000 0.096962 0.015453 0.887585
0.000000 0.054958 0.008950 0.936092
-0.000000 0.123616 0.013873 0.862512
0.000000 0.179586 0.016694 0.803720
-0.000000 0.068078 0.009318 0.922604
-0.000000 0.050476 0.011412 0.938111
0.000000 0.952302 0.047681 0.000018
-0.000000 0.999951 0.000046 0.000003
-0.000000 0.081873 0.011867 0.906260
-0.000000 0.935959 0.001807 0.062233
0.000000 0.985077 0.011002 0.003921
0.000000 0.102154 0.015692 0.882154
0.000000 0.163020 0.020688 0.816292
0.000000 0.056314 0.011447 0.932239
-0.000000 0.048510 0.013260 0.938230
0.000000 0.999051 0.000094 0.000855
0.000000 0.050863 0.009250 0.939887
0.000000 0.057250 0.012609 0.930141
0.000000 0.105447 0.016155 0.878399
0.000000 0.990541 0.000196 0.009262
-0.000000 0.991625 0.000106 0.008269
0.000000 0.051612 0.011930 0.936458
-0.000000 0.999141 0.000848 0.000011
-0.000000 0.999917 0.000046 0.000037
-0.000000 0.170157 0.110065 0.719777
-0.000000 0.367034 0.005995 0.626971
-0.000000 0.482559 0.019367 0.498073
0.000000 0.660564 0.049771 0.289665
-0.000000 0.999956 0.000042 0.000001
-0.000000 0.289816 0.030220 0.679964
0.000000 0.751758 0.002961 0.245281
-0.000000 0.999886 0.000112 0.000002
0.000000 0.097007 0.013675 0.889319
-0.000000 0.852347 0.063571 0.084082
0.000000 0.112032 0.015100 0.872868
-0.000000 0.048661 0.015740 0.935599
-0.000000 0.149382 0.015773 0.834844
-0.000000 0.999261 0.000062 0.000677
0.000000 0.067268 0.009266 0.923466
-0.000000 0.999944 0.000056 0.000000
0.000000 0.067404 0.013640 0.918956
-0.000000 0.044151 0.008723 0.947127
0.000000 0.993096 0.000132 0.006772
0.000000 0.985211 0.000142 0.014647
-0.000000 0.111579 0.014521 0.873899
-0.000000 0.981139 0.000269 0.018591
0.000000 0.976496 0.000314 0.023191
0.000000 0.074290 0.014206 0.911504
0.000000 0.993726 0.006027 0.000247
-0.000000 0.990671 0.000119 0.009210
-0.000000 0.044722 0.009276 0.946002
0.000000 0.069335 0.010898 0.919767
0.000000 0.092311 0.014874 0.892815
0.000000 0.980701 0.000465 0.018834
-0.000000 0.051272 0.012214 0.936514
0.000000 0.181451 0.017708 0.800841
0.000000 0.062678 0.014780 0.922542
0.000000 0.953592 0.046146 0.000261
-0.000000 0.053389 0.013258 0.933353
-0.000000 0.065457 0.012884 0.921659
-0.000000 0.998115 0.001884 0.000001
-0.000000 0.998580 0.000267 0.001153
0.000000 0.050757 0.008757 0.940486
-0.000000 0.999892 0.000106 0.000002
-0.000000 0.183230 0.007052 0.809718
-0.000000 0.998901 0.000940 0.000159
0.000000 0.103803 0.016785 0.879412
0.000000 0.191657 0.016655 0.791688
0.000000 0.998967 0.000063 0.000969
0.000000 0.976649 0.000288 0.023062
-0.000000 0.999943 0.000056 0.000001
-0.000000 0.999879 0.000066 0.000055
-0.000000 0.045907 0.012820 0.941274
0.000000 0.043468 0.008726 0.947806
-0.000000 0.060553 0.011134 0.928314
-0.000000 0.994051 0.000227 0.005722
0.000000 0.043690 0.008725 0.947585
-0.000000 0.950214 0.049709 0.000077
-0.000000 0.411064 0.044214 0.544722
0.000000 0.062709 0.009940 0.927352
-0.000000 0.998487 0.000657 0.000857
0.000000 0.105508 0.014008 0.880484
0.000000 0.160037 0.013768 0.826195
-0.000000 0.043402 0.008895 0.947703
0.000000 0.147770 0.016941 0.835289
0.000000 0.998578 0.000157 0.001264
0.000000 0.983193 0.000160 0.016647
0.000000 0.964116 0.035471 0.000413
0.000000 0.961481 0.038199 0.000320
-0.000000 0.076333 0.018434 0.905233
-0.000000 0.049398 0.008526 0.942076
0.000000 0.998777 0.001223 0.000000
0.000000 0.933570 0.037385 0.029045
0.000000 0.999878 0.000122 0.000000
-0.000000 0.118069 0.015983 0.865948
-0.000000 0.982031 0.000239 0.017730
0.000000 0.993178 0.000120 0.006702
-0.000000 0.368410 0.040272 0.591318
0.000000 0.069485 0.010826 0.919689
-0.000000 0.351555 0.020565 0.627880
-0.000000 0.046020 0.009004 0.944976
0.000000 0.107186 0.014919 0.877895
0.000000 0.554578 0.045595 0.399827
-0.000000 0.066612 0.010409 0.922979
0.000000 0.182662 0.022928 0.794410
-0.000000 0.999939 0.000061 0.000000
0.000000 0.934454 0.000775 0.064771
-0.000000 0.166320 0.017086 0.816594
0.000000 0.993659 0.000129 0.006212
-0.000000 0.107397 0.010355 0.882248
0.000000 0.994545 0.000088 0.005366
-0.000000 0.057673 0.009913 0.932414
0.000000 0.994039 0.005960 0.000001
0.000000 0.108085 0.010675 0.881239
-0.000000 0.300112 0.011956 0.687933
-0.000000 0.056069 0.009900 0.934030
-0.000000 0.999946 0.000045 0.000009
