0.998500 0.001500
0.000017 0.999983
0.021070 0.978930
0.000006 0.999994
0.994894 0.005106
0.000010 0.999990
0.000021 0.999979
0.999087 0.000913
0.980451 0.019549
0.995147 0.004853
0.026750 0.973250
0.980770 0.019230
0.864948 0.135052
0.964448 0.035552
0.001081 0.998919
0.401082 0.598918
0.998744 0.001256
0.999215 0.000785
0.000011 0.999989
0.000006 0.999994
0.000007 0.999993
0.191620 0.808380
0.925993 0.074007
0.000007 0.999993
0.616364 0.383636
0.000006 0.999994
0.000006 0.999994
0.160080 0.839920
0.001022 0.998978
0.001151 0.998849
0.162635 0.837365
0.898698 0.101302
0.968543 0.031457
0.886488 0.113512
0.981799 0.018201
0.998668 0.001332
0.242804 0.757196
0.000009 0.999991
0.773670 0.226330
0.001256 0.998744
0.000006 0.999994
0.997702 0.002298
0.001058 0.998942
0.000008 0.999992
0.001057 0.998943
0.042619 0.957381
0.000019 0.999981
0.999285 0.000715
0.097836 0.902164
0.001165 0.998835
0.315552 0.684448
0.001007 0.998993
0.001023 0.998977
0.030624 0.969376
0.000007 0.999993
0.641386 0.358614
0.784782 0.215218
0.000008 0.999992
0.998749 0.001251
0.284027 0.715973
0.000089 0.999911
0.945634 0.054366
0.001412 0.998588
0.948142 0.051858
0.000006 0.999994
0.001016 0.998984
0.000008 0.999992
0.000006 0.999994
0.000066 0.999934
0.000987 0.999013
0.474586 0.525414
0.000013 0.999987
0.981568 0.018432
0.001785 0.998215
0.000006 0.999994
0.000006 0.999994
0.000010 0.999990
0.000006 0.999994
0.986825 0.013175
0.000010 0.999990
0.135398 0.864602
0.997652 0.002348
0.017462 0.982538
0.999111 0.000889
0.919072 0.080928
0.155393 0.844607
0.011601 0.988399
0.000018 0.999982
0.000007 0.999993
0.003751 0.996249
0.010223 0.989777
0.000006 0.999994
0.160118 0.839882
0.960731 0.039269
0.658985 0.341015
0.998038 0.001962
0.000113 0.999887
0.000013 0.999987
0.000008 0.999992
0.355661 0.644339
0.000011 0.999989
0.992113 0.007887
0.032615 0.967385
0.001351 0.998649
0.005879 0.994121
0.833661 0.166339
0.000009 0.999991
0.000101 0.999899
0.013875 0.986125
0.998200 0.001800
0.002178 0.997822
0.997822 0.002178
0.000016 0.999984
0.000017 0.999983
0.000006 0.999994
0.992534 0.007466
0.831637 0.168363
0.000007 0.999993
0.000113 0.999887
0.992657 0.007343
0.996302 0.003698
0.001125 0.998875
0.001458 0.998542
0.054720 0.945280
0.029512 0.970488
0.000007 0.999993
0.000935 0.999065
0.999003 0.000997
0.000019 0.999981
0.180235 0.819765
0.000011 0.999989
0.000006 0.999994
0.005412 0.994588
0.001471 0.998529
0.996154 0.003846
0.998265 0.001735
0.015070 0.984930
0.000007 0.999993
0.001587 0.998413
0.009864 0.990136
0.000009 0.999991
0.000011 0.999989
0.997202 0.002798
0.000011 0.999989
0.000007 0.999993
0.000007 0.999993
0.989952 0.010048
0.998899 0.001101
0.000032 0.999968
0.001500 0.998500
0.000006 0.999994
0.000113 0.999887
0.002390 0.997610
0.002100 0.997900
0.000014 0.999986
0.980770 0.019230
0.017593 0.982407
0.001112 0.998888
0.000006 0.999994
0.002113 0.997887
0.026200 0.973800
0.000009 0.999991
0.000006 0.999994
0.997640 0.002360
0.000972 0.999028
0.999193 0.000807
0.474551 0.525449
0.001988 0.998012
0.000948 0.999052
0.998652 0.001348
0.000007 0.999993
0.000014 0.999986
0.081865 0.918135
0.999296 0.000704
0.996562 0.003438
0.982225 0.017775
0.012981 0.987019
0.012898 0.987102
0.996788 0.003212
0.060209 0.939791
0.000006 0.999994
0.000015 0.999985
0.001007 0.998993
0.927014 0.072986
0.000008 0.999992
0.993327 0.006673
0.000006 0.999994
0.001283 0.998717
0.996974 0.003026
0.010892 0.989108
0.338701 0.661299
0.992994 0.007006
0.001025 0.998975
0.002313 0.997687
0.000006 0.999994
0.000026 0.999974
0.000015 0.999985
0.000006 0.999994
0.985054 0.014946
0.987205 0.012795
0.000011 0.999989
0.001121 0.998879
0.002262 0.997738
0.000009 0.999991
0.000006 0.999994
0.380443 0.619557
0.000009 0.999991
0.000007 0.999993
0.999000 0.001000
0.000008 0.999992
0.997665 0.002335
0.001022 0.998978
0.020419 0.979581
0.996846 0.003154
0.000007 0.999993
0.266555 0.733445
0.999097 0.000903
0.000015 0.999985
0.986732 0.013268
0.010930 0.989070
0.000014 0.999986
0.000007 0.999993
0.978656 0.021344
0.965975 0.034025
0.000009 0.999991
0.000011 0.999989
0.995601 0.004399
0.991771 0.008229
0.944162 0.055838
0.999216 0.000784
0.000007 0.999993
0.000049 0.999951
0.936273 0.063727
0.000009 0.999991
0.000024 0.999976
0.917662 0.082338
0.012476 0.987524
0.560374 0.439626
0.349749 0.650251
0.000067 0.999933
0.000008 0.999992
0.984479 0.015521
0.000009 0.999991
0.800625 0.199375
0.000006 0.999994
0.000006 0.999994
0.000008 0.999992
0.547431 0.452569
0.008537 0.991463
0.000009 0.999991
0.991801 0.008199
0.898335 0.101665
0.984291 0.015709
0.000015 0.999985
0.051169 0.948831
0.046654 0.953346
0.000056 0.999944
0.000009 0.999991
0.001004 0.998996
0.000006 0.999994
0.059303 0.940697
0.937583 0.062417
0.978582 0.021418
0.001801 0.998199
0.995629 0.004371
0.001095 0.998905
0.001685 0.998315
0.990275 0.009725
0.001855 0.998145
0.000009 0.999991
0.998094 0.001906
0.930345 0.069655
0.000009 0.999991
0.951493 0.048507
0.000007 0.999993
0.000012 0.999988
0.993944 0.006056
0.000007 0.999993
0.000008 0.999992
0.103758 0.896242
0.975943 0.024057
0.010541 0.989459
0.965210 0.034790
0.999296 0.000704
0.011236 0.988764
0.995461 0.004539
0.000012 0.999988
0.001093 0.998907
0.000012 0.999988
0.987255 0.012745
0.000011 0.999989
0.998091 0.001909
0.000013 0.999987
0.000009 0.999991
0.018172 0.981828
0.000008 0.999992
0.413841 0.586159
0.000009 0.999991
0.000011 0.999989
0.008574 0.991426
0.993100 0.006900
0.999111 0.000889
0.000006 0.999994
0.970995 0.029005
0.986001 0.013999
0.990602 0.009398
0.000006 0.999994
0.000007 0.999993
0.001789 0.998211
0.000006 0.999994
0.000019 0.999981
0.996410 0.003590
0.058638 0.941362
0.212034 0.787966
0.991185 0.008815
0.988773 0.011227
0.978082 0.021918
0.091869 0.908131
0.998347 0.001653
0.003613 0.996387
0.000010 0.999990
0.011309 0.988691
0.239376 0.760624
0.052518 0.947482
0.008646 0.991354
0.010470 0.989530
0.020311 0.979689
0.598424 0.401576
0.999183 0.000817
0.010986 0.989014
0.577000 0.423000
0.034820 0.965180
0.239472 0.760528
0.000100 0.999900
0.000006 0.999994
0.000011 0.999989
0.011683 0.988317
0.580650 0.419350
0.995399 0.004601
0.000007 0.999993
0.000009 0.999991
0.000016 0.999984
0.898499 0.101501
0.072351 0.927649
0.000007 0.999993
0.021782 0.978218
0.001958 0.998042
0.997943 0.002057
0.000053 0.999947
0.999221 0.000779
0.998670 0.001330
0.000006 0.999994
0.001932 0.998068
0.995710 0.004290
0.998906 0.001094
0.003797 0.996203
0.000018 0.999982
0.049887 0.950113
0.994360 0.005640
0.996961 0.003039
0.999102 0.000898
0.000016 0.999984
0.999194 0.000806
0.992618 0.007382
0.999217 0.000783
0.997757 0.002243
0.026306 0.973694
0.000007 0.999993
0.017416 0.982584
0.000946 0.999054
0.055937 0.944063
0.000113 0.999887
0.000006 0.999994
0.000009 0.999991
0.846310 0.153690
0.002356 0.997644
0.998002 0.001998
0.000056 0.999944
0.028601 0.971399
0.000015 0.999985
0.994403 0.005597
0.390069 0.609931
0.987256 0.012744
0.035186 0.964814
0.995046 0.004954
0.003537 0.996463
0.999011 0.000989
0.000006 0.999994
0.000006 0.999994
0.000013 0.999987
0.001204 0.998796
0.002205 0.997795
0.010131 0.989869
0.001594 0.998406
0.000012 0.999988
0.000006 0.999994
0.966901 0.033099
0.971605 0.028395
0.000997 0.999003
0.984455 0.015545
0.010648 0.989352
0.969363 0.030637
0.987563 0.012437
0.018585 0.981415
0.000006 0.999994
0.000006 0.999994
0.019140 0.980860
0.000010 0.999990
0.010620 0.989380
0.864157 0.135843
0.987970 0.012030
0.000016 0.999984
0.957059 0.042941
0.998429 0.001571
0.982284 0.017716
0.996523 0.003477
0.010953 0.989047
0.000009 0.999991
0.977560 0.022440
0.994873 0.005127
0.000006 0.999994
0.468878 0.531122
0.000010 0.999990
0.062412 0.937588
0.000006 0.999994
0.029880 0.970120
0.996824 0.003176
0.000013 0.999987
0.067287 0.932713
0.997943 0.002057
0.999113 0.000887
0.507721 0.492279
0.000008 0.999992
0.033781 0.966219
0.995881 0.004119
0.001305 0.998695
0.508534 0.491466
0.103450 0.896550
0.862278 0.137722
0.003637 0.996363
0.996545 0.003455
0.018513 0.981487
0.999220 0.000780
0.000006 0.999994
0.000009 0.999991
0.000007 0.999993
0.000007 0.999993
0.967762 0.032238
0.090781 0.909219
0.527025 0.472975
0.000018 0.999982
0.990978 0.009022
0.058976 0.941024
0.000011 0.999989
0.000007 0.999993
0.999218 0.000782
0.040460 0.959540
0.000053 0.999947
0.001114 0.998886
0.000006 0.999994
0.000006 0.999994
0.000007 0.999993
0.027373 0.972627
0.001172 0.998828
0.998668 0.001332
0.000007 0.999993
0.987467 0.012533
0.795736 0.204264
0.530407 0.469593
0.000007 0.999993
0.000012 0.999988
0.994701 0.005299
0.938956 0.061044
0.000012 0.999988
0.732749 0.267251
0.998669 0.001331
0.115165 0.884835
0.996570 0.003430
0.999296 0.000704
0.995720 0.004280
0.001185 0.998815
0.000957 0.999043
0.010232 0.989768
0.994144 0.005856
0.001111 0.998889
0.000108 0.999892
0.011775 0.988225
0.998647 0.001353
0.986344 0.013656
0.995431 0.004569
0.000006 0.999994
0.001399 0.998601
0.981231 0.018769
0.993281 0.006719
0.000007 0.999993
0.987147 0.012853
0.018587 0.981413
0.552126 0.447874
0.999109 0.000891
0.000025 0.999975
0.019939 0.980061
0.579010 0.420990
0.000110 0.999890
0.020516 0.979484
0.992662 0.007338
0.001373 0.998627
0.013541 0.986459
0.995378 0.004622
0.965278 0.034722
0.793431 0.206569
0.001258 0.998742
0.995937 0.004063
0.000006 0.999994
0.017145 0.982855
0.000022 0.999978
0.000006 0.999994
0.992248 0.007752
0.982801 0.017199
0.961162 0.038838
0.000027 0.999973
0.002433 0.997567
0.001316 0.998684
0.072831 0.927169
0.996210 0.003790
0.000112 0.999888
0.000006 0.999994
0.001479 0.998521
0.000008 0.999992
0.991796 0.008204
0.001254 0.998746
0.998041 0.001959
0.009545 0.990455
0.169064 0.830936
0.002042 0.997958
0.993568 0.006432
0.000032 0.999968
0.999278 0.000722
0.000008 0.999992
0.000010 0.999990
0.018443 0.981557
0.000020 0.999980
0.000006 0.999994
0.010781 0.989219
0.000006 0.999994
0.000007 0.999993
0.000022 0.999978
0.000006 0.999994
0.000054 0.999946
0.988925 0.011075
0.000011 0.999989
0.975320 0.024680
0.000006 0.999994
0.993831 0.006169
0.001047 0.998953
0.000019 0.999981
0.000020 0.999980
0.000006 0.999994
0.000016 0.999984
0.520931 0.479069
0.000006 0.999994
0.017283 0.982717
0.037138 0.962862
0.000097 0.999903
0.956293 0.043707
0.118139 0.881861
0.000011 0.999989
0.999099 0.000901
0.000050 0.999950
0.000008 0.999992
0.000010 0.999990
0.060234 0.939766
0.011167 0.988833
0.003329 0.996671
0.987673 0.012327
0.001063 0.998937
0.000954 0.999046
0.000011 0.999989
0.003623 0.996377
0.994163 0.005837
0.000007 0.999993
0.169437 0.830563
0.996846 0.003154
0.995696 0.004304
0.999210 0.000790
0.999111 0.000889
0.000014 0.999986
0.998638 0.001362
0.000010 0.999990
0.000006 0.999994
0.001324 0.998676
0.001450 0.998550
0.001496 0.998504
0.006099 0.993901
0.017696 0.982304
0.940921 0.059079
0.999214 0.000786
0.902506 0.097494
0.000007 0.999993
0.000008 0.999992
0.001242 0.998758
0.997632 0.002368
0.001759 0.998241
0.917744 0.082256
0.069092 0.930908
0.000006 0.999994
0.726284 0.273716
0.986296 0.013704
0.000006 0.999994
0.998642 0.001358
0.000006 0.999994
0.000014 0.999986
0.001117 0.998883
0.000007 0.999993
0.999159 0.000841
0.000010 0.999990
0.000006 0.999994
0.235430 0.764570
0.000950 0.999050
0.987946 0.012054
0.002246 0.997754
0.000011 0.999989
0.000006 0.999994
0.031296 0.968704
0.000011 0.999989
0.998160 0.001840
0.920944 0.079056
0.774614 0.225386
0.984543 0.015457
0.000013 0.999987
0.029850 0.970150
0.994719 0.005281
0.001095 0.998905
0.530281 0.469719
0.999275 0.000725
0.946789 0.053211
0.018270 0.981730
0.902024 0.097976
0.001240 0.998760
0.028306 0.971694
0.034226 0.965774
0.994684 0.005316
0.056114 0.943886
0.182716 0.817284
0.000012 0.999988
0.986756 0.013244
0.984546 0.015454
0.000012 0.999988
0.000014 0.999986
0.000007 0.999993
0.994879 0.005121
0.001390 0.998610
0.703304 0.296696
0.000006 0.999994
0.011634 0.988366
0.000006 0.999994
0.993174 0.006826
0.955277 0.044723
0.009347 0.990653
0.918136 0.081864
0.972545 0.027455
0.000008 0.999992
0.000018 0.999982
0.011860 0.988140
0.999289 0.000711
0.998951 0.001049
0.092043 0.907957
0.994470 0.005530
0.962416 0.037584
0.000014 0.999986
0.000013 0.999987
0.999208 0.000792
0.979596 0.020404
0.024525 0.975475
0.000008 0.999992
0.000011 0.999989
0.000006 0.999994
0.082496 0.917504
0.940988 0.059012
0.000010 0.999990
0.002200 0.997800
0.996520 0.003480
0.998087 0.001913
0.992105 0.007895
0.756740 0.243260
0.002180 0.997820
0.999247 0.000753
0.001126 0.998874
0.002265 0.997735
0.985780 0.014220
0.995824 0.004176
0.977860 0.022140
0.168069 0.831931
0.001258 0.998742
0.961399 0.038601
0.981831 0.018169
0.000009 0.999991
0.266626 0.733374
0.000024 0.999976
0.000011 0.999989
0.000100 0.999900
0.001681 0.998319
0.986659 0.013341
0.000009 0.999991
0.961271 0.038729
0.996267 0.003733
0.988190 0.011810
0.056790 0.943210
0.813472 0.186528
0.973883 0.026117
0.000022 0.999978
0.996537 0.003463
0.016320 0.983680
0.000006 0.999994
0.977757 0.022243
0.999296 0.000704
0.085336 0.914664
0.000020 0.999980
0.000112 0.999888
0.756401 0.243599
0.000008 0.999992
0.000006 0.999994
0.942773 0.057227
0.208259 0.791741
0.000006 0.999994
0.011897 0.988103
0.000010 0.999990
0.002251 0.997749
0.000060 0.999940
0.031098 0.968902
0.000021 0.999979
0.050296 0.949704
0.994142 0.005858
0.007148 0.992852
0.995720 0.004280
0.192430 0.807570
0.000012 0.999988
0.169121 0.830879
0.000006 0.999994
0.000006 0.999994
0.989293 0.010707
0.002015 0.997985
0.998017 0.001983
0.995804 0.004196
0.001857 0.998143
0.000113 0.999887
0.996466 0.003534
0.090706 0.909294
0.275097 0.724903
0.000023 0.999977
0.732325 0.267675
0.000027 0.999973
0.001900 0.998100
0.000010 0.999990
0.293303 0.706697
0.160114 0.839886
0.865173 0.134827
0.000006 0.999994
0.000007 0.999993
0.000008 0.999992
0.999220 0.000780
0.048355 0.951645
0.013297 0.986703
0.992933 0.007067
0.000009 0.999991
0.016163 0.983837
0.000014 0.999986
0.000080 0.999920
0.000006 0.999994
0.000010 0.999990
0.468812 0.531188
0.000006 0.999994
0.001711 0.998289
0.011153 0.988847
0.000007 0.999993
0.000035 0.999965
0.227363 0.772637
0.000007 0.999993
0.137298 0.862702
0.990394 0.009606
0.975605 0.024395
0.000112 0.999888
0.000018 0.999982
0.998275 0.001725
0.678368 0.321632
0.001128 0.998872
0.000013 0.999987
0.000011 0.999989
0.997358 0.002642
0.970617 0.029383
0.974057 0.025943
0.000881 0.999119
0.993243 0.006757
0.001227 0.998773
0.998924 0.001076
0.002205 0.997795
0.000013 0.999987
0.980186 0.019814
0.003000 0.997000
0.000016 0.999984
0.995163 0.004837
0.996233 0.003767
0.000011 0.999989
0.974732 0.025268
0.986501 0.013499
0.993890 0.006110
0.000009 0.999991
0.042461 0.957539
0.001337 0.998663
0.001891 0.998109
0.156286 0.843714
0.000008 0.999992
0.000013 0.999987
0.000010 0.999990
0.992732 0.007268
0.091867 0.908133
0.001060 0.998940
0.001255 0.998745
0.979155 0.020845
0.999217 0.000783
0.001046 0.998954
0.155277 0.844723
0.007489 0.992511
0.000020 0.999980
0.876460 0.123540
0.103690 0.896310
0.000986 0.999014
0.998011 0.001989
0.000113 0.999887
0.994337 0.005663
0.154581 0.845419
0.000112 0.999888
0.999209 0.000791
0.000113 0.999887
0.977870 0.022130
0.002321 0.997679
0.993180 0.006820
0.000012 0.999988
0.983712 0.016288
0.008817 0.991183
0.000006 0.999994
0.000026 0.999974
0.000010 0.999990
0.999220 0.000780
0.745719 0.254281
0.018044 0.981956
0.002494 0.997506
0.091536 0.908464
0.006036 0.993964
0.994057 0.005943
0.000112 0.999888
0.001131 0.998869
0.001110 0.998890
0.000008 0.999992
0.001200 0.998800
0.986007 0.013993
0.989995 0.010005
0.000007 0.999993
0.996841 0.003159
0.158802 0.841198
0.985476 0.014524
0.000011 0.999989
0.012086 0.987914
0.000976 0.999024
0.010853 0.989147
0.999139 0.000861
0.000009 0.999991
0.000006 0.999994
0.997651 0.002349
0.000009 0.999991
0.000006 0.999994
0.000009 0.999991
0.097669 0.902331
0.000013 0.999987
0.000009 0.999991
0.000006 0.999994
0.011455 0.988545
0.994906 0.005094
0.994923 0.005077
0.137209 0.862791
0.000007 0.999993
0.000072 0.999928
0.014034 0.985966
0.736961 0.263039
0.000011 0.999989
0.001018 0.998982
0.002673 0.997327
0.998101 0.001899
0.040785 0.959215
0.000008 0.999992
0.994999 0.005001
0.000007 0.999993
0.000026 0.999974
0.000047 0.999953
0.928156 0.071844
0.993880 0.006120
0.997065 0.002935
0.996494 0.003506
0.000054 0.999946
0.034166 0.965834
0.000014 0.999986
0.061764 0.938236
0.996404 0.003596
0.997208 0.002792
0.010281 0.989719
0.000008 0.999992
0.993014 0.006986
0.000006 0.999994
0.000006 0.999994
0.003689 0.996311
0.421893 0.578107
0.081275 0.918725
0.000007 0.999993
0.988795 0.011205
0.022248 0.977752
0.985024 0.014976
0.002022 0.997978
0.923058 0.076942
0.000007 0.999993
0.000006 0.999994
0.992812 0.007188
0.030237 0.969763
0.001304 0.998696
0.973598 0.026402
0.999274 0.000726
0.000016 0.999984
0.000007 0.999993
0.000013 0.999987
0.998860 0.001140
0.000014 0.999986
0.001002 0.998998
0.934369 0.065631
0.918709 0.081291
0.507879 0.492121
0.000017 0.999983
0.068144 0.931856
0.993266 0.006734
0.001093 0.998907
0.954730 0.045270
0.852068 0.147932
0.000013 0.999987
0.992280 0.007720
0.000101 0.999899
0.298537 0.701463
0.104329 0.895671
0.503829 0.496171
0.993031 0.006969
0.002125 0.997875
0.000012 0.999988
0.000013 0.999987
0.794104 0.205896
0.000011 0.999989
0.000011 0.999989
0.000014 0.999986
0.997861 0.002139
0.989080 0.010920
0.810273 0.189727
0.000102 0.999898
0.620058 0.379942
0.000007 0.999993
0.721157 0.278843
0.001113 0.998887
0.151514 0.848486
0.002530 0.997470
0.755849 0.244151
0.697116 0.302884
0.964989 0.035011
0.999273 0.000727
0.998607 0.001393
0.000009 0.999991
0.000011 0.999989
0.979095 0.020905
0.000968 0.999032
0.115598 0.884402
0.002345 0.997655
0.000007 0.999993
0.906449 0.093551
0.813090 0.186910
0.974136 0.025864
0.000007 0.999993
0.996007 0.003993
0.000011 0.999989
0.987846 0.012154
0.001011 0.998989
0.042990 0.957010
0.999212 0.000788
0.997489 0.002511
0.978409 0.021591
0.986742 0.013258
0.000007 0.999993
0.000007 0.999993
0.995326 0.004674
0.001830 0.998170
0.000006 0.999994
0.979893 0.020107
0.000015 0.999985
0.000007 0.999993
0.032594 0.967406
0.015378 0.984622
0.000006 0.999994
0.003318 0.996682
0.987696 0.012304
0.000014 0.999986
0.998079 0.001921
0.000010 0.999990
0.137338 0.862662
0.997606 0.002394
0.000025 0.999975
0.000009 0.999991
0.000006 0.999994
0.000018 0.999982
0.000105 0.999895
0.093178 0.906822
0.993692 0.006308
0.001417 0.998583
0.336942 0.663058
0.001198 0.998802
0.000012 0.999988
0.936867 0.063133
0.998236 0.001764
0.009300 0.990700
0.873908 0.126092
0.000007 0.999993
0.000009 0.999991
0.995991 0.004009
0.001031 0.998969
0.001843 0.998157
0.996090 0.003910
0.002795 0.997205
0.999218 0.000782
0.997971 0.002029
0.977741 0.022259
0.996419 0.003581
0.011301 0.988699
0.000014 0.999986
0.731069 0.268931
0.000048 0.999952
0.985155 0.014845
0.992864 0.007136
0.997159 0.002841
0.147718 0.852282
0.994365 0.005635
0.979930 0.020070
0.000006 0.999994
0.000013 0.999987
0.005561 0.994439
0.196357 0.803643
0.992301 0.007699
0.001341 0.998659
0.001218 0.998782
0.000006 0.999994
0.000008 0.999992
0.000007 0.999993
0.000014 0.999986
0.997503 0.002497
0.999181 0.000819
0.001160 0.998840
0.000006 0.999994
0.000019 0.999981
0.974449 0.025551
0.093190 0.906810
0.993933 0.006067
0.559635 0.440365
0.000010 0.999990
0.001280 0.998720
0.957575 0.042425
0.002255 0.997745
0.997044 0.002956
0.000006 0.999994
0.000006 0.999994
0.997455 0.002545
0.579983 0.420017
0.924311 0.075689
0.000006 0.999994
0.989577 0.010423
0.000016 0.999984
0.000006 0.999994
0.807191 0.192809
0.444765 0.555235
0.000009 0.999991
0.977487 0.022513
0.000007 0.999993
0.001273 0.998727
0.992963 0.007037
0.000008 0.999992
0.998094 0.001906
0.968767 0.031233
0.000012 0.999988
0.995928 0.004072
0.004126 0.995874
0.988867 0.011133
0.053072 0.946928
0.047258 0.952742
0.979097 0.020903
0.000010 0.999990
0.000012 0.999988
0.001005 0.998995
0.195384 0.804616
0.000112 0.999888
0.002367 0.997633
0.972212 0.027788
0.997274 0.002726
0.993412 0.006588
0.958196 0.041804
0.998096 0.001904
0.998664 0.001336
0.988980 0.011020
0.000113 0.999887
0.002049 0.997951
0.001234 0.998766
0.000006 0.999994
0.586902 0.413098
0.000023 0.999977
0.999296 0.000704
0.440809 0.559191
0.001197 0.998803
0.991260 0.008740
0.080627 0.919373
0.937263 0.062737
0.981272 0.018728
0.998020 0.001980
0.997766 0.002234
0.035377 0.964623
0.998348 0.001652
0.000022 0.999978
0.023781 0.976219
0.759191 0.240809
0.002483 0.997517
0.047671 0.952329
0.000011 0.999989
0.984388 0.015612
0.993597 0.006403
0.002238 0.997762
0.998851 0.001149
0.002015 0.997985
0.000085 0.999915
0.984251 0.015749
0.995032 0.004968
0.979142 0.020858
0.000063 0.999937
0.000006 0.999994
0.000009 0.999991
0.000017 0.999983
0.990907 0.009093
0.960230 0.039770
0.000015 0.999985
0.995057 0.004943
0.999209 0.000791
0.983112 0.016888
0.993272 0.006728
0.992173 0.007827
0.997692 0.002308
0.000006 0.999994
0.984170 0.015830
0.702269 0.297731
0.986809 0.013191
0.001073 0.998927
0.000022 0.999978
0.000006 0.999994
0.987760 0.012240
0.000006 0.999994
0.000015 0.999985
0.998996 0.001004
0.000006 0.999994
0.996103 0.003897
0.000006 0.999994
0.998363 0.001637
0.000006 0.999994
0.399829 0.600171
0.993863 0.006137
0.010408 0.989592
0.981506 0.018494
0.000009 0.999991
0.988603 0.011397
0.002419 0.997581
0.000008 0.999992
0.000107 0.999893
0.002150 0.997850
0.998608 0.001392
0.000006 0.999994
0.001761 0.998239
0.000989 0.999011
0.001254 0.998746
0.001016 0.998984
0.001003 0.998997
0.985369 0.014631
0.986149 0.013851
0.138974 0.861026
0.000044 0.999956
0.000013 0.999987
0.012574 0.987426
0.000006 0.999994
0.000007 0.999993
0.018539 0.981461
0.002322 0.997678
0.997398 0.002602
0.000017 0.999983
0.987461 0.012539
0.004775 0.995225
0.000006 0.999994
0.940748 0.059252
0.312168 0.687832
0.975655 0.024345
0.029168 0.970832
0.934304 0.065696
0.997518 0.002482
0.000015 0.999985
0.000006 0.999994
0.165923 0.834077
0.000016 0.999984
0.000014 0.999986
0.003170 0.996830
0.000015 0.999985
0.000017 0.999983
0.366437 0.633563
0.536301 0.463699
0.989345 0.010655
0.000027 0.999973
0.862617 0.137383
0.000007 0.999993
0.001563 0.998437
0.378871 0.621129
0.000006 0.999994
0.025450 0.974550
0.968728 0.031272
0.214858 0.785142
0.207673 0.792327
0.010945 0.989055
0.920942 0.079058
0.001386 0.998614
0.000011 0.999989
0.099730 0.900270
0.999104 0.000896
0.959968 0.040032
0.000012 0.999988
0.993150 0.006850
0.758777 0.241223
0.194337 0.805663
0.000006 0.999994
0.000006 0.999994
0.013782 0.986218
0.365042 0.634958
0.000009 0.999991
0.135087 0.864913
0.001074 0.998926
0.000012 0.999988
0.013698 0.986302
0.000010 0.999990
0.985511 0.014489
0.008701 0.991299
0.000014 0.999986
0.000012 0.999988
0.001146 0.998854
0.756595 0.243405
0.000010 0.999990
0.000008 0.999992
0.118933 0.881067
0.998364 0.001636
0.066716 0.933284
0.000006 0.999994
0.215572 0.784428
0.106172 0.893828
0.979454 0.020546
0.001366 0.998634
0.019644 0.980356
0.654986 0.345014
0.000012 0.999988
0.000007 0.999993
0.000007 0.999993
0.000013 0.999987
0.244941 0.755059
0.000008 0.999992
0.973692 0.026308
0.000012 0.999988
0.000012 0.999988
0.980114 0.019886
0.000067 0.999933
0.010537 0.989463
0.001627 0.998373
0.001357 0.998643
0.999296 0.000704
0.000011 0.999989
0.984086 0.015914
0.681281 0.318719
0.000015 0.999985
0.999197 0.000803
0.001125 0.998875
0.001093 0.998907
0.001207 0.998793
0.000006 0.999994
0.001910 0.998090
0.979044 0.020956
0.528435 0.471565
0.996661 0.003339
0.000961 0.999039
0.001139 0.998861
0.018584 0.981416
0.000006 0.999994
0.966693 0.033307
0.002390 0.997610
0.997970 0.002030
0.998325 0.001675
0.054366 0.945634
0.437285 0.562715
0.922500 0.077500
0.001002 0.998998
0.970176 0.029824
0.995719 0.004281
0.107381 0.892619
0.003914 0.996086
0.947225 0.052775
0.995359 0.004641
0.000108 0.999892
0.231714 0.768286
0.009860 0.990140
0.000013 0.999987
0.000006 0.999994
0.000010 0.999990
0.966397 0.033603
0.996944 0.003056
0.000011 0.999989
0.000008 0.999992
0.995377 0.004623
0.000008 0.999992
0.000014 0.999986
0.000107 0.999893
0.718198 0.281802
0.957681 0.042319
0.000006 0.999994
0.928695 0.071305
0.106579 0.893421
0.882924 0.117076
0.001358 0.998642
0.000006 0.999994
0.000015 0.999985
0.000007 0.999993
0.020759 0.979241
0.994486 0.005514
0.999242 0.000758
0.000007 0.999993
0.000054 0.999946
0.998232 0.001768
0.950319 0.049681
0.035708 0.964292
0.000037 0.999963
0.000009 0.999991
0.011629 0.988371
0.025939 0.974061
0.065106 0.934894
0.399053 0.600947
0.000012 0.999988
0.000111 0.999889
0.999024 0.000976
0.988594 0.011406
0.999050 0.000950
0.994817 0.005183
0.989009 0.010991
0.144093 0.855907
0.983222 0.016778
0.000009 0.999991
0.990366 0.009634
0.000008 0.999992
0.003625 0.996375
0.999113 0.000887
0.000044 0.999956
0.009706 0.990294
0.978733 0.021267
0.990076 0.009924
0.990464 0.009536
0.048888 0.951112
0.002085 0.997915
0.000006 0.999994
0.000013 0.999987
0.000017 0.999983
0.987792 0.012208
0.999296 0.000704
0.012459 0.987541
0.000012 0.999988
0.000092 0.999908
0.000032 0.999968
0.000015 0.999985
0.986232 0.013768
0.963994 0.036006
0.994920 0.005080
0.996110 0.003890
0.000013 0.999987
0.998096 0.001904
0.987133 0.012867
0.087871 0.912129
0.998662 0.001338
0.968388 0.031612
0.962337 0.037663
0.998086 0.001914
0.001303 0.998697
0.000006 0.999994
0.996902 0.003098
0.997765 0.002235
0.998099 0.001901
0.994077 0.005923
0.000046 0.999954
0.000007 0.999993
0.000011 0.999989
0.002005 0.997995
0.000007 0.999993
0.986229 0.013771
0.994492 0.005508
0.000009 0.999991
0.000962 0.999038
0.000006 0.999994
0.018848 0.981152
0.000020 0.999980
0.000017 0.999983
0.003552 0.996448
0.203929 0.796071
0.999107 0.000893
0.984200 0.015800
0.000006 0.999994
0.018592 0.981408
0.000007 0.999993
0.014815 0.985185
0.000005 0.999995
0.993410 0.006590
0.001278 0.998722
0.001744 0.998256
0.357338 0.642662
0.000064 0.999936
0.026672 0.973328
0.016235 0.983765
0.000006 0.999994
0.000024 0.999976
0.151353 0.848647
0.000009 0.999991
0.996622 0.003378
0.999220 0.000780
0.000006 0.999994
0.320019 0.679981
0.051278 0.948722
0.000006 0.999994
0.514126 0.485874
0.900917 0.099083
0.001088 0.998912
0.762397 0.237603
0.046736 0.953264
0.000045 0.999955
0.000007 0.999993
0.001100 0.998900
0.988308 0.011692
0.001043 0.998957
0.008972 0.991028
0.000007 0.999993
0.999207 0.000793
0.000010 0.999990
0.999230 0.000770
0.003251 0.996749
0.998659 0.001341
0.997201 0.002799
0.001307 0.998693
0.000008 0.999992
0.999127 0.000873
0.083297 0.916703
0.000009 0.999991
0.081442 0.918558
0.000012 0.999988
0.998564 0.001436
0.998062 0.001938
0.999289 0.000711
0.001908 0.998092
0.019866 0.980134
0.000111 0.999889
0.408692 0.591308
0.999296 0.000704
0.000006 0.999994
0.154404 0.845596
0.002900 0.997100
0.979131 0.020869
0.998044 0.001956
0.038433 0.961567
0.000011 0.999989
0.045807 0.954193
0.999294 0.000706
0.997436 0.002564
0.000011 0.999989
0.974540 0.025460
0.984498 0.015502
0.001150 0.998850
0.999104 0.000896
0.967818 0.032182
0.982958 0.017042
0.997055 0.002945
0.000006 0.999994
0.000011 0.999989
0.995718 0.004282
0.000023 0.999977
0.998833 0.001167
0.000006 0.999994
0.000009 0.999991
0.000111 0.999889
0.001703 0.998297
0.966157 0.033843
0.000113 0.999887
0.000013 0.999987
0.212515 0.787485
0.993285 0.006715
0.234801 0.765199
0.976727 0.023273
0.000013 0.999987
0.996968 0.003032
0.999111 0.000889
0.996252 0.003748
0.002017 0.997983
0.968192 0.031808
0.000013 0.999987
0.999029 0.000971
0.999215 0.000785
0.155374 0.844626
0.992295 0.007705
0.022941 0.977059
0.975793 0.024207
0.997701 0.002299
0.001485 0.998515
0.000006 0.999994
0.011581 0.988419
0.963559 0.036441
0.000009 0.999991
0.999215 0.000785
0.000035 0.999965
0.000007 0.999993
0.984432 0.015568
0.101728 0.898272
0.239734 0.760266
0.962261 0.037739
0.676587 0.323413
0.997591 0.002409
0.992061 0.007939
0.000012 0.999988
0.000010 0.999990
0.002055 0.997945
0.721077 0.278923
0.000093 0.999907
0.031522 0.968478
0.001831 0.998169
0.000006 0.999994
0.000007 0.999993
0.000012 0.999988
0.239476 0.760524
0.001934 0.998066
0.000007 0.999993
0.001155 0.998845
0.000011 0.999989
0.966525 0.033475
0.014243 0.985757
0.993211 0.006789
0.000006 0.999994
0.993870 0.006130
0.094777 0.905223
0.986741 0.013259
0.000104 0.999896
0.991985 0.008015
0.000012 0.999988
0.996541 0.003459
0.994036 0.005964
0.960514 0.039486
0.997745 0.002255
0.016202 0.983798
0.973301 0.026699
0.955782 0.044218
0.999108 0.000892
0.863514 0.136486
0.957401 0.042599
0.001727 0.998273
0.354875 0.645125
0.043234 0.956766
0.000008 0.999992
0.977610 0.022390
0.972088 0.027912
0.000008 0.999992
0.998577 0.001423
0.001732 0.998268
0.993148 0.006852
0.000013 0.999987
0.000006 0.999994
0.038717 0.961283
0.010516 0.989484
0.508523 0.491477
0.000113 0.999887
0.000007 0.999993
0.025331 0.974669
0.000017 0.999983
0.000009 0.999991
0.000007 0.999993
0.009738 0.990262
0.001322 0.998678
0.138280 0.861720
0.728718 0.271282
0.000007 0.999993
0.000009 0.999991
0.000008 0.999992
0.998668 0.001332
0.001048 0.998952
0.016642 0.983358
0.000006 0.999994
0.999295 0.000705
0.032764 0.967236
0.000006 0.999994
0.000009 0.999991
0.999015 0.000985
0.997415 0.002585
0.001978 0.998022
0.001553 0.998447
0.384743 0.615257
0.974304 0.025696
0.994665 0.005335
0.761535 0.238465
0.996667 0.003333
0.010293 0.989707
0.063790 0.936210
0.000006 0.999994
0.000935 0.999065
0.999219 0.000781
0.000010 0.999990
0.001172 0.998828
0.998348 0.001652
0.000015 0.999985
0.000007 0.999993
0.009590 0.990410
0.002433 0.997567
0.000006 0.999994
0.997890 0.002110
0.032526 0.967474
0.999289 0.000711
0.998317 0.001683
0.000007 0.999993
0.002365 0.997635
0.000006 0.999994
0.000006 0.999994
0.998045 0.001955
0.047463 0.952537
0.066761 0.933239
0.000007 0.999993
0.000009 0.999991
0.063013 0.936987
0.000112 0.999888
0.001077 0.998923
0.058490 0.941510
0.000006 0.999994
0.000008 0.999992
0.997175 0.002825
0.216955 0.783045
0.987896 0.012104
0.998101 0.001899
0.988147 0.011853
0.999267 0.000733
0.986847 0.013153
0.001072 0.998928
0.000013 0.999987
0.000101 0.999899
0.001664 0.998336
0.999289 0.000711
0.994891 0.005109
0.064968 0.935032
0.001124 0.998876
0.000006 0.999994
0.706800 0.293200
0.970430 0.029570
0.998928 0.001072
0.000009 0.999991
0.988219 0.011781
0.012626 0.987374
0.000006 0.999994
0.000006 0.999994
0.527627 0.472373
0.000008 0.999992
0.000007 0.999993
0.000013 0.999987
0.999295 0.000705
0.000006 0.999994
0.997836 0.002164
0.000009 0.999991
0.994668 0.005332
0.000011 0.999989
0.083353 0.916647
0.530914 0.469086
0.000006 0.999994
0.001188 0.998812
0.000012 0.999988
0.001506 0.998494
0.187292 0.812708
0.000007 0.999993
0.097386 0.902614
0.853478 0.146522
0.052675 0.947325
0.242745 0.757255
0.154808 0.845192
0.000083 0.999917
0.098901 0.901099
0.000021 0.999979
0.002716 0.997284
0.977959 0.022041
0.981325 0.018675
0.000065 0.999935
0.013295 0.986705
0.818956 0.181044
0.033008 0.966992
0.999220 0.000780
0.156285 0.843715
0.000012 0.999988
0.984401 0.015599
0.998330 0.001670
0.000016 0.999984
0.029378 0.970622
0.000011 0.999989
0.999079 0.000921
0.003048 0.996952
0.000007 0.999993
0.257600 0.742400
0.045823 0.954177
0.014051 0.985949
0.000006 0.999994
0.240030 0.759970
0.999274 0.000726
0.000007 0.999993
0.887058 0.112942
0.000970 0.999030
0.989431 0.010569
0.001035 0.998965
0.000013 0.999987
0.000010 0.999990
0.007461 0.992539
0.000012 0.999988
0.861530 0.138470
0.004401 0.995599
0.995969 0.004031
0.755813 0.244187
0.001539 0.998461
0.998101 0.001899
0.995860 0.004140
0.000012 0.999988
0.997653 0.002347
0.992041 0.007959
0.000008 0.999992
0.000012 0.999988
0.000007 0.999993
0.272894 0.727106
0.236225 0.763775
0.000006 0.999994
0.000012 0.999988
0.988100 0.011900
0.657826 0.342174
0.002149 0.997851
0.095003 0.904997
0.995971 0.004029
0.879239 0.120761
0.000015 0.999985
0.000997 0.999003
0.011461 0.988539
0.000007 0.999993
0.995250 0.004750
0.999006 0.000994
0.010223 0.989777
0.714743 0.285257
0.043742 0.956258
0.000006 0.999994
0.001052 0.998948
0.986868 0.013132
0.998893 0.001107
0.000007 0.999993
0.998072 0.001928
0.000017 0.999983
0.001476 0.998524
0.000007 0.999993
0.999071 0.000929
0.995061 0.004939
0.000010 0.999990
0.000032 0.999968
0.950163 0.049837
0.000011 0.999989
0.944276 0.055724
0.000015 0.999985
0.121289 0.878711
0.000987 0.999013
0.000010 0.999990
0.996974 0.003026
0.000008 0.999992
0.939405 0.060595
0.972208 0.027792
0.000098 0.999902
0.207920 0.792080
0.000006 0.999994
0.985943 0.014057
0.032029 0.967971
0.989173 0.010827
0.000008 0.999992
0.048798 0.951202
0.071139 0.928861
0.000010 0.999990
0.000007 0.999993
0.001030 0.998970
0.002672 0.997328
0.003059 0.996941
0.999212 0.000788
0.228593 0.771407
0.000007 0.999993
0.998662 0.001338
0.599737 0.400263
0.992270 0.007730
0.011760 0.988240
0.000006 0.999994
0.998288 0.001712
0.756582 0.243418
0.027918 0.972082
0.997980 0.002020
0.000010 0.999990
0.001254 0.998746
0.999196 0.000804
0.001693 0.998307
0.008475 0.991525
0.000006 0.999994
0.014385 0.985615
0.000007 0.999993
0.923965 0.076035
0.000101 0.999899
0.000095 0.999905
0.997776 0.002224
0.040327 0.959673
0.000006 0.999994
0.995788 0.004212
0.000012 0.999988
0.148117 0.851883
0.001732 0.998268
0.002622 0.997378
0.966794 0.033206
0.272822 0.727178
0.009801 0.990199
0.001095 0.998905
0.091816 0.908184
0.966325 0.033675
0.000017 0.999983
0.998380 0.001620
0.002172 0.997828
0.000012 0.999988
0.001226 0.998774
0.993061 0.006939
0.000009 0.999991
0.000011 0.999989
0.000006 0.999994
0.000013 0.999987
0.035177 0.964823
0.000038 0.999962
0.996671 0.003329
0.867602 0.132398
0.010895 0.989105
0.997893 0.002107
0.011351 0.988649
0.001439 0.998561
0.000012 0.999988
0.989622 0.010378
0.994766 0.005234
0.984596 0.015404
0.000006 0.999994
0.997810 0.002190
0.930436 0.069564
0.000019 0.999981
0.000983 0.999017
0.000009 0.999991
0.969581 0.030419
0.000013 0.999987
0.996556 0.003444
0.000011 0.999989
0.997939 0.002061
0.944784 0.055216
0.000006 0.999994
0.090860 0.909140
0.000011 0.999989
0.001090 0.998910
0.001114 0.998886
0.000010 0.999990
0.998213 0.001787
0.001384 0.998616
0.000014 0.999986
0.144339 0.855661
0.993674 0.006326
0.000013 0.999987
0.953862 0.046138
0.996545 0.003455
0.000011 0.999989
0.010022 0.989978
0.002408 0.997592
0.028358 0.971642
0.011985 0.988015
0.000006 0.999994
0.000113 0.999887
0.999286 0.000714
0.001557 0.998443
0.912383 0.087617
0.854109 0.145891
0.000011 0.999989
0.002664 0.997336
0.010461 0.989539
0.000006 0.999994
0.997604 0.002396
0.000006 0.999994
0.010948 0.989052
0.000011 0.999989
0.988639 0.011361
0.991317 0.008683
0.000006 0.999994
0.986165 0.013835
0.999232 0.000768
0.002360 0.997640
0.369101 0.630899
0.286969 0.713031
0.011788 0.988212
0.999291 0.000709
0.000030 0.999970
0.757897 0.242103
0.998092 0.001908
0.000011 0.999989
0.000094 0.999906
0.000013 0.999987
0.000006 0.999994
0.000017 0.999983
0.998335 0.001665
0.012640 0.987360
0.998670 0.001330
0.000008 0.999992
0.000006 0.999994
0.992000 0.008000
0.986274 0.013726
0.002110 0.997890
0.979354 0.020646
0.977635 0.022365
0.001394 0.998606
0.902421 0.097579
0.990337 0.009663
0.000006 0.999994
0.001368 0.998632
0.001706 0.998294
0.979369 0.020631
0.000006 0.999994
0.003331 0.996669
0.011579 0.988421
0.000113 0.999887
0.001090 0.998910
0.000008 0.999992
0.956296 0.043704
0.994203 0.005797
0.000006 0.999994
0.998335 0.001665
0.166191 0.833809
0.984056 0.015944
0.000011 0.999989
0.030472 0.969528
0.997947 0.002053
0.976097 0.023903
0.999106 0.000894
0.999086 0.000914
0.000006 0.999994
0.000006 0.999994
0.001213 0.998787
0.990730 0.009270
0.000006 0.999994
0.000113 0.999887
0.000037 0.999963
0.001260 0.998740
0.990346 0.009654
0.000012 0.999988
0.059590 0.940410
0.000006 0.999994
0.000016 0.999984
0.996341 0.003659
0.984746 0.015254
0.374834 0.625166
0.374956 0.625044
0.011933 0.988067
0.000006 0.999994
0.999296 0.000704
0.356313 0.643687
0.997847 0.002153
0.000013 0.999987
0.980803 0.019197
0.992210 0.007790
0.000034 0.999966
0.023552 0.976448
0.125840 0.874160
0.000979 0.999021
0.000012 0.999988
0.082341 0.917659
0.001322 0.998678
0.000018 0.999982
0.998670 0.001330
0.934323 0.065677
0.000019 0.999981
0.992436 0.007564
0.042625 0.957375
0.994056 0.005944
0.000007 0.999993
0.864136 0.135864
0.042846 0.957154
0.204077 0.795923
0.010709 0.989291
0.999200 0.000800
