0.998495 0.001505
0.000016 0.999984
0.021336 0.978664
0.000006 0.999994
0.995298 0.004702
0.000009 0.999991
0.000024 0.999976
0.999041 0.000959
0.982557 0.017443
0.996039 0.003961
0.025729 0.974271
0.979156 0.020844
0.857696 0.142304
0.964009 0.035991
0.000946 0.999054
0.435978 0.564022
0.998888 0.001112
0.999167 0.000833
0.000012 0.999988
0.000005 0.999995
0.000007 0.999993
0.207727 0.792273
0.923548 0.076452
0.000007 0.999993
0.602060 0.397940
0.000006 0.999994
0.000006 0.999994
0.152548 0.847452
0.000926 0.999074
0.001036 0.998964
0.159467 0.840533
0.886300 0.113700
0.973751 0.026249
0.876450 0.123550
0.983205 0.016795
0.998586 0.001414
0.215754 0.784246
0.000009 0.999991
0.753220 0.246780
0.001147 0.998853
0.000005 0.999995
0.997628 0.002372
0.000971 0.999029
0.000007 0.999993
0.000934 0.999066
0.040476 0.959524
0.000019 0.999981
0.999238 0.000762
0.089722 0.910278
0.001044 0.998956
0.327369 0.672631
0.000869 0.999131
0.000938 0.999062
0.041359 0.958641
0.000006 0.999994
0.605693 0.394307
0.808835 0.191165
0.000007 0.999993
0.998871 0.001129
0.332925 0.667075
0.000094 0.999906
0.940489 0.059511
0.001329 0.998671
0.944241 0.055759
0.000006 0.999994
0.000906 0.999094
0.000007 0.999993
0.000005 0.999995
0.000075 0.999925
0.000848 0.999152
0.466803 0.533197
0.000014 0.999986
0.982154 0.017846
0.001809 0.998191
0.000005 0.999995
0.000005 0.999995
0.000010 0.999990
0.000005 0.999995
0.984660 0.015340
0.000009 0.999991
0.133433 0.866567
0.997607 0.002393
0.017575 0.982425
0.999066 0.000934
0.921046 0.078954
0.143946 0.856054
0.010389 0.989611
0.000018 0.999982
0.000006 0.999994
0.003805 0.996195
0.009125 0.990875
0.000005 0.999995
0.154264 0.845736
0.954904 0.045096
0.508057 0.491943
0.998074 0.001926
0.000109 0.999891
0.000013 0.999987
0.000008 0.999992
0.349359 0.650641
0.000012 0.999988
0.991714 0.008286
0.030440 0.969560
0.001447 0.998553
0.006735 0.993265
0.840245 0.159755
0.000009 0.999991
0.000059 0.999941
0.013548 0.986452
0.998309 0.001691
0.002065 0.997935
0.997803 0.002197
0.000018 0.999982
0.000023 0.999977
0.000006 0.999994
0.992781 0.007219
0.824895 0.175105
0.000006 0.999994
0.000109 0.999891
0.992672 0.007328
0.996184 0.003816
0.001026 0.998974
0.001558 0.998442
0.048727 0.951273
0.033584 0.966416
0.000006 0.999994
0.000812 0.999188
0.999025 0.000975
0.000018 0.999982
0.193512 0.806488
0.000012 0.999988
0.000005 0.999995
0.005830 0.994170
0.001437 0.998563
0.996133 0.003867
0.998196 0.001804
0.014336 0.985664
0.000006 0.999994
0.001579 0.998421
0.008433 0.991567
0.000008 0.999992
0.000011 0.999989
0.997365 0.002635
0.000012 0.999988
0.000006 0.999994
0.000006 0.999994
0.989896 0.010104
0.998938 0.001062
0.000036 0.999964
0.001441 0.998559
0.000005 0.999995
0.000106 0.999894
0.002997 0.997003
0.002086 0.997914
0.000014 0.999986
0.979135 0.020865
0.017960 0.982040
0.000982 0.999018
0.000006 0.999994
0.002057 0.997943
0.025151 0.974849
0.000008 0.999992
0.000006 0.999994
0.997854 0.002146
0.000837 0.999163
0.999158 0.000842
0.522169 0.477831
0.001986 0.998014
0.000816 0.999184
0.998800 0.001200
0.000006 0.999994
0.000013 0.999987
0.079196 0.920804
0.999259 0.000741
0.996954 0.003046
0.983287 0.016713
0.012385 0.987615
0.012986 0.987014
0.997124 0.002876
0.061899 0.938101
0.000005 0.999995
0.000015 0.999985
0.000898 0.999102
0.932209 0.067791
0.000008 0.999992
0.992880 0.007120
0.000006 0.999994
0.001385 0.998615
0.997551 0.002449
0.011670 0.988330
0.314923 0.685077
0.993610 0.006390
0.000888 0.999112
0.002177 0.997823
0.000006 0.999994
0.000028 0.999972
0.000017 0.999983
0.000005 0.999995
0.983428 0.016572
0.986762 0.013238
0.000011 0.999989
0.000996 0.999004
0.002128 0.997872
0.000010 0.999990
0.000005 0.999995
0.418998 0.581002
0.000009 0.999991
0.000007 0.999993
0.999056 0.000944
0.000008 0.999992
0.997527 0.002473
0.000922 0.999078
0.022048 0.977952
0.996699 0.003301
0.000007 0.999993
0.260615 0.739385
0.999049 0.000951
0.000015 0.999985
0.988455 0.011545
0.010185 0.989815
0.000016 0.999984
0.000006 0.999994
0.979292 0.020708
0.964155 0.035845
0.000009 0.999991
0.000011 0.999989
0.995368 0.004632
0.991912 0.008088
0.944296 0.055704
0.999162 0.000838
0.000006 0.999994
0.000057 0.999943
0.932392 0.067608
0.000009 0.999991
0.000024 0.999976
0.907804 0.092196
0.011900 0.988100
0.521931 0.478069
0.362953 0.637047
0.000075 0.999925
0.000007 0.999993
0.983549 0.016451
0.000008 0.999992
0.817126 0.182874
0.000005 0.999995
0.000006 0.999994
0.000009 0.999991
0.559315 0.440685
0.010025 0.989975
0.000009 0.999991
0.992945 0.007055
0.831973 0.168027
0.983493 0.016507
0.000014 0.999986
0.044362 0.955638
0.052830 0.947170
0.000066 0.999934
0.000010 0.999990
0.000866 0.999134
0.000005 0.999995
0.058867 0.941133
0.931620 0.068380
0.978215 0.021785
0.001824 0.998176
0.995701 0.004299
0.001008 0.998992
0.001661 0.998339
0.991493 0.008507
0.002012 0.997988
0.000009 0.999991
0.997962 0.002038
0.939406 0.060594
0.000009 0.999991
0.957465 0.042535
0.000006 0.999994
0.000012 0.999988
0.995253 0.004747
0.000007 0.999993
0.000008 0.999992
0.113459 0.886541
0.975848 0.024152
0.009640 0.990360
0.963666 0.036334
0.999251 0.000749
0.009760 0.990240
0.995501 0.004499
0.000012 0.999988
0.001002 0.998998
0.000013 0.999987
0.986631 0.013369
0.000011 0.999989
0.998278 0.001722
0.000012 0.999988
0.000009 0.999991
0.017363 0.982637
0.000008 0.999992
0.406839 0.593161
0.000009 0.999991
0.000012 0.999988
0.010506 0.989494
0.993823 0.006177
0.999066 0.000934
0.000005 0.999995
0.969104 0.030896
0.984137 0.015863
0.990743 0.009257
0.000006 0.999994
0.000007 0.999993
0.001879 0.998121
0.000005 0.999995
0.000021 0.999979
0.996575 0.003425
0.072253 0.927747
0.187669 0.812331
0.991185 0.008815
0.989634 0.010366
0.977537 0.022463
0.082798 0.917202
0.998245 0.001755
0.003538 0.996462
0.000010 0.999990
0.010992 0.989008
0.216244 0.783756
0.045701 0.954299
0.009487 0.990513
0.009824 0.990176
0.020462 0.979538
0.611404 0.388596
0.999193 0.000807
0.009893 0.990107
0.600055 0.399945
0.033962 0.966038
0.262521 0.737479
0.000099 0.999901
0.000005 0.999995
0.000012 0.999988
0.010258 0.989742
0.597773 0.402227
0.995435 0.004565
0.000008 0.999992
0.000009 0.999991
0.000015 0.999985
0.906225 0.093775
0.071383 0.928617
0.000006 0.999994
0.019683 0.980317
0.001956 0.998044
0.997843 0.002157
0.000062 0.999938
0.999211 0.000789
0.998585 0.001415
0.000005 0.999995
0.002009 0.997991
0.995427 0.004573
0.998913 0.001087
0.003911 0.996089
0.000020 0.999980
0.043532 0.956468
0.993991 0.006009
0.997144 0.002856
0.999057 0.000943
0.000017 0.999983
0.998283 0.001717
0.992731 0.007269
0.999170 0.000830
0.997663 0.002337
0.025716 0.974284
0.000007 0.999993
0.018254 0.981746
0.000810 0.999190
0.052130 0.947870
0.000107 0.999893
0.000006 0.999994
0.000008 0.999992
0.849760 0.150240
0.002214 0.997786
0.998104 0.001896
0.000069 0.999931
0.030926 0.969074
0.000014 0.999986
0.994071 0.005929
0.399366 0.600634
0.985702 0.014298
0.034175 0.965825
0.994732 0.005268
0.003590 0.996410
0.998998 0.001002
0.000006 0.999994
0.000005 0.999995
0.000013 0.999987
0.001096 0.998904
0.002091 0.997909
0.009041 0.990959
0.001565 0.998435
0.000013 0.999987
0.000006 0.999994
0.964540 0.035460
0.968038 0.031962
0.000896 0.999104
0.983990 0.016010
0.009507 0.990493
0.964501 0.035499
0.986153 0.013847
0.017635 0.982365
0.000005 0.999995
0.000005 0.999995
0.019097 0.980903
0.000010 0.999990
0.009801 0.990199
0.857580 0.142420
0.987429 0.012571
0.000015 0.999985
0.958710 0.041290
0.998637 0.001363
0.982851 0.017149
0.996310 0.003690
0.009441 0.990559
0.000008 0.999992
0.977181 0.022819
0.994644 0.005356
0.000005 0.999995
0.465347 0.534653
0.000011 0.999989
0.071077 0.928923
0.000006 0.999994
0.028010 0.971990
0.996904 0.003096
0.000012 0.999988
0.066307 0.933693
0.997835 0.002165
0.999115 0.000885
0.492293 0.507707
0.000007 0.999993
0.031469 0.968531
0.995972 0.004028
0.001205 0.998795
0.499104 0.500896
0.103946 0.896054
0.854493 0.145507
0.003564 0.996436
0.996341 0.003659
0.017362 0.982638
0.999173 0.000827
0.000005 0.999995
0.000009 0.999991
0.000006 0.999994
0.000006 0.999994
0.964587 0.035413
0.094475 0.905525
0.513703 0.486297
0.000017 0.999983
0.990873 0.009127
0.053915 0.946085
0.000011 0.999989
0.000007 0.999993
0.999170 0.000830
0.038877 0.961123
0.000063 0.999937
0.001101 0.998899
0.000005 0.999995
0.000006 0.999994
0.000007 0.999993
0.024706 0.975294
0.001050 0.998950
0.998585 0.001415
0.000006 0.999994
0.986353 0.013647
0.809062 0.190938
0.514459 0.485541
0.000006 0.999994
0.000012 0.999988
0.994514 0.005486
0.933513 0.066487
0.000012 0.999988
0.770858 0.229142
0.998592 0.001408
0.103154 0.896846
0.997020 0.002980
0.999264 0.000736
0.995493 0.004507
0.001086 0.998914
0.000829 0.999171
0.011780 0.988220
0.993771 0.006229
0.001083 0.998917
0.000103 0.999897
0.010345 0.989655
0.998566 0.001434
0.986272 0.013728
0.996116 0.003884
0.000005 0.999995
0.001322 0.998678
0.980131 0.019869
0.992883 0.007117
0.000007 0.999993
0.985216 0.014784
0.017544 0.982456
0.560632 0.439368
0.999053 0.000947
0.000025 0.999975
0.020061 0.979939
0.567646 0.432354
0.000105 0.999895
0.020737 0.979263
0.992980 0.007020
0.001335 0.998665
0.014065 0.985935
0.995650 0.004350
0.965788 0.034212
0.783862 0.216138
0.001234 0.998766
0.996666 0.003334
0.000005 0.999995
0.016696 0.983304
0.000022 0.999978
0.000005 0.999995
0.992077 0.007923
0.982041 0.017959
0.958578 0.041422
0.000028 0.999972
0.002362 0.997638
0.001263 0.998737
0.072165 0.927835
0.996395 0.003605
0.000107 0.999893
0.000006 0.999994
0.001659 0.998341
0.000008 0.999992
0.991640 0.008360
0.001178 0.998822
0.998061 0.001939
0.008190 0.991810
0.160944 0.839056
0.001995 0.998005
0.995399 0.004601
0.000038 0.999962
0.999238 0.000762
0.000008 0.999992
0.000011 0.999989
0.017295 0.982705
0.000020 0.999980
0.000005 0.999995
0.009438 0.990562
0.000005 0.999995
0.000007 0.999993
0.000021 0.999979
0.000005 0.999995
0.000055 0.999945
0.987704 0.012296
0.000013 0.999987
0.974655 0.025345
0.000005 0.999995
0.993449 0.006551
0.000944 0.999056
0.000019 0.999981
0.000028 0.999972
0.000005 0.999995
0.000018 0.999982
0.582698 0.417302
0.000006 0.999994
0.016752 0.983248
0.033724 0.966276
0.000068 0.999932
0.962340 0.037660
0.112110 0.887890
0.000014 0.999986
0.999046 0.000954
0.000058 0.999942
0.000008 0.999992
0.000010 0.999990
0.059453 0.940547
0.009883 0.990117
0.003407 0.996593
0.987497 0.012503
0.001000 0.999000
0.000813 0.999187
0.000012 0.999988
0.005025 0.994975
0.994087 0.005913
0.000006 0.999994
0.161336 0.838664
0.996696 0.003304
0.996064 0.003936
0.999167 0.000833
0.999060 0.000940
0.000014 0.999986
0.998567 0.001433
0.000010 0.999990
0.000005 0.999995
0.001272 0.998728
0.001562 0.998438
0.001483 0.998517
0.007161 0.992839
0.018079 0.981921
0.946792 0.053208
0.999161 0.000839
0.747517 0.252483
0.000007 0.999993
0.000009 0.999991
0.001189 0.998811
0.997510 0.002490
0.001792 0.998208
0.914193 0.085807
0.065943 0.934057
0.000005 0.999995
0.732606 0.267394
0.984029 0.015971
0.000006 0.999994
0.998846 0.001154
0.000005 0.999995
0.000013 0.999987
0.001014 0.998986
0.000007 0.999993
0.999153 0.000847
0.000010 0.999990
0.000006 0.999994
0.243133 0.756867
0.000813 0.999187
0.987207 0.012793
0.002217 0.997783
0.000012 0.999988
0.000005 0.999995
0.031822 0.968178
0.000011 0.999989
0.998119 0.001881
0.925374 0.074626
0.800781 0.199219
0.983762 0.016238
0.000013 0.999987
0.025990 0.974010
0.994425 0.005575
0.000978 0.999022
0.583472 0.416528
0.999237 0.000763
0.942348 0.057652
0.017357 0.982643
0.896967 0.103033
0.001163 0.998837
0.027912 0.972088
0.030517 0.969483
0.994513 0.005487
0.050602 0.949398
0.173407 0.826593
0.000012 0.999988
0.986998 0.013002
0.983984 0.016016
0.000012 0.999988
0.000014 0.999986
0.000007 0.999993
0.994719 0.005281
0.001361 0.998639
0.682795 0.317205
0.000006 0.999994
0.010468 0.989532
0.000005 0.999995
0.992745 0.007255
0.950013 0.049987
0.008297 0.991703
0.912120 0.087880
0.972342 0.027658
0.000007 0.999993
0.000021 0.999979
0.011486 0.988514
0.999247 0.000753
0.999066 0.000934
0.094421 0.905579
0.994504 0.005496
0.966050 0.033950
0.000013 0.999987
0.000012 0.999988
0.999162 0.000838
0.980175 0.019825
0.023154 0.976846
0.000007 0.999993
0.000012 0.999988
0.000005 0.999995
0.081279 0.918721
0.935690 0.064310
0.000010 0.999990
0.002227 0.997773
0.996325 0.003675
0.997968 0.002032
0.991960 0.008040
0.730945 0.269055
0.002059 0.997941
0.999223 0.000777
0.001030 0.998970
0.002205 0.997795
0.983885 0.016115
0.996351 0.003649
0.976627 0.023373
0.147676 0.852324
0.001185 0.998815
0.959681 0.040319
0.982192 0.017808
0.000010 0.999990
0.244964 0.755036
0.000027 0.999973
0.000012 0.999988
0.000099 0.999901
0.001753 0.998247
0.985885 0.014115
0.000010 0.999990
0.960132 0.039868
0.996911 0.003089
0.988761 0.011239
0.051325 0.948675
0.805799 0.194201
0.972021 0.027979
0.000022 0.999978
0.996343 0.003657
0.016314 0.983686
0.000005 0.999995
0.981944 0.018056
0.999260 0.000740
0.088773 0.911227
0.000021 0.999979
0.000105 0.999895
0.745656 0.254344
0.000009 0.999991
0.000005 0.999995
0.943540 0.056460
0.183285 0.816715
0.000005 0.999995
0.013546 0.986454
0.000011 0.999989
0.002121 0.997879
0.000064 0.999936
0.028451 0.971549
0.000025 0.999975
0.051372 0.948628
0.993909 0.006091
0.008032 0.991968
0.995518 0.004482
0.186769 0.813231
0.000012 0.999988
0.162582 0.837418
0.000005 0.999995
0.000005 0.999995
0.988279 0.011721
0.002032 0.997968
0.998247 0.001753
0.995950 0.004050
0.001929 0.998071
0.000109 0.999891
0.996304 0.003696
0.090121 0.909879
0.261508 0.738492
0.000022 0.999978
0.748818 0.251182
0.000030 0.999970
0.001900 0.998100
0.000011 0.999989
0.307195 0.692805
0.153843 0.846157
0.848313 0.151687
0.000006 0.999994
0.000006 0.999994
0.000008 0.999992
0.999173 0.000827
0.050234 0.949766
0.012363 0.987637
0.993525 0.006475
0.000008 0.999992
0.015986 0.984014
0.000013 0.999987
0.000086 0.999914
0.000005 0.999995
0.000010 0.999990
0.466851 0.533149
0.000005 0.999995
0.001744 0.998256
0.010487 0.989513
0.000007 0.999993
0.000038 0.999962
0.223263 0.776737
0.000008 0.999992
0.135799 0.864201
0.990679 0.009321
0.975548 0.024452
0.000106 0.999894
0.000020 0.999980
0.998208 0.001792
0.648315 0.351685
0.001100 0.998900
0.000013 0.999987
0.000011 0.999989
0.997317 0.002683
0.967439 0.032561
0.976794 0.023206
0.000791 0.999209
0.992895 0.007105
0.001278 0.998722
0.999051 0.000949
0.002069 0.997931
0.000012 0.999988
0.980354 0.019646
0.003128 0.996872
0.000016 0.999984
0.995184 0.004816
0.996458 0.003542
0.000010 0.999990
0.970585 0.029415
0.987050 0.012950
0.993496 0.006504
0.000009 0.999991
0.041668 0.958332
0.001295 0.998705
0.001952 0.998048
0.156371 0.843629
0.000008 0.999992
0.000013 0.999987
0.000010 0.999990
0.993473 0.006527
0.081887 0.918113
0.000924 0.999076
0.001148 0.998852
0.979063 0.020937
0.999166 0.000834
0.000928 0.999072
0.149567 0.850433
0.008724 0.991276
0.000024 0.999976
0.885717 0.114283
0.109567 0.890433
0.000878 0.999122
0.997924 0.002076
0.000107 0.999893
0.994015 0.005985
0.140530 0.859470
0.000105 0.999895
0.999163 0.000837
0.000106 0.999894
0.978499 0.021501
0.002375 0.997625
0.993186 0.006814
0.000016 0.999984
0.985517 0.014483
0.009851 0.990149
0.000006 0.999994
0.000028 0.999972
0.000010 0.999990
0.999174 0.000826
0.738242 0.261758
0.018007 0.981993
0.002378 0.997622
0.106875 0.893125
0.006966 0.993034
0.994186 0.005814
0.000106 0.999894
0.001005 0.998995
0.000984 0.999016
0.000007 0.999993
0.001165 0.998835
0.984994 0.015006
0.989686 0.010314
0.000007 0.999993
0.997266 0.002734
0.156496 0.843504
0.983119 0.016881
0.000011 0.999989
0.010952 0.989048
0.000865 0.999135
0.009516 0.990484
0.999131 0.000869
0.000008 0.999992
0.000005 0.999995
0.997506 0.002494
0.000008 0.999992
0.000006 0.999994
0.000008 0.999992
0.117600 0.882400
0.000013 0.999987
0.000009 0.999991
0.000005 0.999995
0.010214 0.989786
0.995501 0.004499
0.994679 0.005321
0.121936 0.878064
0.000006 0.999994
0.000082 0.999918
0.012974 0.987026
0.754360 0.245640
0.000010 0.999990
0.000879 0.999121
0.002754 0.997246
0.998016 0.001984
0.039087 0.960913
0.000007 0.999993
0.994911 0.005089
0.000006 0.999994
0.000030 0.999970
0.000058 0.999942
0.916990 0.083010
0.993616 0.006384
0.997524 0.002476
0.996290 0.003710
0.000066 0.999934
0.034466 0.965534
0.000014 0.999986
0.062520 0.937480
0.996566 0.003434
0.997172 0.002828
0.009245 0.990755
0.000008 0.999992
0.992940 0.007060
0.000005 0.999995
0.000006 0.999994
0.003611 0.996389
0.425806 0.574194
0.078447 0.921553
0.000006 0.999994
0.988599 0.011401
0.027062 0.972938
0.983436 0.016564
0.001986 0.998014
0.920185 0.079815
0.000006 0.999994
0.000005 0.999995
0.993831 0.006169
0.030316 0.969684
0.001248 0.998752
0.972112 0.027888
0.999238 0.000762
0.000015 0.999985
0.000006 0.999994
0.000014 0.999986
0.998949 0.001051
0.000015 0.999985
0.000862 0.999138
0.930539 0.069461
0.908668 0.091332
0.493187 0.506813
0.000019 0.999981
0.063679 0.936321
0.993791 0.006209
0.000959 0.999041
0.954796 0.045204
0.849356 0.150644
0.000013 0.999987
0.992227 0.007773
0.000101 0.999899
0.323156 0.676844
0.117033 0.882967
0.489449 0.510551
0.992912 0.007088
0.002032 0.997968
0.000011 0.999989
0.000014 0.999986
0.776093 0.223907
0.000011 0.999989
0.000011 0.999989
0.000013 0.999987
0.997953 0.002047
0.988884 0.011116
0.801899 0.198101
0.000100 0.999900
0.588246 0.411754
0.000006 0.999994
0.747123 0.252877
0.001004 0.998996
0.156220 0.843780
0.003410 0.996590
0.744777 0.255223
0.701698 0.298302
0.959719 0.040281
0.999234 0.000766
0.998787 0.001213
0.000009 0.999991
0.000011 0.999989
0.977368 0.022632
0.000844 0.999156
0.107486 0.892514
0.002408 0.997592
0.000007 0.999993
0.905436 0.094564
0.819485 0.180515
0.977755 0.022245
0.000007 0.999993
0.996044 0.003956
0.000011 0.999989
0.986601 0.013399
0.000891 0.999109
0.052638 0.947362
0.999164 0.000836
0.997538 0.002462
0.980310 0.019690
0.986407 0.013593
0.000006 0.999994
0.000007 0.999993
0.996609 0.003391
0.001892 0.998108
0.000005 0.999995
0.979747 0.020253
0.000016 0.999984
0.000008 0.999992
0.030247 0.969753
0.015324 0.984676
0.000005 0.999995
0.003771 0.996229
0.988966 0.011034
0.000015 0.999985
0.998246 0.001754
0.000009 0.999991
0.119611 0.880389
0.997483 0.002517
0.000028 0.999972
0.000009 0.999991
0.000005 0.999995
0.000017 0.999983
0.000103 0.999897
0.095696 0.904304
0.994211 0.005789
0.001345 0.998655
0.318834 0.681166
0.001197 0.998803
0.000013 0.999987
0.927625 0.072375
0.998169 0.001831
0.007958 0.992042
0.871460 0.128540
0.000007 0.999993
0.000009 0.999991
0.996014 0.003986
0.000895 0.999105
0.001894 0.998106
0.996417 0.003583
0.003044 0.996956
0.999173 0.000827
0.998029 0.001971
0.979206 0.020794
0.996967 0.003033
0.010947 0.989053
0.000013 0.999987
0.738112 0.261888
0.000059 0.999941
0.985736 0.014264
0.993102 0.006898
0.997371 0.002629
0.146955 0.853045
0.994541 0.005459
0.979577 0.020423
0.000006 0.999994
0.000014 0.999986
0.005951 0.994049
0.208089 0.791911
0.992066 0.007934
0.001249 0.998751
0.001117 0.998883
0.000005 0.999995
0.000008 0.999992
0.000007 0.999993
0.000013 0.999987
0.997615 0.002385
0.999146 0.000854
0.001060 0.998940
0.000006 0.999994
0.000019 0.999981
0.972768 0.027232
0.092211 0.907789
0.993746 0.006254
0.549840 0.450160
0.000010 0.999990
0.001176 0.998824
0.950526 0.049474
0.002204 0.997796
0.997404 0.002596
0.000005 0.999995
0.000006 0.999994
0.997505 0.002495
0.547512 0.452488
0.930490 0.069510
0.000005 0.999995
0.988970 0.011030
0.000016 0.999984
0.000005 0.999995
0.807844 0.192156
0.469110 0.530890
0.000009 0.999991
0.976311 0.023689
0.000007 0.999993
0.001204 0.998796
0.993534 0.006466
0.000008 0.999992
0.997986 0.002014
0.965516 0.034484
0.000012 0.999988
0.995991 0.004009
0.004768 0.995232
0.988403 0.011597
0.046155 0.953845
0.050605 0.949395
0.978960 0.021040
0.000009 0.999991
0.000012 0.999988
0.000887 0.999113
0.190973 0.809027
0.000106 0.999894
0.002223 0.997777
0.970942 0.029058
0.997454 0.002546
0.993517 0.006483
0.956719 0.043281
0.997967 0.002033
0.998572 0.001428
0.989062 0.010938
0.000108 0.999892
0.001981 0.998019
0.001122 0.998878
0.000005 0.999995
0.578821 0.421179
0.000023 0.999977
0.999259 0.000741
0.439685 0.560315
0.001236 0.998764
0.991366 0.008634
0.083333 0.916667
0.930212 0.069788
0.980106 0.019894
0.998276 0.001724
0.998071 0.001929
0.036001 0.963999
0.998272 0.001728
0.000022 0.999978
0.025573 0.974427
0.759908 0.240092
0.002364 0.997636
0.041365 0.958635
0.000012 0.999988
0.983501 0.016499
0.994205 0.005795
0.002083 0.997917
0.998947 0.001053
0.001986 0.998014
0.000091 0.999909
0.986167 0.013833
0.994704 0.005296
0.978793 0.021207
0.000075 0.999925
0.000005 0.999995
0.000008 0.999992
0.000017 0.999983
0.991458 0.008542
0.960191 0.039809
0.000017 0.999983
0.994766 0.005234
0.999166 0.000834
0.982256 0.017744
0.992792 0.007208
0.993108 0.006892
0.997712 0.002288
0.000005 0.999995
0.983952 0.016048
0.696351 0.303649
0.985623 0.014377
0.000940 0.999060
0.000022 0.999978
0.000006 0.999994
0.986420 0.013580
0.000006 0.999994
0.000014 0.999986
0.998550 0.001450
0.000005 0.999995
0.995849 0.004151
0.000006 0.999994
0.998268 0.001732
0.000006 0.999994
0.411849 0.588151
0.993607 0.006393
0.009617 0.990383
0.980209 0.019791
0.000010 0.999990
0.987235 0.012765
0.002313 0.997687
0.000008 0.999992
0.000102 0.999898
0.002102 0.997898
0.998551 0.001449
0.000006 0.999994
0.002100 0.997900
0.000874 0.999126
0.001145 0.998855
0.000938 0.999062
0.000878 0.999122
0.987371 0.012629
0.989069 0.010931
0.125061 0.874939
0.000047 0.999953
0.000013 0.999987
0.011519 0.988481
0.000005 0.999995
0.000007 0.999993
0.017497 0.982503
0.002205 0.997795
0.997557 0.002443
0.000018 0.999982
0.986513 0.013487
0.004939 0.995061
0.000006 0.999994
0.935500 0.064500
0.335268 0.664732
0.974253 0.025747
0.025495 0.974505
0.937991 0.062009
0.997426 0.002574
0.000015 0.999985
0.000005 0.999995
0.191206 0.808794
0.000015 0.999985
0.000014 0.999986
0.003742 0.996258
0.000014 0.999986
0.000017 0.999983
0.357779 0.642221
0.603385 0.396615
0.990309 0.009691
0.000029 0.999971
0.855769 0.144231
0.000006 0.999994
0.001502 0.998498
0.360912 0.639088
0.000006 0.999994
0.032221 0.967779
0.964715 0.035285
0.213284 0.786716
0.209551 0.790449
0.010381 0.989619
0.913839 0.086161
0.001348 0.998652
0.000011 0.999989
0.092683 0.907317
0.999053 0.000947
0.958309 0.041691
0.000012 0.999988
0.993537 0.006463
0.751324 0.248676
0.176052 0.823948
0.000005 0.999995
0.000005 0.999995
0.013442 0.986558
0.360652 0.639348
0.000009 0.999991
0.118642 0.881358
0.000957 0.999043
0.000012 0.999988
0.013929 0.986071
0.000010 0.999990
0.985520 0.014480
0.007750 0.992250
0.000015 0.999985
0.000012 0.999988
0.001164 0.998836
0.747396 0.252604
0.000011 0.999989
0.000008 0.999992
0.110786 0.889214
0.998279 0.001721
0.064658 0.935342
0.000005 0.999995
0.214292 0.785708
0.116277 0.883723
0.978639 0.021361
0.001316 0.998684
0.020075 0.979925
0.623313 0.376687
0.000012 0.999988
0.000006 0.999994
0.000006 0.999994
0.000014 0.999986
0.216806 0.783194
0.000007 0.999993
0.980080 0.019920
0.000012 0.999988
0.000013 0.999987
0.978860 0.021140
0.000076 0.999924
0.008992 0.991008
0.001640 0.998360
0.001320 0.998680
0.999265 0.000735
0.000012 0.999988
0.983202 0.016798
0.670979 0.329021
0.000014 0.999986
0.999192 0.000808
0.001177 0.998823
0.001045 0.998955
0.001095 0.998905
0.000006 0.999994
0.002372 0.997628
0.977568 0.022432
0.554052 0.445948
0.997203 0.002797
0.000828 0.999172
0.001011 0.998989
0.017658 0.982342
0.000006 0.999994
0.962083 0.037917
0.002438 0.997562
0.997917 0.002083
0.998399 0.001601
0.048367 0.951633
0.468376 0.531624
0.910382 0.089618
0.000884 0.999116
0.966817 0.033183
0.995485 0.004515
0.106375 0.893625
0.004534 0.995466
0.948605 0.051395
0.996000 0.004000
0.000104 0.999896
0.230729 0.769271
0.009089 0.990911
0.000013 0.999987
0.000006 0.999994
0.000009 0.999991
0.966283 0.033717
0.997407 0.002593
0.000012 0.999988
0.000008 0.999992
0.995235 0.004765
0.000008 0.999992
0.000013 0.999987
0.000103 0.999897
0.758950 0.241050
0.956418 0.043582
0.000005 0.999995
0.928692 0.071308
0.112583 0.887417
0.882969 0.117031
0.001323 0.998677
0.000005 0.999995
0.000014 0.999986
0.000006 0.999994
0.020158 0.979842
0.995217 0.004783
0.999220 0.000780
0.000006 0.999994
0.000065 0.999935
0.998360 0.001640
0.954501 0.045499
0.032728 0.967272
0.000047 0.999953
0.000009 0.999991
0.010764 0.989236
0.023411 0.976589
0.061101 0.938899
0.419477 0.580523
0.000012 0.999988
0.000105 0.999895
0.999103 0.000897
0.989219 0.010781
0.999061 0.000939
0.994949 0.005051
0.988596 0.011404
0.137339 0.862661
0.983146 0.016854
0.000008 0.999992
0.989886 0.010114
0.000007 0.999993
0.003540 0.996460
0.999156 0.000844
0.000054 0.999946
0.008340 0.991660
0.976894 0.023106
0.989831 0.010169
0.990902 0.009098
0.054674 0.945326
0.002179 0.997821
0.000006 0.999994
0.000014 0.999986
0.000017 0.999983
0.986038 0.013962
0.999265 0.000735
0.011731 0.988269
0.000012 0.999988
0.000052 0.999948
0.000036 0.999964
0.000020 0.999980
0.985589 0.014411
0.962757 0.037243
0.994846 0.005154
0.995858 0.004142
0.000017 0.999983
0.997989 0.002011
0.986054 0.013946
0.085065 0.914935
0.998570 0.001430
0.967711 0.032289
0.960409 0.039591
0.998209 0.001791
0.001242 0.998758
0.000005 0.999995
0.997345 0.002655
0.997795 0.002205
0.997984 0.002016
0.994657 0.005343
0.000053 0.999947
0.000006 0.999994
0.000011 0.999989
0.002079 0.997921
0.000006 0.999994
0.986240 0.013760
0.994251 0.005749
0.000008 0.999992
0.000832 0.999168
0.000005 0.999995
0.018817 0.981183
0.000024 0.999976
0.000017 0.999983
0.003620 0.996380
0.210518 0.789482
0.999095 0.000905
0.986416 0.013584
0.000006 0.999994
0.017682 0.982318
0.000007 0.999993
0.014133 0.985867
0.000005 0.999995
0.994774 0.005226
0.001177 0.998823
0.001714 0.998286
0.367271 0.632729
0.000075 0.999925
0.024035 0.975965
0.016021 0.983979
0.000005 0.999995
0.000027 0.999973
0.155816 0.844184
0.000009 0.999991
0.996961 0.003039
0.999189 0.000811
0.000005 0.999995
0.314119 0.685881
0.045849 0.954151
0.000006 0.999994
0.522440 0.477560
0.895844 0.104156
0.001000 0.999000
0.731807 0.268193
0.060586 0.939414
0.000051 0.999949
0.000006 0.999994
0.001038 0.998962
0.988571 0.011429
0.000952 0.999048
0.009673 0.990327
0.000006 0.999994
0.999160 0.000840
0.000010 0.999990
0.999210 0.000790
0.003136 0.996864
0.998567 0.001433
0.997551 0.002449
0.001207 0.998793
0.000007 0.999993
0.999118 0.000882
0.084578 0.915422
0.000009 0.999991
0.080226 0.919774
0.000012 0.999988
0.998631 0.001369
0.997958 0.002042
0.999250 0.000750
0.002244 0.997756
0.020147 0.979853
0.000105 0.999895
0.437944 0.562056
0.999259 0.000741
0.000005 0.999995
0.149702 0.850298
0.003123 0.996877
0.978278 0.021722
0.997915 0.002085
0.035378 0.964622
0.000012 0.999988
0.048840 0.951160
0.999249 0.000751
0.997387 0.002613
0.000010 0.999990
0.970784 0.029216
0.987541 0.012459
0.001140 0.998860
0.999054 0.000946
0.964690 0.035310
0.985479 0.014521
0.997311 0.002689
0.000005 0.999995
0.000011 0.999989
0.995461 0.004539
0.000030 0.999970
0.998968 0.001032
0.000006 0.999994
0.000009 0.999991
0.000104 0.999896
0.001710 0.998290
0.961306 0.038694
0.000108 0.999892
0.000012 0.999988
0.199964 0.800036
0.993352 0.006648
0.254435 0.745565
0.979051 0.020949
0.000014 0.999986
0.997494 0.002506
0.999059 0.000941
0.996818 0.003182
0.001990 0.998010
0.963120 0.036880
0.000013 0.999987
0.999072 0.000928
0.999165 0.000835
0.140706 0.859294
0.993489 0.006511
0.021021 0.978979
0.980408 0.019592
0.996079 0.003921
0.001416 0.998584
0.000005 0.999995
0.010336 0.989664
0.957531 0.042469
0.000009 0.999991
0.999206 0.000794
0.000043 0.999957
0.000007 0.999993
0.987086 0.012914
0.126300 0.873700
0.265057 0.734943
0.960226 0.039774
0.646191 0.353809
0.997429 0.002571
0.992240 0.007760
0.000012 0.999988
0.000010 0.999990
0.002516 0.997484
0.712174 0.287826
0.000095 0.999905
0.028647 0.971353
0.001835 0.998165
0.000005 0.999995
0.000007 0.999993
0.000011 0.999989
0.243905 0.756095
0.002566 0.997434
0.000006 0.999994
0.001089 0.998911
0.000011 0.999989
0.965211 0.034789
0.015142 0.984858
0.992837 0.007163
0.000005 0.999995
0.993675 0.006325
0.096880 0.903120
0.989353 0.010647
0.000102 0.999898
0.990204 0.009796
0.000012 0.999988
0.996321 0.003679
0.994504 0.005496
0.963917 0.036083
0.997836 0.002164
0.016980 0.983020
0.970229 0.029771
0.956577 0.043423
0.999054 0.000946
0.856166 0.143834
0.952013 0.047987
0.001696 0.998304
0.336672 0.663328
0.043996 0.956004
0.000008 0.999992
0.981122 0.018878
0.970285 0.029715
0.000008 0.999992
0.998729 0.001271
0.001988 0.998012
0.993813 0.006187
0.000013 0.999987
0.000006 0.999994
0.038037 0.961963
0.009338 0.990662
0.495912 0.504088
0.000107 0.999893
0.000006 0.999994
0.024795 0.975205
0.000017 0.999983
0.000010 0.999990
0.000006 0.999994
0.008311 0.991689
0.001225 0.998775
0.121373 0.878627
0.754930 0.245070
0.000007 0.999993
0.000009 0.999991
0.000008 0.999992
0.998580 0.001420
0.000914 0.999086
0.016247 0.983753
0.000005 0.999995
0.999253 0.000747
0.029992 0.970008
0.000005 0.999995
0.000009 0.999991
0.999007 0.000993
0.997391 0.002609
0.001965 0.998035
0.001581 0.998419
0.372049 0.627951
0.970079 0.029921
0.994514 0.005486
0.754962 0.245038
0.996564 0.003436
0.009121 0.990879
0.063773 0.936227
0.000005 0.999995
0.000815 0.999185
0.999170 0.000830
0.000010 0.999990
0.001055 0.998945
0.998271 0.001729
0.000014 0.999986
0.000006 0.999994
0.008170 0.991830
0.002341 0.997659
0.000005 0.999995
0.997844 0.002156
0.028778 0.971222
0.999240 0.000760
0.998215 0.001785
0.000007 0.999993
0.002269 0.997731
0.000005 0.999995
0.000005 0.999995
0.997939 0.002061
0.054250 0.945750
0.063315 0.936685
0.000006 0.999994
0.000009 0.999991
0.060551 0.939449
0.000105 0.999895
0.000945 0.999055
0.053337 0.946663
0.000005 0.999995
0.000008 0.999992
0.997274 0.002726
0.246011 0.753989
0.987540 0.012460
0.998012 0.001988
0.988248 0.011752
0.999229 0.000771
0.985980 0.014020
0.000940 0.999060
0.000012 0.999988
0.000099 0.999901
0.001755 0.998245
0.999245 0.000755
0.994853 0.005147
0.061627 0.938373
0.001050 0.998950
0.000005 0.999995
0.720985 0.279015
0.966416 0.033584
0.998953 0.001047
0.000009 0.999991
0.988143 0.011857
0.012629 0.987371
0.000005 0.999995
0.000006 0.999994
0.512613 0.487387
0.000008 0.999992
0.000007 0.999993
0.000013 0.999987
0.999252 0.000748
0.000006 0.999994
0.997761 0.002239
0.000011 0.999989
0.995231 0.004769
0.000011 0.999989
0.083457 0.916543
0.543303 0.456697
0.000006 0.999994
0.001108 0.998892
0.000012 0.999988
0.001476 0.998524
0.189081 0.810919
0.000006 0.999994
0.085565 0.914435
0.866190 0.133810
0.047090 0.952910
0.261642 0.738358
0.148812 0.851188
0.000085 0.999915
0.110515 0.889485
0.000021 0.999979
0.002640 0.997360
0.979631 0.020369
0.984090 0.015910
0.000072 0.999928
0.013556 0.986444
0.829487 0.170513
0.033861 0.966139
0.999182 0.000818
0.153041 0.846959
0.000014 0.999986
0.983598 0.016402
0.998647 0.001353
0.000017 0.999983
0.025614 0.974386
0.000011 0.999989
0.999028 0.000972
0.003036 0.996964
0.000006 0.999994
0.261361 0.738639
0.050620 0.949380
0.012997 0.987003
0.000006 0.999994
0.211868 0.788132
0.998565 0.001435
0.000007 0.999993
0.907820 0.092180
0.000825 0.999175
0.988826 0.011174
0.000923 0.999077
0.000012 0.999988
0.000009 0.999991
0.007990 0.992010
0.000012 0.999988
0.870403 0.129597
0.004695 0.995305
0.996618 0.003382
0.760309 0.239691
0.001660 0.998340
0.998020 0.001980
0.996421 0.003579
0.000012 0.999988
0.997854 0.002146
0.992408 0.007592
0.000007 0.999993
0.000012 0.999988
0.000007 0.999993
0.258579 0.741421
0.228929 0.771071
0.000006 0.999994
0.000013 0.999987
0.987080 0.012920
0.647684 0.352316
0.002175 0.997825
0.083042 0.916958
0.996174 0.003826
0.873211 0.126789
0.000016 0.999984
0.000905 0.999095
0.010254 0.989746
0.000006 0.999994
0.995376 0.004624
0.999021 0.000979
0.008724 0.991276
0.766537 0.233463
0.041525 0.958475
0.000006 0.999994
0.000954 0.999046
0.985510 0.014490
0.998912 0.001088
0.000007 0.999993
0.997960 0.002040
0.000019 0.999981
0.001451 0.998549
0.000007 0.999993
0.999088 0.000912
0.994770 0.005230
0.000010 0.999990
0.000035 0.999965
0.949240 0.050760
0.000014 0.999986
0.942615 0.057385
0.000017 0.999983
0.119297 0.880703
0.000848 0.999152
0.000010 0.999990
0.997551 0.002449
0.000008 0.999992
0.935842 0.064158
0.975422 0.024578
0.000098 0.999902
0.211254 0.788746
0.000005 0.999995
0.983574 0.016426
0.028448 0.971552
0.988367 0.011633
0.000007 0.999993
0.043412 0.956588
0.067119 0.932881
0.000011 0.999989
0.000006 0.999994
0.000898 0.999102
0.002607 0.997393
0.003054 0.996946
0.999165 0.000835
0.204648 0.795352
0.000006 0.999994
0.998573 0.001427
0.627521 0.372479
0.992483 0.007517
0.010634 0.989366
0.000005 0.999995
0.998426 0.001574
0.747473 0.252527
0.025336 0.974664
0.998033 0.001967
0.000010 0.999990
0.001279 0.998721
0.998471 0.001529
0.001707 0.998293
0.008968 0.991032
0.000005 0.999995
0.015086 0.984914
0.000006 0.999994
0.915852 0.084148
0.000100 0.999900
0.000096 0.999904
0.998087 0.001913
0.037541 0.962459
0.000006 0.999994
0.995938 0.004062
0.000013 0.999987
0.134350 0.865650
0.001780 0.998220
0.002514 0.997486
0.961428 0.038572
0.272114 0.727886
0.008372 0.991628
0.000961 0.999039
0.080738 0.919262
0.969006 0.030994
0.000017 0.999983
0.998407 0.001593
0.002113 0.997887
0.000013 0.999987
0.001144 0.998856
0.993123 0.006877
0.000009 0.999991
0.000012 0.999988
0.000006 0.999994
0.000012 0.999988
0.031458 0.968542
0.000044 0.999956
0.996760 0.003240
0.887829 0.112171
0.009793 0.990207
0.998164 0.001836
0.012948 0.987052
0.001392 0.998608
0.000012 0.999988
0.989100 0.010900
0.995103 0.004897
0.987836 0.012164
0.000005 0.999995
0.997808 0.002192
0.927011 0.072989
0.000021 0.999979
0.000838 0.999162
0.000009 0.999991
0.965033 0.034967
0.000013 0.999987
0.996870 0.003130
0.000011 0.999989
0.998010 0.001990
0.937969 0.062031
0.000005 0.999995
0.101901 0.898099
0.000011 0.999989
0.001006 0.998994
0.001073 0.998927
0.000010 0.999990
0.998326 0.001674
0.001305 0.998695
0.000013 0.999987
0.127436 0.872564
0.993294 0.006706
0.000012 0.999988
0.953658 0.046342
0.996347 0.003653
0.000011 0.999989
0.008746 0.991254
0.002282 0.997718
0.028578 0.971422
0.010834 0.989166
0.000006 0.999994
0.000107 0.999893
0.999242 0.000758
0.001511 0.998489
0.921390 0.078610
0.851276 0.148724
0.000011 0.999989
0.003009 0.996991
0.009545 0.990455
0.000005 0.999995
0.997714 0.002286
0.000006 0.999994
0.009704 0.990296
0.000012 0.999988
0.988647 0.011353
0.990922 0.009078
0.000006 0.999994
0.985286 0.014714
0.999209 0.000791
0.003141 0.996859
0.336897 0.663103
0.318686 0.681314
0.012193 0.987807
0.999248 0.000752
0.000032 0.999968
0.739520 0.260480
0.997973 0.002027
0.000011 0.999989
0.000095 0.999905
0.000013 0.999987
0.000005 0.999995
0.000017 0.999983
0.998553 0.001447
0.011402 0.988598
0.998605 0.001395
0.000008 0.999992
0.000005 0.999995
0.992315 0.007685
0.984437 0.015563
0.002060 0.997940
0.979263 0.020737
0.975188 0.024812
0.001371 0.998629
0.897135 0.102865
0.989893 0.010107
0.000005 0.999995
0.001280 0.998720
0.001704 0.998296
0.979388 0.020612
0.000006 0.999994
0.003349 0.996651
0.010624 0.989376
0.000107 0.999893
0.000986 0.999014
0.000007 0.999993
0.954190 0.045810
0.994274 0.005726
0.000006 0.999994
0.998228 0.001772
0.145265 0.854735
0.983352 0.016648
0.000012 0.999988
0.030499 0.969501
0.998183 0.001817
0.974781 0.025219
0.999047 0.000953
0.999094 0.000906
0.000005 0.999995
0.000005 0.999995
0.001118 0.998882
0.992150 0.007850
0.000005 0.999995
0.000106 0.999894
0.000046 0.999954
0.001158 0.998842
0.990555 0.009445
0.000012 0.999988
0.059856 0.940144
0.000005 0.999995
0.000017 0.999983
0.996668 0.003332
0.982421 0.017579
0.360590 0.639410
0.359604 0.640396
0.012147 0.987853
0.000006 0.999994
0.998069 0.001931
0.349165 0.650835
0.997712 0.002288
0.000013 0.999987
0.980397 0.019603
0.992398 0.007602
0.000041 0.999959
0.021430 0.978570
0.131485 0.868515
0.000849 0.999151
0.000012 0.999988
0.094003 0.905997
0.001230 0.998770
0.000020 0.999980
0.998600 0.001400
0.929807 0.070193
0.000019 0.999981
0.992955 0.007045
0.040168 0.959832
0.993840 0.006160
0.000006 0.999994
0.858132 0.141868
0.040425 0.959575
0.199665 0.800335
0.009504 0.990496
0.999161 0.000839
