0.556973 0.323296 0.119731
0.909723 0.090277
0.741141 0.258859
1.000000
0.562240 0.437760
1.000000
1.000000
1.000000
1.000000
1.000000
0.883661 0.116339
1.000000
1.000000
0.439914 0.560086
1.000000
1.000000
0.580642 0.419358
0.769050 0.230950
0.648045 0.351955
1.000000
0.110021 0.889979
0.038636 0.961364
0.281126 0.718874
0.093742 0.906258
0.124393 0.875607
0.056654 0.943346
1.000000
1.000000
1.000000
1.000000
0.052823 0.947177
1.000000
1.000000
1.000000
0.174292 0.825708
0.803937 0.196063
1.000000
1.000000
0.161500 0.838500
1.000000
1.000000
1.000000
0.005106 0.216960 0.777934
1.000000
1.000000
1.000000
0.899135 0.100865
1.000000
1.000000
1.000000
0.759875 0.240125
1.000000
1.000000
1.000000
1.000000
1.000000
1.000000
1.000000
0.591901 0.408099
1.000000
1.000000
1.000000
1.000000
0.238043 0.761957
1.000000
0.031020 0.968980
1.000000
1.000000
0.750281 0.249719
1.000000
0.686806 0.313194
1.000000
1.000000
1.000000
1.000000
1.000000
1.000000
1.000000
1.000000
1.000000
0.840664 0.159336
0.651675 0.348325
1.000000
1.000000
0.535064 0.464936
0.100923 0.899077
1.000000
0.905992 0.094008
0.066120 0.933880
0.864876 0.135124
0.037540 0.962460
1.000000
1.000000
1.000000
1.000000
0.647373 0.352627
1.000000
1.000000
1.000000
1.000000
0.605478 0.394522
1.000000
0.028088 0.971912
1.000000
0.845566 0.154434
0.625795 0.374205
1.000000
1.000000
0.232207 0.767793
1.000000
0.863115 0.136885
0.681212 0.318788
1.000000
1.000000
1.000000
0.325574 0.674426
1.000000
0.087644 0.912356
1.000000
1.000000
0.728738 0.271262
1.000000
0.024620 0.975380
0.067980 0.932020
1.000000
1.000000
0.023382 0.976618
1.000000
0.790875 0.149623 0.059502
1.000000
1.000000
1.000000
0.859772 0.140228
0.301181 0.698819
0.310065 0.380808 0.309127
0.687737 0.239234 0.060130 0.012898
1.000000
0.074714 0.925286
0.379461 0.620539
1.000000
1.000000
0.650615 0.349385
0.352171 0.380170 0.267659
0.646910 0.353090
1.000000
1.000000
0.280229 0.719771
1.000000
0.858741 0.141259
1.000000
1.000000
0.800531 0.199469
1.000000
0.655976 0.344024
1.000000
1.000000
0.512525 0.487475
1.000000
1.000000
0.785208 0.214792
0.878862 0.121138
1.000000
1.000000
0.594943 0.405057
1.000000
0.717513 0.282487
1.000000
0.730180 0.269820
1.000000
0.580996 0.419004
1.000000
0.906596 0.093404
1.000000
1.000000
0.535488 0.464512
1.000000
0.182525 0.817475
1.000000
1.000000
0.766873 0.156014 0.077113
1.000000
1.000000
1.000000
0.306142 0.693858
1.000000
1.000000
0.056792 0.943208
1.000000
1.000000
0.780544 0.219456
0.093397 0.906603
1.000000
1.000000
0.897993 0.102007
0.039674 0.960326
1.000000
1.000000
1.000000
1.000000
1.000000
0.555328 0.444672
1.000000
0.890285 0.109715
0.319996 0.680004
0.031102 0.968898
1.000000
0.336360 0.663640
0.020736 0.979264
0.613836 0.386164
0.253430 0.746570
0.774523 0.225477
0.041619 0.958381
0.576977 0.423023
1.000000
1.000000
1.000000
0.800106 0.199894
0.440908 0.456359 0.102733
0.526257 0.473743
0.006800 0.177968 0.815232
1.000000
0.094757 0.905243
0.490186 0.509814
1.000000
0.259432 0.740568
0.690013 0.309987
1.000000
0.302816 0.697184
1.000000
1.000000
0.086544 0.913456
1.000000
1.000000
1.000000
0.882942 0.117058
1.000000
0.033512 0.966488
1.000000
1.000000
0.747594 0.252406
0.177739 0.822261
1.000000
1.000000
1.000000
1.000000
1.000000
0.011445 0.988555
1.000000
0.790911 0.209089
0.274257 0.725743
1.000000
1.000000
0.404650 0.595350
0.865536 0.134464
1.000000
0.024318 0.975682
1.000000
1.000000
1.000000
1.000000
0.683743 0.316257
1.000000
1.000000
1.000000
0.678726 0.321274
1.000000
0.059322 0.645723 0.294955
1.000000
0.393572 0.606428
0.247244 0.752756
1.000000
1.000000
1.000000
1.000000
0.082570 0.917430
0.701162 0.298838
0.188726 0.811274
0.008488 0.329850 0.661662
0.206618 0.793382
0.674580 0.220539 0.104881
1.000000
0.035591 0.964409
0.456540 0.543460
1.000000
1.000000
1.000000
0.779770 0.220230
1.000000
0.677410 0.322590
1.000000
1.000000
1.000000
0.862917 0.137083
0.273874 0.726126
0.794942 0.205058
0.205577 0.794423
0.247752 0.752248
1.000000
0.637415 0.362585
1.000000
1.000000
1.000000
1.000000
0.424398 0.575602
1.000000
1.000000
0.034107 0.965893
0.035342 0.964658
0.392353 0.607647
1.000000
1.000000
0.487393 0.512607
1.000000
1.000000
0.292350 0.707650
0.045290 0.223935 0.730774
1.000000
1.000000
1.000000
0.820424 0.117849 0.061727
1.000000
1.000000
0.056691 0.943309
1.000000
1.000000
1.000000
0.662504 0.337496
0.653639 0.346361
0.646435 0.353565
0.076573 0.923427
1.000000
0.061179 0.481563 0.457258
1.000000
1.000000
0.025343 0.974657
1.000000
1.000000
0.655623 0.344377
1.000000
0.018492 0.981508
1.000000
0.915454 0.084546
0.528221 0.471779
0.300942 0.699058
1.000000
0.018441 0.981559
1.000000
0.899297 0.100703
0.788662 0.211338
0.678973 0.321027
1.000000
1.000000
1.000000
1.000000
1.000000
0.880920 0.119080
1.000000
1.000000
1.000000
1.000000
0.836416 0.163584
0.469378 0.456366 0.074256
1.000000
0.473792 0.526208
1.000000
0.691690 0.308310
0.868604 0.131396
1.000000
0.254441 0.745559
1.000000
0.009740 0.226375 0.763885
1.000000
0.005087 0.223950 0.770963
1.000000
0.316504 0.683496
0.905884 0.094116
0.581964 0.418036
1.000000
1.000000
0.896495 0.103505
1.000000
0.506280 0.493720
0.205560 0.794440
0.028711 0.971289
1.000000
0.856447 0.143553
1.000000
1.000000
1.000000
0.758017 0.241983
1.000000
0.866918 0.133082
0.032987 0.967013
0.051362 0.587244 0.361394
1.000000
1.000000
1.000000
1.000000
1.000000
1.000000
0.062685 0.937315
1.000000
1.000000
1.000000
1.000000
1.000000
0.616427 0.383573
1.000000
0.031910 0.968090
1.000000
0.185229 0.814771
0.878238 0.121762
0.336676 0.663324
0.559745 0.440255
0.321764 0.678236
0.768718 0.231282
1.000000
1.000000
0.092929 0.344262 0.562809
0.694992 0.305008
1.000000
0.364808 0.635192
0.285727 0.714273
0.825545 0.174455
1.000000
0.016825 0.983175
0.337946 0.378712 0.283342
0.871136 0.128864
0.729878 0.270122
1.000000
0.655397 0.344603
1.000000
0.122344 0.877656
0.008159 0.261897 0.729944
0.142031 0.263994 0.304409 0.289565
1.000000
1.000000
0.206209 0.568729 0.225062
1.000000
0.833197 0.104176 0.062627
1.000000
1.000000
1.000000
1.000000
0.312053 0.687947
0.094892 0.905108
1.000000
1.000000
0.778119 0.221881
0.632024 0.367976
0.906240 0.093760
0.089685 0.350951 0.559364
0.104275 0.895725
0.506125 0.493875
1.000000
0.819605 0.180395
0.031267 0.388456 0.580277
1.000000
1.000000
1.000000
0.012709 0.987291
1.000000
1.000000
1.000000
0.794858 0.205142
1.000000
0.249054 0.750946
0.635787 0.364213
1.000000
1.000000
0.786210 0.213790
1.000000
1.000000
0.794747 0.205253
1.000000
0.823787 0.176213
1.000000
1.000000
1.000000
1.000000
1.000000
1.000000
0.766902 0.233098
0.419758 0.580242
1.000000
1.000000
1.000000
1.000000
0.368395 0.631605
1.000000
1.000000
1.000000
1.000000
1.000000
1.000000
1.000000
1.000000
0.662473 0.337527
0.796348 0.203652
0.841856 0.095336 0.062808
0.601356 0.398644
1.000000
0.820829 0.179171
0.652104 0.347896
0.612165 0.387835
0.003818 0.117835 0.543388 0.334959
1.000000
0.420905 0.322582 0.164637 0.067748 0.024129
0.682051 0.317949
0.795806 0.204194
0.007242 0.398971 0.593787
1.000000
0.019274 0.980726
1.000000
0.891210 0.108790
1.000000
0.396017 0.603983
0.434470 0.565530
1.000000
0.857439 0.142561
0.852347 0.147653
0.178278 0.821722
0.249359 0.750641
0.485392 0.514608
0.843453 0.156547
0.049897 0.950103
1.000000
0.015821 0.482275 0.501904
1.000000
0.178142 0.821858
0.666119 0.333881
1.000000
0.746141 0.253859
0.778993 0.221007
1.000000
1.000000
1.000000
0.229673 0.770327
0.416951 0.583049
1.000000
0.902756 0.097244
1.000000
1.000000
0.038634 0.961366
0.157485 0.842515
0.728124 0.171811 0.057634 0.042431
1.000000
1.000000
1.000000
0.013930 0.986070
1.000000
1.000000
1.000000
1.000000
0.873219 0.126781
1.000000
0.032380 0.967620
1.000000
0.077609 0.922391
1.000000
1.000000
1.000000
1.000000
1.000000
1.000000
0.013809 0.986191
0.750570 0.249430
0.798008 0.201992
1.000000
0.371178 0.628822
0.735914 0.264086
1.000000
0.900300 0.099700
0.378021 0.621979
1.000000
1.000000
0.621857 0.378143
0.031424 0.968576
0.426168 0.573832
1.000000
0.794479 0.205521
1.000000
1.000000
0.770745 0.229255
0.855360 0.144640
0.885249 0.114751
1.000000
0.405093 0.594907
1.000000
0.226783 0.773217
1.000000
0.248112 0.751888
1.000000
0.486156 0.513844
0.593083 0.406917
1.000000
0.106255 0.893745
1.000000
1.000000
0.011502 0.387263 0.601236
0.793089 0.206911
0.502961 0.497039
0.781857 0.218143
0.851151 0.148849
1.000000
1.000000
1.000000
0.019185 0.980815
1.000000
1.000000
0.843524 0.156476
1.000000
1.000000
1.000000
1.000000
1.000000
0.524245 0.475755
1.000000
1.000000
0.746275 0.253725
0.555428 0.444572
1.000000
0.885838 0.114162
0.016518 0.359560 0.502442 0.121481
1.000000
0.415698 0.359999 0.224303
0.136084 0.863916
1.000000
0.824551 0.175449
1.000000
0.436395 0.563605
0.074366 0.925634
1.000000
0.716829 0.283171
1.000000
1.000000
0.732488 0.267512
0.140665 0.859335
0.883296 0.116704
1.000000
1.000000
1.000000
1.000000
0.795874 0.204126
0.214948 0.372617 0.412435
1.000000
0.734517 0.265483
0.268322 0.603888 0.127789
1.000000
0.437298 0.562702
0.219115 0.780885
1.000000
1.000000
1.000000
1.000000
0.406875 0.593125
0.164169 0.835831
1.000000
1.000000
1.000000
1.000000
1.000000
1.000000
0.758390 0.241610
1.000000
0.555448 0.444552
0.206275 0.375764 0.417961
1.000000
0.893431 0.106569
0.837827 0.162173
1.000000
0.494481 0.505519
0.884168 0.115832
1.000000
0.658772 0.341228
1.000000
0.798398 0.120855 0.080747
0.187642 0.812358
0.363441 0.636559
0.187767 0.688908 0.123325
0.816469 0.183531
0.751794 0.248206
0.390649 0.609351
0.136042 0.863958
0.871232 0.128768
0.649563 0.273631 0.076806
1.000000
0.811171 0.188829
1.000000
0.511261 0.488739
0.845944 0.154056
1.000000
0.153371 0.846629
0.817896 0.182104
1.000000
0.328172 0.671828
1.000000
1.000000
1.000000
1.000000
0.404969 0.595031
0.426971 0.573029
0.021962 0.978038
0.456567 0.543433
1.000000
1.000000
0.084830 0.915170
0.751569 0.248431
0.417500 0.582500
0.884579 0.115421
1.000000
1.000000
1.000000
0.157105 0.842895
1.000000
0.325910 0.674090
0.900797 0.099203
0.731388 0.213944 0.046068 0.008600
1.000000
0.011078 0.988922
1.000000
0.259801 0.740199
1.000000
1.000000
1.000000
0.435408 0.564592
0.885766 0.114234
1.000000
1.000000
1.000000
0.487083 0.512917
0.688721 0.311279
1.000000
1.000000
0.318861 0.681139
1.000000
1.000000
1.000000
1.000000
1.000000
0.018576 0.412636 0.475010 0.093777
0.531651 0.468349
0.472344 0.527656
0.572067 0.427933
1.000000
0.816700 0.183300
0.098383 0.626864 0.274753
0.025714 0.275711 0.698575
0.831470 0.109008 0.059521
0.596698 0.403302
0.876964 0.123036
0.629765 0.370235
0.017372 0.982628
1.000000
1.000000
1.000000
0.021031 0.978969
1.000000
0.309779 0.690221
0.844508 0.155492
0.840599 0.159401
1.000000
1.000000
1.000000
1.000000
0.863259 0.136741
1.000000
1.000000
1.000000
0.224696 0.775304
1.000000
0.459555 0.540445
1.000000
1.000000
0.845828 0.154172
0.801812 0.198188
1.000000
0.831652 0.168348
0.482282 0.517718
0.274876 0.725124
0.832296 0.167704
1.000000
0.727394 0.272606
1.000000
0.018688 0.981312
1.000000
1.000000
0.733141 0.266859
1.000000
1.000000
0.002084 0.070483 0.927433
1.000000
1.000000
1.000000
0.885238 0.114762
0.869484 0.130516
0.338387 0.661613
1.000000
0.883558 0.116442
0.708826 0.291174
0.481164 0.518836
0.102874 0.658409 0.238716
1.000000
0.354342 0.381725 0.263933
0.391676 0.608324
0.243630 0.756370
0.222609 0.777391
0.017553 0.460669 0.521777
0.609570 0.390430
1.000000
1.000000
0.675837 0.324163
1.000000
0.519242 0.480758
1.000000
1.000000
1.000000
0.367157 0.632843
1.000000
1.000000
0.013941 0.128204 0.857856
0.812412 0.187588
1.000000
0.431525 0.351266 0.217209
1.000000
1.000000
1.000000
1.000000
0.708131 0.242638 0.049230
1.000000
1.000000
1.000000
0.845501 0.154499
0.296346 0.703654
0.229936 0.666438 0.103627
0.357438 0.642562
0.002898 0.023006 0.974096
0.518193 0.481807
0.793811 0.206189
1.000000
0.872092 0.127908
0.479802 0.520198
1.000000
1.000000
0.458144 0.541856
0.905616 0.094384
0.032954 0.967046
0.841991 0.158009
1.000000
0.778369 0.221631
1.000000
1.000000
1.000000
1.000000
1.000000
0.261826 0.376745 0.361428
1.000000
1.000000
0.614934 0.290945 0.094121
1.000000
0.639362 0.360638
1.000000
1.000000
1.000000
0.655333 0.344667
1.000000
1.000000
1.000000
1.000000
1.000000
1.000000
1.000000
0.679808 0.320192
0.388000 0.612000
1.000000
1.000000
0.413647 0.377037 0.209317
0.783828 0.216172
1.000000
1.000000
1.000000
1.000000
1.000000
0.046341 0.715943 0.237716
1.000000
0.445802 0.475075 0.079123
1.000000
0.212337 0.787663
1.000000
0.454253 0.545747
1.000000
1.000000
1.000000
1.000000
0.380463 0.619537
1.000000
1.000000
1.000000
0.870443 0.129557
0.837811 0.162189
1.000000
0.493103 0.506897
1.000000
1.000000
0.240126 0.759874
1.000000
1.000000
1.000000
0.840084 0.098796 0.061120
0.189942 0.389876 0.173535 0.133238 0.113409
1.000000
1.000000
1.000000
0.030388 0.969612
1.000000
0.772197 0.227803
1.000000
0.058903 0.941097
1.000000
1.000000
0.673433 0.250606 0.075961
0.167237 0.832763
1.000000
1.000000
0.907083 0.092917
1.000000
1.000000
1.000000
0.273457 0.620857 0.105686
1.000000
0.433345 0.566655
1.000000
1.000000
0.423953 0.501236 0.074812
1.000000
0.616658 0.383342
1.000000
0.378412 0.621588
0.697016 0.302984
1.000000
0.331169 0.668831
0.687720 0.312280
1.000000
0.733125 0.266875
1.000000
0.379708 0.620292
0.838329 0.161671
0.068980 0.771324 0.159696
1.000000
0.162705 0.837295
0.151731 0.637844 0.210425
1.000000
0.890205 0.109795
1.000000
0.445150 0.554850
0.493368 0.506632
1.000000
1.000000
1.000000
1.000000
0.081634 0.918366
0.431877 0.568123
0.023185 0.976815
1.000000
0.324035 0.675965
1.000000
1.000000
0.559576 0.440424
1.000000
1.000000
0.238006 0.761994
1.000000
0.000843 0.004595 0.025374 0.215227 0.753960
1.000000
1.000000
0.482606 0.517394
1.000000
1.000000
1.000000
0.331617 0.384134 0.284249
0.331696 0.668304
1.000000
1.000000
1.000000
0.743319 0.256681
0.659253 0.340747
0.439822 0.361996 0.198181
0.450103 0.549897
1.000000
0.060098 0.939902
1.000000
0.551432 0.448568
0.051677 0.948323
0.340418 0.659582
0.353247 0.560016 0.086737
1.000000
0.030803 0.969197
0.237655 0.762345
1.000000
1.000000
1.000000
1.000000
0.560431 0.439569
1.000000
1.000000
1.000000
1.000000
1.000000
1.000000
0.911760 0.088240
0.710609 0.289391
0.575411 0.424589
1.000000
1.000000
1.000000
0.020037 0.979963
1.000000
1.000000
1.000000
1.000000
0.382631 0.352971 0.264398
0.105193 0.894807
0.362568 0.637432
0.644810 0.355190
1.000000
1.000000
0.452972 0.363140 0.183888
1.000000
0.837188 0.162812
0.661674 0.338326
1.000000
1.000000
1.000000
0.890951 0.109049
0.684972 0.315028
1.000000
0.336511 0.663489
0.473718 0.526282
0.499733 0.500267
0.758519 0.241481
1.000000
0.736373 0.263627
1.000000
1.000000
0.812889 0.118277 0.068835
0.037792 0.962208
0.377686 0.622314
1.000000
1.000000
1.000000
0.199383 0.800617
0.014614 0.985386
0.898353 0.101647
1.000000
1.000000
0.102251 0.897749
1.000000
0.888542 0.111458
1.000000
0.670528 0.329472
0.449355 0.550645
0.635908 0.364092
0.411791 0.588209
1.000000
1.000000
0.802778 0.197222
0.572651 0.427349
1.000000
1.000000
0.571980 0.307114 0.120906
1.000000
0.563670 0.436330
1.000000
0.253454 0.746546
0.824268 0.175732
1.000000
0.434401 0.565599
1.000000
0.359790 0.640210
0.679103 0.262238 0.058659
0.090459 0.909541
0.159576 0.840424
0.617561 0.382439
1.000000
1.000000
1.000000
0.649932 0.350068
0.464534 0.535466
1.000000
0.043863 0.151273 0.331875 0.472989
1.000000
1.000000
0.266324 0.373012 0.360664
1.000000
1.000000
1.000000
0.749091 0.250909
1.000000
0.908115 0.091885
1.000000
0.609445 0.390555
0.356490 0.374869 0.268640
1.000000
1.000000
1.000000
0.469247 0.530753
0.925345 0.074655
0.811938 0.188062
1.000000
1.000000
1.000000
0.849681 0.150319
0.884240 0.115760
0.211576 0.788424
1.000000
0.317335 0.682665
0.252799 0.747201
1.000000
1.000000
0.538606 0.461394
0.545834 0.454166
0.882261 0.117739
1.000000
0.883359 0.116641
1.000000
0.393055 0.606945
0.905704 0.094296
1.000000
0.397669 0.602331
0.753800 0.205690 0.040510
1.000000
0.903045 0.096955
1.000000
0.750891 0.249109
1.000000
0.519057 0.480943
1.000000
0.334366 0.385012 0.280621
1.000000
1.000000
1.000000
0.595683 0.336125 0.068192
0.509590 0.490410
1.000000
1.000000
1.000000
1.000000
1.000000
0.398102 0.601898
0.555078 0.444922
1.000000
1.000000
0.415273 0.584727
1.000000
1.000000
1.000000
0.883196 0.116804
1.000000
1.000000
1.000000
0.909729 0.090271
1.000000
0.042716 0.957284
1.000000
1.000000
1.000000
1.000000
1.000000
0.378384 0.621616
0.024058 0.975942
1.000000
1.000000
1.000000
0.887005 0.112995
1.000000
1.000000
0.824426 0.175574
0.647603 0.276644 0.075753
1.000000
0.018387 0.981613
1.000000
1.000000
0.001506 0.024453 0.331462 0.642579
1.000000
0.564650 0.435350
1.000000
1.000000
0.832215 0.167785
1.000000
1.000000
1.000000
0.025780 0.974220
1.000000
0.886427 0.113573
0.619847 0.380153
1.000000
1.000000
0.860076 0.139924
0.053383 0.946617
0.064196 0.274597 0.661208
1.000000
0.226291 0.773709
1.000000
0.184598 0.388306 0.427096
1.000000
0.910250 0.089750
1.000000
1.000000
0.912765 0.087235
0.895337 0.104663
0.029143 0.970857
0.903939 0.096061
0.909144 0.090856
0.092369 0.907631
1.000000
0.575454 0.424546
0.868202 0.131798
0.715932 0.233338 0.050730
1.000000
1.000000
1.000000
0.022704 0.977296
1.000000
1.000000
1.000000
0.289931 0.710069
1.000000
0.021683 0.093399 0.284735 0.600183
0.228476 0.771524
0.642199 0.357801
1.000000
1.000000
1.000000
0.804153 0.195847
1.000000
0.495575 0.504425
0.075580 0.924420
1.000000
1.000000
0.224393 0.775607
0.732690 0.267310
0.321267 0.678733
1.000000
0.064638 0.935362
0.672421 0.327579
0.771992 0.228008
0.451633 0.548367
0.123199 0.375192 0.501609
0.002377 0.069893 0.927731
1.000000
0.804139 0.195861
1.000000
1.000000
0.451067 0.548933
0.210202 0.789798
1.000000
1.000000
0.019416 0.434252 0.546333
1.000000
1.000000
1.000000
1.000000
0.226097 0.773903
1.000000
1.000000
0.765777 0.234223
1.000000
0.101117 0.898883
1.000000
1.000000
1.000000
1.000000
0.715422 0.284578
1.000000
0.410449 0.589551
0.754103 0.245897
1.000000
0.398688 0.601312
0.195577 0.804423
1.000000
0.621213 0.378787
1.000000
0.725859 0.274141
0.902685 0.097315
1.000000
0.010625 0.989375
1.000000
1.000000
1.000000
1.000000
1.000000
0.679671 0.320329
1.000000
1.000000
1.000000
1.000000
0.051613 0.948387
1.000000
0.299294 0.587559 0.113147
0.706798 0.293202
1.000000
0.064568 0.935432
1.000000
1.000000
1.000000
1.000000
1.000000
0.685261 0.314739
1.000000
0.328201 0.671799
1.000000
1.000000
1.000000
1.000000
0.742238 0.257762
0.059845 0.940155
1.000000
1.000000
1.000000
1.000000
1.000000
1.000000
1.000000
0.890697 0.109303
1.000000
1.000000
0.040371 0.219717 0.739912
0.034033 0.965967
0.384667 0.615333
1.000000
1.000000
0.193623 0.806377
0.037101 0.962899
0.904509 0.095491
1.000000
0.767199 0.232801
0.523975 0.476025
1.000000
1.000000
1.000000
1.000000
1.000000
0.107896 0.892104
1.000000
0.357027 0.642973
0.006519 0.240715 0.752766
1.000000
0.860053 0.139947
0.415886 0.584114
0.703695 0.296305
1.000000
0.615730 0.384270
1.000000
0.696217 0.303783
1.000000
0.089130 0.328564 0.582306
1.000000
0.079573 0.339005 0.581422
1.000000
1.000000
0.124681 0.875319
0.687037 0.208256 0.059529 0.045178
0.619688 0.380312
1.000000
1.000000
0.212878 0.787122
0.305471 0.380170 0.314359
1.000000
0.846822 0.153178
1.000000
0.052164 0.947836
1.000000
0.913261 0.086739
1.000000
1.000000
0.147884 0.852116
0.030534 0.430976 0.435137 0.103352
0.105639 0.894361
0.858330 0.141670
1.000000
0.910025 0.089975
0.669376 0.330624
0.453210 0.546790
1.000000
1.000000
1.000000
0.055526 0.267931 0.676543
0.724366 0.187990 0.087644
1.000000
0.437524 0.562476
1.000000
0.586622 0.413378
0.183585 0.816415
1.000000
1.000000
0.472889 0.316230 0.142086 0.052093 0.016702
0.806125 0.168482 0.025393
0.526340 0.473660
0.811897 0.188103
1.000000
1.000000
1.000000
0.027375 0.972625
0.466578 0.533422
0.432996 0.567004
1.000000
1.000000
1.000000
1.000000
1.000000
0.909888 0.090112
0.882096 0.117904
0.726416 0.160244 0.113339
1.000000
1.000000
1.000000
0.892526 0.107474
1.000000
1.000000
0.001848 0.047466 0.950686
1.000000
1.000000
1.000000
0.278742 0.721258
1.000000
1.000000
0.744726 0.255274
1.000000
1.000000
0.402352 0.597648
1.000000
0.590435 0.409565
1.000000
1.000000
0.602774 0.183882 0.127180 0.086164
1.000000
1.000000
0.525284 0.474716
1.000000
1.000000
1.000000
1.000000
0.820207 0.179793
0.087743 0.912257
1.000000
0.047422 0.226560 0.726018
0.045071 0.954929
1.000000
0.019043 0.980957
1.000000
1.000000
0.669426 0.258425 0.072148
0.803945 0.135619 0.060436
1.000000
0.573483 0.426517
1.000000
1.000000
1.000000
0.554342 0.349317 0.096341
1.000000
0.861275 0.138725
0.765777 0.234223
0.643171 0.356829
1.000000
0.810209 0.189791
1.000000
1.000000
1.000000
1.000000
1.000000
1.000000
0.045443 0.954557
1.000000
1.000000
1.000000
1.000000
0.603079 0.396921
0.860419 0.139581
1.000000
1.000000
0.519036 0.480964
1.000000
1.000000
1.000000
1.000000
0.208744 0.791256
1.000000
0.594911 0.405089
1.000000
1.000000
1.000000
0.032498 0.967502
0.591449 0.408551
1.000000
0.005143 0.163137 0.566533 0.265187
1.000000
1.000000
1.000000
0.916106 0.083894
0.862674 0.137326
1.000000
1.000000
1.000000
0.044082 0.219967 0.735951
1.000000
1.000000
1.000000
1.000000
0.685309 0.314691
1.000000
0.269848 0.610129 0.120024
0.622051 0.377949
1.000000
1.000000
1.000000
1.000000
1.000000
1.000000
1.000000
1.000000
0.063988 0.936012
1.000000
0.275554 0.724446
1.000000
1.000000
1.000000
1.000000
1.000000
1.000000
1.000000
1.000000
1.000000
0.343433 0.382718 0.273849
0.580044 0.419956
1.000000
1.000000
1.000000
0.723406 0.276594
1.000000
0.660815 0.339185
0.021710 0.978290
0.007495 0.171743 0.820762
0.720896 0.279104
1.000000
0.014581 0.985419
1.000000
1.000000
0.074833 0.707392 0.217775
0.229339 0.770661
0.704379 0.295621
0.416582 0.583418
1.000000
0.429281 0.570719
0.610102 0.389898
0.167878 0.832122
1.000000
0.039299 0.218293 0.742408
0.710363 0.289637
1.000000
0.592286 0.407714
0.511098 0.349143 0.139760
1.000000
0.257793 0.742207
1.000000
0.327486 0.672514
1.000000
1.000000
0.200702 0.799298
1.000000
0.034609 0.276631 0.688760
0.618814 0.381186
1.000000
1.000000
1.000000
0.206162 0.793838
0.351561 0.332250 0.210048 0.106141
1.000000
0.592763 0.407237
0.679808 0.320192
1.000000
0.053440 0.946560
1.000000
0.897297 0.102703
1.000000
1.000000
0.808363 0.191637
0.670818 0.266894 0.062288
1.000000
1.000000
1.000000
1.000000
1.000000
1.000000
0.011370 0.988630
1.000000
0.206035 0.793965
1.000000
1.000000
1.000000
1.000000
0.821011 0.178989
1.000000
0.019699 0.980301
1.000000
0.653993 0.346007
1.000000
0.703956 0.296044
0.242391 0.757609
0.166111 0.833889
1.000000
0.724262 0.275738
0.494576 0.505424
0.697221 0.302779
1.000000
0.747300 0.252700
1.000000
0.022637 0.977363
0.803937 0.196063
0.371620 0.628380
1.000000
1.000000
0.812830 0.187170
1.000000
1.000000
0.876030 0.123970
1.000000
0.741056 0.258944
1.000000
1.000000
1.000000
0.025079 0.974921
0.869650 0.130350
0.035730 0.964270
0.032972 0.967028
1.000000
1.000000
0.850078 0.149922
0.034724 0.965276
1.000000
0.014611 0.376281 0.609108
1.000000
1.000000
0.100124 0.899876
1.000000
1.000000
0.674938 0.325062
1.000000
0.437202 0.562798
1.000000
1.000000
1.000000
1.000000
1.000000
0.877907 0.122093
0.669712 0.249735 0.080554
0.273391 0.726609
0.759325 0.240675
1.000000
0.170585 0.829415
0.007208 0.278529 0.714264
1.000000
0.612399 0.387601
1.000000
0.643766 0.356234
1.000000
0.460900 0.539100
1.000000
0.029971 0.970029
0.027488 0.972512
0.639232 0.360768
0.214341 0.785659
0.119613 0.880387
1.000000
0.812605 0.187395
1.000000
0.721883 0.278117
1.000000
1.000000
0.052466 0.731742 0.215792
0.425823 0.574177
0.693274 0.306726
0.029059 0.970941
0.103779 0.896221
0.685938 0.314062
0.031447 0.576405 0.392148
1.000000
1.000000
1.000000
1.000000
1.000000
1.000000
1.000000
0.753828 0.246172
0.751725 0.248275
0.892741 0.107259
0.906722 0.093278
0.281666 0.718334
1.000000
0.768583 0.231417
1.000000
1.000000
0.886315 0.113685
0.901274 0.098726
0.044624 0.955376
1.000000
1.000000
1.000000
0.418458 0.506698 0.074844
1.000000
0.598438 0.401562
1.000000
0.898010 0.101990
1.000000
0.788180 0.211820
0.854628 0.145372
1.000000
0.029823 0.970177
1.000000
1.000000
0.028609 0.971391
1.000000
1.000000
0.828509 0.171491
0.041358 0.958642
0.859100 0.140900
0.066960 0.560238 0.372802
0.828167 0.171833
0.729560 0.270440
0.643208 0.356792
0.876067 0.123933
1.000000
1.000000
1.000000
1.000000
0.551530 0.448470
0.761448 0.238552
1.000000
0.331721 0.668279
1.000000
0.699647 0.300353
1.000000
0.776323 0.223677
0.164637 0.835363
1.000000
0.476120 0.523880
1.000000
1.000000
0.767195 0.232805
1.000000
0.620715 0.379285
1.000000
1.000000
1.000000
1.000000
1.000000
0.675877 0.324123
1.000000
1.000000
1.000000
1.000000
1.000000
0.037115 0.962885
0.207286 0.792714
0.710177 0.289823
0.017835 0.982165
0.729146 0.270854
1.000000
0.024605 0.576320 0.399075
0.040729 0.959271
0.668965 0.331035
0.852867 0.147133
1.000000
1.000000
0.395226 0.604774
1.000000
1.000000
1.000000
0.783544 0.216456
1.000000
0.061410 0.683854 0.254736
1.000000
0.018053 0.981947
0.266237 0.733763
1.000000
1.000000
0.345071 0.654929
1.000000
1.000000
0.054454 0.945546
1.000000
0.168815 0.831185
1.000000
0.879525 0.120475
0.454777 0.545223
0.122371 0.877629
1.000000
0.882583 0.117417
0.901804 0.098196
1.000000
1.000000
0.129067 0.870933
1.000000
1.000000
0.316314 0.683686
1.000000
1.000000
0.589069 0.410931
1.000000
1.000000
0.645309 0.354691
1.000000
1.000000
1.000000
0.529662 0.470338
0.810164 0.189836
1.000000
1.000000
0.104557 0.895443
1.000000
1.000000
1.000000
0.523133 0.476867
1.000000
0.012520 0.987480
0.554454 0.332308 0.113238
0.680797 0.319203
1.000000
0.383511 0.616489
0.911799 0.088201
1.000000
0.514030 0.485970
1.000000
1.000000
1.000000
1.000000
0.905118 0.094882
1.000000
0.819652 0.180348
1.000000
0.130595 0.869405
0.667770 0.332230
0.401520 0.598480
0.602262 0.397738
0.002050 0.035235 0.358439 0.604276
0.849057 0.150943
1.000000
0.836198 0.163802
0.492952 0.507048
1.000000
1.000000
1.000000
1.000000
0.281636 0.718364
0.760794 0.239206
1.000000
0.467409 0.360257 0.172334
0.163468 0.836532
1.000000
0.636891 0.363109
1.000000
1.000000
1.000000
0.265925 0.734075
1.000000
0.179963 0.620791 0.199246
1.000000
0.553751 0.446249
1.000000
1.000000
1.000000
1.000000
0.586667 0.413333
0.062426 0.937574
0.020593 0.979407
0.262741 0.737259
0.579863 0.420137
1.000000
0.893901 0.106099
1.000000
0.424625 0.575375
0.854307 0.145693
0.481014 0.518986
1.000000
0.530245 0.469755
1.000000
0.902055 0.097945
0.613478 0.311079 0.075443
1.000000
1.000000
1.000000
0.735545 0.264455
1.000000
1.000000
1.000000
0.161597 0.630504 0.207899
1.000000
1.000000
0.036628 0.963372
0.646207 0.353793
1.000000
0.045669 0.954331
0.624584 0.375416
0.465128 0.534872
1.000000
1.000000
1.000000
1.000000
0.017233 0.982767
1.000000
1.000000
1.000000
0.764224 0.235776
1.000000
1.000000
0.774910 0.225090
1.000000
0.697716 0.302284
0.823832 0.176168
0.026928 0.973072
0.909308 0.090692
0.537781 0.462219
1.000000
1.000000
0.177594 0.822406
1.000000
0.300583 0.699417
1.000000
0.773149 0.226851
1.000000
0.232835 0.767165
0.213976 0.786024
0.736748 0.263252
1.000000
1.000000
1.000000
0.472601 0.527399
0.180208 0.819792
0.068828 0.931172
0.447850 0.406278 0.095470 0.050401
0.044622 0.955378
1.000000
0.065470 0.934530
0.207742 0.792258
1.000000
0.718894 0.281106
1.000000
1.000000
1.000000
0.731945 0.268055
0.515079 0.484921
0.886531 0.113469
0.548173 0.451827
1.000000
1.000000
1.000000
0.033824 0.966176
1.000000
1.000000
1.000000
1.000000
0.810754 0.167742 0.021504
1.000000
1.000000
1.000000
0.829895 0.170105
1.000000
1.000000
0.608832 0.325950 0.065218
0.577580 0.422420
1.000000
0.775292 0.224708
1.000000
1.000000
1.000000
1.000000
1.000000
1.000000
1.000000
1.000000
0.344816 0.655184
1.000000
1.000000
0.824293 0.175707
1.000000
1.000000
1.000000
1.000000
1.000000
1.000000
1.000000
0.905304 0.094696
0.273918 0.726082
1.000000
0.407213 0.592787
1.000000
1.000000
1.000000
0.757382 0.242618
1.000000
0.787008 0.212992
