1.000000
1.000000
1.000000
0.152498 0.847502
0.634834 0.365166
1.000000
0.933871 0.066129
0.303854 0.195214 0.500931
0.909206 0.087409 0.003384
0.286251 0.155528 0.558221
1.000000
0.905479 0.094521
1.000000
1.000000
0.585615 0.414385
0.000033 0.031267 0.439022 0.529678
0.422263 0.577737
1.000000
0.179328 0.820672
1.000000
1.000000
1.000000
1.000000
0.908290 0.091710
1.000000
1.000000
1.000000
0.996443 0.003557
0.866954 0.133046
0.346320 0.653680
0.432359 0.567641
1.000000
1.000000
1.000000
0.220065 0.779935
1.000000
1.000000
0.414635 0.186286 0.399079
1.000000
0.069646 0.730295 0.200059
1.000000
0.356522 0.643478
1.000000
0.004535 0.230939 0.764525
1.000000
0.697033 0.302967
1.000000
0.238289 0.761711
0.827304 0.172696
0.945673 0.053162 0.001164
1.000000
1.000000
1.000000
0.922316 0.077684
1.000000
1.000000
0.857647 0.136143 0.006210
0.000677 0.999323
0.533145 0.466855
0.491712 0.508288
1.000000
1.000000
1.000000
0.130654 0.337783 0.531563
1.000000
1.000000
1.000000
1.000000
0.209267 0.495928 0.201248 0.093556
0.961078 0.038922
0.835539 0.164461
0.830513 0.169487
1.000000
1.000000
0.452946 0.547054
1.000000
1.000000
1.000000
0.825963 0.174037
0.512346 0.487654
0.360923 0.639077
1.000000
0.630281 0.369719
1.000000
1.000000
1.000000
0.851898 0.148102
1.000000
0.305672 0.694328
0.885519 0.114481
0.151497 0.848503
1.000000
1.000000
1.000000
1.000000
1.000000
1.000000
1.000000
1.000000
0.072658 0.325757 0.601585
1.000000
0.970474 0.029526
0.882006 0.117994
0.761219 0.238781
1.000000
0.811384 0.188616
1.000000
0.620431 0.379569
0.582132 0.417868
1.000000
1.000000
1.000000
0.116424 0.883576
0.832023 0.167977
0.655516 0.344484
1.000000
1.000000
0.539561 0.460439
1.000000
1.000000
1.000000
0.927403 0.072597
0.466472 0.533528
0.257954 0.742046
1.000000
1.000000
0.048143 0.951857
0.783454 0.216546
1.000000
1.000000
1.000000
0.694222 0.267159 0.038619
0.884983 0.110213 0.004804
1.000000
1.000000
1.000000
1.000000
1.000000
1.000000
0.002408 0.997592
0.641504 0.122910 0.235586
1.000000
1.000000
0.964482 0.035518
0.142063 0.857937
1.000000
0.001143 0.175166 0.823691
0.978807 0.021193
1.000000
1.000000
1.000000
1.000000
0.424470 0.575530
1.000000
1.000000
0.590985 0.409015
1.000000
0.051758 0.948242
1.000000
1.000000
0.150045 0.849955
1.000000
0.487878 0.512122
1.000000
0.857316 0.142684
1.000000
1.000000
1.000000
1.000000
0.038438 0.961562
1.000000
1.000000
1.000000
0.933784 0.066216
0.671362 0.328638
1.000000
0.534946 0.465054
1.000000
0.011090 0.637324 0.351586
1.000000
1.000000
1.000000
1.000000
0.684367 0.315633
1.000000
0.392671 0.607329
0.976308 0.023692
0.306510 0.693490
0.101489 0.898511
1.000000
1.000000
0.672020 0.327980
0.899509 0.100491
1.000000
1.000000
1.000000
1.000000
1.000000
1.000000
0.855192 0.144808
1.000000
1.000000
0.245935 0.754065
0.142909 0.857091
0.190242 0.809758
0.001061 0.998939
0.228531 0.771469
1.000000
0.000765 0.999235
1.000000
0.878682 0.121318
0.091932 0.908068
1.000000
0.617681 0.334963 0.047357
0.383811 0.475930 0.140259
0.178942 0.821058
0.491567 0.508433
1.000000
0.270654 0.729346
0.086418 0.913582
1.000000
1.000000
0.261087 0.738913
1.000000
0.540880 0.459120
0.396251 0.603749
0.000489 0.999511
0.551203 0.448797
1.000000
1.000000
0.845975 0.154025
0.744882 0.255118
1.000000
0.000255 0.999745
0.954535 0.045465
1.000000
1.000000
0.463323 0.536677
0.125452 0.874548
1.000000
0.768257 0.231743
1.000000
1.000000
0.000362 0.053665 0.422858 0.523115
1.000000
0.499003 0.500997
1.000000
0.037029 0.962971
0.645201 0.354799
0.000589 0.999411
0.025325 0.974675
0.625226 0.374774
1.000000
0.711943 0.288057
1.000000
0.511099 0.361307 0.110535 0.017059
1.000000
0.871289 0.128711
1.000000
1.000000
0.048371 0.951629
1.000000
0.956346 0.043654
0.586252 0.413748
1.000000
0.831722 0.168278
1.000000
1.000000
1.000000
1.000000
1.000000
1.000000
0.195370 0.804630
1.000000
0.999268 0.000732
0.756371 0.243629
0.403935 0.552043 0.044021
1.000000
0.152436 0.446727 0.400837
0.386820 0.613180
1.000000
1.000000
0.608818 0.391182
0.229605 0.770395
1.000000
0.315886 0.684114
0.968131 0.031869
1.000000
1.000000
1.000000
1.000000
1.000000
1.000000
1.000000
0.216493 0.783507
0.338017 0.661983
1.000000
0.401423 0.598577
1.000000
0.000011 0.999989
1.000000
1.000000
1.000000
1.000000
0.164288 0.835712
1.000000
0.021094 0.978906
1.000000
1.000000
1.000000
1.000000
0.807074 0.192926
1.000000
0.542630 0.457370
0.878533 0.121467
1.000000
1.000000
0.061070 0.938930
0.894708 0.105292
0.295455 0.704545
0.442889 0.205058 0.352053
0.453098 0.546902
1.000000
0.172924 0.827076
0.195612 0.804388
1.000000
0.979513 0.020487
0.812012 0.187988
0.369891 0.262824 0.214324 0.112230 0.040731
1.000000
0.048877 0.951123
1.000000
1.000000
1.000000
0.922773 0.077227
1.000000
0.780526 0.219474
0.446119 0.553881
1.000000
1.000000
1.000000
0.974337 0.025663
1.000000
0.544599 0.455401
0.391832 0.504892 0.103276
0.373104 0.626896
1.000000
0.192792 0.807208
1.000000
1.000000
1.000000
0.871368 0.128632
1.000000
0.596739 0.403261
0.932458 0.067542
1.000000
1.000000
1.000000
1.000000
1.000000
1.000000
0.366127 0.438088 0.195785
1.000000
1.000000
0.450651 0.549349
0.428594 0.571406
1.000000
1.000000
1.000000
1.000000
1.000000
1.000000
0.862320 0.137680
1.000000
1.000000
1.000000
0.753711 0.205670 0.040619
0.080094 0.732131 0.187775
1.000000
1.000000
1.000000
0.655593 0.344407
1.000000
0.696138 0.303862
1.000000
1.000000
1.000000
1.000000
1.000000
0.145600 0.854400
0.771647 0.228353
1.000000
0.910778 0.089222
0.030669 0.969331
1.000000
0.592108 0.407892
0.954427 0.045573
0.847545 0.152455
1.000000
1.000000
1.000000
1.000000
1.000000
0.260953 0.739047
1.000000
0.049907 0.950093
0.853334 0.146666
0.267229 0.732771
1.000000
0.221792 0.778208
0.270864 0.729136
0.351678 0.648322
1.000000
0.391862 0.608138
1.000000
0.818310 0.181690
0.481616 0.518384
1.000000
0.002732 0.997268
0.078464 0.921536
1.000000
1.000000
1.000000
0.094167 0.905833
1.000000
1.000000
1.000000
1.000000
0.667096 0.332904
1.000000
0.001648 0.998352
0.026331 0.973669
1.000000
0.370668 0.629332
0.939152 0.060848
0.285831 0.714169
1.000000
0.716119 0.283881
0.431470 0.568530
0.774593 0.225407
0.866188 0.133812
1.000000
1.000000
1.000000
1.000000
0.091490 0.908510
1.000000
1.000000
1.000000
0.822772 0.177228
0.406772 0.593228
0.839870 0.144043 0.014891 0.001196
0.564054 0.435946
1.000000
0.468289 0.531711
0.477772 0.522228
1.000000
1.000000
1.000000
0.962915 0.037085
0.630579 0.369421
0.386088 0.613912
0.787594 0.212406
1.000000
1.000000
1.000000
1.000000
1.000000
1.000000
0.443258 0.556742
0.284758 0.715242
1.000000
1.000000
0.544479 0.455521
1.000000
1.000000
0.450727 0.549273
1.000000
0.195109 0.804891
1.000000
0.888255 0.111745
0.649621 0.297498 0.052881
1.000000
1.000000
1.000000
0.690924 0.309076
0.000310 0.999690
0.230753 0.769247
0.526292 0.473708
1.000000
1.000000
1.000000
1.000000
0.837389 0.162611
0.267066 0.732934
0.263240 0.508600 0.228160
0.058366 0.941634
0.004218 0.995782
1.000000
0.168488 0.047827 0.156244 0.627441
0.160627 0.839373
1.000000
0.265916 0.734084
0.268841 0.731159
1.000000
0.453841 0.546159
0.872453 0.127547
0.509298 0.490702
1.000000
0.543616 0.456384
0.129953 0.870047
1.000000
0.386280 0.613720
1.000000
1.000000
0.076117 0.923883
0.117364 0.882636
1.000000
0.823114 0.170153 0.006733
1.000000
1.000000
1.000000
1.000000
0.014630 0.604663 0.380706
1.000000
0.394629 0.605371
1.000000
0.998781 0.001219
1.000000
0.994434 0.005566
1.000000
1.000000
1.000000
0.379391 0.620609
1.000000
0.721488 0.278512
1.000000
1.000000
0.912768 0.087232
1.000000
0.704433 0.295567
0.208717 0.791283
1.000000
1.000000
0.265695 0.734305
1.000000
1.000000
1.000000
1.000000
1.000000
1.000000
1.000000
1.000000
0.002062 0.997938
1.000000
0.980690 0.019310
1.000000
1.000000
1.000000
1.000000
1.000000
1.000000
0.286867 0.103561 0.609572
1.000000
1.000000
0.137556 0.513375 0.349069
0.147924 0.852076
0.409046 0.590954
0.314172 0.685828
0.644669 0.355331
0.920052 0.079948
1.000000
1.000000
1.000000
1.000000
1.000000
0.628749 0.371251
1.000000
1.000000
1.000000
1.000000
1.000000
1.000000
1.000000
0.586233 0.413767
1.000000
0.798044 0.201956
1.000000
1.000000
1.000000
1.000000
0.000431 0.999569
0.530995 0.469005
1.000000
0.216839 0.783161
1.000000
1.000000
1.000000
1.000000
0.943072 0.056928
1.000000
0.463418 0.536582
1.000000
1.000000
0.986279 0.013721
1.000000
1.000000
0.126307 0.674198 0.199494
0.841063 0.158937
0.073473 0.926527
0.856888 0.143112
1.000000
1.000000
0.757437 0.209943 0.032620
0.147673 0.852327
0.598103 0.401897
0.177045 0.822955
1.000000
0.000461 0.999539
1.000000
1.000000
1.000000
1.000000
0.020543 0.622762 0.356694
0.591878 0.408122
0.155857 0.429464 0.414679
1.000000
0.468611 0.531389
1.000000
1.000000
1.000000
0.410185 0.589815
1.000000
0.953534 0.046466
0.530529 0.469471
1.000000
1.000000
0.310751 0.499604 0.189645
0.826164 0.173836
0.290621 0.709379
1.000000
0.843898 0.156102
1.000000
1.000000
0.284519 0.715481
1.000000
1.000000
1.000000
0.753581 0.246419
0.581227 0.367597 0.051176
0.006856 0.993144
1.000000
1.000000
0.607085 0.392915
0.954483 0.045517
1.000000
1.000000
1.000000
1.000000
1.000000
1.000000
0.181376 0.818624
0.853767 0.146233
0.000130 0.999870
1.000000
0.346840 0.653160
0.842168 0.157832
1.000000
0.511806 0.488194
1.000000
1.000000
0.233123 0.766877
1.000000
1.000000
1.000000
0.174486 0.825514
1.000000
1.000000
0.073715 0.690341 0.235944
0.620263 0.379737
1.000000
1.000000
1.000000
0.429902 0.570098
1.000000
0.000359 0.101389 0.898252
1.000000
0.884097 0.115903
1.000000
1.000000
1.000000
1.000000
1.000000
1.000000
0.912078 0.087922
0.000000 0.024718 0.975281
0.000738 0.999262
0.828397 0.171603
1.000000
1.000000
1.000000
1.000000
0.740464 0.259536
0.049682 0.950318
0.821470 0.178530
0.802741 0.197259
0.136116 0.863884
0.437817 0.562183
1.000000
0.786377 0.213623
0.334898 0.665102
0.420866 0.579134
0.360973 0.639027
1.000000
1.000000
0.011831 0.988169
1.000000
1.000000
1.000000
1.000000
1.000000
1.000000
0.706043 0.293957
1.000000
1.000000
1.000000
1.000000
0.898242 0.101758
0.749246 0.250754
0.386824 0.613176
0.896699 0.103301
0.400962 0.599038
1.000000
1.000000
0.168751 0.831249
0.671586 0.328414
1.000000
1.000000
0.564758 0.435242
1.000000
1.000000
1.000000
0.234509 0.765491
1.000000
0.160950 0.839050
0.837239 0.162761
1.000000
1.000000
0.143648 0.460445 0.395907
1.000000
1.000000
0.000139 0.999861
0.235315 0.764685
1.000000
0.416553 0.583447
0.576250 0.423750
1.000000
0.244644 0.755356
0.840208 0.159792
1.000000
1.000000
1.000000
1.000000
1.000000
0.449071 0.550929
0.966010 0.033990
0.101077 0.898923
0.972218 0.027782
1.000000
0.696229 0.303771
1.000000
1.000000
1.000000
0.702443 0.297557
1.000000
0.728329 0.271671
1.000000
0.379936 0.620064
0.536918 0.463082
0.704002 0.295998
1.000000
0.978385 0.021615
1.000000
1.000000
0.000002 0.999998
1.000000
0.786638 0.213362
1.000000
1.000000
0.360606 0.639394
0.763179 0.236821
1.000000
1.000000
0.095127 0.904873
1.000000
0.023049 0.976951
1.000000
1.000000
0.662130 0.337870
0.161543 0.838457
0.992703 0.007297
0.504348 0.495652
0.000378 0.999622
1.000000
0.214609 0.785391
1.000000
1.000000
0.158518 0.841482
0.793312 0.206688
0.296264 0.703736
0.469579 0.530421
0.739669 0.260331
1.000000
1.000000
1.000000
0.081928 0.918072
1.000000
1.000000
0.155478 0.844522
1.000000
0.167057 0.832943
1.000000
0.949220 0.050780
0.878989 0.121011
1.000000
1.000000
0.389894 0.610106
0.974380 0.025620
0.729965 0.270035
0.032406 0.967594
1.000000
1.000000
0.276266 0.723734
0.711017 0.288983
0.936262 0.063738
1.000000
0.513739 0.486261
1.000000
0.458235 0.541765
0.205903 0.794097
1.000000
1.000000
1.000000
0.232826 0.767174
1.000000
0.710894 0.289106
1.000000
0.002784 0.386543 0.610673
1.000000
1.000000
1.000000
1.000000
0.580399 0.419601
1.000000
1.000000
1.000000
1.000000
0.995136 0.004864
0.842137 0.157863
1.000000
1.000000
1.000000
1.000000
1.000000
0.850972 0.149028
0.662522 0.337478
1.000000
0.897923 0.102077
0.958894 0.041106
1.000000
0.237065 0.345223 0.417711
0.511763 0.488237
1.000000
0.818519 0.181481
0.779597 0.220403
1.000000
0.535856 0.464144
0.918122 0.081878
0.894295 0.105705
0.987514 0.012486
1.000000
0.001291 0.998709
1.000000
0.214450 0.785550
1.000000
1.000000
1.000000
1.000000
0.288834 0.711166
0.449954 0.550046
1.000000
0.559910 0.440090
1.000000
1.000000
0.191079 0.808921
1.000000
0.879656 0.120344
0.391429 0.608571
1.000000
1.000000
0.457047 0.171964 0.370989
1.000000
1.000000
0.978146 0.021854
1.000000
1.000000
0.939100 0.060900
0.129028 0.870972
0.862485 0.137515
0.871145 0.128855
0.535770 0.464230
0.183397 0.816603
0.260096 0.476713 0.263191
1.000000
0.004754 0.995246
1.000000
1.000000
0.139881 0.168409 0.691710
1.000000
1.000000
0.996860 0.003140
1.000000
1.000000
0.605331 0.394669
1.000000
0.501602 0.498398
0.809543 0.190457
1.000000
1.000000
0.501846 0.498154
1.000000
1.000000
0.208160 0.478927 0.312914
0.709564 0.290436
1.000000
1.000000
1.000000
0.304360 0.695640
0.066106 0.933894
0.130935 0.481068 0.387998
0.979001 0.020999
0.100260 0.213149 0.686592
1.000000
0.218185 0.781815
0.305412 0.694588
0.429543 0.570457
0.202062 0.797938
0.717735 0.282265
1.000000
0.457638 0.542362
0.271865 0.728135
1.000000
0.177677 0.822323
1.000000
0.313870 0.686130
0.327433 0.523390 0.149177
1.000000
1.000000
1.000000
1.000000
1.000000
1.000000
0.160136 0.839864
1.000000
1.000000
1.000000
0.161740 0.838260
0.964837 0.035163
1.000000
0.342427 0.657573
1.000000
1.000000
0.167616 0.832384
0.038715 0.756939 0.204346
1.000000
0.443651 0.314864 0.241485
1.000000
1.000000
1.000000
0.491006 0.508994
1.000000
1.000000
0.855886 0.144114
1.000000
1.000000
1.000000
0.891619 0.108381
0.282930 0.717070
1.000000
1.000000
0.940667 0.059333
0.989717 0.010283
1.000000
0.148334 0.851666
0.563988 0.436012
0.893644 0.106356
0.179559 0.820441
1.000000
1.000000
0.281237 0.718763
0.785225 0.214775
0.450326 0.549674
0.091049 0.159844 0.341704 0.407403
0.330173 0.669827
1.000000
1.000000
1.000000
1.000000
0.449499 0.550501
1.000000
1.000000
1.000000
1.000000
0.994454 0.005546
0.326651 0.673349
0.506588 0.493412
0.995952 0.004048
0.006433 0.993567
1.000000
0.184171 0.815829
1.000000
1.000000
1.000000
1.000000
1.000000
1.000000
1.000000
1.000000
0.870943 0.129057
1.000000
0.473025 0.526975
0.104080 0.895920
1.000000
1.000000
0.903825 0.096175
0.406616 0.593384
0.164344 0.559300 0.276356
0.135168 0.864832
0.780406 0.219594
1.000000
1.000000
0.162710 0.386535 0.450754
0.264629 0.735371
1.000000
0.978978 0.021022
1.000000
0.755478 0.244522
1.000000
1.000000
1.000000
1.000000
0.559972 0.440028
1.000000
0.731082 0.268918
1.000000
0.688778 0.311222
1.000000
0.000000 0.000286 0.058784 0.940929
1.000000
0.078491 0.921509
1.000000
1.000000
0.897096 0.100529 0.002374
1.000000
1.000000
1.000000
0.976854 0.023146
0.753952 0.246048
1.000000
0.257657 0.742343
0.110359 0.540969 0.348672
1.000000
1.000000
1.000000
1.000000
0.544301 0.347550 0.108149
1.000000
1.000000
1.000000
1.000000
1.000000
1.000000
1.000000
0.853085 0.146915
0.608780 0.391220
0.470271 0.529729
0.237639 0.762361
0.020689 0.979311
0.385688 0.614312
0.998733 0.001267
0.594419 0.405581
1.000000
0.085800 0.914200
1.000000
0.012797 0.987203
1.000000
1.000000
0.038557 0.961443
0.670497 0.304762 0.024741
1.000000
1.000000
1.000000
0.344713 0.655287
0.002235 0.997765
1.000000
1.000000
0.043087 0.956913
1.000000
1.000000
1.000000
1.000000
0.000059 0.999941
1.000000
0.320489 0.213815 0.465696
0.955031 0.044969
1.000000
1.000000
1.000000
1.000000
1.000000
0.206325 0.552597 0.241079
1.000000
1.000000
1.000000
0.270210 0.729790
0.006246 0.993754
1.000000
1.000000
0.259914 0.740086
1.000000
0.924956 0.075044
0.920341 0.079659
1.000000
0.015700 0.984300
1.000000
1.000000
0.981730 0.018270
0.862542 0.137458
0.349405 0.650595
0.173442 0.826558
1.000000
1.000000
0.996953 0.003047
1.000000
1.000000
0.047910 0.952090
1.000000
1.000000
0.435109 0.564891
1.000000
1.000000
1.000000
0.739218 0.260782
1.000000
0.781276 0.218724
1.000000
0.923363 0.076637
0.932478 0.067522
0.029768 0.970232
0.876388 0.123612
1.000000
0.009936 0.441923 0.548141
1.000000
1.000000
1.000000
0.131233 0.868767
1.000000
0.181196 0.818804
0.973927 0.026073
0.003757 0.996243
1.000000
1.000000
0.995901 0.004099
1.000000
0.260575 0.739425
1.000000
1.000000
0.983096 0.016904
0.472686 0.527314
0.481789 0.518211
1.000000
0.466209 0.533791
1.000000
0.000002 0.003445 0.194129 0.802424
1.000000
1.000000
0.994712 0.005288
0.000374 0.999626
0.191670 0.808330
0.000002 0.026439 0.973559
1.000000
1.000000
0.179248 0.820752
1.000000
1.000000
0.508819 0.491181
1.000000
0.354231 0.596626 0.049143
1.000000
0.024407 0.975593
0.486560 0.420855 0.092585
0.002772 0.997228
1.000000
1.000000
0.829098 0.170902
0.140873 0.163813 0.091137 0.604177
0.206836 0.793164
0.593543 0.406457
1.000000
0.481337 0.518663
0.944114 0.055886
1.000000
1.000000
1.000000
0.455210 0.544790
1.000000
1.000000
1.000000
0.799708 0.200292
1.000000
0.000861 0.272077 0.727062
1.000000
1.000000
1.000000
1.000000
1.000000
0.110255 0.713470 0.176275
0.122007 0.877993
1.000000
1.000000
1.000000
0.723267 0.276733
1.000000
0.988757 0.011243
0.000000 1.000000
0.253131 0.746869
0.297585 0.702415
1.000000
0.433615 0.474979 0.091406
1.000000
1.000000
1.000000
0.668431 0.331569
1.000000
1.000000
1.000000
0.425335 0.574665
1.000000
0.091908 0.908092
0.000865 0.999135
1.000000
0.451900 0.153640 0.394460
1.000000
0.709300 0.290700
0.631228 0.368772
0.231103 0.768897
1.000000
0.818232 0.181768
1.000000
1.000000
1.000000
1.000000
1.000000
0.016150 0.649293 0.334558
0.309096 0.690904
1.000000
0.898923 0.101077
1.000000
0.183548 0.816452
0.970592 0.029408
1.000000
1.000000
1.000000
1.000000
1.000000
0.931797 0.068203
1.000000
1.000000
0.895640 0.104360
1.000000
1.000000
0.996245 0.003755
1.000000
0.512636 0.487364
1.000000
0.501174 0.498826
0.945596 0.054404
1.000000
1.000000
1.000000
1.000000
1.000000
1.000000
1.000000
0.327108 0.672892
0.291584 0.708416
0.960956 0.039044
1.000000
0.122584 0.877416
1.000000
1.000000
1.000000
0.920469 0.079531
0.457761 0.542239
1.000000
1.000000
1.000000
0.651732 0.318131 0.030137
1.000000
1.000000
0.889676 0.110324
0.310272 0.689728
0.022531 0.977469
1.000000
0.910412 0.089588
1.000000
1.000000
1.000000
0.850006 0.149994
0.064979 0.935021
0.986874 0.013126
1.000000
0.569475 0.430525
0.348630 0.651370
1.000000
0.381824 0.618176
1.000000
1.000000
0.292436 0.707564
1.000000
0.984829 0.015171
0.714072 0.285928
1.000000
0.643528 0.356472
0.079605 0.920395
0.590054 0.409946
0.358339 0.641661
1.000000
0.284994 0.591914 0.123092
1.000000
0.087314 0.912686
0.095413 0.706327 0.198261
1.000000
0.673498 0.326502
0.229108 0.770892
1.000000
1.000000
0.651255 0.304867 0.043878
0.817311 0.182689
0.812609 0.187391
0.877162 0.118197 0.004641
1.000000
0.215180 0.550959 0.233861
1.000000
0.970364 0.029636
1.000000
1.000000
1.000000
1.000000
1.000000
0.581493 0.418507
1.000000
0.929409 0.070591
0.983362 0.016638
1.000000
1.000000
0.636469 0.363531
0.893818 0.106182
0.275378 0.724622
1.000000
0.000914 0.999086
0.744514 0.255486
0.003782 0.996218
0.975213 0.024787
0.087138 0.284164 0.628698
1.000000
1.000000
0.534243 0.465757
1.000000
0.436190 0.563810
1.000000
0.843165 0.156835
0.203450 0.796550
1.000000
0.056508 0.943492
1.000000
0.175618 0.824382
1.000000
0.480554 0.519446
1.000000
0.781937 0.218063
0.612911 0.387089
1.000000
1.000000
1.000000
0.262796 0.737204
1.000000
1.000000
1.000000
0.217235 0.782765
1.000000
1.000000
0.119249 0.880751
0.407997 0.592003
1.000000
1.000000
0.920900 0.079100
1.000000
1.000000
1.000000
1.000000
1.000000
1.000000
0.589933 0.410067
0.002377 0.997623
1.000000
0.777930 0.222070
1.000000
0.451600 0.548400
1.000000
1.000000
1.000000
0.430270 0.569730
1.000000
1.000000
0.000502 0.999498
0.815430 0.184570
1.000000
1.000000
1.000000
1.000000
1.000000
0.095417 0.904583
0.917913 0.082087
1.000000
1.000000
0.997295 0.002705
1.000000
1.000000
1.000000
0.997233 0.002767
0.121757 0.878243
1.000000
1.000000
0.911314 0.088686
0.599988 0.400012
1.000000
1.000000
1.000000
1.000000
0.282717 0.717283
0.145365 0.854635
0.497203 0.502797
0.870190 0.129810
1.000000
0.787241 0.212759
1.000000
1.000000
1.000000
0.385390 0.614610
0.261015 0.738985
0.581369 0.418631
1.000000
0.255134 0.744866
1.000000
0.405762 0.594238
1.000000
1.000000
1.000000
0.324089 0.675911
1.000000
0.014258 0.985742
1.000000
1.000000
0.074307 0.925693
1.000000
0.020971 0.401641 0.577388
1.000000
1.000000
0.634334 0.365666
1.000000
1.000000
1.000000
0.003560 0.996440
1.000000
1.000000
0.759892 0.240108
1.000000
0.427277 0.572723
1.000000
0.116782 0.123587 0.351590 0.408040
0.241343 0.758657
0.857761 0.142239
1.000000
0.189429 0.202153 0.608418
0.161207 0.419641 0.419152
0.748668 0.251332
1.000000
1.000000
0.317501 0.682499
0.624330 0.319705 0.055966
0.587872 0.412128
1.000000
0.049880 0.950120
1.000000
0.585672 0.414328
0.419004 0.580996
1.000000
1.000000
1.000000
0.716232 0.283768
1.000000
0.001650 0.998350
0.123694 0.876306
1.000000
1.000000
0.328286 0.671714
1.000000
1.000000
0.134798 0.405410 0.459791
0.330211 0.669789
0.959745 0.039899 0.000357
0.645714 0.354286
0.248384 0.751616
1.000000
0.126244 0.873756
0.816796 0.183204
1.000000
0.050435 0.949565
0.158688 0.841312
1.000000
1.000000
1.000000
1.000000
0.232106 0.767894
0.240492 0.610282 0.149226
0.031576 0.968424
1.000000
0.779799 0.220201
1.000000
1.000000
1.000000
0.303706 0.696294
1.000000
1.000000
1.000000
0.222441 0.625829 0.151730
1.000000
0.789431 0.210569
0.636563 0.363437
0.149873 0.332417 0.517710
0.992814 0.007186
1.000000
0.117371 0.882629
1.000000
0.122595 0.877405
0.847994 0.144359 0.007647
1.000000
0.665029 0.334971
1.000000
0.412747 0.587253
1.000000
0.984509 0.015491
0.947139 0.052861
0.678231 0.321769
0.000485 0.414149 0.585366
0.403729 0.596271
1.000000
1.000000
1.000000
1.000000
0.461084 0.434414 0.104502
1.000000
1.000000
1.000000
0.899750 0.100250
1.000000
0.940612 0.057788 0.001599
0.054162 0.945838
1.000000
1.000000
0.013065 0.986935
1.000000
0.996765 0.003235
0.492652 0.507348
1.000000
0.513901 0.176224 0.309875
1.000000
0.843376 0.156624
1.000000
0.156806 0.843194
1.000000
0.124458 0.875542
0.167476 0.832524
0.639832 0.360168
0.866925 0.133075
1.000000
1.000000
0.281822 0.718178
0.929428 0.070572
1.000000
0.959071 0.040929
1.000000
1.000000
0.846638 0.153362
0.749982 0.250018
1.000000
0.919661 0.080339
0.273181 0.726819
0.185389 0.814611
0.235867 0.764133
0.479927 0.520073
0.641767 0.358233
0.864116 0.135884
0.558628 0.441372
1.000000
1.000000
0.557835 0.442165
1.000000
1.000000
1.000000
0.571332 0.428668
0.293095 0.480158 0.226747
1.000000
1.000000
1.000000
0.970109 0.029891
1.000000
1.000000
0.001008 0.998992
0.164563 0.835437
0.482796 0.421326 0.095878
0.846529 0.153471
1.000000
0.490227 0.509773
1.000000
1.000000
0.723911 0.276089
1.000000
1.000000
1.000000
0.251627 0.547617 0.200755
0.471795 0.528205
1.000000
1.000000
1.000000
0.417420 0.247503 0.077925 0.257152
1.000000
1.000000
0.774011 0.225989
1.000000
1.000000
0.315176 0.684824
1.000000
1.000000
1.000000
1.000000
0.563127 0.436873
1.000000
1.000000
1.000000
1.000000
0.425370 0.574630
0.139041 0.453607 0.407352
1.000000
1.000000
0.704628 0.295372
0.002675 0.997325
1.000000
0.119268 0.200897 0.679835
1.000000
0.420012 0.579988
1.000000
1.000000
1.000000
1.000000
0.496084 0.167560 0.336356
1.000000
0.934089 0.065911
1.000000
1.000000
0.247878 0.752122
1.000000
0.969355 0.030645
1.000000
1.000000
0.726125 0.273875
0.684037 0.315963
1.000000
1.000000
1.000000
1.000000
0.734915 0.066913 0.198172
1.000000
0.703292 0.296708
1.000000
1.000000
1.000000
0.301401 0.698599
1.000000
1.000000
0.610229 0.324388 0.059353 0.006030
1.000000
1.000000
0.279133 0.720867
1.000000
0.270907 0.729093
1.000000
1.000000
0.858637 0.141363
1.000000
0.261616 0.738384
1.000000
0.600472 0.399528
0.336499 0.663501
1.000000
1.000000
1.000000
0.000020 0.026860 0.973120
0.818762 0.181238
0.000943 0.999057
1.000000
1.000000
0.564208 0.435792
0.137172 0.862828
0.794025 0.205975
1.000000
0.674520 0.325480
1.000000
0.215776 0.784224
0.918124 0.081876
1.000000
0.005596 0.994404
1.000000
1.000000
1.000000
0.140488 0.859512
0.849711 0.145249 0.005040
1.000000
1.000000
0.695249 0.304751
0.665290 0.334710
1.000000
1.000000
0.475712 0.524288
1.000000
1.000000
0.184358 0.815642
0.855096 0.144904
1.000000
1.000000
1.000000
1.000000
0.187497 0.812503
1.000000
0.827257 0.158582 0.014162
1.000000
1.000000
0.476755 0.523245
1.000000
1.000000
1.000000
1.000000
0.844741 0.155259
1.000000
1.000000
0.432260 0.567740
1.000000
0.816082 0.183918
0.643156 0.356844
1.000000
1.000000
1.000000
1.000000
0.079003 0.920997
0.392312 0.607688
1.000000
1.000000
0.736773 0.263227
1.000000
0.723015 0.276985
0.000019 0.999981
0.957252 0.042748
1.000000
0.845739 0.154261
1.000000
1.000000
0.069193 0.930807
1.000000
0.152787 0.267389 0.579824
1.000000
1.000000
0.609975 0.390025
1.000000
1.000000
0.150162 0.849838
0.000064 0.999936
0.392891 0.607109
0.904121 0.095879
1.000000
0.441590 0.558410
0.452240 0.547760
0.370500 0.629500
0.008545 0.991455
1.000000
1.000000
0.936863 0.063137
0.102925 0.329473 0.567602
0.255609 0.744391
1.000000
1.000000
0.689204 0.310796
0.195978 0.804022
0.391603 0.608397
1.000000
0.192791 0.807209
1.000000
1.000000
1.000000
1.000000
0.244478 0.671599 0.083922
0.320736 0.679264
1.000000
0.960908 0.039092
0.465443 0.534557
0.404347 0.595653
0.753036 0.246964
1.000000
1.000000
0.459564 0.540436
0.571752 0.428248
0.403321 0.596679
1.000000
1.000000
0.987929 0.012071
1.000000
1.000000
1.000000
0.016144 0.983856
0.350469 0.341689 0.307841
0.672575 0.327425
0.060891 0.654995 0.284114
0.919042 0.080958
1.000000
1.000000
0.427178 0.572822
1.000000
0.286095 0.713905
0.000583 0.135868 0.863549
0.623763 0.376237
1.000000
0.864993 0.135007
0.599727 0.400273
0.843308 0.156692
1.000000
1.000000
0.000091 0.999909
0.790913 0.209087
1.000000
0.867687 0.132313
1.000000
0.780765 0.219235
1.000000
0.690433 0.309567
1.000000
1.000000
0.817452 0.182548
0.711496 0.241966 0.046537
1.000000
1.000000
1.000000
0.952523 0.047477
0.113356 0.810000 0.076645
1.000000
0.000021 0.999979
1.000000
0.237460 0.762540
1.000000
1.000000
0.023050 0.976950
1.000000
1.000000
0.795444 0.204556
1.000000
0.488729 0.444752 0.066519
1.000000
0.056503 0.943497
0.987427 0.012573
0.483671 0.516329
1.000000
1.000000
1.000000
0.716630 0.283370
0.510567 0.489433
0.510487 0.489513
0.776921 0.223079
1.000000
1.000000
0.791468 0.208532
0.385126 0.614874
1.000000
0.847561 0.152439
0.016741 0.983259
0.315701 0.352242 0.225990 0.106068
1.000000
0.557040 0.442960
0.397718 0.602282
1.000000
1.000000
0.023475 0.976525
0.009367 0.990633
0.974226 0.025774
1.000000
1.000000
0.615676 0.384324
0.183095 0.816905
1.000000
1.000000
0.762534 0.237466
0.986481 0.013519
1.000000
0.996620 0.003380
1.000000
0.003200 0.328078 0.668721
1.000000
0.933257 0.066743
1.000000
1.000000
0.940153 0.059847
1.000000
1.000000
1.000000
0.122509 0.294283 0.583208
1.000000
1.000000
1.000000
1.000000
1.000000
0.666976 0.333024
0.784801 0.215199
1.000000
1.000000
1.000000
0.000001 0.036313 0.963686
0.145090 0.854910
1.000000
0.002046 0.997954
1.000000
0.870088 0.129912
1.000000
1.000000
1.000000
0.863082 0.136918
0.120749 0.203262 0.675989
0.217917 0.782083
0.669740 0.330260
1.000000
0.717405 0.282595
0.637204 0.362796
0.357736 0.642264
1.000000
1.000000
1.000000
0.270956 0.729044
1.000000
1.000000
1.000000
0.299277 0.700723
0.294074 0.705926
1.000000
1.000000
1.000000
1.000000
0.717753 0.282247
0.352695 0.647305
0.924654 0.075346
1.000000
1.000000
1.000000
0.170360 0.192276 0.637364
1.000000
1.000000
1.000000
1.000000
1.000000
1.000000
1.000000
1.000000
0.929579 0.070421
0.848821 0.151179
1.000000
1.000000
1.000000
1.000000
0.416846 0.583154
1.000000
1.000000
1.000000
0.129692 0.393026 0.477282
1.000000
