2000 3
1 1 1 2 2 1 2 3 3 3 1 2 1 1 2 4 2 1 2 1 1 1 1 2 1 1 1 2 2 2 2 1 1 1 2 1 1 3 1 3 1 2 1 3 1 2 1 2 2 3 1 1 1 2 1 1 3 2 2 2 1 1 1 3 1 1 1 1 4 2 2 2 1 1 2 1 1 1 2 2 2 1 2 1 1 1 2 1 2 2 2 1 1 1 1 1 1 1 1 3 1 2 2 2 1 2 1 2 2 1 1 1 2 2 2 1 1 2 1 1 1 2 2 2 1 1 2 2 1 1 1 3 3 1 1 1 1 1 1 2 3 1 1 2 2 1 3 2 1 1 1 1 2 1 1 2 1 2 1 1 2 1 2 1 2 1 1 1 1 2 1 1 1 2 2 1 2 1 3 1 1 1 1 2 1 2 2 2 2 1 1 2 2 1 1 1 1 1 1 2 1 1 2 2 2 2 2 1 2 1 2 2 1 3 3 2 2 1 2 2 1 1 2 1 2 2 2 2 1 1 2 2 1 2 2 1 1 2 2 1 2 1 1 4 1 2 1 2 2 2 2 2 1 2 1 4 1 2 1 1 2 1 2 2 1 2 1 1 1 1 1 1 2 1 2 2 3 1 3 2 1 1 2 2 1 2 2 1 1 1 1 1 1 1 2 2 1 2 1 2 1 1 1 1 2 1 2 1 1 1 1 2 1 2 2 1 1 2 2 2 3 2 1 2 2 1 2 2 5 1 2 1 1 1 2 1 2 2 1 1 1 2 1 2 3 2 1 2 1 1 1 2 1 2 2 1 1 1 1 1 1 3 1 1 2 2 1 1 1 1 1 1 2 1 1 1 3 3 1 1 1 2 1 2 1 1 1 1 1 2 2 1 2 2 1 2 2 2 1 1 1 1 1 2 1 2 2 2 1 2 2 2 1 2 1 2 2 1 2 2 1 1 1 2 1 1 1 1 2 1 2 2 1 2 2 2 1 2 2 2 2 1 1 1 1 2 1 1 1 2 2 4 2 1 2 2 1 1 1 2 2 2 2 1 1 1 1 1 1 2 2 1 1 2 1 1 2 1 2 1 2 3 1 1 1 2 2 2 2 1 1 1 1 2 2 3 2 2 1 4 2 1 2 2 1 2 2 2 1 2 2 1 2 1 1 2 2 1 3 1 1 1 1 3 1 2 1 2 1 2 1 1 1 2 1 2 1 1 2 1 2 2 1 1 2 1 1 1 1 1 1 1 1 2 1 2 1 1 1 1 1 1 3 1 1 3 2 2 2 2 2 1 1 1 1 1 2 1 1 1 1 1 1 1 2 1 2 1 1 1 1 2 2 1 2 1 1 1 1 2 1 2 1 1 2 1 1 3 2 2 2 1 1 3 2 2 2 1 2 1 1 1 1 3 2 3 1 2 1 1 1 2 1 2 2 1 1 3 2 2 1 2 1 1 2 1 1 1 2 3 2 1 1 2 2 1 1 1 1 1 1 2 2 2 1 2 2 1 2 1 1 2 1 1 1 2 1 1 3 2 1 1 1 2 1 3 1 2 1 1 1 1 1 1 2 3 2 2 1 1 1 1 2 2 2 2 2 2 1 2 2 2 2 1 1 2 1 1 1 1 1 1 2 1 1 1 1 2 2 2 2 2 1 1 2 2 1 1 2 1 1 1 2 1 2 2 1 1 3 1 1 2 2 1 2 2 1 2 2 1 1 1 1 1 2 2 2 2 1 2 1 1 1 2 1 2 1 2 2 2 1 2 1 1 2 1 2 1 1 2 2 1 1 2 1 2 1 1 2 2 2 2 2 1 2 1 1 2 2 2 2 2 1 1 1 2 1 1 2 1 2 1 2 2 1 1 2 2 2 2 1 1 2 2 2 1 2 1 2 2 1 1 1 2 1 2 1 3 1 1 1 1 2 1 1 1 1 2 2 1 1 1 1 1 2 2 1 2 2 1 3 2 1 2 2 1 2 2 2 2 1 2 1 2 1 1 1 1 2 2 1 2 1 1 2 1 2 2 1 1 3 1 1 2 1 1 2 2 2 2 2 2 3 1 2 1 1 3 1 1 2 1 1 2 1 2 2 1 1 2 1 1 3 2 1 1 1 2 2 3 2 3 1 2 2 2 2 2 1 2 2 1 2 1 2 3 1 1 1 1 1 1 2 1 1 1 2 2 1 2 1 1 2 3 1 3 1 1 1 2 1 1 2 1 1 1 2 2 1 1 2 2 1 2 2 2 2 1 1 2 2 2 4 2 1 1 1 1 2 1 1 1 1 2 2 2 2 2 1 2 1 1 1 1 1 1 1 1 2 1 2 2 1 1 2 2 3 2 2 1 1 3 2 1 2 1 2 1 1 1 1 2 1 2 1 2 1 4 1 2 1 1 3 1 1 1 2 2 1 2 3 1 1 1 1 3 1 1 1 1 1 1 1 2 2 2 2 2 2 2 2 1 2 1 2 1 1 2 3 1 1 1 2 2 1 1 2 1 1 1 1 2 1 3 2 1 1 1 1 1 3 1 1 1 2 2 1 1 2 1 2 2 1 2 1 1 2 2 2 2 1 1 2 1 1 2 1 1 2 1 1 1 2 1 2 1 2 2 2 2 1 3 1 1 1 2 1 2 2 2 1 1 2 1 2 1 1 2 2 2 1 2 1 4 1 1 2 2 2 3 1 1 2 1 1 2 1 3 1 2 3 2 1 1 2 4 2 2 1 2 2 1 1 1 2 1 1 1 2 1 3 1 1 1 1 1 3 2 1 1 1 2 1 2 2 2 2 1 3 1 1 1 2 1 1 1 2 1 2 2 1 3 1 2 2 2 1 2 1 1 1 1 1 3 2 1 2 1 2 2 1 1 1 1 1 2 1 1 2 1 1 2 1 2 1 2 2 1 1 1 1 1 1 1 2 2 2 1 2 1 1 1 2 2 1 1 1 3 1 1 2 2 2 1 2 1 1 1 2 2 2 1 2 2 1 2 1 1 2 1 2 2 1 2 2 2 2 1 3 1 2 3 1 2 2 1 1 3 2 2 3 1 3 1 2 1 1 1 1 1 2 1 2 2 1 1 2 2 2 1 2 2 2 2 3 1 1 2 1 2 1 2 2 1 2 1 2 1 2 1 2 2 1 1 1 2 1 1 1 2 1 1 2 2 1 1 2 1 1 1 1 1 1 2 2 1 2 1 2 1 1 1 2 1 1 2 2 1 1 1 1 1 2 2 1 1 2 1 1 1 2 2 1 1 2 2 1 1 1 1 2 2 2 2 1 2 1 1 1 2 2 2 1 2 1 2 1 1 1 2 1 2 1 1 2 1 3 1 1 2 1 1 1 2 1 1 2 1 2 1 4 2 2 1 3 3 2 1 1 2 3 2 1 2 1 2 2 1 1 1 2 1 2 2 1 1 2 1 1 3 2 3 2 2 1 2 2 1 2 2 1 1 1 1 2 3 2 1 2 1 1 1 2 1 1 1 3 1 2 2 3 2 1 2 1 2 3 1 2 1 2 1 2 2 2 3 2 1 1 1 1 3 1 1 1 2 1 3 2 1 1 2 1 2 2 1 3 1 2 1 2 1 2 2 2 2 1 1 2 2 1 2 1 1 2 2 1 2 2 2 2 2 2 2 2 1 1 2 1 1 1 2 3 1 1 1 2 1 1 2 2 3 2 1 2 1 1 2 1 1 1 3 2 1 1 1 4 1 1 2 1 1 2 1 1 1 1 2 1 1 1 1 2 3 1 1 2 2 1 3 1 2 1 1 1 1 3 1 2 1 1 2 1 2 1 1 2 2 1 1 1 1 3 1 2 1 1 1 2 1 1 4 1 1 2 1 2 1 1 2 1 2 1 2 2 1 1 1 3 2 2 1 1 2 2 2 1 2 1 2 2 1 2 1 1 1 2 3 1 1 2 2 1 1 2 1 1 2 2 1 1 1 1 2 1 3 1 1 2 1 1 1 1 2 1 1 2 1 2 2 1 1 1 1 2 2 1 1 2 1 2 2 2 1 2 1 1 2 1 3 1 1 2 1 1 2 2 2 2 1 2 2 2 2 1 1 2 3 2 1 1 2 2 2 1 2 1 1 1 1 3 2 1 2 2 2 2 1 1 2 2 2 1 1 2 1 1 1 2 3 2 3 2 1 1 2 1 2 3 2 1 2 2 2 1 1 2 2 1 2 1 2 1 2 1 1 2 3 1 1 1 2 3 1 2 1 2 1 1 2 1 1 2 1 3 1 2 2 2 1 1 1 2 2 2 2 1 1 2 2 1 2 2 4 1 2 2 1 1 2 2 2 1 1 2 2 1 1 2 2 1 2 1 3 1 2 1 1 2 1 1 1 3 1 1 1 1 1 2 2 1 1 1 3 2 1 2 1 2 1 1 1 2 3 2 2 1 2 2 2 1 1 1 2 1 1 1 2 2 1 1 1 1 2 2 2 1 1 1 3 1 1 1 1 1 1 1 1 2 2 1 1 1 1 2 1 1 1 3 1
0.000139
0.137579
0.862282
0.999684
0.000007
0.000309
0.996846
0.000011
0.003143
0.091366 0.847321
0.011112 0.000001
0.050019 0.000180
0.010306 0.360355
0.270833 0.000067
0.353695 0.004745
0.000003
0.261703
0.738294
0.900837 0.066129
0.000299 0.000000
0.032736 0.000000
0.009170 0.155570 0.500236
0.151666 0.005540 0.000007
0.143018 0.034104 0.000689
0.866620 0.087386 0.003384
0.001390 0.000000 0.000000
0.041197 0.000024 0.000000
0.002363 0.086356 0.556323
0.211990 0.023260 0.000051
0.071898 0.045913 0.001847
0.000000
0.870687
0.129313
0.902983 0.094520
0.000421 0.000000
0.002074 0.000001
0.000001
0.228684
0.771315
0.000011
0.494993
0.504996
0.577846 0.414383
0.000574 0.000000
0.007196 0.000001
-0.000000 0.000000 0.000000 0.000000
0.000028 0.026448 0.262098 0.031167
0.000005 0.004819 0.176924 0.498511
0.409409 0.577734
0.003391 0.000000
0.009463 0.000003
0.999984
0.000000
0.000016
0.040753 0.819854
0.026601 0.000003
0.111975 0.000814
0.000000
0.951531
0.048469
0.999968
0.000000
0.000032
0.000023
0.389324
0.610653
0.980505
0.000800
0.018695
0.903468 0.091710
0.000052 0.000000
0.004770 0.000000
0.007351
0.321325
0.671324
0.998496
0.000117
0.001387
0.000025
0.407365
0.592610
0.996271 0.003557
0.000008 0.000000
0.000164 0.000000
0.864085 0.133046
0.000111 0.000000
0.002759 0.000000
0.078301 0.653250
0.084621 0.000002
0.183398 0.000427
0.000086 0.013500
0.219043 0.072016
0.213230 0.482125
0.973919
0.000620
0.025460
0.994655
0.000686
0.004659
1.000000
0.000000
0.000000
0.022432 0.776967
0.048176 0.000022
0.149457 0.002947
0.994842
0.000099
0.005059
0.998512
0.000160
0.001328
0.008760 0.156359 0.398968
0.058247 0.000395 0.000000
0.347627 0.029532 0.000111
0.000300
0.396991
0.602709
0.000000 0.000001 0.000094
0.062537 0.551706 0.040800
0.007110 0.178589 0.159164
0.000000
0.111903
0.888097
0.238040 0.643405
0.010281 0.000000
0.108201 0.000073
0.000106
0.121686
0.878208
0.000000 0.000000 0.000000
0.003208 0.150854 0.301527
0.001328 0.080085 0.462998
0.000001
0.765210
0.234789
0.012551 0.283117
0.085309 0.000100
0.599173 0.019750
0.000000
0.347035
0.652965
0.167524 0.760642
0.013826 0.000015
0.056939 0.001054
0.826028 0.172696
0.000082 0.000000
0.001194 0.000000
0.944163 0.053162 0.001164
0.000235 0.000000 0.000000
0.001275 0.000000 0.000000
0.995374
0.000133
0.004493
0.000000
0.923907
0.076093
0.028044
0.149180
0.822776
0.000064 0.016936
0.616164 0.004215
0.306087 0.056533
0.000000
0.055491
0.944509
0.006778
0.042539
0.950683
0.847779 0.136137 0.006210
0.001369 0.000000 0.000000
0.008499 0.000006 0.000000
0.000000 -0.000000
0.000662 0.835581
0.000016 0.163742
0.525447 0.466854
0.000607 0.000000
0.007091 0.000001
0.006273 0.492471
0.138400 0.000165
0.347040 0.015651
0.000001
0.093234
0.906765
0.007970
0.643159
0.348872
0.999062
0.000028
0.000910
0.038740 0.335314 0.531554
0.058559 0.000339 0.000000
0.033355 0.002130 0.000009
0.000000
0.583413
0.416587
0.000000
0.851488
0.148512
0.884672
0.005832
0.109496
0.023719
0.323270
0.653011
0.000083 0.002150 0.016684 0.065752
0.177752 0.371076 0.092747 0.004863
0.031432 0.122703 0.091817 0.022941
0.960788 0.038922
0.000009 0.000000
0.000280 0.000000
0.000000 0.000019
0.623383 0.003027
0.212156 0.161415
0.811286 0.169486
0.002236 0.000000
0.016992 0.000001
0.000993
0.274451
0.724556
0.999118
0.000053
0.000829
0.356390 0.546806
0.026975 0.000003
0.069581 0.000244
0.000351
0.741938
0.257711
0.999752
0.000008
0.000240
0.999655
0.000014
0.000331
0.822863 0.174035
0.000251 0.000000
0.002849 0.000002
0.498447 0.487640
0.004887 0.000000
0.009012 0.000013
0.337194 0.639022
0.008699 0.000001
0.015030 0.000054
0.000000
0.651178
0.348822
0.008873 0.360746
0.288635 0.000192
0.332774 0.008780
0.997690
0.000105
0.002205
0.996234
0.000146
0.003620
0.998960
0.000082
0.000958
0.833233 0.148101
0.003449 0.000000
0.015216 0.000000
0.000000
0.559071
0.440929
0.024490 0.687692
0.071331 0.000071
0.209851 0.006565
0.882086 0.114481
0.000215 0.000000
0.003218 0.000001
0.000000 0.000001
0.047247 0.037208
0.104250 0.811294
0.997196
0.000081
0.002723
0.994319
0.000069
0.005612
0.998127
0.000029
0.001844
0.000000
0.362388
0.637612
0.999719
0.000010
0.000271
0.000000
0.945833
0.054167
0.999741
0.000012
0.000247
0.999689
0.000013
0.000299
0.023488 0.323991 0.601582
0.013357 0.000042 0.000000
0.035813 0.001724 0.000003
0.000000
0.821137
0.178863
0.968908 0.029526
0.000008 0.000000
0.001558 0.000000
0.000415 0.034392
0.100117 0.000432
0.781475 0.083169
0.000087 0.007078
0.609511 0.090867
0.151621 0.140836
0.999450
0.000010
0.000540
0.804659 0.188614
0.001652 0.000000
0.005072 0.000002
0.000000
0.046501
0.953499
0.000072 0.013201
0.476256 0.130628
0.144103 0.235740
0.573718 0.417867
0.003185 0.000000
0.005229 0.000001
0.994215
0.000049
0.005737
0.000017
0.360449
0.639534
0.000409
0.429301
0.570289
0.096173 0.883575
0.001425 0.000000
0.018826 0.000001
0.830786 0.167977
0.000041 0.000000
0.001196 0.000000
0.001830 0.150070
0.247819 0.012578
0.405866 0.181837
0.000000
0.538642
0.461358
0.999098
0.000066
0.000836
0.001107 0.459347
0.112703 0.000000
0.425751 0.001091
0.997890
0.000041
0.002070
0.997705
0.000042
0.002253
0.998518
0.000114
0.001369
0.000000 0.000065
0.790233 0.002620
0.137170 0.069913
0.446764 0.533515
0.001847 0.000000
0.017861 0.000013
0.106307 0.739877
0.070905 0.000094
0.080742 0.002075
0.000075
0.135344
0.864581
0.000000
0.917590
0.082410
0.000000 0.000000
0.027726 0.203581
0.020417 0.748276
0.000356 0.086583
0.295959 0.003448
0.487139 0.126515
0.999882
0.000004
0.000114
0.000000
0.782047
0.217953
0.999625
0.000024
0.000351
0.580658 0.266814 0.038618
0.028124 0.000008 0.000000
0.085440 0.000337 0.000000
0.882420 0.110213 0.004804
0.000191 0.000000 0.000000
0.002372 0.000001 0.000000
0.000000
0.614801
0.385199
0.000188
0.401923
0.597889
0.000004
0.034179
0.965817
1.000000
0.000000
0.000000
0.001395
0.110643
0.887962
0.999902
0.000001
0.000097
-0.000000 0.000000
0.002240 0.485114
0.000169 0.512478
0.000916 0.037400 0.234748
0.505850 0.024676 0.000004
0.134738 0.060834 0.000834
0.981690
0.001137
0.017173
0.999932
0.000000
0.000068
0.964266 0.035518
0.000003 0.000000
0.000213 0.000000
0.000000 0.000000
0.110490 0.045910
0.031573 0.812026
0.000000
0.757749
0.242251
0.000000 0.000000 0.000000
0.001006 0.151352 0.545842
0.000137 0.023813 0.277849
0.978131 0.021193
0.000018 0.000000
0.000658 0.000000
0.000000
0.957789
0.042211
0.004536
0.047591
0.947874
0.999731
0.000000
0.000268
0.999652
0.000018
0.000330
0.252771 0.575406
0.069391 0.000001
0.102308 0.000123
0.999927
0.000004
0.000069
0.954522
0.006756
0.038721
0.529715 0.408984
0.004470 0.000000
0.056801 0.000031
0.999998
0.000000
0.000002
0.000000 0.000000
0.020138 0.083729
0.031621 0.864512
0.999122
0.000001
0.000877
0.000000
0.640535
0.359465
0.055779 0.849662
0.046469 0.000005
0.047798 0.000288
0.832550
0.015131
0.152320
0.442290 0.512114
0.008253 0.000000
0.037335 0.000008
0.000002
0.273602
0.726396
0.000423 0.073580
0.456220 0.002991
0.400673 0.066112
0.999704
0.000003
0.000292
0.999981
0.000000
0.000019
0.000008
0.533697
0.466296
0.000000
0.546661
0.453339
0.000000 0.000000
0.031764 0.264104
0.006674 0.697458
0.989721
0.000566
0.009713
0.164298
0.111052
0.724650
0.000000
0.135059
0.864941
0.000000 0.000075
0.646939 0.000573
0.286844 0.065569
0.660382 0.328623
0.001092 0.000000
0.009888 0.000015
0.978009
0.002051
0.019939
0.002639 0.463414
0.266346 0.000004
0.265961 0.001636
0.999707
0.000003
0.000290
0.000000 0.000000 0.000000
0.008763 0.308087 0.004779
0.002327 0.329237 0.346808
0.992609
0.000004
0.007387
0.009230
0.141498
0.849272
0.999802
0.000007
0.000191
0.000000
0.959447
0.040553
0.004532 0.315329
0.195075 0.000000
0.484760 0.000303
0.973727
0.000707
0.025566
0.052188 0.602906
0.129559 0.000097
0.210925 0.004326
0.975531 0.023692
0.000018 0.000000
0.000759 0.000000
0.279513 0.693471
0.009105 0.000000
0.017893 0.000019
0.000000 0.000001
0.084612 0.478982
0.016878 0.419528
0.000043
0.641578
0.358378
0.999891
0.000001
0.000108
0.599228 0.327940
0.012801 0.000000
0.059991 0.000040
0.000534 0.045481
0.093104 0.000202
0.805872 0.054808
0.000000
0.193131
0.806868
0.998694
0.000024
0.001283
0.999997
0.000000
0.000003
0.995611
0.000110
0.004280
0.991242
0.000272
0.008486
0.999948
0.000000
0.000052
0.852455 0.144808
0.000132 0.000000
0.002606 0.000000
0.974653
0.002021
0.023326
0.000001
0.026019
0.973980
0.217587 0.754053
0.013912 0.000000
0.014435 0.000012
0.000000 0.000000
0.125652 0.200760
0.017257 0.656331
0.005802 0.809596
0.033013 0.000000
0.151426 0.000162
-0.000000 -0.000000
0.001050 0.891410
0.000011 0.107529
0.000000 0.000000
0.169666 0.024986
0.058865 0.746482
0.999958
0.000000
0.000042
-0.000000 0.000000
0.000743 0.858105
0.000022 0.141130
0.000029
0.151543
0.848427
0.876752 0.121318
0.000410 0.000000
0.001520 0.000000
0.000000 0.000000
0.078361 0.429561
0.013570 0.478507
0.000000
0.700171
0.299829
0.000016 0.001959 0.033485
0.509658 0.156269 0.000597
0.108007 0.176735 0.013275
0.359987 0.475817 0.140259
0.003361 0.000001 0.000000
0.020464 0.000111 0.000000
0.167611 0.821058
0.002471 0.000000
0.008860 0.000000
0.000000 0.000000
0.426816 0.035001
0.064751 0.473432
0.999995
0.000000
0.000005
0.000004 0.000582
0.086839 0.075411
0.183811 0.653353
0.000000 0.000000
0.073664 0.432967
0.012754 0.480615
0.996942
0.000015
0.003042
0.000000
0.837731
0.162269
0.220439 0.738703
0.017247 0.000007
0.023401 0.000203
0.011889
0.032026
0.956085
0.000000 0.000287
0.410356 0.110005
0.130523 0.348828
0.204212 0.603601
0.009511 0.000000
0.182528 0.000147
-0.000000 -0.000000
0.000473 0.942067
0.000016 0.057444
0.028537 0.447804
0.189976 0.000003
0.332691 0.000990
0.992889
0.000024
0.007087
0.999857
0.000002
0.000141
0.842719 0.154025
0.000518 0.000000
0.002738 0.000000
0.742005 0.255118
0.000377 0.000000
0.002500 0.000000
0.999611
0.000017
0.000372
0.000000 -0.000000
0.000253 0.945985
0.000002 0.053760
0.000008 0.013760
0.656514 0.000338
0.298013 0.031366
0.999790
0.000031
0.000179
0.998977
0.000014
0.001009
0.000017 0.006454
0.255464 0.062804
0.207843 0.467419
0.063275 0.874319
0.010997 0.000001
0.051180 0.000228
0.002108
0.085829
0.912063
0.004223 0.215475
0.092870 0.000050
0.671164 0.016218
0.000000
0.069032
0.930968
0.000027
0.460905
0.539068
0.000000 0.000000 0.000000 0.000000
0.000162 0.022070 0.075777 0.011949
0.000200 0.031595 0.347081 0.511166
0.944500
0.000694
0.054806
0.487868 0.500995
0.000982 0.000000
0.010152 0.000002
0.999998
0.000000
0.000002
0.000000 0.000000
0.014780 0.119729
0.022249 0.843242
0.636121 0.354798
0.000531 0.000000
0.008548 0.000001
0.000000 -0.000000
0.000577 0.814204
0.000012 0.185207
0.000000 0.000000
0.024117 0.803766
0.001208 0.170909
0.012975 0.366987
0.144620 0.000054
0.467631 0.007733
-0.000000
0.977812
0.022188
0.706109 0.288055
0.001950 0.000000
0.003884 0.000002
0.999850
0.000001
0.000149
0.337887 0.359810 0.110532 0.017059
0.052497 0.000058 0.000000 0.000000
0.120716 0.001440 0.000003 0.000000
0.000000
0.707182
0.292818
0.869336 0.128711
0.000265 0.000000
0.001687 0.000000
0.999726
0.000005
0.000269
0.002767
0.505515
0.491718
0.000000 0.000000
0.018657 0.096072
0.029714 0.855556
0.987084
0.000717
0.012199
0.956118 0.043654
0.000008 0.000000
0.000220 0.000000
0.510800 0.413738
0.010991 0.000000
0.064461 0.000011
0.999098
0.000033
0.000869
0.830415 0.168278
0.000094 0.000000
0.001213 0.000000
0.998212
0.000048
0.001740
0.000000
0.133390
0.866610
0.002150
0.222548
0.775302
0.000000
0.298091
0.701909
0.786919
0.019509
0.193572
0.000002
0.350564
0.649435
0.156155 0.804578
0.016295 0.000001
0.022920 0.000052
0.999998
0.000000
0.000002
0.999251 0.000732
0.000000 -0.000000
0.000017 0.000000
0.694779 0.243623
0.008211 0.000000
0.053381 0.000006
0.000000 0.000087 0.004701
0.293883 0.182659 0.000768
0.110052 0.369297 0.038552
0.439979
0.112131
0.447890
0.097302 0.445462 0.400834
0.011373 0.000025 0.000000
0.043762 0.001241 0.000002
0.000000 0.000074
0.090152 0.014009
0.296668 0.599097
0.000000
0.769280
0.230720
0.002425
0.376572
0.621003
0.598910 0.391179
0.002616 0.000000
0.007291 0.000003
0.074992 0.767703
0.077883 0.000152
0.076729 0.002541
0.976735
0.000176
0.023089
0.293209 0.684103
0.002170 0.000000
0.020508 0.000010
0.967296 0.031869
0.000026 0.000000
0.000809 0.000000
0.980658
0.002625
0.016717
0.996374
0.000002
0.003624
0.002533
0.566229
0.431238
0.119152
0.243405
0.637443
0.979924
0.003332
0.016744
0.000000
0.971478
0.028522
0.000000
0.772174
0.227826
0.175716 0.783295
0.007309 0.000001
0.033468 0.000211
0.319682 0.661975
0.007278 0.000000
0.011056 0.000008
0.000000
0.473875
0.526125
0.372514 0.598528
0.003534 0.000000
0.025375 0.000049
0.000018
0.158132
0.841850
-0.000000 -0.000000
0.000011 0.964507
0.000000 0.035482
0.098168
0.049077
0.852755
0.000000
0.838336
0.161664
0.000000
0.853386
0.146614
0.999868
0.000005
0.000127
0.110492 0.835579
0.009392 0.000000
0.044403 0.000133
0.994038
0.001405
0.004557
0.000000 0.000000
0.011069 0.058000
0.010025 0.920906
0.998621
0.000021
0.001358
0.992100
0.000109
0.007791
0.999999
0.000000
0.000001
0.999886
0.000001
0.000113
0.784765 0.192924
0.000979 0.000000
0.021330 0.000002
0.999953
0.000001
0.000046
0.000000 0.000285
0.183335 0.003858
0.359295 0.453227
0.000965 0.096224
0.472242 0.000810
0.405326 0.024433
0.999437
0.000009
0.000554
0.000001
0.548794
0.451204
0.000000 0.000004
0.026261 0.230961
0.034809 0.707964
0.869300 0.105288
0.006547 0.000000
0.018861 0.000004
0.000000 0.000100
0.179905 0.099964
0.115550 0.604481
0.014786 0.197260 0.352040
0.272200 0.000773 0.000000
0.155902 0.007025 0.000013
0.298176 0.546820
0.031925 0.000000
0.122998 0.000081
0.125871
0.401679
0.472450
0.000000 0.000000
0.143809 0.324425
0.029114 0.502651
0.043283 0.801403
0.036424 0.000031
0.115905 0.002954
0.999946
0.000001
0.000053
0.000011 0.012002
0.089302 0.000001
0.890200 0.008483
0.806677 0.187983
0.001606 0.000000
0.003729 0.000004
0.095936 0.233796 0.213252 0.112211 0.040731
0.124997 0.005317 0.000044 0.000000 0.000000
0.148957 0.023710 0.001028 0.000019 0.000000
0.000000
0.804853
0.195147
0.000000 0.000000
0.047208 0.602685
0.001669 0.348438
0.000512
0.590215
0.409273
-0.000000
0.901898
0.098102
0.000000
0.565109
0.434891
0.920655 0.077227
0.000078 0.000000
0.002040 0.000000
0.999999
0.000000
0.000001
0.002175 0.098448
0.137310 0.002222
0.641041 0.118804
0.393258 0.553868
0.009809 0.000000
0.043052 0.000012
0.005943
0.211138
0.782919
0.974638
0.001227
0.024135
0.999978
0.000000
0.000022
0.000007 0.007347
0.104850 0.000006
0.869480 0.018310
0.977829
0.000967
0.021204
0.541405 0.455401
0.000099 0.000000
0.003096 0.000000
0.368958 0.504859 0.103276
0.009630 0.000001 0.000000
0.013245 0.000032 0.000000
0.335107 0.626744
0.005737 0.000001
0.032260 0.000151
0.999939
0.000000
0.000060
0.076487 0.806761
0.062178 0.000011
0.054127 0.000435
0.000000
0.760707
0.239293
0.999273
0.000011
0.000716
0.932740
0.004773
0.062487
0.000020 0.004336
0.697686 0.026439
0.173662 0.097856
0.000000
0.504822
0.495178
0.000000 0.000038
0.443836 0.069076
0.152904 0.334147
0.930666 0.067542
0.000052 0.000000
0.001740 0.000000
0.999993
0.000000
0.000007
0.999988
0.000000
0.000012
0.988114
0.002591
0.009295
0.999390
0.000040
0.000570
0.000000
0.767626
0.232374
0.999037
0.000055
0.000908
0.246708 0.436561 0.195781
0.044783 0.000082 0.000000
0.074636 0.001444 0.000004
0.757569
0.027507
0.214924
0.999990
0.000000
0.000010
0.246367 0.548985
0.011224 0.000000
0.193059 0.000364
0.044325 0.570424
0.132026 0.000007
0.252242 0.000976
0.997956
0.000245
0.001799
1.000000
0.000000
0.000000
0.893955
0.008332
0.097713
0.998489
0.000161
0.001350
0.999903
0.000003
0.000095
0.997399
0.000201
0.002400
0.859899 0.137680
0.000112 0.000000
0.002309 0.000000
0.000000
0.078237
0.921763
0.000000
0.615363
0.384637
0.998830
0.000028
0.001142
0.000002 0.000995 0.039030
0.604473 0.045723 0.000002
0.149236 0.158952 0.001587
0.000000 0.000000 0.000065
0.069470 0.492097 0.022768
0.010623 0.240034 0.164942
0.000367
0.455170
0.544463
0.000256
0.110372
0.889372
0.999877
0.000001
0.000122
0.645586 0.344401
0.000848 0.000000
0.009158 0.000006
0.999812
0.000002
0.000186
0.000000 0.000009
0.386256 0.002180
0.309882 0.301673
0.696039
0.049692
0.254269
0.998501
0.000005
0.001495
0.999999
0.000000
0.000001
0.999797
0.000000
0.000203
0.000704
0.148167
0.851129
0.127608 0.854400
0.001167 0.000000
0.016825 0.000001
0.739601 0.228351
0.003774 0.000000
0.028273 0.000001
0.999973
0.000000
0.000027
0.909385 0.089222
0.000094 0.000000
0.001299 0.000000
0.000000 0.000000
0.013197 0.111239
0.017473 0.858091
0.993604
0.000805
0.005591
0.578285 0.407872
0.005975 0.000001
0.007848 0.000019
0.952103 0.045573
0.000115 0.000000
0.002209 0.000000
0.845361 0.152455
0.000117 0.000000
0.002067 0.000000
0.003658
0.309494
0.686848
0.999095
0.000001
0.000904
0.000000
0.921766
0.078234
0.999999
0.000000
0.000001
0.000000
0.676862
0.323138
0.232691 0.738993
0.004259 0.000000
0.024003 0.000054
0.999774
0.000000
0.000226
0.000000 0.000000
0.037263 0.344983
0.012643 0.605110
0.000012 0.004539
0.526793 0.010491
0.326528 0.131637
0.244586 0.732731
0.002984 0.000000
0.019659 0.000040
0.998554
0.000039
0.001407
0.162125 0.777870
0.031029 0.000015
0.028638 0.000323
0.024898 0.726638
0.100130 0.000038
0.145836 0.002460
0.174254 0.646580
0.070035 0.000058
0.107389 0.001684
0.873913
0.013094
0.112994
0.017753 0.608083
0.078210 0.000000
0.295899 0.000055
0.000120
0.454721
0.545159
0.815045 0.181690
0.000178 0.000000
0.003087 0.000000
0.026619 0.516555
0.174196 0.000017
0.280802 0.001812
0.000447
0.092735
0.906818
0.000000 0.000000
0.002661 0.959057
0.000071 0.038211
0.023370 0.921529
0.005578 0.000000
0.049515 0.000007
0.999999
0.000000
0.000001
0.336866
0.030520
0.632615
0.999867
0.000001
0.000132
0.000000 0.000000
0.079062 0.573179
0.015105 0.332654
0.999894
0.000001
0.000105
0.000000
0.666287
0.333713
0.001481
0.389372
0.609148
0.989773
0.001163
0.009064
0.661790 0.332904
0.001070 0.000000
0.004236 0.000001
0.000000
0.834263
0.165737
0.000000 0.000000
0.001587 0.927426
0.000061 0.070926
0.000000 0.000000
0.011606 0.122122
0.014725 0.851547
0.000849
0.094242
0.904908
0.047681 0.610779
0.231385 0.004412
0.091602 0.014142
0.000082 0.039054
0.188192 0.000022
0.750878 0.021772
0.027983 0.711761
0.139488 0.000071
0.118360 0.002337
0.058029
0.265120
0.676851
0.000031 0.004309
0.596132 0.124457
0.119956 0.155114
0.268265 0.568429
0.007486 0.000000
0.155719 0.000101
0.753758 0.225407
0.000171 0.000000
0.020665 0.000000
0.863080 0.133811
0.000207 0.000000
0.002902 0.000001
0.000000
0.526196
0.473804
0.000126
0.755012
0.244862
0.000000
0.038929
0.961071
0.004834
0.270556
0.724609
0.068326 0.908510
0.005248 0.000000
0.017915 0.000001
0.000910
0.555213
0.443877
0.999825
0.000001
0.000174
0.999988
0.000000
0.000012
0.781763 0.177205
0.002935 0.000000
0.038073 0.000023
0.395163 0.593222
0.001257 0.000000
0.010352 0.000006
0.831053 0.144008 0.014891 0.001196
0.002881 0.000002 0.000000 0.000000
0.005936 0.000032 0.000000 0.000000
0.560188 0.435946
0.000509 0.000000
0.003357 0.000000
0.000002
0.609655
0.390343
0.459547 0.531709
0.000692 0.000000
0.008050 0.000002
0.468541 0.522226
0.002117 0.000000
0.007114 0.000001
0.000000
0.780037
0.219963
0.015759
0.428023
0.556218
0.999935
0.000001
0.000065
0.962486 0.037085
0.000024 0.000000
0.000406 0.000000
0.000000 0.000094
0.214610 0.001759
0.415969 0.367567
0.000032 0.006375
0.202250 0.111908
0.183806 0.495630
0.000000 0.000237
0.430346 0.001406
0.357248 0.210763
0.999370
0.000014
0.000615
0.999973
0.000001
0.000027
0.000000
0.842003
0.157997
0.998908
0.000003
0.001089
0.999798
0.000001
0.000202
0.000204
0.079160
0.920635
0.059798 0.556015
0.191264 0.000011
0.192196 0.000715
0.140245 0.715234
0.026447 0.000000
0.118066 0.000009
0.000000
0.627213
0.372787
0.000000
0.941666
0.058334
0.531220 0.455518
0.002903 0.000000
0.010356 0.000003
0.000000
0.908577
0.091423
1.000000
0.000000
0.000000
0.434776 0.549269
0.003507 0.000000
0.012445 0.000003
0.993613
0.000185
0.006202
0.146849 0.804389
0.009919 0.000006
0.038341 0.000497
0.974282
0.000012
0.025706
0.886415 0.111745
0.000072 0.000000
0.001767 0.000000
0.539094 0.297177 0.052881
0.005867 0.000001 0.000000
0.104661 0.000320 0.000000
0.000373
0.380175
0.619451
0.999932
0.000002
0.000066
0.000000
0.331548
0.668452
0.682344 0.309056
0.001058 0.000000
0.007521 0.000021
0.000000 0.000000
0.000299 0.946613
0.000011 0.053076
0.000000 0.000000
0.194515 0.309574
0.036238 0.459673
0.007254 0.316984
0.200786 0.012518
0.318252 0.144205
-0.000000
0.981881
0.018119
0.049229
0.028816
0.921955
0.000191
0.064846
0.934962
0.000000
0.756821
0.243179
0.000265 0.050822
0.620931 0.016966
0.216192 0.094823
0.120910 0.732836
0.040100 0.000000
0.106056 0.000098
0.235332 0.508220 0.228159
0.005377 0.000007 0.000000
0.022532 0.000373 0.000001
0.000000 0.000000
0.051913 0.555084
0.006453 0.386550
0.000000 0.000000
0.004134 0.738135
0.000084 0.257647
0.941408
0.010724
0.047868
0.000080 0.010128 0.155592 0.627440
0.136541 0.013449 0.000011 0.000000
0.031867 0.024250 0.000641 0.000001
0.087942 0.839189
0.010643 0.000000
0.062042 0.000184
1.000000
0.000000
0.000000
0.000000 0.000076
0.159765 0.103244
0.106151 0.630765
0.000000 0.000000
0.234224 0.094519
0.034617 0.636639
0.999942
0.000000
0.000058
0.440231 0.546156
0.005782 0.000000
0.007827 0.000003
0.000731 0.087294
0.280063 0.000533
0.591658 0.039720
0.000000 0.000338
0.186229 0.017448
0.323069 0.472916
0.999975
0.000000
0.000025
0.539942 0.456384
0.000134 0.000000
0.003541 0.000000
0.063739 0.869756
0.012092 0.000001
0.054122 0.000290
0.503424
0.030953
0.465623
0.373450 0.613716
0.001471 0.000000
0.011359 0.000004
0.999990
0.000000
0.000010
0.000002
0.021680
0.978319
0.047085 0.923881
0.003075 0.000000
0.025958 0.000002
0.000000 0.000001
0.106085 0.654778
0.011279 0.227857
0.997059
0.000017
0.002923
0.816218 0.170151 0.006733
0.000482 0.000000 0.000000
0.006414 0.000002 0.000000
0.004054
0.387220
0.608726
0.999888
0.000000
0.000112
0.927119
0.005750
0.067131
0.991014
0.000459
0.008527
0.000000 0.000000 0.000000
0.013438 0.506306 0.128945
0.001193 0.098357 0.251761
0.000000
0.811538
0.188462
0.366484 0.605328
0.003187 0.000000
0.024958 0.000043
0.999964
0.000000
0.000035
0.998759 0.001219
0.000000 -0.000000
0.000021 0.000000
0.999607
0.000024
0.000368
0.994246 0.005566
0.000012 0.000000
0.000177 0.000000
0.000000
0.288813
0.711187
-0.000000
0.953507
0.046493
0.992532
0.000122
0.007346
0.136542 0.620404
0.058630 0.000001
0.184218 0.000205
0.999506
0.000025
0.000469
0.714898 0.278508
0.000630 0.000000
0.005959 0.000004
0.997509
0.000061
0.002430
0.000000
0.575023
0.424977
0.892057 0.087231
0.000394 0.000000
0.020317 0.000001
0.999999
0.000000
0.000001
0.000000 0.000200
0.223424 0.001150
0.481009 0.294216
0.076577 0.790601
0.072971 0.000022
0.059169 0.000659
-0.000000
0.895516
0.104484
0.993296
0.000035
0.006669
0.241441 0.734277
0.003325 0.000000
0.020929 0.000028
0.000018
0.667126
0.332856
0.999905
0.000000
0.000095
0.986573
0.000720
0.012707
0.998993
0.000017
0.000990
0.001535
0.279419
0.719047
0.999815
0.000013
0.000172
0.000000
0.846291
0.153709
0.000000
0.314869
0.685131
0.000000 0.000000
0.001953 0.876901
0.000109 0.121036
0.997999
0.000024
0.001977
0.980541 0.019310
0.000001 -0.000000
0.000148 0.000000
0.000000
0.883478
0.116522
0.000000
0.404280
0.595720
0.999816
0.000002
0.000182
0.000001
0.801342
0.198656
0.000001
0.723373
0.276627
0.963021
0.004646
0.032332
0.001386 0.083879 0.609447
0.231348 0.005664 0.000001
0.054132 0.014018 0.000124
0.000270
0.475413
0.524317
0.004022
0.410011
0.585967
0.108245 0.513073 0.349069
0.005715 0.000003 0.000000
0.023596 0.000299 0.000000
0.011080 0.852042
0.059716 0.000000
0.077128 0.000033
0.396051 0.590950
0.003920 0.000000
0.009075 0.000004
0.000000 0.000211
0.187915 0.096462
0.126256 0.589155
0.009881 0.354680
0.329992 0.000002
0.304796 0.000650
0.916382 0.079947
0.000223 0.000000
0.003447 0.000001
0.000000
0.889353
0.110647
0.999770
0.000000
0.000230
0.997489
0.000243
0.002268
0.000000
0.070903
0.929097
0.000000
0.775920
0.224080
0.575569 0.371239
0.009754 0.000000
0.043426 0.000012
0.971353
0.003399
0.025247
0.999997
0.000000
0.000003
0.999991
0.000000
0.000009
0.996605
0.000129
0.003266
0.877157
0.003047
0.119796
0.999930
0.000000
0.000070
0.981208
0.000108
0.018684
0.535136 0.413762
0.012273 0.000000
0.038823 0.000005
0.000000
0.591276
0.408724
0.000000 0.000353
0.668778 0.050471
0.129266 0.151132
0.999999
0.000000
0.000001
0.999612
0.000001
0.000387
0.000218
0.170582
0.829200
0.000000
0.745190
0.254810
0.000000 -0.000000
0.000422 0.968123
0.000009 0.031446
0.472756 0.469004
0.000970 0.000000
0.057270 0.000000
0.999625
0.000032
0.000343
0.031341 0.781280
0.037915 0.000010
0.147583 0.001871
0.999998
0.000000
0.000002
0.999723
0.000002
0.000275
0.998771
0.000005
0.001224
0.999700
0.000003
0.000296
0.941364 0.056928
0.000087 0.000000
0.001621 0.000000
0.997676
0.000054
0.002270
0.022036 0.536229
0.141821 0.000000
0.299560 0.000353
0.826054
0.036932
0.137014
0.000000
0.932955
0.067045
0.985996 0.013721
0.000021 0.000000
0.000263 0.000000
0.998826
0.000029
0.001146
0.001274
0.442011
0.556715
0.000000 0.000033 0.001204
0.032722 0.061507 0.001610
0.093585 0.612658 0.196680
0.837115 0.158937
0.000179 0.000000
0.003768 0.000000
0.000000 0.000000
0.051829 0.246458
0.021644 0.680069
0.852785 0.143111
0.000250 0.000000
0.003852 0.000001
0.993310
0.000315
0.006375
0.999987
0.000000
0.000013
0.747244 0.209913 0.032620
0.001132 0.000000 0.000000
0.009062 0.000029 0.000000
0.092673 0.852205
0.009468 0.000000
0.045532 0.000122
0.383731 0.401350
0.056996 0.000009
0.157376 0.000539
0.053755 0.821945
0.023932 0.000005
0.099358 0.001004
0.997148
0.000611
0.002240
0.000000 0.000000
0.000360 0.681884
0.000101 0.317654
0.995777
0.000128
0.004095
0.000000
0.953306
0.046694
0.999572
0.000002
0.000426
0.998782
0.000134
0.001084
0.000000 0.000000 0.000015
0.012011 0.173395 0.003433
0.008532 0.449368 0.353247
0.581066 0.408120
0.000682 0.000000
0.010131 0.000001
0.096397 0.426989 0.414666
0.014279 0.000085 0.000000
0.045180 0.002391 0.000013
0.998693
0.000032
0.001275
0.012384 0.517303
0.282667 0.000933
0.173560 0.013153
0.995933
0.000190
0.003877
0.000012
0.149728
0.850260
0.000000
0.617518
0.382481
0.404820 0.589815
0.000708 0.000000
0.004657 0.000000
0.990724
0.000607
0.008669
0.952535 0.046466
0.000086 0.000000
0.000913 0.000000
0.000014 0.007036
0.285475 0.043679
0.245041 0.418755
0.022102
0.299289
0.678609
0.000006
0.519118
0.480876
0.280683 0.499511 0.189645
0.004292 0.000001 0.000000
0.025777 0.000093 0.000000
0.821503 0.173836
0.000892 0.000000
0.003770 0.000001
0.000001 0.000306
0.068551 0.030458
0.222069 0.678616
0.996721
0.000104
0.003174
0.841701 0.156102
0.000366 0.000000
0.001831 0.000000
0.999206
0.000001
0.000793
0.997672
0.000064
0.002264
0.254156 0.715456
0.010612 0.000000
0.019751 0.000025
0.000002
0.685254
0.314743
0.000000
0.729392
0.270608
0.000000
0.393356
0.606644
0.747635 0.246419
0.001036 0.000000
0.004911 0.000000
0.000011 0.001687 0.034387
0.465584 0.156270 0.000583
0.115632 0.209640 0.016205
-0.000000 0.000000
0.006692 0.920817
0.000164 0.072327
0.000000
0.163870
0.836130
1.000000
0.000000
0.000000
0.033391 0.389151
0.333143 0.000153
0.240551 0.003611
0.000000 0.000712
0.623307 0.000343
0.331176 0.044462
0.995534
0.000108
0.004358
0.995247
0.000022
0.004731
0.998580
0.000062
0.001358
0.000000
0.668227
0.331773
0.001788
0.070186
0.928026
0.999994
0.000000
0.000006
0.135662 0.818553
0.017862 0.000001
0.027851 0.000071
0.851860 0.146233
0.000090 0.000000
0.001817 0.000000
-0.000000 0.000000
0.000125 0.958310
0.000005 0.041560
0.970613
0.002180
0.027207
0.067777 0.653112
0.056601 0.000000
0.222462 0.000048
0.824426 0.157832
0.001967 0.000000
0.015775 0.000000
0.000000
0.581052
0.418948
0.502747 0.488190
0.000816 0.000000
0.008243 0.000004
0.936309
0.002177
0.061515
0.999940
0.000000
0.000060
0.204127 0.766836
0.003649 0.000000
0.025348 0.000041
0.979411
0.002745
0.017843
0.000002
0.210963
0.789035
0.982099
0.002018
0.015884
0.162117 0.825513
0.000731 0.000000
0.011638 0.000000
0.999168
0.000013
0.000819
0.127562
0.170829
0.701609
0.000000 0.000000 0.000064
0.022324 0.071830 0.001595
0.051391 0.618510 0.234284
0.593925 0.379734
0.003482 0.000000
0.022856 0.000003
0.999892
0.000000
0.000108
0.000005
0.024284
0.975711
0.999989
0.000000
0.000011
0.000000 0.000026
0.376760 0.234732
0.053142 0.335341
0.999995
0.000000
0.000005
0.000000 0.000000 0.000000
0.000318 0.090214 0.677039
0.000040 0.011174 0.221214
0.987752
0.000310
0.011938
0.882176 0.115903
0.000540 0.000000
0.001381 0.000000
0.000000
0.718788
0.281212
0.986956
0.000499
0.012545
1.000000
0.000000
0.000000
0.999999
0.000000
0.000001
0.000019
0.136273
0.863707
0.784890
0.023908
0.191201
0.901201 0.087922
0.000217 0.000000
0.010660 0.000000
0.000000 0.000000 0.000000
0.000000 0.024318 0.813842
0.000000 0.000400 0.161439
-0.000000 -0.000000
0.000727 0.970889
0.000011 0.028373
0.825978 0.171603
0.000435 0.000000
0.001985 0.000000
0.779361
0.002389
0.218250
0.000008
0.682494
0.317499
0.932554
0.015643
0.051804
0.999919
0.000001
0.000080
0.734844 0.259536
0.000291 0.000000
0.005329 0.000000
-0.000000 0.000000
0.046904 0.349000
0.002778 0.601318
0.000000 0.000008
0.685698 0.005312
0.135772 0.173210
0.794465 0.197254
0.000691 0.000000
0.007584 0.000005
0.042786 0.863119
0.021074 0.000004
0.072256 0.000760
0.000000 0.000025
0.336581 0.146286
0.101236 0.415872
0.990135
0.001149
0.008716
0.779916 0.213622
0.000357 0.000000
0.006105 0.000000
0.051324 0.665015
0.016137 0.000000
0.267437 0.000087
0.395501 0.579103
0.013335 0.000001
0.012030 0.000030
0.000002 0.000602
0.109765 0.046536
0.251206 0.591888
0.999973
0.000000
0.000027
0.996746
0.000124
0.003131
0.000000 0.000000
0.011344 0.884271
0.000487 0.103898
0.000000
0.976593
0.023407
0.999986
0.000000
0.000014
0.000033
0.455691
0.544276
0.991136
0.002062
0.006802
0.985249
0.001429
0.013322
0.974907
0.002031
0.023062
0.004328 0.293780
0.024441 0.000000
0.677273 0.000177
0.999857
0.000001
0.000142
0.000018
0.645103
0.354879
0.475827
0.061746
0.462427
0.902686
0.001283
0.096031
0.000157 0.040568
0.332006 0.000354
0.566079 0.060836
0.001330 0.093066
0.557841 0.037033
0.190075 0.120654
0.365423 0.613166
0.006462 0.000000
0.014939 0.000010
0.894528 0.103301
0.000124 0.000000
0.002047 0.000000
0.295049 0.599005
0.032958 0.000000
0.072955 0.000033
0.999998
0.000000
0.000002
0.999747
0.000001
0.000252
0.119268 0.831136
0.008378 0.000000
0.041105 0.000113
0.668240 0.328414
0.000499 0.000000
0.002847 0.000000
0.000001
0.217680
0.782319
0.999997
0.000000
0.000003
0.551586 0.435242
0.000786 0.000000
0.012387 0.000000
0.000000
0.826452
0.173548
0.999997
0.000000
0.000003
0.998186
0.000115
0.001699
0.000000 0.000000
0.214402 0.453176
0.020108 0.312315
0.999990
0.000000
0.000010
0.081327 0.838794
0.035520 0.000004
0.044103 0.000253
0.833398 0.162757
0.000375 0.000000
0.003466 0.000004
0.999393
0.000000
0.000607
0.999976
0.000000
0.000024
0.094764 0.459915 0.395906
0.027674 0.000042 0.000000
0.021210 0.000489 0.000001
0.999309
0.000009
0.000682
0.000001
0.597298
0.402701
-0.000000 -0.000000
0.000126 0.882164
0.000013 0.117697
0.212650 0.764653
0.003229 0.000000
0.019436 0.000032
0.000000
0.514768
0.485232
0.396985 0.583439
0.006792 0.000000
0.012775 0.000008
0.503680 0.423747
0.001826 0.000000
0.070743 0.000004
0.999912
0.000002
0.000086
0.092899 0.753602
0.105846 0.000229
0.045899 0.001526
0.718910 0.159712
0.002770 0.000000
0.118528 0.000081
0.995295
0.000898
0.003807
0.980927
0.000952
0.018121
0.000003
0.182915
0.817082
0.986481
0.001005
0.012514
0.999994
0.000000
0.000006
0.432396 0.550922
0.001486 0.000000
0.015188 0.000007
0.964702 0.033990
0.000056 0.000000
0.001251 0.000000
0.000000 0.000000
0.092934 0.586769
0.008143 0.312154
0.971535 0.027782
0.000019 0.000000
0.000664 0.000000
0.990279
0.000445
0.009276
0.683568 0.303763
0.001165 0.000000
0.011497 0.000007
0.994882
0.000113
0.005005
0.001116
0.313957
0.684927
0.999229
0.000013
0.000757
0.001106 0.233350
0.265123 0.001337
0.436214 0.062869
0.999537
0.000001
0.000463
0.723228 0.271667
0.000459 0.000000
0.004643 0.000004
0.000008
0.547400
0.452592
0.366974 0.620060
0.001234 0.000000
0.011727 0.000005
0.044876 0.461825
0.156133 0.000008
0.335909 0.001248
0.701987 0.295998
0.000367 0.000000
0.001648 0.000000
0.911164
0.006523
0.082313
0.974386 0.021615
0.000094 0.000000
0.003905 0.000000
0.981359
0.001370
0.017271
0.999867
0.000000
0.000133
0.000000 0.000000
0.000002 0.994606
0.000000 0.005392
0.999583
0.000005
0.000411
0.000004 0.004326
0.608391 0.034416
0.178242 0.174620
0.999991
0.000000
0.000009
0.986989
0.000460
0.012551
0.000000 0.000000
0.344131 0.161258
0.016475 0.478136
0.761661 0.236821
0.000258 0.000000
0.001260 0.000000
0.000396
0.275812
0.723793
0.000174
0.067566
0.932261
0.000000 0.000000
0.088861 0.236189
0.006266 0.668684
0.000001
0.440019
0.559981
0.000000 0.000000
0.017701 0.414622
0.005348 0.562329
0.999857
0.000000
0.000143
0.999992
0.000000
0.000008
0.001713 0.275946
0.247802 0.001395
0.412614 0.060529
0.095171 0.838378
0.038279 0.000001
0.028093 0.000077
0.992129 0.007297
0.000008 -0.000000
0.000566 0.000000
0.004359 0.103858
0.308423 0.124033
0.191567 0.267760
-0.000000 0.000000
0.000366 0.915053
0.000013 0.084569
0.999906
0.000001
0.000093
0.163803 0.785318
0.016631 0.000001
0.034175 0.000072
0.859773
0.038649
0.101579
0.997990
0.000100
0.001911
0.082734 0.841014
0.014409 0.000002
0.061374 0.000465
0.789929 0.206688
0.000175 0.000000
0.003208 0.000000
0.259818 0.703652
0.016781 0.000002
0.019665 0.000082
0.459876 0.530418
0.000869 0.000000
0.008834 0.000003
0.000001 0.000916
0.640059 0.080685
0.099610 0.178730
0.999999
0.000000
0.000001
0.996229
0.000189
0.003582
0.980419
0.006146
0.013435
0.000000 0.000000
0.059134 0.263426
0.022794 0.654646
0.996064
0.000018
0.003917
0.000028
0.684393
0.315579
0.144729 0.844522
0.000657 0.000000
0.010092 0.000000
0.999989
0.000000
0.000011
0.060707 0.832431
0.018101 0.000002
0.088249 0.000510
0.996900
0.000131
0.002970
0.946987 0.050780
0.000072 0.000000
0.002160 0.000000
0.000010 0.004622
0.555822 0.007989
0.323156 0.108401
0.000029
0.532578
0.467394
0.812934
0.012314
0.174753
0.373973 0.610100
0.004516 0.000000
0.011404 0.000006
0.974242 0.025620
0.000010 0.000000
0.000128 0.000000
0.001370 0.177584
0.268208 0.002488
0.460388 0.089963
0.000000 0.000000
0.017920 0.180627
0.014487 0.786967
0.999993
0.000000
0.000007
0.940710
0.011499
0.047791
0.254716 0.723715
0.002450 0.000000
0.019100 0.000018
0.006738 0.288656
0.026972 0.000000
0.677307 0.000328
0.935902 0.063738
0.000016 0.000000
0.000344 0.000000
0.000000
0.645854
0.354146
0.497020 0.486245
0.006392 0.000000
0.010327 0.000015
0.999969
0.000000
0.000031
0.002017 0.541071
0.229329 0.000001
0.226890 0.000693
0.100063 0.792389
0.022508 0.000022
0.083332 0.001686
0.000007
0.394717
0.605276
0.016964
0.053087
0.929949
0.000000
0.507220
0.492780
0.223100 0.767174
0.000552 0.000000
0.009174 0.000000
0.999997
0.000000
0.000003
0.704467 0.289106
0.001463 0.000000
0.004963 0.000000
0.000001
0.339798
0.660201
0.000000 0.000000 0.000000
0.002617 0.350557 0.353483
0.000167 0.035986 0.257189
0.000002
0.732413
0.267585
0.999284
0.000111
0.000605
0.999187
0.000052
0.000761
0.000000
0.895197
0.104803
0.000000 0.000001
0.509162 0.034351
0.071237 0.385249
0.000000
0.810067
0.189933
0.000000
0.364098
0.635902
0.000000
0.817561
0.182439
0.000136
0.380478
0.619387
0.995088 0.004864
0.000000 0.000000
0.000047 0.000000
0.820895 0.157863
0.002370 0.000000
0.018872 0.000001
0.987414
0.000087
0.012499
0.998869
0.000087
0.001044
0.999773
0.000002
0.000225
0.999841
0.000001
0.000158
0.999531
0.000005
0.000464
0.000451 0.031227
0.530561 0.013152
0.319959 0.104650
0.660407 0.337478
0.000351 0.000000
0.001765 0.000000
0.000000
0.953247
0.046753
0.001178 0.084255
0.615307 0.001151
0.281438 0.016671
0.958644 0.041106
0.000012 0.000000
0.000238 0.000000
0.999999
0.000000
0.000001
0.067241 0.340821 0.417701
0.077126 0.000273 0.000000
0.092698 0.004130 0.000010
0.037562 0.466988
0.237548 0.001761
0.236653 0.019488
0.999919
0.000001
0.000080
0.774190 0.181478
0.005246 0.000000
0.039083 0.000003
0.777945 0.220403
0.000101 0.000000
0.001551 0.000000
0.999899
0.000001
0.000100
0.005934 0.458731
0.394205 0.000354
0.135717 0.005060
0.914134 0.081878
0.000262 0.000000
0.003726 0.000000
0.000002 0.003871
0.701047 0.003582
0.193246 0.098252
0.987152 0.012486
0.000008 0.000000
0.000353 0.000000
0.992667
0.000215
0.007118
0.000000 0.000000
0.001262 0.952437
0.000029 0.046272
0.970534
0.001705
0.027762
0.184409 0.785514
0.003897 0.000000
0.026144 0.000036
0.000002
0.628587
0.371412
0.000000
0.840688
0.159312
0.999997
0.000000
0.000003
0.999868
0.000005
0.000127
0.272335 0.711164
0.001341 0.000000
0.015158 0.000002
0.445589 0.550046
0.000604 0.000000
0.003761 0.000000
0.999930
0.000000
0.000070
0.006487 0.432826
0.418167 0.000605
0.135256 0.006659
0.999643
0.000001
0.000357
0.998852
0.000007
0.001140
0.158330 0.808867
0.005690 0.000000
0.027059 0.000054
0.999571
0.000038
0.000391
0.000550 0.074745
0.279143 0.000603
0.599963 0.044996
0.035829 0.608493
0.078866 0.000000
0.276734 0.000078
0.999173
0.000014
0.000812
0.996816
0.000251
0.002933
0.009375 0.147694 0.370870
0.232781 0.002210 0.000000
0.214891 0.022061 0.000118
0.000000
0.252806
0.747194
0.987652
0.000391
0.011957
0.977492 0.021854
0.000013 0.000000
0.000642 0.000000
0.999359
0.000015
0.000626
0.052269
0.035644
0.912086
0.938224 0.060900
0.000030 0.000000
0.000846 0.000000
0.000000 0.000000
0.110065 0.388060
0.018963 0.482912
0.003623 0.109446
0.598193 0.003170
0.260669 0.024899
0.001031 0.059160
0.509995 0.005455
0.360118 0.064241
0.530970 0.464230
0.000184 0.000000
0.004617 0.000000
0.031120 0.815455
0.030200 0.000005
0.122076 0.001144
0.219445 0.475964 0.263188
0.023339 0.000106 0.000000
0.017312 0.000643 0.000003
0.998284
0.000120
0.001596
-0.000000 0.000000
0.003509 0.461149
0.001245 0.534097
0.999770
0.000000
0.000230
0.995491
0.000565
0.003944
0.004250 0.155403 0.691651
0.043128 0.000465 0.000000
0.092502 0.012541 0.000059
0.000000
0.709496
0.290504
0.998548
0.000200
0.001252
0.996762 0.003140
0.000005 0.000000
0.000093 0.000000
0.000000
0.257545
0.742455
0.000100
0.798690
0.201210
0.591372 0.394657
0.004300 0.000000
0.009658 0.000012
0.999978
0.000001
0.000021
0.491645 0.498396
0.000914 0.000000
0.009043 0.000002
0.805797 0.190457
0.000228 0.000000
0.003518 0.000000
0.109279
0.482201
0.408520
0.999729
0.000003
0.000269
0.017687 0.489498
0.260229 0.000339
0.223930 0.008318
0.997385
0.000211
0.002403
0.000000
0.836640
0.163360
0.173084 0.478501 0.312913
0.016382 0.000028 0.000000
0.018694 0.000397 0.000001
0.005699 0.263670
0.376237 0.001247
0.327629 0.025519
0.992939
0.000726
0.006335
0.982295
0.000782
0.016924
0.999431
0.000007
0.000562
0.265362 0.695590
0.008728 0.000000
0.030270 0.000049
0.000000 0.000000
0.062044 0.702082
0.004062 0.231812
0.096250 0.480546 0.387997
0.007052 0.000008 0.000000
0.027633 0.000514 0.000001
0.000006 0.007746
0.099315 0.000003
0.879680 0.013251
0.010365 0.197341 0.686301
0.030083 0.001107 0.000001
0.059812 0.014701 0.000289
0.989721
0.000343
0.009936
0.000000 0.000004
0.091504 0.051463
0.126681 0.730348
0.000000 0.000033
0.185353 0.083346
0.120058 0.611209
0.000000 0.000001
0.185362 0.003196
0.244181 0.567260
0.000000 0.000001
0.143746 0.054025
0.058316 0.743912
0.000036 0.005013
0.467474 0.043298
0.250225 0.233954
0.999299
0.000010
0.000692
0.084355 0.541219
0.114362 0.000010
0.258921 0.001133
0.221734 0.727719
0.008548 0.000004
0.041583 0.000412
0.000000
0.644396
0.355604
0.134488 0.822266
0.016500 0.000000
0.026688 0.000057
0.999553
0.000006
0.000441
0.295292 0.686122
0.006245 0.000000
0.012333 0.000008
0.308842 0.523326 0.149177
0.003368 0.000001 0.000000
0.015223 0.000064 0.000000
0.999164
0.000010
0.000826
0.000000
0.888967
0.111033
0.998394
0.000048
0.001558
1.000000
0.000000
0.000000
0.999550
0.000009
0.000441
0.000002
0.727804
0.272193
0.075337 0.838940
0.018765 0.000008
0.066033 0.000916
0.997908
0.000044
0.002049
0.999990
0.000000
0.000010
0.997316
0.000072
0.002612
0.090302 0.837991
0.031074 0.000004
0.040365 0.000264
0.000000 0.000729
0.591248 0.000169
0.373589 0.034265
0.998047
0.000277
0.001676
0.015940 0.655528
0.230934 0.000102
0.095553 0.001942
0.999761
0.000004
0.000235
0.996908
0.000029
0.003063
0.075374 0.832107
0.028235 0.000002
0.064006 0.000276
0.000000 0.000000 0.000003
0.033691 0.477592 0.007128
0.005024 0.279347 0.197215
0.000000
0.614883
0.385117
0.176595 0.285338 0.239959
0.133004 0.007352 0.000117
0.134052 0.022173 0.001408
0.995842
0.000161
0.003998
-0.000000
0.945198
0.054802
0.000000
0.884483
0.115517
0.480255 0.508991
0.000925 0.000000
0.009826 0.000004
0.999708
0.000019
0.000273
0.998694
0.000026
0.001281
0.001001 0.101590
0.469545 0.001869
0.385341 0.040654
0.996837
0.000021
0.003143
0.998868
0.000027
0.001106
0.000046
0.148986
0.850968
0.889709 0.108381
0.000076 0.000000
0.001834 0.000000
0.262597 0.717055
0.002232 0.000000
0.018101 0.000015
0.999971
0.000000
0.000029
0.997831
0.000046
0.002123
0.940281 0.059333
0.000005 0.000000
0.000381 0.000000
0.989490 0.010283
0.000004 0.000000
0.000223 0.000000
0.000931
0.045578
0.953491
0.000000 0.000007
0.101397 0.196554
0.046937 0.655105
0.022460 0.431786
0.228280 0.000070
0.313248 0.004156
0.000002 0.004505
0.599735 0.001683
0.293908 0.100167
0.000000 0.000000
0.159440 0.424258
0.020119 0.396182
0.988676
0.000878
0.010447
0.030304
0.054266
0.915429
0.000000 0.000032
0.215059 0.316785
0.066178 0.401946
0.779850 0.214775
0.000269 0.000000
0.005106 0.000000
0.438821 0.549671
0.003598 0.000000
0.007906 0.000002
0.015789 0.139722 0.340724 0.407390
0.025771 0.002214 0.000015 0.000000
0.049490 0.017907 0.000964 0.000013
0.286213 0.669647
0.006243 0.000001
0.037717 0.000180
0.999883
0.000000
0.000117
0.999932
0.000000
0.000068
1.000000
0.000000
0.000000
0.998423
0.000049
0.001528
0.422509 0.550472
0.008776 0.000000
0.018214 0.000029
0.000000
0.680067
0.319933
0.999719
0.000001
0.000280
0.991563
0.000301
0.008137
0.000000
0.813111
0.186889
0.994378 0.005546
0.000000 0.000000
0.000076 0.000000
0.316055 0.673349
0.000413 0.000000
0.010184 0.000000
0.490888 0.493354
0.002286 0.000000
0.013414 0.000057
0.995920 0.004048
0.000001 -0.000000
0.000031 0.000000
0.000000 0.000000
0.005216 0.143265
0.001217 0.850302
0.000065
0.533477
0.466459
0.164114 0.815826
0.001831 0.000000
0.018226 0.000003
0.999429
0.000088
0.000483
0.981589
0.000755
0.017656
0.999755
0.000000
0.000244
0.999241
0.000010
0.000750
0.565782
0.158379
0.275840
0.992905
0.000314
0.006781
0.999434
0.000023
0.000543
0.997886
0.000010
0.002105
0.869254 0.129057
0.000075 0.000000
0.001614 0.000000
0.999995
0.000000
0.000005
0.376372 0.526954
0.019326 0.000000
0.077327 0.000021
0.000000 0.000003
0.033336 0.065849
0.070744 0.830068
0.000000
0.283116
0.716884
0.999739
0.000000
0.000260
0.000005 0.002296
0.721260 0.014598
0.182560 0.079281
0.042509 0.591175
0.038379 0.000005
0.325728 0.002205
0.131582 0.559221 0.276356
0.004545 0.000000 0.000000
0.028217 0.000079 0.000000
0.040471 0.864199
0.020041 0.000003
0.074656 0.000630
0.000003 0.001532
0.511196 0.022060
0.269207 0.196003
0.999998
0.000000
0.000002
0.000021
0.086811
0.913168
0.100620 0.383399 0.450719
0.034735 0.000527 0.000000
0.027355 0.002610 0.000034
0.031397 0.726528
0.062740 0.000142
0.170492 0.008700
0.999609
0.000005
0.000386
0.978840 0.021022
0.000008 0.000000
0.000131 0.000000
0.995201
0.000116
0.004683
0.753708 0.244522
0.000038 0.000000
0.001731 0.000000
0.999769
0.000003
0.000228
0.000001
0.829431
0.170568
0.000000
0.811894
0.188106
0.989643
0.000659
0.009698
0.534451 0.440016
0.006360 0.000000
0.019160 0.000012
0.999997
0.000000
0.000003
0.000538 0.033089
0.155818 0.005461
0.574726 0.230368
0.899280
0.019703
0.081017
0.677837 0.311201
0.001151 0.000000
0.009790 0.000021
0.974203
0.001552
0.024245
-0.000000 -0.000000 -0.000000 0.000000
0.000000 0.000268 0.054607 0.780758
0.000000 0.000019 0.004178 0.160172
0.000000
0.514297
0.485703
0.000000 0.000000
0.067497 0.483214
0.010994 0.438295
0.999395
0.000013
0.000593
0.999946
0.000000
0.000054
0.856896 0.100524 0.002374
0.001087 0.000000 0.000000
0.039113 0.000005 0.000000
0.000000
0.855932
0.144068
0.947766
0.002945
0.049289
0.000001
0.832321
0.167678
0.000011 0.010202
0.096835 0.000003
0.880009 0.012941
0.010874 0.207853
0.396285 0.003384
0.346793 0.034810
0.999965
0.000000
0.000035
0.000000 0.000003
0.163526 0.110119
0.094131 0.632221
0.079531 0.540907 0.348672
0.012065 0.000001 0.000000
0.018763 0.000062 0.000000
0.906450
0.006191
0.087359
0.999918
0.000000
0.000082
0.999860
0.000001
0.000138
0.999784
0.000010
0.000206
0.000255 0.010757 0.086086
0.346114 0.094422 0.000634
0.197932 0.242371 0.021429
0.999999
0.000000
0.000001
0.000000
0.880227
0.119773
0.945531
0.002441
0.052029
0.999999
0.000000
0.000001
0.999514
0.000007
0.000480
0.000000
0.474037
0.525963
0.000000
0.571605
0.428395
0.000474 0.084590
0.589202 0.005695
0.263409 0.056630
0.006514 0.382545
0.287432 0.000173
0.314835 0.008501
0.000000 0.000141
0.381989 0.157741
0.088282 0.371847
0.228784 0.762360
0.001616 0.000000
0.007240 0.000000
0.000000 0.000000
0.009379 0.146027
0.011310 0.833284
0.000000 0.000004
0.306078 0.162860
0.079610 0.451448
0.998712 0.001267
0.000000 -0.000000
0.000021 0.000000
0.554906 0.405532
0.009750 0.000001
0.029764 0.000048
0.000010
0.765345
0.234645
0.000000 0.000000
0.079381 0.619211
0.006419 0.294989
0.988727
0.000418
0.010855
0.000000 0.000000
0.010171 0.497069
0.002625 0.490134
0.999999
0.000000
0.000001
0.999437
0.000014
0.000549
0.000000 0.000000
0.028328 0.354736
0.010229 0.606707
0.663952 0.304757 0.024741
0.000667 0.000000 0.000000
0.005879 0.000004 0.000000
0.999999
0.000000
0.000001
0.000000
0.893789
0.106211
0.002927
0.278986
0.718087
0.137753 0.654722
0.025295 0.000001
0.181665 0.000564
0.000000 0.000000
0.002169 0.931331
0.000066 0.066435
0.999434
0.000030
0.000537
0.998788
0.000034
0.001178
0.000000 0.000000
0.036822 0.666033
0.006266 0.290880
0.999640
0.000006
0.000354
-0.000000
0.946244
0.053756
0.998698
0.000084
0.001218
0.999953
0.000000
0.000047
0.000000 -0.000000
0.000058 0.938109
0.000001 0.061832
0.000475
0.075244
0.924281
0.014152 0.186591 0.465366
0.163916 0.003725 0.000003
0.142421 0.023499 0.000327
0.952101 0.044969
0.000244 0.000000
0.002685 0.000000
0.999449
0.000006
0.000545
0.000368
0.648370
0.351261
0.000000
0.870740
0.129260
0.997412
0.000066
0.002522
0.999979
0.000000
0.000021
0.181060 0.552456 0.241078
0.004627 0.000001 0.000000
0.020637 0.000140 0.000000
0.999488
0.000007
0.000506
0.000009
0.142279
0.857713
0.000000
0.709964
0.290036
0.060747 0.719590
0.057206 0.000301
0.152258 0.009899
-0.000000 0.000000
0.005806 0.798577
0.000440 0.195177
0.068143
0.349354
0.582503
0.995948
0.000158
0.003895
0.237679 0.740061
0.002768 0.000000
0.019467 0.000025
0.000219
0.071661
0.928119
0.000154 0.073792
0.550726 0.000002
0.374076 0.001250
0.919103 0.079659
0.000285 0.000000
0.000953 0.000000
0.985184
0.000938
0.013878
0.000000 0.000000
0.013985 0.719478
0.001716 0.264822
0.973425
0.002421
0.024154
0.999995
0.000000
0.000005
0.980924 0.018270
0.000020 0.000000
0.000787 0.000000
0.854735 0.137458
0.000674 0.000000
0.007133 0.000000
0.324659 0.650513
0.003473 0.000000
0.021273 0.000081
0.145088 0.826514
0.004271 0.000000
0.024083 0.000044
0.000000
0.820770
0.179230
0.997926
0.000042
0.002032
0.996839 0.003047
0.000003 0.000000
0.000111 0.000000
0.000000
0.942241
0.057759
0.999998
0.000000
0.000002
0.000000 0.000000
0.042419 0.624645
0.005491 0.327445
0.000005
0.418918
0.581077
0.244890
0.012284
0.742826
0.419198 0.564880
0.004869 0.000000
0.011043 0.000010
0.000311
0.107434
0.892256
0.999263
0.000042
0.000695
0.050106
0.238335
0.711559
0.732460 0.260780
0.001270 0.000000
0.005489 0.000001
0.989211
0.000351
0.010438
0.732911 0.218716
0.001347 0.000000
0.047018 0.000009
0.999429
0.000002
0.000569
0.918208 0.076637
0.000405 0.000000
0.004750 0.000000
0.931926 0.067522
0.000023 0.000000
0.000529 0.000000
0.000000 0.000000
0.026595 0.617445
0.003173 0.352787
0.875559 0.123612
0.000015 0.000000
0.000814 0.000000
0.000000
0.680115
0.319885
0.000000 0.000000 0.000001
0.007149 0.238053 0.058681
0.002787 0.203869 0.489459
0.000000
0.761400
0.238600
0.999352
0.000075
0.000573
0.998318
0.000009
0.001673
0.067078 0.868475
0.012204 0.000001
0.051951 0.000290
0.999540
0.000008
0.000452
0.084118 0.818507
0.043575 0.000004
0.053503 0.000293
0.000000 0.000247
0.786368 0.000361
0.187559 0.025465
-0.000000 0.000000
0.002578 0.419064
0.001179 0.577179
0.999968
0.000001
0.000031
0.000001
0.867929
0.132070
0.995544 0.004099
0.000009 0.000000
0.000349 0.000000
0.999643
0.000005
0.000352
0.252132 0.739425
0.001534 0.000000
0.006909 0.000000
0.977095
0.001193
0.021713
0.000000
0.945412
0.054588
0.982712 0.016904
0.000009 0.000000
0.000375 0.000000
0.041037 0.525665
0.033248 0.000002
0.398401 0.001648
0.291367 0.517902
0.084217 0.000007
0.106205 0.000302
0.933883
0.004737
0.061380
0.004629 0.512650
0.143062 0.000269
0.318518 0.020871
0.999956
0.000000
0.000044
0.000000 -0.000000 0.000000 0.000000
0.000002 0.003290 0.181152 0.626512
0.000000 0.000154 0.012977 0.175912
0.000000
0.772435
0.227565
0.999896
0.000002
0.000102
0.994202 0.005288
0.000005 -0.000000
0.000504 0.000000
0.000000 -0.000000
0.000371 0.934293
0.000003 0.065333
0.164975 0.808329
0.001927 0.000000
0.024767 0.000001
-0.000000 0.000000 0.000000
0.000002 0.026122 0.909329
0.000000 0.000317 0.064231
0.999627
0.000004
0.000368
0.985796
0.001050
0.013153
0.000000 0.000000
0.133327 0.034421
0.045921 0.786331
0.999955
0.000001
0.000044
0.999768
0.000010
0.000222
0.504280 0.491181
0.000229 0.000000
0.004311 0.000000
0.999749
0.000019
0.000232
0.000000 0.000059 0.003292
0.312305 0.375446 0.003860
0.041926 0.221121 0.041991
0.001390
0.082884
0.915725
0.000000 0.000000
0.023195 0.798209
0.001212 0.177384
0.467590 0.420820 0.092585
0.010126 0.000002 0.000000
0.008844 0.000032 0.000000
-0.000000 0.000000
0.002404 0.702245
0.000368 0.294983
0.999996
0.000000
0.000004
1.000000
0.000000
0.000000
0.824521 0.170900
0.000334 0.000000
0.004243 0.000001
0.000014 0.002951 0.080952 0.604125
0.074951 0.026966 0.000087 0.000000
0.065908 0.133896 0.010098 0.000052
0.089747 0.790914
0.061588 0.000157
0.055502 0.002093
0.000000 0.000064
0.442397 0.071210
0.151146 0.335183
0.000001
0.165341
0.834659
0.000000 0.000223
0.151337 0.015125
0.330000 0.503315
0.943380 0.055886
0.000023 0.000000
0.000711 0.000000
0.999999
0.000000
0.000001
0.000078
0.125153
0.874769
0.000000
0.381281
0.618719
0.000000 0.000045
0.358697 0.141309
0.096513 0.403436
0.999671
0.000005
0.000324
0.997604
0.000094
0.002302
0.000000
0.814937
0.185063
0.798436 0.200292
0.000114 0.000000
0.001158 0.000000
0.999995
0.000000
0.000005
0.000000 0.000000 0.000000
0.000825 0.256801 0.526193
0.000035 0.015276 0.200869
0.996823
0.000095
0.003082
0.000000
0.798012
0.201988
0.998121
0.000045
0.001834
0.999693
0.000004
0.000303
0.983446
0.001049
0.015505
0.000000 0.000003 0.000328
0.042878 0.096195 0.001442
0.067377 0.617272 0.174504
0.101747 0.877992
0.006287 0.000000
0.013973 0.000001
0.999970
0.000000
0.000030
0.982964
0.000653
0.016383
0.999309
0.000006
0.000685
0.007225 0.269286
0.285220 0.000100
0.430822 0.007347
0.999928
0.000001
0.000071
0.987540 0.011243
0.000056 0.000000
0.001161 0.000000
-0.000000 -0.000000
0.000000 0.994587
0.000000 0.005413
0.226091 0.746814
0.003803 0.000000
0.023237 0.000055
0.166092 0.701783
0.037857 0.000008
0.093637 0.000624
0.006901
0.090612
0.902487
0.413646 0.474948 0.091406
0.007190 0.000001 0.000000
0.012779 0.000031 0.000000
0.946926
0.006923
0.046151
0.903901
0.007408
0.088691
0.999981
0.000000
0.000019
0.664452 0.331569
0.000111 0.000000
0.003867 0.000000
0.000358
0.101360
0.898282
0.000000
0.704835
0.295165
0.999857
0.000006
0.000137
0.409650 0.574657
0.004708 0.000000
0.010976 0.000009
0.013309
0.272509
0.714182
0.026363 0.908086
0.016210 0.000000
0.049335 0.000006
0.000000 0.000000
0.000765 0.811979
0.000101 0.187156
0.999317
0.000060
0.000622
0.004290 0.148522 0.394459
0.185826 0.000081 0.000000
0.261784 0.005037 0.000001
0.999954
0.000000
0.000046
0.701817 0.290679
0.000963 0.000000
0.006520 0.000020
0.042752 0.366356
0.028865 0.000002
0.559611 0.002414
0.222383 0.768897
0.000437 0.000000
0.008284 0.000000
0.000000
0.692856
0.307144
0.816976 0.181768
0.000023 0.000000
0.001232 0.000000
0.000001
0.686570
0.313430
0.016271
0.002553
0.981176
0.999286
0.000152
0.000562
0.000000
0.815013
0.184987
0.999979
0.000000
0.000021
0.000000 0.000000 0.000000
0.015219 0.571966 0.139736
0.000930 0.077327 0.194822
0.271572 0.690677
0.015957 0.000009
0.021567 0.000218
0.000142
0.073842
0.926016
0.000247 0.098551
0.092125 0.000000
0.806551 0.002525
0.000000
0.848934
0.151066
0.000000 0.000001
0.129846 0.180284
0.053702 0.636168
0.970267 0.029408
0.000003 0.000000
0.000322 0.000000
0.062600
0.051284
0.886115
0.000000
0.688739
0.311261
0.000131
0.367652
0.632217
0.981953
0.000666
0.017381
0.000000
0.745542
0.254458
0.000001 0.004949
0.445665 0.000196
0.486131 0.063058
0.997953
0.000035
0.002011
0.999996
0.000000
0.000004
0.000009 0.006764
0.775274 0.023729
0.120357 0.073867
0.000005
0.321135
0.678860
0.000242
0.372620
0.627138
0.996127 0.003755
0.000006 0.000000
0.000112 0.000000
0.000000
0.289440
0.710560
0.508513 0.487364
0.000781 0.000000
0.003342 0.000000
1.000000
0.000000
0.000000
0.454537 0.498815
0.008804 0.000000
0.037833 0.000011
0.944024 0.054404
0.000047 0.000000
0.001524 0.000000
0.999918
0.000000
0.000081
0.995564
0.000226
0.004210
0.981785
0.000714
0.017501
0.000000
0.882321
0.117679
0.999989
0.000000
0.000011
0.000008
0.543007
0.456984
0.999828
0.000001
0.000171
0.018502 0.669229
0.193824 0.000168
0.114783 0.003495
0.250746 0.708363
0.009252 0.000000
0.031586 0.000053
0.960159 0.039044
0.000032 0.000000
0.000765 0.000000
0.999989
0.000000
0.000011
0.069892 0.877239
0.008852 0.000000
0.043840 0.000176
0.000000
0.945882
0.054118
0.991842
0.000133
0.008025
0.999622
0.000001
0.000377
0.919108 0.079531
0.000211 0.000000
0.001150 0.000000
0.320109 0.542049
0.014465 0.000000
0.123187 0.000190
0.999882
0.000000
0.000118
0.999656
0.000004
0.000340
0.799717
0.020194
0.180089
0.570090 0.318073 0.030137
0.016790 0.000000 0.000000
0.064853 0.000057 0.000000
0.999983
0.000000
0.000017
0.996377
0.000160
0.003463
0.000389 0.067817
0.494940 0.001614
0.394347 0.040893
0.000003 0.000360
0.223834 0.294320
0.086435 0.395048
0.000000 0.000000
0.021209 0.846012
0.001322 0.131457
0.993536
0.000194
0.006270
0.000347 0.039612
0.093713 0.000157
0.816353 0.049819
0.996002
0.000381
0.003617
0.999985
0.000000
0.000015
0.000000
0.868227
0.131773
0.000002 0.001211
0.696113 0.032139
0.153891 0.116643
0.000000 0.000000
0.032638 0.118141
0.032341 0.816880
0.986410 0.013126
0.000028 0.000000
0.000436 0.000000
0.000001
0.604276
0.395724
0.399563 0.429988
0.078961 0.000026
0.090951 0.000511
0.026099 0.600050
0.115630 0.003291
0.206900 0.048030
0.020810
0.556121
0.423069
0.371054 0.618176
0.000478 0.000000
0.010292 0.000000
0.008040
0.174846
0.817114
0.999996
0.000000
0.000004
0.273134 0.707556
0.006495 0.000000
0.012807 0.000008
0.999216
0.000012
0.000772
0.982104 0.015171
0.000156 0.000000
0.002568 0.000000
0.000000 0.000270
0.529003 0.043846
0.185068 0.241812
0.998276
0.000196
0.001527
0.640465 0.356472
0.000091 0.000000
0.002972 0.000000
0.000000 0.000000
0.074706 0.665143
0.004899 0.255252
0.000000 0.000026
0.502093 0.129340
0.087962 0.280579
0.000001 0.000316
0.293148 0.298086
0.065189 0.343259
0.999789
0.000000
0.000211
0.000003 0.001244 0.061838
0.163983 0.126926 0.000768
0.121008 0.463743 0.060486
0.123901
0.215858
0.660241
0.061021 0.912685
0.006273 0.000000
0.020020 0.000001
0.000000 0.000002 0.000163
0.027466 0.065874 0.001155
0.067946 0.640451 0.196942
0.999994
0.000000
0.000006
0.015085 0.306603
0.171023 0.000285
0.487390 0.019615
0.122269 0.770103
0.071431 0.000078
0.035409 0.000711
0.000032
0.654474
0.345494
0.000012
0.091257
0.908732
0.587848 0.304834 0.043878
0.021686 0.000000 0.000000
0.041720 0.000033 0.000000
0.000000 0.000237
0.438216 0.000998
0.379095 0.181455
0.004272 0.095809
0.623290 0.026506
0.185047 0.065076
0.873684 0.118196 0.004641
0.000224 0.000000 0.000000
0.003254 0.000001 0.000000
0.000000
0.268573
0.731427
0.182407 0.550839 0.233861
0.014673 0.000004 0.000000
0.018100 0.000116 0.000000
0.000000
0.247158
0.752842
0.000017 0.022842
0.470693 0.000012
0.499654 0.006782
0.998426
0.000217
0.001356
0.993119
0.000018
0.006863
0.993669
0.000635
0.005696
0.902029
0.008733
0.089237
0.999660
0.000006
0.000334
0.000000 0.000018
0.496385 0.132193
0.085108 0.286296
0.999860
0.000001
0.000139
0.927770 0.070591
0.000050 0.000000
0.001589 0.000000
0.983041 0.016638
0.000029 0.000000
0.000292 0.000000
0.000000
0.421360
0.578640
0.000000
0.846782
0.153218
0.625673 0.363527
0.001754 0.000000
0.009042 0.000004
0.891763 0.106182
0.000098 0.000000
0.001957 0.000000
0.013928 0.719172
0.067382 0.000045
0.194068 0.005405
0.999683
0.000012
0.000305
-0.000000 -0.000000
0.000884 0.933887
0.000030 0.065199
0.740318 0.255486
0.000232 0.000000
0.003964 0.000000
-0.000000 -0.000000
0.003690 0.714526
0.000092 0.281692
0.974775 0.024787
0.000039 0.000000
0.000399 0.000000
0.008982 0.283376 0.628698
0.017075 0.000004 0.000000
0.061081 0.000784 0.000000
0.999758
0.000001
0.000241
0.999800
0.000001
0.000199
0.006452 0.465642
0.231708 0.000000
0.296084 0.000114
0.999884
0.000001
0.000115
0.336719 0.563803
0.014035 0.000000
0.085435 0.000007
0.000000
0.695417
0.304583
0.839171 0.156834
0.000189 0.000000
0.003806 0.000000
0.118918 0.796057
0.014908 0.000003
0.069625 0.000490
0.995493
0.000215
0.004292
0.000000 0.000000
0.021389 0.083146
0.035118 0.860347
0.999888
0.000000
0.000112
0.147503 0.824338
0.004227 0.000000
0.023888 0.000043
0.001233
0.615986
0.382781
0.406347 0.519425
0.005158 0.000000
0.069049 0.000021
0.999317
0.000004
0.000679
0.000136 0.014057
0.513323 0.038989
0.268478 0.165017
0.000037 0.005866
0.255903 0.034121
0.356971 0.347102
0.999999
0.000000
0.000001
0.000000
0.673318
0.326682
0.999988
0.000000
0.000012
0.222987 0.737156
0.005047 0.000000
0.034762 0.000048
0.490981
0.102111
0.406908
0.000000
0.240224
0.759776
0.000101
0.123433
0.876466
0.176200 0.782748
0.013934 0.000000
0.027100 0.000018
0.999176
0.000014
0.000809
0.009338
0.258755
0.731906
0.099766 0.880750
0.001474 0.000000
0.018009 0.000001
0.374547 0.591895
0.004613 0.000001
0.028837 0.000107
0.001992
0.258105
0.739903
0.977925
0.004623
0.017452
0.910590 0.079100
0.001572 0.000000
0.008738 0.000000
0.000328
0.704054
0.295618
0.000000
0.656698
0.343302
0.000001
0.819926
0.180073
0.267187
0.379984
0.352829
0.998175
0.000100
0.001725
0.000039
0.232706
0.767255
0.012613 0.404766
0.227002 0.000068
0.350318 0.005232
-0.000000 0.000000
0.002247 0.872836
0.000130 0.124787
0.000003
0.838670
0.161327
0.773495 0.222070
0.001606 0.000000
0.002828 0.000001
0.997624
0.000054
0.002322
0.443783 0.548400
0.000272 0.000000
0.007545 0.000000
0.999943
0.000002
0.000056
0.000000
0.716007
0.283993
0.991225
0.001390
0.007385
0.394570 0.569485
0.005318 0.000003
0.030382 0.000242
0.975584
0.007386
0.017030
0.999714
0.000010
0.000276
0.000000 0.000000
0.000481 0.692197
0.000020 0.307301
0.002121 0.161419
0.234978 0.000233
0.578331 0.022917
0.001912
0.190281
0.807807
0.999278
0.000039
0.000684
0.000437
0.559841
0.439722
0.000000
0.922347
0.077653
0.000000
0.825814
0.174186
0.072513 0.904582
0.001669 0.000000
0.021235 0.000001
0.000145 0.077483
0.274320 0.000004
0.643448 0.004600
0.994965
0.000132
0.004903
0.000000
0.644106
0.355894
0.997132 0.002705
0.000006 0.000000
0.000157 0.000000
0.999629
0.000018
0.000352
0.000025
0.102521
0.897454
0.001738
0.469368
0.528894
0.997205 0.002767
0.000001 -0.000000
0.000028 0.000000
0.102895 0.878243
0.004048 0.000000
0.014814 0.000000
0.999687
0.000010
0.000302
0.999929
0.000000
0.000071
0.908632 0.088686
0.000159 0.000000
0.002523 0.000000
0.469535 0.399781
0.055548 0.000008
0.074904 0.000224
0.993841
0.000117
0.006042
0.997071
0.000043
0.002886
0.000606
0.717453
0.281941
0.000000
0.302243
0.697757
0.253361 0.717248
0.012426 0.000000
0.016931 0.000034
0.121684 0.854635
0.001356 0.000000
0.022326 0.000000
0.493414 0.502797
0.000129 0.000000
0.003660 0.000000
0.000526 0.128080
0.372723 0.000002
0.496941 0.001727
0.997336
0.000086
0.002578
0.782974 0.212759
0.000663 0.000000
0.003603 0.000000
0.000090
0.020016
0.979894
0.999928
0.000005
0.000066
0.999582
0.000007
0.000411
0.371640 0.614609
0.000875 0.000000
0.012876 0.000001
0.000000 0.000004
0.206340 0.247078
0.054675 0.491903
0.014861 0.412976
0.110338 0.000026
0.456171 0.005629
0.000000
0.614372
0.385628
0.082338 0.744386
0.058859 0.000004
0.113938 0.000476
0.999420
0.000001
0.000579
0.074328 0.593547
0.100576 0.000004
0.230858 0.000687
0.999983
0.000000
0.000017
0.000015
0.539411
0.460574
0.002195
0.148381
0.849423
0.013209 0.670766
0.072776 0.000032
0.238105 0.005112
0.000638
0.385676
0.613687
0.000000 0.000000
0.007472 0.104572
0.006785 0.881171
0.000000
0.925199
0.074801
0.999812
0.000002
0.000186
0.046258 0.925691
0.006698 0.000000
0.021352 0.000001
0.000370
0.700231
0.299399
0.000000 0.000001 0.000020
0.018902 0.347856 0.404408
0.002069 0.053785 0.172960
0.997464
0.000009
0.002527
0.999321
0.000020
0.000659
0.623942 0.365646
0.001144 0.000000
0.009249 0.000020
0.999996
0.000000
0.000004
0.998117
0.000024
0.001859
0.000001
0.866422
0.133577
0.000000 0.000000
0.003337 0.854718
0.000222 0.141723
0.999626
0.000012
0.000363
0.000018
0.377295
0.622687
0.755943 0.240108
0.000735 0.000000
0.003214 0.000000
0.988982
0.000074
0.010944
0.000000 0.000283
0.135367 0.020845
0.291910 0.551595
0.000000
0.640751
0.359248
0.006843 0.111421 0.351385 0.408039
0.071032 0.002708 0.000004 0.000000
0.038908 0.009458 0.000201 0.000001
0.209475 0.758614
0.004634 0.000000
0.027234 0.000043
0.854655 0.142239
0.000514 0.000000
0.002592 0.000000
0.999979
0.000000
0.000021
0.004537 0.199931 0.608417
0.071397 0.000028 0.000000
0.113496 0.002194 0.000000
0.081863 0.417382 0.419143
0.036422 0.000178 0.000000
0.042922 0.002082 0.000009
0.027250 0.230290
0.325170 0.001101
0.396248 0.019941
0.998640
0.000016
0.001345
0.996452
0.000830
0.002718
0.279704 0.682470
0.004453 0.000000
0.033345 0.000029
0.611243 0.319643 0.055966
0.001809 0.000001 0.000000
0.011277 0.000061 0.000000
0.551438 0.412061
0.007595 0.000001
0.028839 0.000066
0.998623
0.000042
0.001335
0.000000 0.000000
0.029776 0.219747
0.020104 0.730373
0.979823
0.004392
0.015784
0.032713 0.405163
0.058602 0.000036
0.494356 0.009129
0.406362 0.580992
0.003374 0.000000
0.009268 0.000004
0.990266
0.000075
0.009659
0.608677
0.034117
0.357205
0.977198
0.003059
0.019743
0.016350 0.259513
0.319233 0.001331
0.380649 0.022924
0.027474
0.214900
0.757627
0.000000 0.000000
0.001565 0.889031
0.000085 0.109319
0.012481 0.876225
0.018875 0.000000
0.092338 0.000081
0.000541
0.499317
0.500142
0.000113
0.229017
0.770870
0.310917 0.671705
0.001690 0.000000
0.015679 0.000008
0.998398
0.000011
0.001591
0.000000
0.522804
0.477196
0.071631 0.402384 0.459775
0.015026 0.000101 0.000000
0.048142 0.002925 0.000017
0.252151 0.669787
0.002530 0.000000
0.075531 0.000003
0.958867 0.039899 0.000357
0.000029 0.000000 -0.000000
0.000849 0.000000 0.000000
0.596977 0.354255
0.018899 0.000000
0.029838 0.000030
0.102663 0.748409
0.074225 0.000237
0.071496 0.002970
0.999655
0.000003
0.000342
0.000000 0.000000
0.116625 0.607921
0.009620 0.265835
0.000929 0.182143
0.297925 0.000001
0.517941 0.001061
0.055660
0.239291
0.705049
0.000000 0.000000
0.041796 0.119869
0.008640 0.829696
0.019660 0.841243
0.056278 0.000000
0.082749 0.000069
0.998054
0.000035
0.001912
0.994058
0.000445
0.005497
0.000000
0.632091
0.367909
0.012458
0.307504
0.680038
0.213086 0.767893
0.004187 0.000000
0.014832 0.000001
0.223449 0.610271 0.149226
0.001849 0.000000 0.000000
0.015194 0.000012 0.000000
0.000000 0.000000
0.025860 0.224020
0.005716 0.744404
0.000000
0.733031
0.266969
0.766977 0.220201
0.000236 0.000000
0.012585 0.000000
0.997920
0.000054
0.002025
0.000017
0.116675
0.883308
0.999981
0.000000
0.000019
0.000000 0.000024
0.228656 0.280979
0.075050 0.415291
0.040447
0.015844
0.943710
0.999641
0.000020
0.000339
0.858129
0.031230
0.110641
0.000000 0.000067 0.002101
0.163120 0.307258 0.017330
0.059321 0.318504 0.132298
0.000000
0.554710
0.445290
0.786597 0.210569
0.000138 0.000000
0.002696 0.000000
0.003346 0.346308
0.374716 0.000689
0.258501 0.016439
0.057419 0.321061 0.517493
0.026087 0.000733 0.000001
0.066367 0.010622 0.000217
0.992642 0.007186
0.000019 0.000000
0.000153 0.000000
0.999816
0.000003
0.000181
0.087336 0.882627
0.005811 0.000000
0.024224 0.000001
0.995474
0.000337
0.004190
0.054057 0.877388
0.007543 0.000000
0.060995 0.000018
0.809275 0.144332 0.007647
0.009424 0.000000 0.000000
0.029295 0.000027 0.000000
0.000000
0.684707
0.315293
0.633091 0.334900
0.008439 0.000001
0.023500 0.000069
0.976891
0.000266
0.022843
0.102892 0.586416
0.020336 0.000001
0.289519 0.000836
0.000000
0.702594
0.297406
0.984189 0.015491
0.000006 0.000000
0.000314 0.000000
0.946240 0.052861
0.000221 0.000000
0.000678 0.000000
0.010870 0.316807
0.257757 0.000057
0.409603 0.004905
0.000000 -0.000000 0.000000
0.000461 0.371768 0.107782
0.000025 0.042381 0.477583
0.000000 0.000082
0.092803 0.012926
0.310925 0.583263
0.999921
0.000001
0.000079
0.000276
0.081381
0.918343
0.997361
0.000153
0.002485
0.999975
0.000000
0.000025
0.433591 0.434276 0.104502
0.009736 0.000005 0.000000
0.017757 0.000133 0.000000
0.000018
0.353086
0.646896
0.000063
0.073594
0.926343
0.988984
0.000426
0.010590
0.898248 0.100250
0.000340 0.000000
0.001162 0.000000
0.999942
0.000000
0.000058
0.938501 0.057788 0.001599
0.000384 0.000000 0.000000
0.001728 0.000000 0.000000
0.000000 0.000000
0.020493 0.088710
0.033669 0.857127
0.003996
0.131697
0.864307
0.887761
0.017206
0.095034
0.000000 0.000000
0.011696 0.803783
0.001369 0.183152
0.000000
0.231331
0.768669
0.995053 0.003235
0.000008 0.000000
0.001704 0.000000
0.000000 0.000133
0.105676 0.008327
0.386975 0.498889
0.999999
0.000000
0.000001
0.010869 0.163173 0.309854
0.225928 0.000609 0.000000
0.277104 0.012442 0.000021
0.997840
0.000246
0.001914
0.000403 0.027923
0.104777 0.001000
0.738197 0.127700
0.000445
0.543658
0.455897
0.076970 0.842637
0.014911 0.000003
0.064925 0.000555
0.000153
0.674494
0.325354
0.000000 0.000000
0.108089 0.430473
0.016369 0.445070
0.096592 0.832368
0.010937 0.000000
0.059946 0.000156
0.033366 0.304337
0.086905 0.001061
0.519561 0.054769
0.000003 0.001822
0.675020 0.020000
0.191902 0.111253
0.998790
0.000010
0.001200
0.999135
0.000100
0.000765
0.038833 0.717051
0.076990 0.000008
0.166000 0.001119
0.928276 0.070572
0.000076 0.000000
0.001076 0.000000
0.999874
0.000000
0.000125
0.957606 0.040929
0.000062 0.000000
0.001402 0.000000
0.177740
0.106839
0.715421
0.976180
0.000776
0.023044
0.001704 0.045525
0.641639 0.029280
0.203296 0.078557
0.743816 0.250018
0.000311 0.000000
0.005854 0.000000
0.999911
0.000001
0.000088
0.919190 0.080339
0.000006 0.000000
0.000464 0.000000
0.125006 0.726634
0.042506 0.000001
0.105669 0.000184
0.084042 0.814237
0.030053 0.000003
0.071294 0.000371
0.027717 0.762920
0.095123 0.000018
0.113028 0.001195
0.137202 0.518540
0.107327 0.000022
0.235398 0.001512
0.005388 0.346395
0.355193 0.000389
0.281186 0.011449
0.860514 0.135884
0.000379 0.000000
0.003223 0.000000
0.005262 0.428224
0.362649 0.000748
0.190718 0.012400
0.000006
0.703000
0.296994
0.999923
0.000001
0.000076
0.000000 0.000022
0.457336 0.116349
0.100499 0.325793
0.988128
0.000357
0.011515
0.996415
0.000091
0.003494
0.996997
0.000222
0.002781
0.554855 0.428650
0.001619 0.000000
0.014857 0.000019
0.266407 0.479938 0.226747
0.011530 0.000012 0.000000
0.015158 0.000207 0.000000
0.999810
0.000013
0.000177
0.993464
0.001007
0.005529
0.000000
0.601455
0.398544
0.000003 0.007987
0.545713 0.000084
0.424392 0.021820
0.999979
0.000001
0.000021
0.996394
0.000269
0.003338
0.000000 0.000000
0.000972 0.926212
0.000036 0.072780
0.000000 0.000001
0.149178 0.507668
0.015385 0.327767
0.466186 0.421225 0.095878
0.002483 0.000001 0.000000
0.014127 0.000100 0.000000
0.001936 0.135598
0.408480 0.000423
0.436113 0.017451
0.000000
0.959653
0.040347
0.480851 0.509771
0.002217 0.000000
0.007160 0.000002
0.999770
0.000016
0.000214
0.999597
0.000005
0.000398
0.713861 0.276079
0.003456 0.000000
0.006594 0.000010
0.999559
0.000005
0.000437
0.030412
0.047477
0.922111
1.000000
0.000000
0.000000
0.231890 0.547577 0.200755
0.002607 0.000000 0.000000
0.017130 0.000041 0.000000
0.458304 0.528203
0.004175 0.000000
0.009316 0.000003
0.999982
0.000000
0.000018
0.000000
0.421709
0.578291
0.000001
0.672120
0.327879
0.000069 0.005029 0.062580 0.256966
0.284519 0.078718 0.000595 0.000000
0.132832 0.163756 0.014750 0.000186
0.000000
0.886260
0.113740
0.000056
0.447738
0.552205
0.001680 0.140003
0.480315 0.008209
0.292016 0.077778
0.809640
0.045808
0.144553
0.000000
0.522525
0.477475
0.000000 0.000000
0.271843 0.077133
0.043332 0.607692
0.996087
0.000001
0.003912
0.996354
0.000269
0.003376
0.999032
0.000013
0.000954
0.999160
0.000028
0.000812
0.552905 0.436873
0.000720 0.000000
0.009502 0.000000
0.998785
0.000027
0.001188
0.999998
0.000000
0.000002
0.020586
0.057692
0.921723
0.960683
0.006475
0.032842
0.125485 0.573131
0.108322 0.000027
0.191563 0.001472
0.098884 0.452703 0.407350
0.008969 0.000019 0.000000
0.031189 0.000884 0.000002
0.999574
0.000022
0.000404
0.036116
0.075860
0.888024
0.658494 0.295363
0.007696 0.000000
0.038438 0.000009
0.000000 0.000000
0.002506 0.885347
0.000169 0.111978
0.913705
0.011605
0.074690
0.006673 0.192693 0.679807
0.032187 0.000233 0.000000
0.080407 0.007972 0.000028
0.999958
0.000000
0.000042
0.402204 0.579981
0.004559 0.000000
0.013249 0.000007
0.999451
0.000022
0.000527
0.999793
0.000002
0.000205
0.999292
0.000047
0.000661
0.936079
0.009350
0.054571
0.004429 0.097021 0.335756
0.077548 0.001367 0.000000
0.414107 0.069172 0.000599
0.940077
0.013238
0.046685
0.919734 0.065911
0.000196 0.000000
0.014159 0.000000
0.005502
0.244232
0.750265
0.999999
0.000000
0.000001
0.085820 0.751720
0.055103 0.000003
0.106954 0.000398
0.999878
0.000000
0.000122
0.968753 0.030645
0.000019 0.000000
0.000582 0.000000
0.029415
0.174758
0.795827
0.980333
0.001528
0.018139
0.722207 0.273875
0.000145 0.000000
0.003772 0.000000
0.637747 0.315958
0.002899 0.000000
0.043391 0.000005
0.000016
0.717564
0.282420
0.999780
0.000002
0.000219
-0.000000
0.900798
0.099202
0.000000
0.973803
0.026197
0.000054 0.011775 0.198039
0.582656 0.008879 0.000000
0.152205 0.046259 0.000133
0.999519
0.000001
0.000481
0.644882 0.296702
0.001599 0.000000
0.056811 0.000006
-0.000000
0.941774
0.058226
0.999559
0.000005
0.000436
0.000000
0.907612
0.092388
0.076305 0.697970
0.073186 0.000005
0.151910 0.000624
0.999886
0.000001
0.000113
0.986510
0.001936
0.011554
0.593579 0.324304 0.059353 0.006030
0.002195 0.000001 0.000000 0.000000
0.014455 0.000083 0.000000 0.000000
0.000029
0.481429
0.518542
0.999984
0.000000
0.000016
0.249153 0.720850
0.003166 0.000000
0.026814 0.000017
0.984378
0.000116
0.015506
0.048216 0.709179
0.074803 0.000835
0.147888 0.019078
0.998094
0.000050
0.001856
0.999990
0.000000
0.000010
0.000888 0.083095
0.139701 0.000381
0.718048 0.057887
0.999577
0.000008
0.000415
0.242906 0.738367
0.002421 0.000000
0.016289 0.000017
0.999536
0.000001
0.000463
0.594578 0.399527
0.000395 0.000000
0.005499 0.000001
0.054768 0.663438
0.063923 0.000000
0.217808 0.000063
1.000000
0.000000
0.000000
0.000175
0.099728
0.900097
0.999682
0.000004
0.000314
0.000000 0.000000 0.000000
0.000017 0.023511 0.753044
0.000003 0.003349 0.220076
0.806690 0.181237
0.001315 0.000000
0.010758 0.000001
-0.000000 -0.000000
0.000920 0.792140
0.000023 0.206917
0.233965
0.274892
0.491143
0.997835
0.000061
0.002104
0.000000 0.000049
0.438554 0.095230
0.125654 0.340512
0.000000 0.000007
0.124428 0.631300
0.012743 0.231521
0.791122 0.205975
0.000522 0.000000
0.002381 0.000000
0.000000
0.825986
0.174014
0.608068 0.325403
0.003785 0.000000
0.062667 0.000077
0.999647
0.000003
0.000350
0.152829 0.783511
0.012334 0.000007
0.050613 0.000706
0.916732 0.081876
0.000048 0.000000
0.001343 0.000000
0.998568
0.000080
0.001351
0.000000 0.000000
0.005391 0.899587
0.000205 0.094817
0.967301
0.005596
0.027103
0.567098
0.046961
0.385941
0.999139
0.000035
0.000827
0.038983 0.858879
0.019851 0.000002
0.081655 0.000630
0.845101 0.145248 0.005040
0.001009 0.000000 0.000000
0.003602 0.000001 0.000000
0.999846
0.000001
0.000153
0.999987
0.000000
0.000013
0.000393 0.062075
0.289726 0.012358
0.405130 0.230318
0.561784 0.334608
0.004234 0.000000
0.099273 0.000102
0.000000
0.793512
0.206488
0.999983
0.000000
0.000017
0.457091 0.524277
0.001681 0.000000
0.016940 0.000011
0.000889
0.309487
0.689624
0.000013
0.127193
0.872794
0.115036 0.815459
0.010883 0.000001
0.058439 0.000182
0.852605 0.144904
0.000108 0.000000
0.002382 0.000000
1.000000
0.000000
0.000000
0.995404
0.000536
0.004060
0.999993
0.000000
0.000007
0.997548
0.000183
0.002269
0.036305 0.811961
0.082845 0.000010
0.068347 0.000532
0.999243
0.000062
0.000696
0.703676 0.158454 0.014161
0.003061 0.000000 0.000000
0.120520 0.000127 0.000000
0.975767
0.000624
0.023608
0.000017
0.320671
0.679312
0.469804 0.523245
0.001846 0.000000
0.005105 0.000000
0.999836
0.000001
0.000163
0.883185
0.001726
0.115089
0.000000
0.909118
0.090882
0.000000
0.088347
0.911653
0.834540 0.155257
0.001950 0.000000
0.008251 0.000002
0.995740
0.000486
0.003774
0.998642
0.000100
0.001258
0.421279 0.567735
0.001030 0.000000
0.009952 0.000005
0.000000
0.825307
0.174693
0.000016 0.004366
0.535074 0.019375
0.280992 0.160177
0.031013 0.354528
0.030253 0.000002
0.581891 0.002314
0.000000
0.229026
0.770974
0.000000
0.901649
0.098351
0.000000
0.236857
0.763142
0.000000
0.861598
0.138402
0.051052 0.920996
0.009207 0.000000
0.018745 0.000001
0.011359 0.598826
0.102810 0.000082
0.278142 0.008781
0.000000
0.337375
0.662625
0.997407
0.000025
0.002568
0.001940 0.230181
0.460172 0.001937
0.274661 0.031109
1.000000
0.000000
0.000000
0.004497 0.125013
0.411746 0.021385
0.306772 0.130587
0.000000 0.000000
0.000019 0.980178
0.000000 0.019803
0.000016 0.019237
0.739139 0.000428
0.218097 0.023083
0.991332
0.000431
0.008237
0.001397 0.109817
0.261728 0.000680
0.582614 0.043764
0.983280
0.001260
0.015461
0.947272
0.004878
0.047850
0.000000 0.000000
0.064754 0.680544
0.004440 0.250263
0.000043
0.607603
0.392354
0.022461 0.261146 0.579770
0.099722 0.001888 0.000001
0.030604 0.004355 0.000053
0.990852
0.000509
0.008640
0.999919
0.000000
0.000081
0.561302 0.390018
0.002807 0.000000
0.045865 0.000008
0.000000
0.864975
0.135025
0.997944
0.000235
0.001821
0.106142 0.849740
0.006564 0.000000
0.037457 0.000097
-0.000000 -0.000000
0.000058 0.713772
0.000005 0.286164
0.373683 0.607092
0.006238 0.000000
0.012971 0.000016
0.902708 0.095879
0.000066 0.000000
0.001347 0.000000
0.986092
0.000512
0.013396
0.423631 0.558405
0.001534 0.000000
0.016426 0.000005
0.446531 0.547760
0.001488 0.000000
0.004222 0.000000
0.000000 0.000035
0.320033 0.268989
0.050467 0.360475
0.000000 0.000000
0.007019 0.560056
0.001527 0.431398
0.999861
0.000001
0.000138
0.000000
0.344387
0.655612
0.000125 0.059079
0.455065 0.000008
0.481673 0.004051
0.028544 0.327742 0.567598
0.044694 0.000171 0.000000
0.029686 0.001560 0.000004
0.213622 0.744348
0.014997 0.000000
0.026990 0.000043
0.000000
0.676991
0.323009
0.997393
0.000055
0.002552
0.651001 0.310790
0.002088 0.000000
0.036115 0.000006
0.000000 0.000000
0.179460 0.124828
0.016518 0.679195
0.373390 0.608384
0.007515 0.000000
0.010697 0.000012
0.000000
0.920839
0.079161
0.000000 0.000000
0.176875 0.507840
0.015915 0.299369
0.999999
0.000000
0.000001
0.995854
0.000263
0.003883
0.999456
0.000051
0.000493
0.001537
0.238555
0.759908
0.000001 0.000669 0.038352
0.143172 0.114262 0.000120
0.101305 0.556669 0.045451
0.000000 0.000015
0.254396 0.227164
0.066340 0.452085
0.998447
0.000027
0.001526
0.000000 0.000666
0.595603 0.000209
0.365305 0.038218
0.028818 0.533045
0.188713 0.000017
0.247912 0.001495
0.367753 0.595484
0.005123 0.000001
0.031470 0.000168
0.000405 0.244697
0.478496 0.000007
0.274135 0.002260
0.000001
0.661040
0.338959
0.002567
0.239731
0.757701
0.448969 0.540433
0.000949 0.000000
0.009646 0.000003
0.000000 0.000330
0.113438 0.005914
0.458313 0.422004
0.000000 0.000094
0.157493 0.026261
0.245829 0.570324
0.999837
0.000002
0.000160
0.000002
0.203258
0.796740
0.000002 0.004245
0.720064 0.000049
0.267863 0.007777
0.099907
0.208593
0.691500
0.973017
0.000183
0.026801
0.998724
0.000164
0.001112
0.000000 0.000000
0.015313 0.861596
0.000830 0.122260
0.075072 0.337532 0.307833
0.150031 0.000362 0.000000
0.125367 0.003796 0.000008
0.008953 0.295074
0.401035 0.002653
0.262587 0.029698
0.000000 0.000000 0.000049
0.042783 0.288581 0.016736
0.018108 0.366414 0.267329
0.914758 0.080958
0.000137 0.000000
0.004148 0.000000
0.985574
0.003143
0.011283
0.000237
0.134769
0.864994
0.000001 0.000665
0.133979 0.023907
0.293197 0.548250
0.999601
0.000023
0.000376
0.249881 0.713866
0.004433 0.000000
0.031781 0.000039
0.000000 0.000000 0.000000
0.000295 0.056187 0.088686
0.000288 0.079681 0.774863
0.559588 0.376228
0.010026 0.000000
0.054148 0.000009
0.911219
0.027985
0.060796
0.002304 0.117603
0.068141 0.000031
0.794547 0.017373
0.000001 0.000591
0.420687 0.073902
0.179039 0.325780
0.836006 0.156692
0.000615 0.000000
0.006687 0.000000
0.000028
0.146746
0.853226
0.000000
0.784237
0.215763
-0.000000 0.000000
0.000088 0.840017
0.000003 0.159892
0.000138 0.013809
0.111294 0.001974
0.679480 0.193304
0.999762
0.000008
0.000229
0.865731 0.132313
0.000439 0.000000
0.001518 0.000000
0.000060
0.536079
0.463861
0.000623 0.217387
0.296763 0.000002
0.483380 0.001846
0.000000
0.802255
0.197745
0.638610 0.309535
0.009621 0.000000
0.042201 0.000032
0.033376
0.328427
0.638198
0.000000
0.820656
0.179344
0.000005 0.002164
0.569056 0.021141
0.248391 0.159243
0.000009 0.001762 0.041027
0.580320 0.091246 0.000101
0.131168 0.148959 0.005409
0.000005
0.443660
0.556335
0.998995
0.000019
0.000985
0.000082
0.639449
0.360468
0.952024 0.047477
0.000006 0.000000
0.000493 0.000000
0.000000 0.000000 0.000024
0.104716 0.568435 0.002540
0.008640 0.241565 0.074081
0.999464
0.000006
0.000530
0.000000 0.000000
0.000021 0.962183
0.000000 0.037796
0.000329
0.011848
0.987823
0.196831 0.762515
0.013262 0.000000
0.027367 0.000026
0.000000
0.765074
0.234926
0.000000
0.845670
0.154330
0.000000 0.000000
0.018562 0.462022
0.004488 0.514928
0.999998
0.000000
0.000002
0.999928
0.000000
0.000072
0.001688 0.180059
0.426939 0.000796
0.366817 0.023701
0.989862
0.000585
0.009553
0.000049 0.002760 0.029805
0.406002 0.252463 0.004129
0.082678 0.189530 0.032585
0.998748
0.000158
0.001094
0.000000 0.000000
0.025511 0.202263
0.030992 0.741234
0.000003 0.004882
0.716978 0.000049
0.270447 0.007643
0.465180 0.516189
0.002917 0.000002
0.015573 0.000139
0.000267
0.011484
0.988249
0.993966
0.000058
0.005976
0.999961
0.000000
0.000038
0.711105 0.283369
0.001414 0.000000
0.004111 0.000001
0.491529 0.489399
0.002160 0.000000
0.016879 0.000034
0.486263 0.489444
0.002959 0.000000
0.021265 0.000069
0.000055 0.011898
0.171784 0.003152
0.605082 0.208029
0.992815
0.000004
0.007181
0.999886
0.000000
0.000114
0.000020 0.004577
0.540412 0.028090
0.251036 0.175865
0.123834 0.614558
0.014654 0.000000
0.246638 0.000317
0.000000
0.949937
0.050063
0.845499 0.152439
0.000088 0.000000
0.001973 0.000000
0.000000 0.000000
0.015236 0.702923
0.001505 0.280336
0.279936 0.349413 0.225895 0.106066
0.008356 0.000224 0.000002 0.000000
0.027409 0.002605 0.000093 0.000002
0.998984
0.000019
0.000996
0.548283 0.442958
0.002625 0.000000
0.006132 0.000002
0.022618 0.554763
0.124707 0.001901
0.250394 0.045618
0.999908
0.000001
0.000091
0.999952
0.000001
0.000047
0.000000 0.000000
0.010437 0.135954
0.013038 0.840571
0.000000 0.000000
0.008537 0.766961
0.000830 0.223672
0.974060 0.025774
0.000002 -0.000000
0.000165 0.000000
0.000000
0.771284
0.228716
0.999530
0.000010
0.000460
0.003604 0.314609
0.262765 0.002705
0.349307 0.067010
0.024728 0.815379
0.035476 0.000008
0.122892 0.001518
0.999990
0.000000
0.000010
0.983971
0.000763
0.015267
0.005778 0.182699
0.448540 0.006351
0.308216 0.048416
0.986399 0.013519
0.000003 -0.000000
0.000079 0.000000
1.000000
0.000000
0.000000
0.996410 0.003380
0.000005 -0.000000
0.000205 0.000000
0.983321
0.000339
0.016340
0.000000 0.000000 0.000000
0.002477 0.213055 0.117982
0.000724 0.115024 0.550739
0.000012
0.678725
0.321263
0.932271 0.066743
0.000033 0.000000
0.000954 0.000000
0.000034
0.167779
0.832187
0.999950
0.000000
0.000050
0.938437 0.059847
0.000082 0.000000
0.001634 0.000000
0.999938
0.000001
0.000060
0.575183
0.042204
0.382613
0.999690
0.000012
0.000298
0.027272 0.286522 0.583152
0.026166 0.000313 0.000000
0.069072 0.007448 0.000056
0.061823
0.086117
0.852060
0.000000
0.965427
0.034573
0.000000
0.577877
0.422123
0.999975
0.000000
0.000025
0.999783
0.000003
0.000215
0.001826 0.200959
0.261467 0.005205
0.403683 0.126860
0.781554 0.215199
0.000654 0.000000
0.002593 0.000000
0.999590
0.000019
0.000391
0.999851
0.000000
0.000149
0.000000
0.579269
0.420731
0.000000 -0.000000 0.000000
0.000001 0.035986 0.871188
0.000000 0.000327 0.092498
0.127222 0.854909
0.004470 0.000000
0.013398 0.000001
0.001977
0.510822
0.487201
-0.000000 -0.000000
0.001990 0.706214
0.000056 0.291740
0.000563
0.650326
0.349111
0.000196 0.059420
0.648035 0.007986
0.221857 0.062505
0.996005
0.000412
0.003583
0.000000
0.494265
0.505735
0.000250
0.652404
0.347346
0.786999 0.136882
0.001525 0.000000
0.074557 0.000037
0.007091 0.194555 0.675956
0.032687 0.000260 0.000000
0.080971 0.008446 0.000033
0.000000 0.000000
0.176545 0.256269
0.041372 0.525813
0.001989 0.284204
0.217252 0.000720
0.450500 0.045336
0.999879
0.000000
0.000121
0.002084 0.282187
0.215546 0.000000
0.499775 0.000408
0.629227 0.362795
0.001860 0.000000
0.006117 0.000001
0.344552 0.642258
0.001298 0.000000
0.011885 0.000006
0.982560
0.000750
0.016691
0.002221
0.105892
0.891887
0.989853
0.000294
0.009854
0.262667 0.729044
0.000423 0.000000
0.007867 0.000000
0.006805
0.290167
0.703028
0.000096
0.503631
0.496274
0.990034
0.000408
0.009558
0.272041 0.700700
0.002953 0.000000
0.024283 0.000023
0.245964 0.705566
0.009493 0.000004
0.038618 0.000356
0.985495
0.000103
0.014402
0.999941
0.000000
0.000059
0.999557
0.000013
0.000429
0.000000
0.185757
0.814243
0.712520 0.282247
0.000981 0.000000
0.004252 0.000000
0.326821 0.647227
0.003546 0.000000
0.022328 0.000078
0.920910 0.075346
0.000213 0.000000
0.003531 0.000000
0.998469
0.000061
0.001470
0.999999
0.000000
0.000001
0.989684
0.000339
0.009977
0.007637 0.180729 0.637291
0.095412 0.001402 0.000000
0.067310 0.010146 0.000072
0.018954
0.043283
0.937763
0.999915
0.000001
0.000084
0.000440
0.445492
0.554068
0.000000
0.851826
0.148174
0.998526
0.000002
0.001472
0.988951
0.000358
0.010691
0.000011
0.096597
0.903392
0.962799
0.006641
0.030560
0.000397 0.044731
0.661885 0.001962
0.267297 0.023728
0.779173 0.151177
0.000874 0.000000
0.068774 0.000003
0.000268
0.554654
0.445078
0.998247
0.000030
0.001723
0.000010
0.768725
0.231265
0.999399
0.000008
0.000593
0.401958 0.583138
0.001700 0.000000
0.013188 0.000016
0.999802
0.000009
0.000189
0.999991
0.000000
0.000009
0.286046
0.108568
0.605385
0.052289 0.391844 0.477280
0.046616 0.000112 0.000000
0.030787 0.001071 0.000002
0.000000
0.689802
0.310198
