2000 1
1 1 1 2 2 1 2 3 3 3 1 2 1 1 2 4 2 1 2 1 1 1 1 2 1 1 1 2 2 2 2 1 1 1 2 1 1 3 1 3 1 2 1 3 1 2 1 2 2 3 1 1 1 2 1 1 3 2 2 2 1 1 1 3 1 1 1 1 4 2 2 2 1 1 2 1 1 1 2 2 2 1 2 1 1 1 2 1 2 2 2 1 1 1 1 1 1 1 1 3 1 2 2 2 1 2 1 2 2 1 1 1 2 2 2 1 1 2 1 1 1 2 2 2 1 1 2 2 1 1 1 3 3 1 1 1 1 1 1 2 3 1 1 2 2 1 3 2 1 1 1 1 2 1 1 2 1 2 1 1 2 1 2 1 2 1 1 1 1 2 1 1 1 2 2 1 2 1 3 1 1 1 1 2 1 2 2 2 2 1 1 2 2 1 1 1 1 1 1 2 1 1 2 2 2 2 2 1 2 1 2 2 1 3 3 2 2 1 2 2 1 1 2 1 2 2 2 2 1 1 2 2 1 2 2 1 1 2 2 1 2 1 1 4 1 2 1 2 2 2 2 2 1 2 1 4 1 2 1 1 2 1 2 2 1 2 1 1 1 1 1 1 2 1 2 2 3 1 3 2 1 1 2 2 1 2 2 1 1 1 1 1 1 1 2 2 1 2 1 2 1 1 1 1 2 1 2 1 1 1 1 2 1 2 2 1 1 2 2 2 3 2 1 2 2 1 2 2 5 1 2 1 1 1 2 1 2 2 1 1 1 2 1 2 3 2 1 2 1 1 1 2 1 2 2 1 1 1 1 1 1 3 1 1 2 2 1 1 1 1 1 1 2 1 1 1 3 3 1 1 1 2 1 2 1 1 1 1 1 2 2 1 2 2 1 2 2 2 1 1 1 1 1 2 1 2 2 2 1 2 2 2 1 2 1 2 2 1 2 2 1 1 1 2 1 1 1 1 2 1 2 2 1 2 2 2 1 2 2 2 2 1 1 1 1 2 1 1 1 2 2 4 2 1 2 2 1 1 1 2 2 2 2 1 1 1 1 1 1 2 2 1 1 2 1 1 2 1 2 1 2 3 1 1 1 2 2 2 2 1 1 1 1 2 2 3 2 2 1 4 2 1 2 2 1 2 2 2 1 2 2 1 2 1 1 2 2 1 3 1 1 1 1 3 1 2 1 2 1 2 1 1 1 2 1 2 1 1 2 1 2 2 1 1 2 1 1 1 1 1 1 1 1 2 1 2 1 1 1 1 1 1 3 1 1 3 2 2 2 2 2 1 1 1 1 1 2 1 1 1 1 1 1 1 2 1 2 1 1 1 1 2 2 1 2 1 1 1 1 2 1 2 1 1 2 1 1 3 2 2 2 1 1 3 2 2 2 1 2 1 1 1 1 3 2 3 1 2 1 1 1 2 1 2 2 1 1 3 2 2 1 2 1 1 2 1 1 1 2 3 2 1 1 2 2 1 1 1 1 1 1 2 2 2 1 2 2 1 2 1 1 2 1 1 1 2 1 1 3 2 1 1 1 2 1 3 1 2 1 1 1 1 1 1 2 3 2 2 1 1 1 1 2 2 2 2 2 2 1 2 2 2 2 1 1 2 1 1 1 1 1 1 2 1 1 1 1 2 2 2 2 2 1 1 2 2 1 1 2 1 1 1 2 1 2 2 1 1 3 1 1 2 2 1 2 2 1 2 2 1 1 1 1 1 2 2 2 2 1 2 1 1 1 2 1 2 1 2 2 2 1 2 1 1 2 1 2 1 1 2 2 1 1 2 1 2 1 1 2 2 2 2 2 1 2 1 1 2 2 2 2 2 1 1 1 2 1 1 2 1 2 1 2 2 1 1 2 2 2 2 1 1 2 2 2 1 2 1 2 2 1 1 1 2 1 2 1 3 1 1 1 1 2 1 1 1 1 2 2 1 1 1 1 1 2 2 1 2 2 1 3 2 1 2 2 1 2 2 2 2 1 2 1 2 1 1 1 1 2 2 1 2 1 1 2 1 2 2 1 1 3 1 1 2 1 1 2 2 2 2 2 2 3 1 2 1 1 3 1 1 2 1 1 2 1 2 2 1 1 2 1 1 3 2 1 1 1 2 2 3 2 3 1 2 2 2 2 2 1 2 2 1 2 1 2 3 1 1 1 1 1 1 2 1 1 1 2 2 1 2 1 1 2 3 1 3 1 1 1 2 1 1 2 1 1 1 2 2 1 1 2 2 1 2 2 2 2 1 1 2 2 2 4 2 1 1 1 1 2 1 1 1 1 2 2 2 2 2 1 2 1 1 1 1 1 1 1 1 2 1 2 2 1 1 2 2 3 2 2 1 1 3 2 1 2 1 2 1 1 1 1 2 1 2 1 2 1 4 1 2 1 1 3 1 1 1 2 2 1 2 3 1 1 1 1 3 1 1 1 1 1 1 1 2 2 2 2 2 2 2 2 1 2 1 2 1 1 2 3 1 1 1 2 2 1 1 2 1 1 1 1 2 1 3 2 1 1 1 1 1 3 1 1 1 2 2 1 1 2 1 2 2 1 2 1 1 2 2 2 2 1 1 2 1 1 2 1 1 2 1 1 1 2 1 2 1 2 2 2 2 1 3 1 1 1 2 1 2 2 2 1 1 2 1 2 1 1 2 2 2 1 2 1 4 1 1 2 2 2 3 1 1 2 1 1 2 1 3 1 2 3 2 1 1 2 4 2 2 1 2 2 1 1 1 2 1 1 1 2 1 3 1 1 1 1 1 3 2 1 1 1 2 1 2 2 2 2 1 3 1 1 1 2 1 1 1 2 1 2 2 1 3 1 2 2 2 1 2 1 1 1 1 1 3 2 1 2 1 2 2 1 1 1 1 1 2 1 1 2 1 1 2 1 2 1 2 2 1 1 1 1 1 1 1 2 2 2 1 2 1 1 1 2 2 1 1 1 3 1 1 2 2 2 1 2 1 1 1 2 2 2 1 2 2 1 2 1 1 2 1 2 2 1 2 2 2 2 1 3 1 2 3 1 2 2 1 1 3 2 2 3 1 3 1 2 1 1 1 1 1 2 1 2 2 1 1 2 2 2 1 2 2 2 2 3 1 1 2 1 2 1 2 2 1 2 1 2 1 2 1 2 2 1 1 1 2 1 1 1 2 1 1 2 2 1 1 2 1 1 1 1 1 1 2 2 1 2 1 2 1 1 1 2 1 1 2 2 1 1 1 1 1 2 2 1 1 2 1 1 1 2 2 1 1 2 2 1 1 1 1 2 2 2 2 1 2 1 1 1 2 2 2 1 2 1 2 1 1 1 2 1 2 1 1 2 1 3 1 1 2 1 1 1 2 1 1 2 1 2 1 4 2 2 1 3 3 2 1 1 2 3 2 1 2 1 2 2 1 1 1 2 1 2 2 1 1 2 1 1 3 2 3 2 2 1 2 2 1 2 2 1 1 1 1 2 3 2 1 2 1 1 1 2 1 1 1 3 1 2 2 3 2 1 2 1 2 3 1 2 1 2 1 2 2 2 3 2 1 1 1 1 3 1 1 1 2 1 3 2 1 1 2 1 2 2 1 3 1 2 1 2 1 2 2 2 2 1 1 2 2 1 2 1 1 2 2 1 2 2 2 2 2 2 2 2 1 1 2 1 1 1 2 3 1 1 1 2 1 1 2 2 3 2 1 2 1 1 2 1 1 1 3 2 1 1 1 4 1 1 2 1 1 2 1 1 1 1 2 1 1 1 1 2 3 1 1 2 2 1 3 1 2 1 1 1 1 3 1 2 1 1 2 1 2 1 1 2 2 1 1 1 1 3 1 2 1 1 1 2 1 1 4 1 1 2 1 2 1 1 2 1 2 1 2 2 1 1 1 3 2 2 1 1 2 2 2 1 2 1 2 2 1 2 1 1 1 2 3 1 1 2 2 1 1 2 1 1 2 2 1 1 1 1 2 1 3 1 1 2 1 1 1 1 2 1 1 2 1 2 2 1 1 1 1 2 2 1 1 2 1 2 2 2 1 2 1 1 2 1 3 1 1 2 1 1 2 2 2 2 1 2 2 2 2 1 1 2 3 2 1 1 2 2 2 1 2 1 1 1 1 3 2 1 2 2 2 2 1 1 2 2 2 1 1 2 1 1 1 2 3 2 3 2 1 1 2 1 2 3 2 1 2 2 2 1 1 2 2 1 2 1 2 1 2 1 1 2 3 1 1 1 2 3 1 2 1 2 1 1 2 1 1 2 1 3 1 2 2 2 1 1 1 2 2 2 2 1 1 2 2 1 2 2 4 1 2 2 1 1 2 2 2 1 1 2 2 1 1 2 2 1 2 1 3 1 2 1 1 2 1 1 1 3 1 1 1 1 1 2 2 1 1 1 3 2 1 2 1 2 1 1 1 2 3 2 2 1 2 2 2 1 1 1 2 1 1 1 2 2 1 1 1 1 2 2 2 1 1 1 3 1 1 1 1 1 1 1 1 2 2 1 1 1 1 2 1 1 1 3 1
1.000000
1.000000
1.000000
0.528871 0.471129
0.469136 0.530864
1.000000
0.772608 0.227392
0.267525 0.392659 0.339817
0.633663 0.286309 0.080028
0.222547 0.394693 0.382760
1.000000
0.837500 0.162500
1.000000
1.000000
0.659876 0.340124
0.014658 0.087661 0.282785 0.614896
0.626201 0.373799
1.000000
0.494756 0.505244
1.000000
1.000000
1.000000
1.000000
0.844260 0.155740
1.000000
1.000000
1.000000
0.874170 0.125830
0.730109 0.269891
0.539592 0.460408
0.288297 0.711703
1.000000
1.000000
1.000000
0.459833 0.540167
1.000000
1.000000
0.308677 0.404578 0.286745
1.000000
0.100569 0.327244 0.572187
1.000000
0.594100 0.405900
1.000000
0.078304 0.289288 0.632408
1.000000
0.455148 0.544852
1.000000
0.501419 0.498581
0.800877 0.199123
0.729606 0.228365 0.042029
1.000000
1.000000
1.000000
0.370387 0.629613
1.000000
1.000000
0.584120 0.314112 0.101768
0.071549 0.928451
0.649226 0.350774
0.424340 0.575660
1.000000
1.000000
1.000000
0.336024 0.401414 0.262561
1.000000
1.000000
1.000000
1.000000
0.100802 0.226568 0.321167 0.351464
0.854182 0.145818
0.265051 0.734949
0.719832 0.280168
1.000000
1.000000
0.605065 0.394935
1.000000
1.000000
1.000000
0.771845 0.228155
0.639217 0.360783
0.554977 0.445023
1.000000
0.449327 0.550673
1.000000
1.000000
1.000000
0.723679 0.276321
1.000000
0.451899 0.548101
0.693727 0.306273
0.248669 0.751331
1.000000
1.000000
1.000000
1.000000
1.000000
1.000000
1.000000
1.000000
0.332766 0.403441 0.263793
1.000000
0.867204 0.132796
0.398718 0.601282
0.342548 0.657452
1.000000
0.668476 0.331524
1.000000
0.321078 0.678922
0.659041 0.340959
1.000000
1.000000
1.000000
0.639945 0.360055
0.818767 0.181233
0.366255 0.633745
1.000000
1.000000
0.462049 0.537951
1.000000
1.000000
1.000000
0.279114 0.720886
0.630331 0.369669
0.495337 0.504663
1.000000
1.000000
0.202253 0.797747
0.360597 0.639403
1.000000
1.000000
1.000000
0.514656 0.344984 0.140360
0.673164 0.266012 0.060824
1.000000
1.000000
1.000000
1.000000
1.000000
1.000000
0.088408 0.911592
0.231805 0.414348 0.353847
1.000000
1.000000
0.871841 0.128159
0.172107 0.827893
1.000000
0.068264 0.276277 0.655460
0.895397 0.104603
1.000000
1.000000
1.000000
1.000000
0.595525 0.404475
1.000000
1.000000
0.655953 0.344047
1.000000
0.213604 0.786396
1.000000
1.000000
0.505441 0.494559
1.000000
0.636513 0.363487
1.000000
0.377337 0.622663
1.000000
1.000000
1.000000
1.000000
0.130509 0.869491
1.000000
1.000000
1.000000
0.300739 0.699261
0.691697 0.308303
1.000000
0.452555 0.547445
1.000000
0.061763 0.295343 0.642894
1.000000
1.000000
1.000000
1.000000
0.531770 0.468230
1.000000
0.484746 0.515254
0.825403 0.174597
0.593168 0.406832
0.208249 0.791751
1.000000
1.000000
0.679230 0.320770
0.411627 0.588373
1.000000
1.000000
1.000000
1.000000
1.000000
1.000000
0.725574 0.274426
1.000000
1.000000
0.582803 0.417197
0.157261 0.842739
0.503764 0.496236
0.076194 0.923806
0.188766 0.811234
1.000000
0.069680 0.930320
1.000000
0.765782 0.234218
0.207911 0.792089
1.000000
0.181465 0.382422 0.436113
0.482186 0.364826 0.152988
0.672863 0.327137
0.201822 0.798178
1.000000
0.294113 0.705887
0.206515 0.793485
1.000000
1.000000
0.523703 0.476297
1.000000
0.280948 0.719052
0.588874 0.411126
0.114795 0.885205
0.536529 0.463471
1.000000
1.000000
0.742565 0.257435
0.791900 0.208100
1.000000
0.064473 0.935527
0.336394 0.663606
1.000000
1.000000
0.287288 0.712712
0.513948 0.486052
1.000000
0.447676 0.552324
1.000000
1.000000
0.032560 0.130903 0.308732 0.527805
1.000000
0.642196 0.357804
1.000000
0.200177 0.799823
0.671481 0.328519
0.072536 0.927464
0.174334 0.825666
0.468263 0.531737
1.000000
0.699986 0.300014
1.000000
0.418489 0.345628 0.172118 0.063766
1.000000
0.732783 0.267217
1.000000
1.000000
0.209642 0.790358
1.000000
0.852024 0.147976
0.653669 0.346331
1.000000
0.805221 0.194779
1.000000
1.000000
1.000000
1.000000
1.000000
1.000000
0.555445 0.444555
1.000000
0.948682 0.051318
0.698175 0.301825
0.157186 0.371787 0.471027
1.000000
0.383301 0.394025 0.222674
0.289579 0.710421
1.000000
1.000000
0.666000 0.334000
0.467078 0.532922
1.000000
0.602289 0.397711
0.860027 0.139973
1.000000
1.000000
1.000000
1.000000
1.000000
1.000000
1.000000
0.543618 0.456382
0.604336 0.395664
1.000000
0.607997 0.392003
1.000000
0.044781 0.955219
1.000000
1.000000
1.000000
1.000000
0.538281 0.461719
1.000000
0.136771 0.863229
1.000000
1.000000
1.000000
1.000000
0.717583 0.282417
1.000000
0.256555 0.743445
0.413029 0.586971
1.000000
1.000000
0.232882 0.767118
0.708673 0.291327
0.259527 0.740473
0.335615 0.403206 0.261179
0.610255 0.389745
1.000000
0.226174 0.773826
0.466654 0.533346
1.000000
0.412440 0.587560
0.689514 0.310486
0.227052 0.283326 0.236511 0.159794 0.093318
1.000000
0.122197 0.877803
1.000000
1.000000
1.000000
0.767231 0.232769
1.000000
0.397965 0.602035
0.626826 0.373174
1.000000
1.000000
1.000000
0.389710 0.610290
1.000000
0.748634 0.251366
0.486754 0.364976 0.148270
0.553512 0.446488
1.000000
0.509236 0.490764
1.000000
1.000000
1.000000
0.336381 0.663619
1.000000
0.286678 0.713322
0.761740 0.238260
1.000000
1.000000
1.000000
1.000000
1.000000
1.000000
0.409047 0.379923 0.211030
1.000000
1.000000
0.591749 0.408251
0.518552 0.481448
1.000000
1.000000
1.000000
1.000000
1.000000
1.000000
0.736302 0.263698
1.000000
1.000000
1.000000
0.183800 0.405820 0.410380
0.105211 0.332440 0.562350
1.000000
1.000000
1.000000
0.680901 0.319099
1.000000
0.256224 0.743776
1.000000
1.000000
1.000000
1.000000
1.000000
0.652501 0.347499
0.699985 0.300015
1.000000
0.840706 0.159294
0.199547 0.800453
1.000000
0.607657 0.392343
0.824956 0.175044
0.806662 0.193338
1.000000
1.000000
1.000000
1.000000
1.000000
0.574001 0.425999
1.000000
0.197600 0.802400
0.344261 0.655739
0.577696 0.422304
1.000000
0.508004 0.491996
0.467125 0.532875
0.533318 0.466682
1.000000
0.575098 0.424902
1.000000
0.727185 0.272815
0.498150 0.501850
1.000000
0.122461 0.877539
0.576867 0.423133
1.000000
1.000000
1.000000
0.239619 0.760381
1.000000
1.000000
1.000000
1.000000
0.678527 0.321473
1.000000
0.126938 0.873062
0.195307 0.804693
1.000000
0.422140 0.577860
0.390071 0.609929
0.466058 0.533942
1.000000
0.329495 0.670505
0.604182 0.395818
0.788938 0.211062
0.688813 0.311187
1.000000
1.000000
1.000000
1.000000
0.629318 0.370682
1.000000
1.000000
1.000000
0.676945 0.323055
0.620232 0.379768
0.536738 0.304596 0.119580 0.039087
0.750684 0.249316
1.000000
0.636621 0.363379
0.638441 0.361559
1.000000
1.000000
1.000000
0.915513 0.084487
0.263658 0.736342
0.304050 0.695950
0.272126 0.727874
1.000000
1.000000
1.000000
1.000000
1.000000
1.000000
0.528221 0.471779
0.652033 0.347967
1.000000
1.000000
0.650399 0.349601
1.000000
1.000000
0.632223 0.367777
1.000000
0.501747 0.498253
1.000000
0.743250 0.256750
0.556037 0.331077 0.112885
1.000000
1.000000
1.000000
0.642320 0.357680
0.108718 0.891282
0.234110 0.765890
0.370736 0.629264
1.000000
1.000000
1.000000
1.000000
0.345575 0.654425
0.602796 0.397204
0.400744 0.382800 0.216456
0.195061 0.804939
0.090903 0.909097
1.000000
0.164809 0.309936 0.313050 0.212205
0.531609 0.468391
1.000000
0.255689 0.744311
0.177772 0.822228
1.000000
0.631292 0.368708
0.407773 0.592227
0.299400 0.700600
1.000000
0.747644 0.252356
0.510649 0.489351
1.000000
0.619361 0.380639
1.000000
1.000000
0.610833 0.389167
0.243382 0.756618
1.000000
0.611932 0.304781 0.083287
1.000000
1.000000
1.000000
1.000000
0.077851 0.300575 0.621574
1.000000
0.607598 0.392402
1.000000
0.931374 0.068626
1.000000
0.877530 0.122470
1.000000
1.000000
1.000000
0.569667 0.430333
1.000000
0.637651 0.362349
1.000000
1.000000
0.789990 0.210010
1.000000
0.275744 0.724256
0.502694 0.497306
1.000000
1.000000
0.582021 0.417979
1.000000
1.000000
1.000000
1.000000
1.000000
1.000000
1.000000
1.000000
0.134358 0.865642
1.000000
0.872192 0.127808
1.000000
1.000000
1.000000
1.000000
1.000000
1.000000
0.252417 0.402688 0.344895
1.000000
1.000000
0.401996 0.391651 0.206353
0.537849 0.462151
0.622805 0.377195
0.262829 0.737171
0.518741 0.481259
0.769360 0.230640
1.000000
1.000000
1.000000
1.000000
1.000000
0.666099 0.333901
1.000000
1.000000
1.000000
1.000000
1.000000
1.000000
1.000000
0.655933 0.344067
1.000000
0.307321 0.692679
1.000000
1.000000
1.000000
1.000000
0.110522 0.889478
0.739012 0.260988
1.000000
0.477368 0.522632
1.000000
1.000000
1.000000
1.000000
0.733316 0.266684
1.000000
0.545130 0.454870
1.000000
1.000000
0.832510 0.167490
1.000000
1.000000
0.133209 0.354715 0.512076
0.724767 0.275233
0.210745 0.789255
0.772131 0.227869
1.000000
1.000000
0.647023 0.277749 0.075229
0.534454 0.465546
0.583937 0.416063
0.494095 0.505905
1.000000
0.113512 0.886488
1.000000
1.000000
1.000000
1.000000
0.071175 0.308425 0.620401
0.660519 0.339481
0.346385 0.391293 0.262322
1.000000
0.419067 0.580933
1.000000
1.000000
1.000000
0.725930 0.274070
1.000000
0.784480 0.215520
0.296250 0.703750
1.000000
1.000000
0.525720 0.356155 0.118125
0.738605 0.261395
0.276632 0.723368
1.000000
0.723823 0.276177
1.000000
1.000000
0.585855 0.414145
1.000000
1.000000
1.000000
0.697671 0.302329
0.177574 0.381000 0.441426
0.151614 0.848386
1.000000
1.000000
0.492201 0.507799
0.322193 0.677807
1.000000
1.000000
1.000000
1.000000
1.000000
1.000000
0.548262 0.451738
0.726573 0.273427
0.093966 0.906034
1.000000
0.611374 0.388626
0.722452 0.277548
1.000000
0.643000 0.357000
1.000000
1.000000
0.571740 0.428260
1.000000
1.000000
1.000000
0.668757 0.331243
1.000000
1.000000
0.120367 0.346183 0.533449
0.665051 0.334949
1.000000
1.000000
1.000000
0.254520 0.745480
1.000000
0.059201 0.261692 0.679107
1.000000
0.762940 0.237060
1.000000
1.000000
1.000000
1.000000
1.000000
1.000000
0.760986 0.239014
0.012341 0.150553 0.837106
0.119730 0.880270
0.716347 0.283653
1.000000
1.000000
1.000000
1.000000
0.693092 0.306908
0.128257 0.871743
0.248225 0.751775
0.672031 0.327969
0.486451 0.513549
0.266891 0.733109
1.000000
0.795019 0.204981
0.593519 0.406481
0.611094 0.388906
0.308593 0.691407
1.000000
1.000000
0.155784 0.844216
1.000000
1.000000
1.000000
1.000000
1.000000
1.000000
0.551572 0.448428
1.000000
1.000000
1.000000
1.000000
0.355299 0.644701
0.340364 0.659636
0.614389 0.385611
0.839511 0.160489
0.608658 0.391342
1.000000
1.000000
0.542357 0.457643
0.771720 0.228280
1.000000
1.000000
0.751692 0.248308
1.000000
1.000000
1.000000
0.228153 0.771847
1.000000
0.516918 0.483082
0.709315 0.290685
1.000000
1.000000
0.386497 0.394002 0.219501
1.000000
1.000000
0.099961 0.900039
0.572936 0.427064
1.000000
0.621027 0.378973
0.740326 0.259674
1.000000
0.472695 0.527305
0.681514 0.318486
1.000000
1.000000
1.000000
1.000000
1.000000
0.629046 0.370954
0.808808 0.191192
0.205176 0.794824
0.807210 0.192790
1.000000
0.628747 0.371253
1.000000
1.000000
1.000000
0.379668 0.620332
1.000000
0.712522 0.287478
1.000000
0.617143 0.382857
0.525357 0.474643
0.777774 0.222226
1.000000
0.839453 0.160547
1.000000
1.000000
0.032876 0.967124
1.000000
0.312538 0.687462
1.000000
1.000000
0.169646 0.830354
0.791022 0.208978
1.000000
1.000000
0.142527 0.857473
1.000000
0.180377 0.819623
1.000000
1.000000
0.381628 0.618372
0.535261 0.464739
0.910910 0.089090
0.333102 0.666898
0.058262 0.941738
1.000000
0.558950 0.441050
1.000000
1.000000
0.511575 0.488425
0.710265 0.289735
0.572369 0.427631
0.635812 0.364188
0.293099 0.706901
1.000000
1.000000
1.000000
0.212218 0.787782
1.000000
1.000000
0.667360 0.332640
1.000000
0.508959 0.491041
1.000000
0.851789 0.148211
0.348843 0.651157
1.000000
1.000000
0.682195 0.317805
0.877151 0.122849
0.374891 0.625109
0.196058 0.803942
1.000000
1.000000
0.588541 0.411459
0.549540 0.450460
0.839247 0.160753
1.000000
0.639217 0.360783
1.000000
0.464471 0.535529
0.483555 0.516445
1.000000
1.000000
1.000000
0.684733 0.315267
1.000000
0.687117 0.312883
1.000000
0.060488 0.273945 0.665567
1.000000
1.000000
1.000000
1.000000
0.209492 0.790508
1.000000
1.000000
1.000000
1.000000
0.907708 0.092292
0.721229 0.278771
1.000000
1.000000
1.000000
1.000000
1.000000
0.364355 0.635645
0.768805 0.231195
1.000000
0.417996 0.582004
0.853730 0.146270
1.000000
0.391325 0.402744 0.205931
0.440624 0.559376
1.000000
0.719889 0.280111
0.790214 0.209786
1.000000
0.429758 0.570242
0.756175 0.243825
0.285192 0.714808
0.864044 0.135956
1.000000
0.125861 0.874139
1.000000
0.569211 0.430789
1.000000
1.000000
1.000000
1.000000
0.673956 0.326044
0.732267 0.267733
1.000000
0.424240 0.575760
1.000000
1.000000
0.557724 0.442276
1.000000
0.403131 0.596869
0.587322 0.412678
1.000000
1.000000
0.304721 0.404058 0.291222
1.000000
1.000000
0.813200 0.186800
1.000000
1.000000
0.769681 0.230319
0.216633 0.783367
0.417656 0.582344
0.387188 0.612812
0.744565 0.255435
0.483321 0.516679
0.363862 0.383527 0.252611
1.000000
0.152446 0.847554
1.000000
1.000000
0.280750 0.405170 0.314080
1.000000
1.000000
0.933956 0.066044
1.000000
1.000000
0.666337 0.333663
1.000000
0.642117 0.357883
0.718335 0.281665
1.000000
1.000000
0.447479 0.552521
1.000000
1.000000
0.414566 0.385699 0.199735
0.416552 0.583448
1.000000
1.000000
1.000000
0.586046 0.413954
0.193716 0.806284
0.390850 0.393591 0.215559
0.397309 0.602691
0.264903 0.392577 0.342520
1.000000
0.257111 0.742889
0.261051 0.738949
0.231699 0.768301
0.185285 0.814715
0.321427 0.678573
1.000000
0.536874 0.463126
0.522664 0.477336
1.000000
0.550623 0.449377
1.000000
0.600187 0.399813
0.469504 0.370861 0.159635
1.000000
1.000000
1.000000
1.000000
1.000000
1.000000
0.495387 0.504613
1.000000
1.000000
1.000000
0.517315 0.482685
0.331669 0.668331
1.000000
0.455858 0.544142
1.000000
1.000000
0.520589 0.479411
0.071979 0.310273 0.617748
1.000000
0.350849 0.378453 0.270699
1.000000
1.000000
1.000000
0.639174 0.360826
1.000000
1.000000
0.396502 0.603498
1.000000
1.000000
1.000000
0.744681 0.255319
0.591850 0.408150
1.000000
1.000000
0.841452 0.158548
0.855900 0.144100
1.000000
0.230515 0.769485
0.482139 0.517861
0.297935 0.702065
0.222682 0.777318
1.000000
1.000000
0.277468 0.722532
0.708525 0.291475
0.631703 0.368297
0.213297 0.316640 0.282696 0.187367
0.577671 0.422329
1.000000
1.000000
1.000000
1.000000
0.621204 0.378796
1.000000
1.000000
1.000000
1.000000
0.918301 0.081699
0.711211 0.288789
0.632523 0.367477
0.910940 0.089060
0.111166 0.888834
1.000000
0.639785 0.360215
1.000000
1.000000
1.000000
1.000000
1.000000
1.000000
1.000000
1.000000
0.731612 0.268388
1.000000
0.627441 0.372559
0.232561 0.767439
1.000000
1.000000
0.340145 0.659855
0.505307 0.494693
0.481036 0.379223 0.139741
0.490139 0.509861
0.323911 0.676089
1.000000
1.000000
0.352695 0.395059 0.252246
0.442187 0.557813
1.000000
0.900846 0.099154
1.000000
0.785683 0.214317
1.000000
1.000000
1.000000
1.000000
0.652010 0.347990
1.000000
0.358450 0.641550
1.000000
0.702541 0.297459
1.000000
0.008306 0.057435 0.234621 0.699638
1.000000
0.202734 0.797266
1.000000
1.000000
0.648126 0.283558 0.068316
1.000000
1.000000
1.000000
0.401606 0.598394
0.427088 0.572912
1.000000
0.252710 0.747290
0.457145 0.389464 0.153392
1.000000
1.000000
1.000000
1.000000
0.194824 0.385675 0.419500
1.000000
1.000000
1.000000
1.000000
1.000000
1.000000
1.000000
0.368964 0.631036
0.442489 0.557511
0.266298 0.733702
0.689050 0.310950
0.187646 0.812354
0.257761 0.742239
0.942448 0.057552
0.604223 0.395777
1.000000
0.201037 0.798963
1.000000
0.167510 0.832490
1.000000
1.000000
0.191597 0.808403
0.560123 0.332212 0.107665
1.000000
1.000000
1.000000
0.553328 0.446672
0.133674 0.866326
1.000000
1.000000
0.220428 0.779572
1.000000
1.000000
1.000000
1.000000
0.053518 0.946482
1.000000
0.284036 0.393903 0.322061
0.820904 0.179096
1.000000
1.000000
1.000000
1.000000
1.000000
0.432903 0.383449 0.183648
1.000000
1.000000
1.000000
0.447813 0.552187
0.151708 0.848292
1.000000
1.000000
0.581904 0.418096
1.000000
0.452780 0.547220
0.770655 0.229345
1.000000
0.163288 0.836712
1.000000
1.000000
0.872970 0.127030
0.731241 0.268759
0.552231 0.447769
0.555313 0.444687
1.000000
1.000000
0.928090 0.071910
1.000000
1.000000
0.187762 0.812238
1.000000
1.000000
0.622889 0.377111
1.000000
1.000000
1.000000
0.702416 0.297584
1.000000
0.713926 0.286074
1.000000
0.775311 0.224689
0.842840 0.157160
0.181041 0.818959
0.820316 0.179684
1.000000
0.079145 0.302159 0.618697
1.000000
1.000000
1.000000
0.511149 0.488851
1.000000
0.519537 0.480463
0.317927 0.682073
0.148581 0.851419
1.000000
1.000000
0.859644 0.140356
1.000000
0.693307 0.306693
1.000000
1.000000
0.865521 0.134479
0.517396 0.482604
0.598771 0.401229
1.000000
0.409366 0.590634
1.000000
0.013424 0.077235 0.261981 0.647360
1.000000
1.000000
0.902629 0.097371
0.067859 0.932141
0.658148 0.341852
0.012422 0.148906 0.838671
1.000000
1.000000
0.181121 0.818879
1.000000
1.000000
0.740184 0.259816
1.000000
0.142444 0.362274 0.495282
1.000000
0.173871 0.826129
0.512667 0.352266 0.135067
0.140611 0.859389
1.000000
1.000000
0.673060 0.326940
0.128146 0.280428 0.330146 0.261280
0.467786 0.532214
0.286271 0.713729
1.000000
0.298164 0.701836
0.918582 0.081418
1.000000
1.000000
1.000000
0.266620 0.733380
1.000000
1.000000
1.000000
0.802754 0.197246
1.000000
0.052209 0.259137 0.688654
1.000000
1.000000
1.000000
1.000000
1.000000
0.127831 0.352274 0.519895
0.638293 0.361707
1.000000
1.000000
1.000000
0.462075 0.537925
1.000000
0.866930 0.133070
0.027280 0.972720
0.571498 0.428502
0.544770 0.455230
1.000000
0.497424 0.360348 0.142228
1.000000
1.000000
1.000000
0.770167 0.229833
1.000000
1.000000
1.000000
0.621749 0.378251
1.000000
0.584741 0.415259
0.118601 0.881399
1.000000
0.357100 0.418432 0.224468
1.000000
0.652492 0.347508
0.527900 0.472100
0.686992 0.313008
1.000000
0.798522 0.201478
1.000000
1.000000
1.000000
1.000000
1.000000
0.078108 0.300991 0.620901
0.532351 0.467649
1.000000
0.457332 0.542668
1.000000
0.236554 0.763446
0.861204 0.138796
1.000000
1.000000
1.000000
1.000000
1.000000
0.319766 0.680234
1.000000
1.000000
0.327893 0.672107
1.000000
1.000000
0.886527 0.113473
1.000000
0.740380 0.259620
1.000000
0.638118 0.361882
0.775365 0.224635
1.000000
1.000000
1.000000
1.000000
1.000000
1.000000
1.000000
0.447671 0.552329
0.582411 0.417589
0.876453 0.123547
1.000000
0.518484 0.481516
1.000000
1.000000
1.000000
0.764072 0.235928
0.607256 0.392744
1.000000
1.000000
1.000000
0.546757 0.338787 0.114456
1.000000
1.000000
0.391164 0.608836
0.284343 0.715657
0.164245 0.835755
1.000000
0.410996 0.589004
1.000000
1.000000
1.000000
0.322750 0.677250
0.216273 0.783727
0.829227 0.170773
1.000000
0.580971 0.419029
0.399605 0.600395
1.000000
0.715921 0.284079
1.000000
1.000000
0.596310 0.403690
1.000000
0.882825 0.117175
0.303243 0.696757
1.000000
0.765613 0.234387
0.198520 0.801480
0.275005 0.724995
0.255976 0.744024
1.000000
0.152647 0.368869 0.478484
1.000000
0.622017 0.377983
0.126522 0.351079 0.522399
1.000000
0.451937 0.548063
0.489868 0.510132
1.000000
1.000000
0.637230 0.294198 0.068572
0.277482 0.722518
0.377146 0.622854
0.656743 0.277027 0.066231
1.000000
0.434282 0.383112 0.182606
1.000000
0.399940 0.600060
1.000000
1.000000
1.000000
1.000000
1.000000
0.273387 0.726613
1.000000
0.761595 0.238405
0.832837 0.167163
1.000000
1.000000
0.673300 0.326700
0.752489 0.247511
0.443766 0.556234
1.000000
0.122752 0.877248
0.695539 0.304461
0.089861 0.910139
0.808999 0.191001
0.372065 0.415890 0.212045
1.000000
1.000000
0.541812 0.458188
1.000000
0.699708 0.300292
1.000000
0.733857 0.266143
0.526364 0.473636
1.000000
0.215302 0.784698
1.000000
0.555970 0.444030
1.000000
0.630809 0.369191
1.000000
0.354925 0.645075
0.338469 0.661531
1.000000
1.000000
1.000000
0.578474 0.421526
1.000000
1.000000
1.000000
0.623971 0.376029
1.000000
1.000000
0.638336 0.361664
0.602689 0.397311
1.000000
1.000000
0.757383 0.242617
1.000000
1.000000
1.000000
1.000000
1.000000
1.000000
0.468212 0.531788
0.135581 0.864419
1.000000
0.721457 0.278543
1.000000
0.733162 0.266838
1.000000
1.000000
1.000000
0.562018 0.437982
1.000000
1.000000
0.072155 0.927845
0.428329 0.571671
1.000000
1.000000
1.000000
1.000000
1.000000
0.629973 0.370027
0.430107 0.569893
1.000000
1.000000
0.900051 0.099949
1.000000
1.000000
1.000000
0.915417 0.084583
0.644622 0.355378
1.000000
1.000000
0.750297 0.249703
0.596108 0.403892
1.000000
1.000000
1.000000
1.000000
0.580106 0.419894
0.656192 0.343808
0.741183 0.258817
0.462654 0.537346
1.000000
0.709157 0.290843
1.000000
1.000000
1.000000
0.702679 0.297321
0.242486 0.757514
0.475709 0.524291
1.000000
0.526905 0.473095
1.000000
0.536732 0.463268
1.000000
1.000000
1.000000
0.450789 0.549211
1.000000
0.122649 0.877351
1.000000
1.000000
0.610872 0.389128
1.000000
0.091168 0.303997 0.604835
1.000000
1.000000
0.678621 0.321379
1.000000
1.000000
1.000000
0.139811 0.860189
1.000000
1.000000
0.702373 0.297627
1.000000
0.292119 0.707881
1.000000
0.220158 0.323139 0.279911 0.176792
0.573209 0.426791
0.756301 0.243699
1.000000
0.351774 0.419837 0.228389
0.343889 0.392097 0.264014
0.469800 0.530200
1.000000
1.000000
0.651128 0.348872
0.506122 0.347956 0.145923
0.657866 0.342134
1.000000
0.202148 0.797852
1.000000
0.485403 0.514597
0.623614 0.376386
1.000000
1.000000
1.000000
0.443781 0.556219
1.000000
0.130252 0.869748
0.523539 0.476461
1.000000
1.000000
0.605056 0.394944
1.000000
1.000000
0.334862 0.392736 0.272401
0.686878 0.313122
0.783973 0.192757 0.023269
0.614487 0.385513
0.470573 0.529427
1.000000
0.209553 0.790447
0.480723 0.519277
1.000000
0.142615 0.857385
0.537020 0.462980
1.000000
1.000000
1.000000
1.000000
0.670217 0.329783
0.524682 0.360887 0.114431
0.128820 0.871180
1.000000
0.790966 0.209034
1.000000
1.000000
1.000000
0.281095 0.718905
1.000000
1.000000
1.000000
0.147372 0.353604 0.499024
1.000000
0.705425 0.294575
0.411051 0.588949
0.316143 0.398841 0.285017
0.888114 0.111886
1.000000
0.634951 0.365049
1.000000
0.588538 0.411462
0.579580 0.316175 0.104245
1.000000
0.690363 0.309637
1.000000
0.548068 0.451932
1.000000
0.831677 0.168323
0.840609 0.159391
0.475438 0.524562
0.033557 0.232895 0.733549
0.291891 0.708109
1.000000
1.000000
1.000000
1.000000
0.453040 0.368369 0.178591
1.000000
1.000000
1.000000
0.747338 0.252662
1.000000
0.737911 0.221864 0.040226
0.213270 0.786730
1.000000
1.000000
0.194670 0.805330
1.000000
0.896434 0.103566
0.303405 0.696595
1.000000
0.332953 0.403717 0.263330
1.000000
0.385734 0.614266
1.000000
0.506871 0.493129
1.000000
0.214337 0.785663
0.536753 0.463247
0.440911 0.559089
0.330443 0.669557
1.000000
1.000000
0.498383 0.501617
0.864122 0.135878
1.000000
0.759112 0.240888
1.000000
1.000000
0.370594 0.629406
0.696119 0.303881
1.000000
0.829008 0.170992
0.555288 0.444712
0.520642 0.479358
0.479520 0.520480
0.550152 0.449848
0.430069 0.569931
0.736920 0.263080
0.413531 0.586469
1.000000
1.000000
0.274507 0.725493
1.000000
1.000000
1.000000
0.655604 0.344396
0.449185 0.375072 0.175743
1.000000
1.000000
1.000000
0.354955 0.645045
1.000000
1.000000
0.124473 0.875527
0.218362 0.781638
0.460463 0.365803 0.173734
0.429267 0.570733
1.000000
0.640132 0.359868
1.000000
1.000000
0.716368 0.283632
1.000000
1.000000
1.000000
0.514804 0.363156 0.122040
0.635979 0.364021
1.000000
1.000000
1.000000
0.147327 0.281159 0.315150 0.256364
1.000000
1.000000
0.369363 0.630637
1.000000
1.000000
0.184479 0.815521
1.000000
1.000000
1.000000
1.000000
0.751714 0.248286
1.000000
1.000000
1.000000
1.000000
0.538896 0.461104
0.383301 0.394025 0.222674
1.000000
1.000000
0.687467 0.312533
0.129621 0.870379
1.000000
0.294853 0.405525 0.299622
1.000000
0.622831 0.377169
1.000000
1.000000
1.000000
1.000000
0.281009 0.403765 0.315226
1.000000
0.769913 0.230087
1.000000
1.000000
0.529957 0.470043
1.000000
0.835559 0.164441
1.000000
1.000000
0.786123 0.213877
0.678114 0.321886
1.000000
1.000000
1.000000
1.000000
0.232690 0.419990 0.347321
1.000000
0.682417 0.317583
1.000000
1.000000
1.000000
0.526875 0.473125
1.000000
1.000000
0.479924 0.333570 0.141431 0.045074
1.000000
1.000000
0.591873 0.408127
1.000000
0.423180 0.576820
1.000000
1.000000
0.405466 0.594534
1.000000
0.584803 0.415197
1.000000
0.662687 0.337313
0.598113 0.401887
1.000000
1.000000
1.000000
0.027944 0.198586 0.773470
0.723300 0.276700
0.075720 0.924280
1.000000
1.000000
0.280094 0.719906
0.211824 0.788176
0.706639 0.293361
1.000000
0.622031 0.377969
1.000000
0.521829 0.478171
0.758441 0.241559
1.000000
0.146668 0.853332
1.000000
1.000000
1.000000
0.491410 0.508590
0.625732 0.296756 0.077511
1.000000
1.000000
0.338166 0.661834
0.674517 0.325483
1.000000
1.000000
0.633245 0.366755
1.000000
1.000000
0.539637 0.460363
0.726996 0.273004
1.000000
1.000000
1.000000
1.000000
0.490896 0.509104
1.000000
0.639732 0.285336 0.074931
1.000000
1.000000
0.724894 0.275106
1.000000
1.000000
1.000000
1.000000
0.672829 0.327171
1.000000
1.000000
0.626248 0.373752
1.000000
0.334824 0.665176
0.521179 0.478821
1.000000
1.000000
1.000000
1.000000
0.614544 0.385456
0.440099 0.559901
1.000000
1.000000
0.392587 0.607413
1.000000
0.366203 0.633797
0.048015 0.951985
0.338903 0.661097
1.000000
0.409809 0.590191
1.000000
1.000000
0.195268 0.804732
1.000000
0.291217 0.394149 0.314634
1.000000
1.000000
0.661347 0.338653
1.000000
1.000000
0.539059 0.460941
0.053609 0.946391
0.611081 0.388919
0.778594 0.221406
1.000000
0.629384 0.370616
0.728049 0.271951
0.249941 0.750059
0.159840 0.840160
1.000000
1.000000
0.427202 0.572798
0.334555 0.402698 0.262747
0.574776 0.425224
1.000000
1.000000
0.681898 0.318102
0.162535 0.837465
0.611841 0.388159
1.000000
0.221974 0.778026
1.000000
1.000000
1.000000
1.000000
0.128136 0.371609 0.500255
0.250511 0.749489
1.000000
0.327984 0.672016
0.500689 0.499311
0.597192 0.402808
0.424315 0.575685
1.000000
1.000000
0.633106 0.366894
0.314557 0.685443
0.284790 0.715210
1.000000
1.000000
0.372994 0.627006
1.000000
1.000000
1.000000
0.159617 0.840383
0.382238 0.394028 0.223734
0.410662 0.589338
0.105528 0.332224 0.562248
0.831054 0.168946
1.000000
1.000000
0.293361 0.706639
1.000000
0.585646 0.414354
0.055690 0.265301 0.679009
0.663122 0.336878
1.000000
0.450240 0.549760
0.294431 0.705569
0.723368 0.276632
1.000000
1.000000
0.056110 0.943890
0.365320 0.634680
1.000000
0.748199 0.251801
1.000000
0.454026 0.545974
1.000000
0.624701 0.375299
1.000000
1.000000
0.328519 0.671481
0.193793 0.388582 0.417625
1.000000
1.000000
1.000000
0.848545 0.151455
0.087726 0.332540 0.579733
1.000000
0.044861 0.955139
1.000000
0.577260 0.422740
1.000000
1.000000
0.179625 0.820375
1.000000
1.000000
0.410224 0.589776
1.000000
0.168277 0.374127 0.457596
1.000000
0.237730 0.762270
0.374952 0.625048
0.619255 0.380745
1.000000
1.000000
1.000000
0.692341 0.307659
0.636847 0.363153
0.586212 0.413788
0.352646 0.647354
1.000000
1.000000
0.328986 0.671014
0.564831 0.435169
1.000000
0.723512 0.276488
0.169019 0.830981
0.342807 0.332638 0.213857 0.110698
1.000000
0.653578 0.346422
0.399987 0.600013
1.000000
1.000000
0.191056 0.808944
0.155567 0.844433
0.866845 0.133155
1.000000
1.000000
0.379645 0.620355
0.472240 0.527760
1.000000
1.000000
0.406990 0.593010
0.882195 0.117805
1.000000
0.913019 0.086981
1.000000
0.067012 0.284861 0.648126
1.000000
0.771653 0.228347
1.000000
1.000000
0.859834 0.140166
1.000000
1.000000
1.000000
0.312376 0.402576 0.285048
1.000000
1.000000
1.000000
1.000000
1.000000
0.361063 0.638937
0.710056 0.289944
1.000000
1.000000
1.000000
0.013304 0.155477 0.831219
0.647686 0.352314
1.000000
0.084329 0.915671
1.000000
0.356514 0.643486
1.000000
1.000000
1.000000
0.784320 0.215680
0.293956 0.405346 0.300698
0.235092 0.764908
0.394070 0.605930
1.000000
0.511023 0.488977
0.671730 0.328270
0.611064 0.388936
1.000000
1.000000
1.000000
0.696274 0.303726
1.000000
1.000000
1.000000
0.592635 0.407365
0.556579 0.443421
1.000000
1.000000
1.000000
1.000000
0.687332 0.312668
0.590619 0.409381
0.861523 0.138477
1.000000
1.000000
1.000000
0.283488 0.404223 0.312289
1.000000
1.000000
1.000000
1.000000
1.000000
1.000000
1.000000
1.000000
0.400407 0.599593
0.724596 0.275404
1.000000
1.000000
1.000000
1.000000
0.617374 0.382626
1.000000
1.000000
1.000000
0.359510 0.399265 0.241225
1.000000
