0.000167 0.999833
0.999534 0.000466
0.998655 0.001345
0.945394 0.054606
0.357663 0.642337
0.000005 0.999995
0.974870 0.025130
0.671632 0.328368
0.958649 0.041351
0.653711 0.346289
0.000000 1.000000
0.996218 0.003782
0.000001 0.999999
0.000016 0.999984
0.993073 0.006927
0.000000 1.000000
0.980813 0.019187
0.999987 0.000013
0.877528 0.122472
0.000000 1.000000
0.999986 0.000014
0.000034 0.999966
0.985078 0.014922
0.996615 0.003385
0.007936 0.992064
0.997383 0.002617
0.000043 0.999957
0.999509 0.000491
0.997185 0.002815
0.695440 0.304560
0.017134 0.982866
0.979937 0.020063
0.991855 0.008145
1.000000 0.000000
0.827272 0.172728
0.995157 0.004843
0.997296 0.002704
0.605599 0.394401
0.000402 0.999598
0.000137 0.999863
0.000000 1.000000
0.895607 0.104393
0.000178 0.999822
0.000001 0.999999
0.000001 0.999999
0.341075 0.658925
0.000000 1.000000
0.935800 0.064200
0.997933 0.002067
0.996954 0.003046
0.996380 0.003620
0.000000 1.000000
0.040786 0.959214
0.020126 0.979874
0.000000 1.000000
0.011447 0.988553
0.986415 0.013585
-0.000000 1.000000
0.993040 0.006960
0.544599 0.455401
0.000002 0.999998
0.008753 0.991247
0.999096 0.000904
0.896875 0.103125
0.000000 1.000000
0.000000 1.000000
0.904654 0.095346
0.027613 0.972387
0.082259 0.917741
0.999534 0.000466
0.000031 0.999969
0.970668 0.029332
0.001562 0.998438
0.998508 0.001492
0.887540 0.112460
0.000452 0.999548
0.999565 0.000435
0.999397 0.000603
0.997239 0.002761
0.979525 0.020475
0.967679 0.032321
0.000000 1.000000
0.369595 0.630405
0.998148 0.001852
0.995503 0.004497
0.998338 0.001662
0.958853 0.041147
0.000000 1.000000
0.742870 0.257130
0.996307 0.003693
0.000001 0.999999
0.995813 0.004187
0.995416 0.004584
0.998477 0.001523
0.000000 1.000000
0.999269 0.000731
0.000000 1.000000
0.999600 0.000400
0.999434 0.000566
0.955818 0.044182
0.000000 1.000000
0.998813 0.001187
0.043908 0.956092
0.007727 0.992273
0.999136 0.000864
0.988179 0.011821
0.000000 1.000000
0.016010 0.983990
0.982632 0.017368
0.997476 0.002524
0.000028 0.999972
0.000494 0.999506
0.984450 0.015550
0.999014 0.000986
0.184257 0.815743
0.000000 1.000000
0.998544 0.001456
0.515817 0.484183
0.998261 0.001739
0.998074 0.001926
0.997735 0.002265
0.000099 0.999901
0.982532 0.017468
0.836329 0.163671
0.000094 0.999906
0.000000 1.000000
0.000000 1.000000
0.108604 0.891396
0.999784 0.000216
0.000000 1.000000
0.999315 0.000685
0.849262 0.150738
0.997264 0.002736
0.000000 1.000000
0.000231 0.999769
0.000011 0.999989
1.000000 0.000000
0.001902 0.998098
0.999911 0.000089
0.000000 1.000000
0.273803 0.726197
0.986023 0.013977
0.999971 0.000029
0.999814 0.000186
0.000000 1.000000
0.000000 1.000000
0.000000 1.000000
0.999294 0.000706
0.000000 1.000000
0.007541 0.992459
0.999781 0.000219
0.999347 0.000653
0.750200 0.249800
0.999783 0.000217
0.939890 0.060110
0.945514 0.054486
0.999999 0.000001
0.000000 1.000000
0.999380 0.000620
0.000000 1.000000
0.887194 0.112806
0.864589 0.135411
0.940447 0.059553
0.000003 0.999997
0.087272 0.912728
0.999741 0.000259
0.999991 0.000009
0.000011 0.999989
0.000000 1.000000
0.000000 1.000000
0.991698 0.008302
0.222047 0.777953
0.000000 1.000000
0.000110 0.999890
0.990170 0.009830
0.970726 0.029274
0.463252 0.536748
0.999745 0.000255
0.000001 0.999999
0.997549 0.002451
0.013166 0.986834
0.999660 0.000340
-0.000000 1.000000
0.298349 0.701651
0.981333 0.018667
0.650323 0.349677
0.999145 0.000855
0.962205 0.037795
0.000001 0.999999
0.000066 0.999934
0.999900 0.000100
0.909890 0.090110
0.058683 0.941317
0.000000 1.000000
0.998954 0.001046
0.999999 0.000001
0.996468 0.003532
0.993383 0.006617
0.999962 0.000038
0.997165 0.002835
0.980269 0.019731
0.000002 0.999998
0.952511 0.047489
0.000000 1.000000
0.847520 0.152480
-0.000000 1.000000
0.000000 1.000000
0.999956 0.000044
0.000000 1.000000
0.000047 0.999953
0.996183 0.003817
0.000000 1.000000
0.000000 1.000000
0.035587 0.964413
0.977959 0.022041
0.982175 0.017825
0.000000 1.000000
0.999995 0.000005
0.000772 0.999228
0.000000 1.000000
0.997797 0.002203
0.000000 1.000000
0.948899 0.051101
0.021190 0.978810
0.000371 0.999629
0.846922 0.153078
-0.000000 1.000000
0.447943 0.552057
0.997167 0.002833
0.999873 0.000127
0.994782 0.005218
0.995719 0.004281
0.999529 0.000471
-0.000000 1.000000
0.017812 0.982188
0.999492 0.000508
0.999152 0.000848
0.009013 0.990987
0.947046 0.052954
0.003373 0.996627
0.262003 0.737997
0.000000 1.000000
0.000038 0.999962
0.000000 1.000000
0.963554 0.036446
0.989549 0.010451
0.999999 0.000001
0.000000 1.000000
0.991670 0.008330
-0.000000 1.000000
0.000000 1.000000
0.409813 0.590187
-0.000000 1.000000
0.989470 0.010530
0.999865 0.000135
0.794113 0.205887
0.000000 1.000000
0.996374 0.003626
0.999746 0.000254
0.003195 0.996805
0.000000 1.000000
0.989743 0.010257
0.999612 0.000388
0.904742 0.095258
0.998726 0.001274
0.997904 0.002096
0.997583 0.002417
0.000001 0.999999
0.003454 0.996546
0.000000 1.000000
0.765850 0.234150
0.000002 0.999998
0.947627 0.052373
0.999999 0.000001
0.999982 0.000018
0.914329 0.085671
0.005582 0.994418
0.390515 0.609485
0.949570 0.050430
0.000120 0.999880
0.000000 1.000000
0.002737 0.997263
0.984574 0.015426
0.833073 0.166927
0.984693 0.015307
0.980030 0.019970
0.999142 0.000858
0.973289 0.026711
0.998751 0.001249
0.003018 0.996982
0.114031 0.885969
0.970062 0.029938
-0.000000 1.000000
0.000000 1.000000
0.964689 0.035311
0.970511 0.029489
0.000000 1.000000
0.974179 0.025821
0.000028 0.999972
0.000000 1.000000
0.146776 0.853224
0.000000 1.000000
0.000000 1.000000
0.999710 0.000290
0.951571 0.048429
0.990745 0.009255
0.000000 1.000000
0.998841 0.001159
0.996186 0.003814
0.999999 0.000001
0.999890 0.000110
0.979281 0.020719
0.999899 0.000101
0.000399 0.999601
0.102829 0.897171
0.999102 0.000898
0.000002 0.999998
0.000005 0.999995
0.943287 0.056713
0.000159 0.999841
0.522373 0.477627
0.814712 0.185288
0.121877 0.878123
0.000000 1.000000
0.866958 0.133042
0.999888 0.000112
0.016505 0.983495
0.990553 0.009447
0.679744 0.320256
0.000000 1.000000
0.000000 1.000000
0.000669 0.999331
0.000000 1.000000
0.000000 1.000000
0.997797 0.002203
0.999999 0.000001
0.121382 0.878618
0.933118 0.066882
0.008005 0.991995
0.980778 0.019222
0.999990 0.000010
0.009668 0.990332
0.983514 0.016486
0.997597 0.002403
0.965038 0.034962
0.963984 0.036016
0.999942 0.000058
0.860133 0.139867
0.000000 1.000000
0.999400 0.000600
0.948699 0.051301
0.005011 0.994989
0.000000 1.000000
0.000054 0.999946
0.998166 0.001834
0.999993 0.000007
0.999989 0.000011
0.984185 0.015815
0.998897 0.001103
0.000000 1.000000
0.998474 0.001526
0.859552 0.140448
0.721083 0.278917
0.999996 0.000004
0.836362 0.163638
0.580109 0.419891
0.997023 0.002977
1.000000 0.000000
0.915330 0.084670
0.997964 0.002036
0.999826 0.000174
0.996289 0.003711
0.997644 0.002356
0.000000 1.000000
0.000000 1.000000
0.999071 0.000929
0.044287 0.955713
0.000102 0.999898
0.000441 0.999559
0.000418 0.999582
0.999889 0.000111
0.990984 0.009016
0.999836 0.000164
0.000016 0.999984
0.662354 0.337646
0.999346 0.000654
0.999998 0.000002
0.999912 0.000088
0.000945 0.999055
0.986234 0.013766
0.954278 0.045722
0.999975 0.000025
0.998673 0.001327
0.000000 1.000000
0.990283 0.009717
0.976861 0.023139
0.997423 0.002577
0.996729 0.003271
0.004109 0.995891
0.999685 0.000315
0.000000 1.000000
0.999999 0.000001
0.000000 1.000000
0.974858 0.025142
0.999915 0.000085
0.000000 1.000000
0.005611 0.994389
0.980815 0.019185
0.998847 0.001153
0.924339 0.075661
0.755682 0.244318
0.804604 0.195396
0.850923 0.149077
0.606957 0.393043
0.000159 0.999841
0.996963 0.003037
0.515748 0.484252
0.000767 0.999233
0.000000 1.000000
0.956931 0.043069
0.999999 0.000001
0.474625 0.525375
0.999875 0.000125
0.000000 1.000000
0.999906 0.000094
0.000000 1.000000
0.002012 0.997988
0.984602 0.015398
0.991614 0.008386
0.000000 1.000000
0.000000 1.000000
0.000000 1.000000
0.001384 0.998616
0.655805 0.344195
0.046871 0.953129
0.726783 0.273217
0.055046 0.944954
0.004970 0.995030
0.870880 0.129120
0.986464 0.013536
0.996805 0.003195
0.000000 1.000000
0.000171 0.999829
0.000000 1.000000
0.005559 0.994441
0.968781 0.031219
0.001069 0.998931
0.999839 0.000161
0.999995 0.000005
0.958039 0.041961
0.989708 0.010292
0.984563 0.015437
0.994063 0.005937
0.000004 0.999996
0.992396 0.007604
0.986107 0.013893
0.000000 1.000000
0.015823 0.984177
0.999943 0.000057
0.999434 0.000566
0.000136 0.999864
0.008852 0.991148
0.000382 0.999618
0.999240 0.000760
0.999945 0.000055
0.000000 1.000000
0.999198 0.000802
0.999897 0.000103
0.000325 0.999675
0.532961 0.467039
0.829658 0.170342
0.000000 1.000000
0.000000 1.000000
0.981553 0.018447
0.000000 1.000000
1.000000 0.000000
0.977981 0.022019
0.995041 0.004959
0.956693 0.043307
0.992228 0.007772
0.998207 0.001793
0.906506 0.093494
0.000445 0.999555
0.999858 0.000142
0.000000 1.000000
0.991736 0.008264
0.000000 1.000000
0.000001 0.999999
0.375355 0.624645
0.000000 1.000000
0.080951 0.919049
0.000340 0.999660
0.000000 1.000000
0.060650 0.939350
0.839526 0.160474
0.974035 0.025965
0.000000 1.000000
0.000000 1.000000
0.923144 0.076856
0.799708 0.200292
0.936621 0.063379
1.000000 0.000000
0.000125 0.999875
0.000000 1.000000
0.999978 0.000022
0.974265 0.025735
0.103214 0.896786
0.000522 0.999478
0.999988 0.000012
0.997123 0.002877
0.943567 0.056433
0.578110 0.421890
0.987818 0.012182
0.999995 0.000005
0.000005 0.999995
0.975570 0.024430
0.000001 0.999999
0.997976 0.002024
0.992702 0.007298
0.004773 0.995227
0.999919 0.000081
0.910956 0.089044
0.993105 0.006895
0.000000 1.000000
0.000000 1.000000
0.975235 0.024765
0.999985 0.000015
0.999976 0.000024
0.999255 0.000745
0.999466 0.000534
0.000000 1.000000
0.000000 1.000000
0.993463 0.006537
0.722327 0.277673
0.999130 0.000870
0.993431 0.006569
0.997935 0.002065
0.000000 1.000000
0.983319 0.016681
0.999999 0.000001
0.000272 0.999728
0.844600 0.155400
-0.000000 1.000000
0.995385 0.004615
0.978349 0.021651
0.000024 0.999976
0.999965 0.000035
0.989608 0.010392
0.999188 0.000812
0.002374 0.997626
0.999477 0.000523
0.000000 1.000000
0.000000 1.000000
0.000000 1.000000
0.998547 0.001453
0.999868 0.000132
0.000000 1.000000
0.000000 1.000000
0.999834 0.000166
0.000002 0.999998
0.000001 0.999999
0.953398 0.046602
0.705788 0.294212
0.000330 0.999670
0.004806 0.995194
0.974025 0.025975
0.829402 0.170598
0.979812 0.020188
0.000321 0.999679
0.305289 0.694711
0.996082 0.003918
0.000000 1.000000
0.999903 0.000097
0.996907 0.003093
0.000000 1.000000
0.000000 1.000000
0.927916 0.072084
0.946223 0.053777
0.999998 0.000002
0.999996 0.000004
0.997312 0.002688
0.916307 0.083693
0.999968 0.000032
0.988667 0.011333
0.914953 0.085047
0.000001 0.999999
0.000457 0.999543
0.999999 0.000001
0.999677 0.000323
0.000285 0.999715
0.000000 1.000000
-0.000000 1.000000
0.962039 0.037961
0.999383 0.000617
0.836162 0.163838
0.999999 0.000001
0.999757 0.000243
0.999106 0.000894
0.999739 0.000261
0.998042 0.001958
0.998017 0.001983
0.530438 0.469562
0.784903 0.215097
0.000000 1.000000
0.999302 0.000698
0.998710 0.001290
0.001525 0.998475
0.001722 0.998278
0.996121 0.003879
0.000000 1.000000
0.996168 0.003832
0.990907 0.009093
0.999966 0.000034
0.989902 0.010098
0.950812 0.049188
0.735454 0.264546
0.891954 0.108046
0.993786 0.006214
0.000000 1.000000
0.996746 0.003254
0.000000 1.000000
0.999663 0.000337
0.997546 0.002454
0.000022 0.999978
0.990170 0.009830
0.943585 0.056415
0.998959 0.001041
0.535675 0.464325
0.994672 0.005328
0.000021 0.999979
0.000000 1.000000
0.992031 0.007969
0.992724 0.007276
0.998135 0.001865
0.010073 0.989927
0.023645 0.976355
0.000009 0.999991
0.972940 0.027060
0.992377 0.007623
0.000424 0.999576
0.997448 0.002552
0.995729 0.004271
0.999680 0.000320
0.998079 0.001921
0.958143 0.041857
0.000003 0.999997
0.000000 1.000000
0.000000 1.000000
0.990143 0.009857
0.037633 0.962367
0.000000 1.000000
0.000000 1.000000
1.000000 0.000000
0.368756 0.631244
0.000943 0.999057
0.996406 0.003594
0.996684 0.003316
0.996705 0.003295
0.000000 1.000000
0.003051 0.996949
0.999997 0.000003
0.941693 0.058307
0.998120 0.001880
-0.000000 1.000000
0.976974 0.023026
0.698204 0.301796
0.972639 0.027361
0.000001 0.999999
0.992149 0.007851
0.950185 0.049815
0.999937 0.000063
0.975103 0.024897
0.972116 0.027884
0.000003 0.999997
0.965453 0.034547
0.990534 0.009466
0.999308 0.000692
0.156370 0.843630
0.000107 0.999893
0.966739 0.033261
0.999954 0.000046
0.000015 0.999985
0.999995 0.000005
0.000038 0.999962
0.999998 0.000002
0.000000 1.000000
0.989792 0.010208
0.995221 0.004779
0.000000 1.000000
0.989757 0.010243
1.000000 0.000000
0.999999 0.000001
0.000026 0.999974
0.774798 0.225202
0.990536 0.009464
0.000000 1.000000
-0.000000 1.000000
0.995111 0.004889
0.859657 0.140343
0.000013 0.999987
0.907929 0.092071
0.999857 0.000143
0.994732 0.005268
0.000000 1.000000
0.000016 0.999984
0.991471 0.008529
0.919948 0.080052
0.000033 0.999967
0.987241 0.012759
0.991950 0.008050
0.780888 0.219112
0.959409 0.040591
0.000864 0.999136
0.999988 0.000012
0.997433 0.002567
0.000000 1.000000
0.000000 1.000000
0.999994 0.000006
0.000045 0.999955
0.981639 0.018361
0.970825 0.029175
0.980122 0.019878
0.399166 0.600834
0.999867 0.000133
0.000029 0.999971
0.549460 0.450540
0.936132 0.063868
0.046405 0.953595
0.103880 0.896120
0.969486 0.030514
0.997107 0.002893
0.843569 0.156431
0.999999 0.000001
0.999702 0.000298
0.955657 0.044343
0.994324 0.005676
0.000001 0.999999
0.999997 0.000003
0.985215 0.014785
0.000000 1.000000
0.999999 0.000001
0.997458 0.002542
0.000000 1.000000
0.999990 0.000010
0.905050 0.094950
0.996097 0.003903
0.999807 0.000193
0.999974 0.000026
0.940544 0.059456
0.999405 0.000595
0.000002 0.999998
0.000000 1.000000
0.980273 0.019727
0.000000 1.000000
0.969421 0.030579
0.951525 0.048475
0.999834 0.000166
0.823017 0.176983
0.901962 0.098038
0.989642 0.010358
0.985407 0.014593
0.000005 0.999995
0.983532 0.016468
0.999993 0.000007
0.985199 0.014801
0.998517 0.001483
0.000000 1.000000
0.999216 0.000784
0.992477 0.007523
0.987060 0.012940
0.993163 0.006837
0.001367 0.998633
0.998899 0.001101
0.286216 0.713784
0.999808 0.000192
0.995516 0.004484
0.000011 0.999989
0.988668 0.011332
0.468680 0.531320
0.995472 0.004528
0.933044 0.066956
0.995517 0.004483
0.985424 0.014576
0.999952 0.000048
0.000000 1.000000
0.999649 0.000351
0.005967 0.994033
0.999990 0.000010
0.989803 0.010197
0.000000 1.000000
0.996499 0.003501
0.000425 0.999575
0.000304 0.999696
0.000000 1.000000
0.000001 0.999999
0.000000 1.000000
0.999939 0.000061
0.999993 0.000007
0.331430 0.668570
0.905522 0.094478
0.999180 0.000820
0.118470 0.881530
0.000000 1.000000
0.999917 0.000083
0.938361 0.061639
0.801422 0.198578
0.997345 0.002655
0.934340 0.065660
0.996840 0.003160
0.950728 0.049272
0.991327 0.008673
0.001295 0.998705
0.999999 0.000001
0.996980 0.003020
0.969203 0.030797
0.000000 1.000000
0.997227 0.002773
0.000042 0.999958
0.991626 0.008374
0.999995 0.000005
0.907015 0.092985
0.997512 0.002488
0.996792 0.003208
0.005788 0.994212
0.000039 0.999961
0.856613 0.143387
0.979726 0.020274
0.999611 0.000389
0.211506 0.788494
0.000000 1.000000
0.999997 0.000003
0.899199 0.100801
0.981429 0.018571
0.391069 0.608931
0.999381 0.000619
0.000001 0.999999
0.974396 0.025604
0.999969 0.000031
0.528891 0.471109
0.903264 0.096736
0.000011 0.999989
0.028029 0.971971
0.000000 1.000000
0.992469 0.007531
0.999998 0.000002
0.988307 0.011693
0.000002 0.999998
0.000000 1.000000
0.000003 0.999997
0.998755 0.001245
0.998618 0.001382
0.000000 1.000000
0.000002 0.999998
0.000000 1.000000
0.000000 1.000000
0.000000 1.000000
0.000182 0.999818
0.999955 0.000045
0.966644 0.033356
0.992487 0.007513
0.998362 0.001638
0.999764 0.000236
0.999853 0.000147
0.999597 0.000403
0.034547 0.965453
0.995176 0.004824
0.000000 1.000000
0.083082 0.916918
0.999492 0.000508
0.999999 0.000001
0.818994 0.181006
0.504508 0.495492
0.999927 0.000073
0.936220 0.063780
0.997604 0.002396
0.999912 0.000088
0.462943 0.537057
0.994475 0.005525
0.005320 0.994680
0.999573 0.000427
0.994310 0.005690
0.000000 1.000000
0.977500 0.022500
0.973865 0.026135
0.000003 0.999997
0.000000 1.000000
0.999997 0.000003
0.999735 0.000265
0.987065 0.012935
0.993108 0.006892
0.999935 0.000065
0.441446 0.558554
0.999759 0.000241
0.998966 0.001034
0.969988 0.030012
0.998857 0.001143
0.089467 0.910533
0.620541 0.379459
0.998819 0.001181
0.995112 0.004888
0.520236 0.479764
0.000000 1.000000
0.989576 0.010424
0.999282 0.000718
0.999471 0.000529
0.081310 0.918690
0.999086 0.000914
0.000000 1.000000
0.108143 0.891857
0.064100 0.935900
0.996348 0.003652
0.867058 0.132942
0.948383 0.051617
0.997258 0.002742
0.000000 1.000000
0.999917 0.000083
0.993883 0.006117
0.867189 0.132811
0.000000 1.000000
0.997914 0.002086
0.999737 0.000263
0.000000 1.000000
0.000143 0.999857
0.979924 0.020076
0.999927 0.000073
0.990828 0.009172
0.996238 0.003762
0.088987 0.911013
0.999683 0.000317
0.502105 0.497895
0.996078 0.003922
0.000000 1.000000
0.957642 0.042358
0.281507 0.718493
0.989147 0.010853
0.986578 0.013422
0.999506 0.000494
0.957822 0.042178
0.000000 1.000000
0.969218 0.030782
0.010453 0.989547
0.908467 0.091533
0.992257 0.007743
0.000008 0.999992
0.000059 0.999941
0.000002 0.999998
0.000002 0.999998
0.005776 0.994224
0.999424 0.000576
0.595122 0.404878
0.954365 0.045635
0.000000 1.000000
0.944386 0.055614
0.999596 0.000404
0.972468 0.027532
0.981989 0.018011
0.999298 0.000702
0.000000 1.000000
0.998705 0.001295
1.000000 0.000000
0.999633 0.000367
0.000004 0.999996
0.926527 0.073473
0.998351 0.001649
0.999996 0.000004
0.997822 0.002178
0.915662 0.084338
0.000968 0.999032
0.997014 0.002986
0.648135 0.351865
0.999461 0.000539
0.997895 0.002105
0.902206 0.097794
0.000004 0.999996
0.000000 1.000000
0.681752 0.318248
0.996667 0.003333
0.000000 1.000000
0.000000 1.000000
0.990552 0.009448
0.999350 0.000650
0.998915 0.001085
0.112541 0.887459
0.997848 0.002152
0.999027 0.000973
0.000073 0.999927
0.998102 0.001898
0.982456 0.017544
0.999988 0.000012
0.996846 0.003154
0.999678 0.000322
0.999736 0.000264
0.002108 0.997892
0.000012 0.999988
0.434932 0.565068
0.006059 0.993941
0.000001 0.999999
0.987916 0.012084
0.047817 0.952183
0.000043 0.999957
0.994933 0.005067
0.981018 0.018982
0.913176 0.086824
0.961380 0.038620
0.999916 0.000084
0.999939 0.000061
1.000000 0.000000
0.997866 0.002134
0.963636 0.036364
0.000000 1.000000
0.999821 0.000179
0.993315 0.006685
0.000000 1.000000
0.999929 0.000071
0.991717 0.008283
0.986124 0.013876
0.999901 0.000099
0.000000 1.000000
0.000084 0.999916
0.984611 0.015389
0.998625 0.001375
0.986277 0.013723
0.999897 0.000103
0.999346 0.000654
0.500797 0.499203
0.994566 0.005434
0.999115 0.000885
0.998496 0.001504
0.998318 0.001682
0.999998 0.000002
0.872098 0.127902
0.000004 0.999996
0.000000 1.000000
0.999890 0.000110
0.002865 0.997135
0.683530 0.316470
0.971476 0.028524
0.918800 0.081200
0.001964 0.998036
0.999998 0.000002
0.000037 0.999963
0.929501 0.070499
0.789472 0.210528
0.999448 0.000552
0.999713 0.000287
0.996230 0.003770
0.998592 0.001408
0.999798 0.000202
0.000002 0.999998
0.000000 1.000000
0.986919 0.013081
0.964267 0.035733
0.999997 0.000003
0.040101 0.959899
0.876054 0.123946
0.990217 0.009783
0.980300 0.019700
0.000000 1.000000
0.000000 1.000000
0.000000 1.000000
0.999503 0.000497
0.999977 0.000023
0.962791 0.037209
0.000000 1.000000
0.959012 0.040988
0.000001 0.999999
0.013641 0.986359
0.217871 0.782129
0.999970 0.000030
0.000006 0.999994
0.961589 0.038411
0.887346 0.112654
0.999936 0.000064
0.999866 0.000134
0.999548 0.000452
0.100055 0.899945
0.999999 0.000001
0.000000 1.000000
0.955574 0.044426
0.999999 0.000001
0.999573 0.000427
0.000000 1.000000
0.000000 1.000000
0.100233 0.899767
0.395731 0.604269
0.000198 0.999802
0.986594 0.013406
0.000000 1.000000
0.000006 0.999994
0.999960 0.000040
0.947368 0.052632
0.000015 0.999985
0.000000 1.000000
0.991122 0.008878
0.000000 1.000000
0.999999 0.000001
0.999543 0.000457
0.000000 1.000000
0.993520 0.006480
1.000000 0.000000
0.000000 1.000000
0.004436 0.995564
0.815729 0.184271
0.000000 1.000000
0.999045 0.000955
0.998969 0.001031
0.000000 1.000000
0.999427 0.000573
-0.000000 1.000000
0.997974 0.002026
0.999979 0.000021
-0.000000 1.000000
0.000741 0.999259
0.665063 0.334937
0.995271 0.004729
0.999531 0.000469
0.000414 0.999586
0.000000 1.000000
0.997866 0.002134
0.999979 0.000021
0.976726 0.023274
0.999581 0.000419
0.000015 0.999985
0.000000 1.000000
0.801932 0.198068
0.000000 1.000000
0.069974 0.930026
0.996921 0.003079
0.980834 0.019166
0.000367 0.999633
0.066073 0.933927
0.996602 0.003398
0.985259 0.014741
0.000000 1.000000
0.967868 0.032132
0.999996 0.000004
0.998586 0.001414
0.989144 0.010856
0.977510 0.022490
0.975422 0.024578
0.000001 0.999999
0.998364 0.001636
0.999686 0.000314
-0.000000 1.000000
0.999999 0.000001
0.000000 1.000000
0.000009 0.999991
0.366490 0.633510
0.977337 0.022663
0.000514 0.999486
0.998775 0.001225
0.055165 0.944835
0.990071 0.009929
0.991703 0.008297
0.961899 0.038101
0.999568 0.000432
0.992604 0.007396
0.999183 0.000817
0.000000 1.000000
0.999336 0.000664
0.000000 1.000000
0.000001 0.999999
0.000000 1.000000
0.998823 0.001177
0.998901 0.001099
0.944868 0.055132
0.999614 0.000386
0.885064 0.114936
0.000355 0.999645
0.000000 1.000000
0.999925 0.000075
0.000002 0.999998
0.999461 0.000539
0.999691 0.000309
0.987207 0.012793
0.971908 0.028092
-0.000000 1.000000
0.999589 0.000411
0.629181 0.370819
0.734936 0.265064
0.919212 0.080788
0.577915 0.422085
0.999981 0.000019
0.000000 1.000000
0.000000 1.000000
0.999826 0.000174
0.999220 0.000780
0.000000 1.000000
0.978517 0.021483
0.000000 1.000000
0.999682 0.000318
0.985862 0.014138
0.000000 1.000000
0.999865 0.000135
0.999592 0.000408
0.996180 0.003820
0.999303 0.000697
0.003705 0.996295
0.002571 0.997429
0.000000 1.000000
0.967896 0.032104
0.000000 1.000000
0.999997 0.000003
1.000000 0.000000
0.995328 0.004672
0.723776 0.276224
0.870217 0.129783
0.000092 0.999908
0.000001 0.999999
0.000347 0.999653
0.999407 0.000593
0.999999 0.000001
0.000131 0.999869
0.000000 1.000000
0.000065 0.999935
0.999726 0.000274
0.998139 0.001861
0.000000 1.000000
0.998095 0.001905
0.999998 0.000002
0.000000 1.000000
0.997576 0.002424
0.000000 1.000000
0.998403 0.001597
0.999733 0.000267
0.978304 0.021696
0.000513 0.999487
0.968078 0.031922
0.999956 0.000044
0.984781 0.015219
0.999293 0.000707
0.272682 0.727318
0.999929 0.000071
0.997781 0.002219
-0.000000 1.000000
0.976757 0.023243
0.862540 0.137460
0.006750 0.993250
0.970711 0.029289
0.935927 0.064073
0.889647 0.110353
0.999985 0.000015
0.996838 0.003162
0.000597 0.999403
0.000000 1.000000
0.999694 0.000306
0.977530 0.022470
0.014134 0.985866
0.923182 0.076818
0.000000 1.000000
0.998567 0.001433
0.532417 0.467583
0.999952 0.000048
0.992772 0.007228
0.490378 0.509622
0.993470 0.006530
0.000000 1.000000
0.998986 0.001014
0.000001 0.999999
0.055282 0.944718
0.998422 0.001578
0.000001 0.999999
0.999991 0.000009
0.000000 1.000000
0.952665 0.047335
0.000241 0.999759
0.128801 0.871199
0.000000 1.000000
0.000001 0.999999
0.999704 0.000296
0.093846 0.906154
0.000000 1.000000
0.000145 0.999855
0.986219 0.013781
0.000000 1.000000
0.007193 0.992807
0.998346 0.001654
0.999996 0.000004
0.009459 0.990541
0.000008 0.999992
0.000314 0.999686
0.999656 0.000344
0.000000 1.000000
0.992624 0.007376
1.000000 0.000000
0.939494 0.060506
0.998314 0.001686
0.999938 0.000062
0.995202 0.004798
0.986713 0.013287
0.000000 1.000000
0.999988 0.000012
0.000013 0.999987
0.999845 0.000155
0.676648 0.323352
0.955944 0.044056
0.999200 0.000800
0.999991 0.000009
0.955750 0.044250
0.000000 1.000000
0.992871 0.007129
0.999843 0.000157
0.996978 0.003022
0.876415 0.123585
0.999949 0.000051
0.999708 0.000292
0.837202 0.162798
0.889064 0.110936
0.999993 0.000007
0.997200 0.002800
0.077445 0.922555
0.000419 0.999581
0.000000 1.000000
0.995062 0.004938
0.051649 0.948351
0.993915 0.006085
0.999993 0.000007
0.000000 1.000000
0.001503 0.998497
0.000000 1.000000
0.998976 0.001024
0.000001 0.999999
0.754992 0.245008
0.671213 0.328787
0.020503 0.979497
0.991560 0.008440
0.012429 0.987571
0.999998 0.000002
0.971440 0.028560
0.999371 0.000629
0.995114 0.004886
0.000372 0.999628
0.997286 0.002714
0.997653 0.002347
0.000000 1.000000
0.000037 0.999963
0.000350 0.999650
0.999881 0.000119
0.084400 0.915600
0.125945 0.874055
0.964898 0.035102
0.000262 0.999738
0.999994 0.000006
0.349832 0.650168
0.867380 0.132620
0.000040 0.999960
0.000021 0.999979
0.893090 0.106910
0.000383 0.999617
0.100340 0.899660
0.996370 0.003630
0.000000 1.000000
0.957265 0.042735
0.000000 1.000000
0.026442 0.973558
0.996361 0.003639
0.995609 0.004391
0.990545 0.009455
0.925030 0.074970
0.999582 0.000418
0.000025 0.999975
0.999872 0.000128
0.998326 0.001674
0.999176 0.000824
0.000000 1.000000
0.000000 1.000000
0.986782 0.013218
0.997869 0.002131
0.771160 0.228840
0.999466 0.000534
0.000000 1.000000
0.996126 0.003874
-0.000000 1.000000
0.998975 0.001025
0.930016 0.069984
0.999790 0.000210
0.999819 0.000181
0.389498 0.610502
0.999893 0.000107
0.890396 0.109604
0.000000 1.000000
0.996186 0.003814
0.924958 0.075042
0.993648 0.006352
0.000000 1.000000
0.999916 0.000084
0.975626 0.024374
0.001228 0.998772
0.934286 0.065714
0.999341 0.000659
0.016530 0.983470
0.007740 0.992260
1.000000 0.000000
0.000000 1.000000
0.999995 0.000005
0.964203 0.035797
0.454823 0.545177
0.000000 1.000000
0.000164 0.999836
0.947597 0.052403
0.999333 0.000667
0.010381 0.989619
0.984959 0.015041
0.970145 0.029855
0.003046 0.996954
0.962934 0.037066
0.975440 0.024560
0.000431 0.999569
0.000000 1.000000
0.000002 0.999998
0.243682 0.756318
0.997768 0.002232
0.000052 0.999948
0.416898 0.583102
0.000000 1.000000
0.000005 0.999995
0.990455 0.009545
0.997718 0.002282
0.993779 0.006221
0.999868 0.000132
0.000000 1.000000
0.985481 0.014519
0.966958 0.033042
0.966371 0.033629
0.999505 0.000495
-0.000000 1.000000
0.185934 0.814066
0.001692 0.998308
0.998842 0.001158
0.000459 0.999541
0.000000 1.000000
0.000000 1.000000
0.982385 0.017615
0.090189 0.909811
0.996051 0.003949
0.000000 1.000000
0.999599 0.000401
0.999088 0.000912
0.000040 0.999960
0.001911 0.998089
0.999929 0.000071
0.974326 0.025674
0.999520 0.000480
0.999966 0.000034
0.996499 0.003501
0.797847 0.202153
0.994878 0.005122
0.998575 0.001425
0.000745 0.999255
0.000000 1.000000
0.958409 0.041591
0.981646 0.018354
0.997059 0.002941
0.125054 0.874946
0.997815 0.002185
0.993186 0.006814
0.000250 0.999750
0.999801 0.000199
0.999609 0.000391
0.989301 0.010699
0.000006 0.999994
0.465131 0.534869
0.000000 1.000000
0.809060 0.190940
0.999544 0.000456
0.634547 0.365453
0.999992 0.000008
0.000020 0.999980
0.002784 0.997216
0.721081 0.278919
0.000774 0.999226
0.000000 1.000000
0.000000 1.000000
0.999832 0.000168
0.963692 0.036308
0.000405 0.999595
0.000024 0.999976
0.998931 0.001069
0.999460 0.000540
0.990890 0.009110
0.999997 0.000003
0.998496 0.001504
0.000001 0.999999
0.000000 1.000000
0.999699 0.000301
0.000028 0.999972
0.993314 0.006686
0.992530 0.007470
0.000423 0.999577
0.000000 1.000000
0.878318 0.121682
0.971205 0.028795
0.995063 0.004937
0.999991 0.000009
0.814074 0.185926
0.913214 0.086786
0.245468 0.754532
0.999008 0.000992
0.992463 0.007537
0.968623 0.031377
0.986991 0.013009
0.959224 0.040776
0.998888 0.001112
0.000000 1.000000
0.973458 0.026542
0.493338 0.506662
0.981825 0.018175
0.993466 0.006534
0.691473 0.308527
0.967865 0.032135
0.272155 0.727845
0.029405 0.970595
0.000000 1.000000
0.909288 0.090712
0.000691 0.999309
0.000134 0.999866
0.984943 0.015057
0.998808 0.001192
0.000000 1.000000
0.940386 0.059614
0.945506 0.054494
0.999031 0.000969
0.910733 0.089267
0.841826 0.158174
0.999686 0.000314
0.000000 1.000000
0.178849 0.821151
0.071308 0.928692
0.000000 1.000000
0.836095 0.163905
0.998427 0.001573
0.987525 0.012475
0.000000 1.000000
0.012526 0.987474
0.974182 0.025818
0.985354 0.014646
0.000000 1.000000
0.000000 1.000000
0.989807 0.010193
0.998227 0.001773
0.000026 0.999974
0.999971 0.000029
0.000033 0.999967
0.097702 0.902298
0.999284 0.000716
0.779879 0.220121
0.002539 0.997461
0.000000 1.000000
0.997374 0.002626
0.369623 0.630377
0.906959 0.093041
0.999385 0.000615
0.999848 0.000152
0.963346 0.036654
0.993866 0.006134
0.944003 0.055997
0.932675 0.067325
0.000000 1.000000
0.959854 0.040146
0.984783 0.015217
0.743649 0.256351
0.000000 1.000000
0.999651 0.000349
0.997604 0.002396
0.316438 0.683562
0.000000 1.000000
0.000133 0.999867
0.999927 0.000073
0.000426 0.999574
0.997902 0.002098
0.999988 0.000012
0.963649 0.036351
0.000027 0.999973
0.000113 0.999887
0.985976 0.014024
0.995897 0.004103
0.999975 0.000025
0.995622 0.004378
0.000000 1.000000
0.005201 0.994799
0.836212 0.163788
0.000000 1.000000
0.000001 0.999999
0.998288 0.001712
0.000211 0.999789
1.000000 0.000000
0.464196 0.535804
0.996310 0.003690
0.035234 0.964766
0.000502 0.999498
0.931458 0.068542
0.000183 0.999817
0.000000 1.000000
0.936696 0.063304
0.379334 0.620666
0.002365 0.997635
0.998844 0.001156
0.997826 0.002174
0.753484 0.246516
0.998285 0.001715
0.999888 0.000112
0.998330 0.001670
0.241971 0.758029
0.980050 0.019950
0.046934 0.953066
0.994220 0.005780
0.999912 0.000088
0.999608 0.000392
0.828562 0.171438
0.896266 0.103734
0.780428 0.219572
0.626470 0.373530
0.357627 0.642373
0.994774 0.005226
0.445875 0.554125
0.000010 0.999990
0.999776 0.000224
0.000033 0.999967
0.990705 0.009295
0.997212 0.002788
0.995405 0.004595
0.985334 0.014666
0.966352 0.033648
0.999466 0.000534
0.987997 0.012003
0.000000 1.000000
0.009979 0.990021
0.999944 0.000056
0.995439 0.004561
0.000000 1.000000
0.000002 0.999998
0.984155 0.015845
0.140559 0.859441
0.000000 1.000000
0.985990 0.014010
0.999359 0.000641
0.999647 0.000353
0.984310 0.015690
0.999622 0.000378
0.049780 0.950220
1.000000 0.000000
0.983060 0.016940
0.977489 0.022511
0.999992 0.000008
0.000000 1.000000
0.000002 0.999998
0.327585 0.672415
0.000000 1.000000
0.000073 0.999927
0.159398 0.840602
0.761846 0.238154
0.000000 1.000000
0.000000 1.000000
0.998796 0.001204
0.991942 0.008058
0.999195 0.000805
0.999344 0.000656
0.987430 0.012570
0.998156 0.001844
0.999999 0.000001
0.032867 0.967133
0.948708 0.051292
0.667660 0.332340
0.963781 0.036219
0.999204 0.000796
0.053655 0.946345
0.936299 0.063701
0.000000 1.000000
0.898061 0.101939
0.892584 0.107416
0.999959 0.000041
0.975610 0.024390
0.999125 0.000875
0.999819 0.000181
0.998724 0.001276
0.888501 0.111499
0.478926 0.521074
0.912720 0.087280
0.987908 0.012092
0.008386 0.991614
1.000000 0.000000
0.817127 0.182873
0.999948 0.000052
0.999346 0.000654
0.042591 0.957409
0.973460 0.026540
0.996882 0.003118
0.955669 0.044331
0.000020 0.999980
0.999805 0.000195
-0.000000 1.000000
0.000000 1.000000
0.220621 0.779379
0.999797 0.000203
0.953951 0.046049
-0.000000 1.000000
0.999623 0.000377
-0.000000 1.000000
0.753183 0.246817
0.999896 0.000104
0.981209 0.018791
0.983458 0.016542
0.000040 0.999960
0.999976 0.000024
0.973244 0.026756
0.989570 0.010430
0.788365 0.211635
0.998460 0.001540
0.999992 0.000008
0.101814 0.898186
0.999658 0.000342
0.983642 0.016358
0.999794 0.000206
0.994777 0.005223
0.692454 0.307546
1.000000 0.000000
0.000250 0.999750
0.999729 0.000271
0.000000 1.000000
0.983889 0.016111
-0.000000 1.000000
0.210333 0.789667
0.998307 0.001693
0.000069 0.999931
0.000009 0.999991
0.994518 0.005482
0.000000 1.000000
0.940911 0.059089
0.999692 0.000308
0.945559 0.054441
0.998616 0.001384
0.997874 0.002126
0.000000 1.000000
0.954296 0.045704
0.552929 0.447071
0.998290 0.001710
0.913511 0.086489
0.991225 0.008775
0.999868 0.000132
0.999994 0.000006
0.077315 0.922685
0.919208 0.080792
0.000001 0.999999
0.999984 0.000016
0.983467 0.016533
0.001360 0.998640
0.000018 0.999982
0.938030 0.061970
0.997566 0.002434
1.000000 0.000000
0.993728 0.006272
0.999995 0.000005
0.996100 0.003900
0.823257 0.176743
0.998557 0.001443
0.900656 0.099344
0.983070 0.016930
0.000027 0.999973
0.988438 0.011562
0.999846 0.000154
0.927257 0.072743
0.000000 1.000000
0.000000 1.000000
0.982298 0.017702
0.993057 0.006943
0.997491 0.002509
0.990541 0.009459
0.000000 1.000000
0.005284 0.994716
0.466043 0.533957
0.000001 0.999999
0.000000 1.000000
0.000001 0.999999
-0.000000 1.000000
0.956966 0.043034
0.648259 0.351741
0.000000 1.000000
0.997847 0.002153
0.254733 0.745267
0.999999 0.000001
0.138282 0.861718
-0.000000 1.000000
0.024334 0.975666
0.993255 0.006745
0.128470 0.871530
0.986415 0.013585
0.942902 0.057098
0.000000 1.000000
0.000056 0.999944
0.856988 0.143012
0.989501 0.010499
0.999934 0.000066
0.956336 0.043664
0.000000 1.000000
0.996586 0.003414
0.962411 0.037589
0.000000 1.000000
0.973276 0.026724
0.998662 0.001338
0.989585 0.010415
0.983739 0.016261
0.988438 0.011562
0.000049 0.999951
0.000000 1.000000
0.999874 0.000126
0.000001 0.999999
0.061362 0.938638
0.917124 0.082876
0.945547 0.054453
0.000000 1.000000
0.997868 0.002132
0.965426 0.034574
0.000000 1.000000
0.971239 0.028761
0.000000 1.000000
0.000000 1.000000
0.999998 0.000002
0.992397 0.007603
0.998979 0.001021
0.002327 0.997673
0.050857 0.949143
0.000020 0.999980
0.998737 0.001263
0.000886 0.999114
0.522749 0.477251
0.967757 0.032243
0.249197 0.750803
0.000001 0.999999
0.004073 0.995927
0.990675 0.009325
0.000498 0.999502
0.000157 0.999843
0.999845 0.000155
0.000003 0.999997
0.004865 0.995135
0.094238 0.905762
0.982571 0.017429
0.997731 0.002269
0.000000 1.000000
0.680041 0.319959
0.312669 0.687331
0.000075 0.999925
0.994220 0.005780
0.980876 0.019124
0.000352 0.999648
0.000935 0.999065
0.999197 0.000803
0.967383 0.032617
0.000000 1.000000
0.915276 0.084724
0.850509 0.149491
0.153576 0.846424
0.000731 0.999269
0.990407 0.009593
0.000046 0.999954
0.000000 1.000000
-0.000000 1.000000
0.017505 0.982495
0.999594 0.000406
0.995773 0.004227
0.000076 0.999924
0.227184 0.772816
0.000000 1.000000
0.931494 0.068506
0.036119 0.963881
0.000000 1.000000
0.002729 0.997271
0.044515 0.955485
0.000009 0.999991
0.998631 0.001369
0.000119 0.999881
0.999557 0.000443
0.000029 0.999971
0.999530 0.000470
0.000000 1.000000
0.001011 0.998989
0.946083 0.053917
0.000001 0.999999
0.000000 1.000000
0.000000 1.000000
0.999999 0.000001
0.999974 0.000026
0.196690 0.803310
0.986133 0.013867
0.031610 0.968390
0.996909 0.003091
0.000000 1.000000
0.005531 0.994469
0.984163 0.015837
0.000835 0.999165
0.995236 0.004764
0.999930 0.000070
0.989824 0.010176
0.983166 0.016834
0.977193 0.022807
0.015082 0.984918
0.997613 0.002387
0.999899 0.000101
0.005460 0.994540
0.788135 0.211865
0.000000 1.000000
0.998049 0.001951
0.000000 1.000000
0.964268 0.035732
0.999167 0.000833
0.985188 0.014812
0.620165 0.379835
0.999921 0.000079
0.999890 0.000110
0.000000 1.000000
0.000000 1.000000
0.999854 0.000146
0.000000 1.000000
0.999611 0.000389
0.365676 0.634324
0.863048 0.136952
0.999977 0.000023
0.987761 0.012239
0.197464 0.802536
0.999819 0.000181
1.000000 0.000000
0.999427 0.000573
0.981222 0.018778
0.000000 1.000000
0.000020 0.999980
0.999022 0.000978
0.000058 0.999942
0.999977 0.000023
0.998304 0.001696
0.999886 0.000114
0.645079 0.354921
0.999508 0.000492
0.908142 0.091858
0.083729 0.916271
0.000000 1.000000
0.000000 1.000000
0.999962 0.000038
0.999809 0.000191
0.243839 0.756161
0.994061 0.005939
0.999325 0.000675
0.999936 0.000064
0.000000 1.000000
0.000000 1.000000
0.974413 0.025587
0.001867 0.998133
-0.000000 1.000000
0.000716 0.999284
0.073035 0.926965
0.993955 0.006045
0.000000 1.000000
0.000275 0.999725
0.944837 0.055163
0.891156 0.108844
0.000001 0.999999
0.333026 0.666974
0.999943 0.000057
0.274335 0.725665
0.987071 0.012929
0.988704 0.011296
0.978221 0.021779
0.003562 0.996438
0.992180 0.007820
0.993551 0.006449
0.007446 0.992554
0.000131 0.999869
0.992442 0.007558
0.976113 0.023887
0.956396 0.043604
0.990237 0.009763
0.999939 0.000061
0.998902 0.001098
0.000000 1.000000
0.990926 0.009074
0.977693 0.022307
0.994944 0.005056
0.998742 0.001258
0.999998 0.000002
0.991745 0.008255
0.827889 0.172111
0.029950 0.970050
0.999852 0.000148
0.000524 0.999476
0.000000 1.000000
0.999395 0.000605
0.991487 0.008513
0.000019 0.999981
0.934378 0.065622
0.046297 0.953703
0.948614 0.051386
0.000322 0.999678
0.998577 0.001423
0.000013 0.999987
0.999495 0.000505
0.987055 0.012945
0.999583 0.000417
0.999996 0.000004
0.341872 0.658128
0.910388 0.089612
0.000000 1.000000
