1.000000
1.000000
1.000000
0.153557 0.846443
0.649408 0.350592
1.000000
0.928640 0.071360
0.293913 0.206454 0.499632
0.903190 0.092903 0.003907
0.257425 0.181278 0.561297
1.000000
0.903623 0.096377
1.000000
1.000000
0.583685 0.416315
0.000147 0.043853 0.542016 0.413984
0.429808 0.570192
1.000000
0.168335 0.831665
1.000000
1.000000
1.000000
1.000000
0.904416 0.095584
1.000000
1.000000
1.000000
0.995796 0.004204
0.859899 0.140101
0.384225 0.615775
0.503459 0.496541
1.000000
1.000000
1.000000
0.197385 0.802615
1.000000
1.000000
0.385762 0.191158 0.423080
1.000000
0.069793 0.683743 0.246464
1.000000
0.353224 0.646776
1.000000
0.008613 0.251746 0.739641
1.000000
0.664395 0.335605
1.000000
0.239158 0.760842
0.821327 0.178673
0.941885 0.056763 0.001352
1.000000
1.000000
1.000000
0.911771 0.088229
1.000000
1.000000
0.849939 0.142915 0.007147
0.000997 0.999003
0.532823 0.467177
0.454267 0.545733
1.000000
1.000000
1.000000
0.140362 0.338501 0.521137
1.000000
1.000000
1.000000
1.000000
0.179945 0.466700 0.251877 0.101479
0.957403 0.042597
0.888934 0.111066
0.825726 0.174274
1.000000
1.000000
0.465005 0.534995
1.000000
1.000000
1.000000
0.823328 0.176672
0.516223 0.483777
0.371516 0.628484
1.000000
0.632620 0.367380
1.000000
1.000000
1.000000
0.848382 0.151618
1.000000
0.281673 0.718327
0.878732 0.121268
0.301622 0.698378
1.000000
1.000000
1.000000
1.000000
1.000000
1.000000
1.000000
1.000000
0.069266 0.332435 0.598299
1.000000
0.967598 0.032402
0.913924 0.086076
0.671004 0.328996
1.000000
0.805685 0.194315
1.000000
0.551496 0.448504
0.584435 0.415565
1.000000
1.000000
1.000000
0.120131 0.879869
0.828396 0.171604
0.663216 0.336784
1.000000
1.000000
0.485448 0.514552
1.000000
1.000000
1.000000
0.917920 0.082080
0.467353 0.532647
0.271031 0.728969
1.000000
1.000000
0.083304 0.916696
0.807651 0.192349
1.000000
1.000000
1.000000
0.700771 0.259809 0.039420
0.879313 0.115307 0.005380
1.000000
1.000000
1.000000
1.000000
1.000000
1.000000
0.003501 0.996499
0.600816 0.164715 0.234469
1.000000
1.000000
0.961757 0.038243
0.238995 0.761005
1.000000
0.002614 0.170932 0.826454
0.977608 0.022392
1.000000
1.000000
1.000000
1.000000
0.483211 0.516789
1.000000
1.000000
0.587277 0.412723
1.000000
0.116707 0.883293
1.000000
1.000000
0.172547 0.827453
1.000000
0.497579 0.502421
1.000000
0.854674 0.145326
1.000000
1.000000
1.000000
1.000000
0.045822 0.954178
1.000000
1.000000
1.000000
0.961950 0.038050
0.669002 0.330998
1.000000
0.539035 0.460965
1.000000
0.022584 0.796505 0.180911
1.000000
1.000000
1.000000
1.000000
0.706456 0.293544
1.000000
0.401353 0.598647
0.973940 0.026060
0.320728 0.679272
0.103580 0.896420
1.000000
1.000000
0.676017 0.323983
0.914378 0.085622
1.000000
1.000000
1.000000
1.000000
1.000000
1.000000
0.848037 0.151963
1.000000
1.000000
0.269016 0.730984
0.130917 0.869083
0.159695 0.840305
0.001293 0.998707
0.388451 0.611549
1.000000
0.001120 0.998880
1.000000
0.874655 0.125345
0.096774 0.903226
1.000000
0.523055 0.427670 0.049275
0.383058 0.473505 0.143437
0.193963 0.806037
0.502281 0.497719
1.000000
0.367467 0.632533
0.092224 0.907776
1.000000
1.000000
0.276029 0.723971
1.000000
0.510422 0.489578
0.373897 0.626103
0.001542 0.998458
0.580216 0.419784
1.000000
1.000000
0.841324 0.158676
0.742462 0.257538
1.000000
0.000445 0.999555
0.961720 0.038280
1.000000
1.000000
0.534409 0.465591
0.123008 0.876992
1.000000
0.735386 0.264614
1.000000
1.000000
0.001932 0.118086 0.548267 0.331715
1.000000
0.499934 0.500066
1.000000
0.078703 0.921297
0.641246 0.358754
0.000888 0.999112
0.028484 0.971516
0.601084 0.398916
1.000000
0.710066 0.289934
1.000000
0.527179 0.346342 0.108924 0.017556
1.000000
0.864627 0.135373
1.000000
1.000000
0.104541 0.895459
1.000000
0.952508 0.047492
0.594437 0.405563
1.000000
0.826371 0.173629
1.000000
1.000000
1.000000
1.000000
1.000000
1.000000
0.214017 0.785983
1.000000
0.999115 0.000885
0.757821 0.242179
0.391274 0.575450 0.033276
1.000000
0.151482 0.447477 0.401041
0.590894 0.409106
1.000000
1.000000
0.609186 0.390814
0.243392 0.756608
1.000000
0.321170 0.678830
0.966309 0.033691
1.000000
1.000000
1.000000
1.000000
1.000000
1.000000
1.000000
0.218237 0.781763
0.351501 0.648499
1.000000
0.402997 0.597003
1.000000
0.000046 0.999954
1.000000
1.000000
1.000000
1.000000
0.166943 0.833057
1.000000
0.059284 0.940716
1.000000
1.000000
1.000000
1.000000
0.801046 0.198954
1.000000
0.794514 0.205486
0.874914 0.125086
1.000000
1.000000
0.095715 0.904285
0.892603 0.107397
0.368987 0.631013
0.479670 0.198353 0.321977
0.477101 0.522899
1.000000
0.169637 0.830363
0.179772 0.820228
1.000000
0.981426 0.018574
0.808017 0.191983
0.375448 0.264141 0.208350 0.110792 0.041268
1.000000
0.030265 0.969735
1.000000
1.000000
1.000000
0.917730 0.082270
1.000000
0.798995 0.201005
0.458020 0.541980
1.000000
1.000000
1.000000
0.985848 0.014152
1.000000
0.545725 0.454275
0.399925 0.494009 0.106066
0.376378 0.623622
1.000000
0.219250 0.780750
1.000000
1.000000
1.000000
0.812478 0.187522
1.000000
0.581164 0.418836
0.926923 0.073077
1.000000
1.000000
1.000000
1.000000
1.000000
1.000000
0.381140 0.425180 0.193679
1.000000
1.000000
0.427154 0.572846
0.464825 0.535175
1.000000
1.000000
1.000000
1.000000
1.000000
1.000000
0.856156 0.143844
1.000000
1.000000
1.000000
0.685067 0.271065 0.043868
0.085003 0.718786 0.196210
1.000000
1.000000
1.000000
0.652827 0.347173
1.000000
0.869857 0.130143
1.000000
1.000000
1.000000
1.000000
1.000000
0.150514 0.849486
0.768735 0.231265
1.000000
0.908797 0.091203
0.072960 0.927040
1.000000
0.593653 0.406347
0.952243 0.047757
0.841652 0.158348
1.000000
1.000000
1.000000
1.000000
1.000000
0.265341 0.734659
1.000000
0.069940 0.930060
0.860218 0.139782
0.271346 0.728654
1.000000
0.242179 0.757821
0.270443 0.729557
0.368635 0.631365
1.000000
0.412654 0.587346
1.000000
0.812901 0.187099
0.510769 0.489231
1.000000
0.005104 0.994896
0.070385 0.929615
1.000000
1.000000
1.000000
0.104931 0.895069
1.000000
1.000000
1.000000
1.000000
0.664316 0.335684
1.000000
0.003669 0.996331
0.062995 0.937005
1.000000
0.365681 0.634319
0.947053 0.052947
0.301162 0.698838
1.000000
0.608201 0.391799
0.413881 0.586119
0.767815 0.232185
0.859482 0.140518
1.000000
1.000000
1.000000
1.000000
0.106034 0.893966
1.000000
1.000000
1.000000
0.817155 0.182845
0.409953 0.590047
0.834042 0.148474 0.016120 0.001364
0.565774 0.434226
1.000000
0.470015 0.529985
0.482229 0.517771
1.000000
1.000000
1.000000
0.961576 0.038424
0.863273 0.136727
0.435417 0.564583
0.911391 0.088609
1.000000
1.000000
1.000000
1.000000
1.000000
1.000000
0.521775 0.478225
0.312976 0.687024
1.000000
1.000000
0.546683 0.453317
1.000000
1.000000
0.457136 0.542864
1.000000
0.198581 0.801419
1.000000
0.881958 0.118042
0.638850 0.305104 0.056046
1.000000
1.000000
1.000000
0.687157 0.312843
0.001103 0.998897
0.210106 0.789894
0.510248 0.489752
1.000000
1.000000
1.000000
1.000000
0.798246 0.201754
0.284065 0.715935
0.264585 0.503854 0.231561
0.062038 0.937962
0.003910 0.996090
1.000000
0.144534 0.066950 0.164651 0.623865
0.159292 0.840708
1.000000
0.342932 0.657068
0.266819 0.733181
1.000000
0.463204 0.536796
0.872089 0.127911
0.666678 0.333322
1.000000
0.544729 0.455271
0.126785 0.873215
1.000000
0.390979 0.609021
1.000000
1.000000
0.077510 0.922490
0.115565 0.884435
1.000000
0.814808 0.177451 0.007740
1.000000
1.000000
1.000000
1.000000
0.018189 0.510796 0.471015
1.000000
0.396269 0.603731
1.000000
0.998510 0.001490
1.000000
0.993635 0.006365
1.000000
1.000000
1.000000
0.414243 0.585757
1.000000
0.715326 0.284674
1.000000
1.000000
0.908826 0.091174
1.000000
0.898872 0.101128
0.234202 0.765798
1.000000
1.000000
0.271010 0.728990
1.000000
1.000000
1.000000
1.000000
1.000000
1.000000
1.000000
1.000000
0.004490 0.995510
1.000000
0.978287 0.021713
1.000000
1.000000
1.000000
1.000000
1.000000
1.000000
0.259465 0.127582 0.612953
1.000000
1.000000
0.139544 0.510651 0.349805
0.183139 0.816861
0.417524 0.582476
0.387795 0.612205
0.703474 0.296526
0.916710 0.083290
1.000000
1.000000
1.000000
1.000000
1.000000
0.634201 0.365799
1.000000
1.000000
1.000000
1.000000
1.000000
1.000000
1.000000
0.599948 0.400052
1.000000
0.706680 0.293320
1.000000
1.000000
1.000000
1.000000
0.001371 0.998629
0.523390 0.476610
1.000000
0.198890 0.801110
1.000000
1.000000
1.000000
1.000000
0.938233 0.061767
1.000000
0.492353 0.507647
1.000000
1.000000
0.984456 0.015544
1.000000
1.000000
0.221728 0.676372 0.101900
0.834407 0.165593
0.106200 0.893800
0.853502 0.146498
1.000000
1.000000
0.753434 0.212759 0.033807
0.149817 0.850183
0.623612 0.376388
0.167268 0.832732
1.000000
0.001582 0.998418
1.000000
1.000000
1.000000
1.000000
0.045185 0.790331 0.164484
0.589513 0.410487
0.155525 0.429893 0.414582
1.000000
0.462655 0.537345
1.000000
1.000000
1.000000
0.417705 0.582295
1.000000
0.949404 0.050596
0.606501 0.393499
1.000000
1.000000
0.311071 0.497604 0.191325
0.822120 0.177880
0.447507 0.552493
1.000000
0.837315 0.162685
1.000000
1.000000
0.299860 0.700140
1.000000
1.000000
1.000000
0.748517 0.251483
0.502029 0.445452 0.052519
0.010435 0.989565
1.000000
1.000000
0.657636 0.342364
0.974417 0.025583
1.000000
1.000000
1.000000
1.000000
1.000000
1.000000
0.199706 0.800294
0.846777 0.153223
0.000558 0.999442
1.000000
0.371929 0.628071
0.836968 0.163032
1.000000
0.511937 0.488063
1.000000
1.000000
0.237635 0.762365
1.000000
1.000000
1.000000
0.181472 0.818528
1.000000
1.000000
0.152885 0.730960 0.116155
0.620352 0.379648
1.000000
1.000000
1.000000
0.340683 0.659317
1.000000
0.001048 0.109404 0.889548
1.000000
0.879863 0.120137
1.000000
1.000000
1.000000
1.000000
1.000000
1.000000
0.906683 0.093317
0.000002 0.017024 0.982974
0.002055 0.997945
0.821563 0.178437
1.000000
1.000000
1.000000
1.000000
0.734277 0.265723
0.038994 0.961006
0.840183 0.159817
0.796891 0.203109
0.127790 0.872210
0.416872 0.583128
1.000000
0.782011 0.217989
0.279457 0.720543
0.432597 0.567403
0.478382 0.521618
1.000000
1.000000
0.015895 0.984105
1.000000
1.000000
1.000000
1.000000
1.000000
1.000000
0.607631 0.392369
1.000000
1.000000
1.000000
1.000000
0.930085 0.069915
0.700897 0.299103
0.397152 0.602848
0.892939 0.107061
0.440264 0.559736
1.000000
1.000000
0.171834 0.828166
0.670404 0.329596
1.000000
1.000000
0.566417 0.433583
1.000000
1.000000
1.000000
0.178985 0.821015
1.000000
0.180794 0.819206
0.832926 0.167074
1.000000
1.000000
0.156602 0.453810 0.389588
1.000000
1.000000
0.000624 0.999376
0.240631 0.759369
1.000000
0.426806 0.573194
0.566240 0.433760
1.000000
0.269385 0.730615
0.830823 0.169177
1.000000
1.000000
1.000000
1.000000
1.000000
0.450813 0.549187
0.963651 0.036349
0.088781 0.911219
0.969247 0.030753
1.000000
0.690373 0.309627
1.000000
1.000000
1.000000
0.675249 0.324751
1.000000
0.725345 0.274655
1.000000
0.384091 0.615909
0.575151 0.424849
0.701724 0.298276
1.000000
0.976387 0.023613
1.000000
1.000000
0.000011 0.999989
1.000000
0.738590 0.261410
1.000000
1.000000
0.221743 0.778257
0.759516 0.240484
1.000000
1.000000
0.076624 0.923376
1.000000
0.036542 0.963458
1.000000
1.000000
0.632250 0.367750
0.193751 0.806249
0.991757 0.008243
0.488661 0.511339
0.000676 0.999324
1.000000
0.231116 0.768884
1.000000
1.000000
0.155141 0.844859
0.786924 0.213076
0.310823 0.689177
0.471232 0.528768
0.620702 0.379298
1.000000
1.000000
1.000000
0.111796 0.888204
1.000000
1.000000
0.163170 0.836830
1.000000
0.160121 0.839879
1.000000
0.945429 0.054571
0.880618 0.119382
1.000000
1.000000
0.395823 0.604177
0.972000 0.028000
0.730386 0.269614
0.065225 0.934775
1.000000
1.000000
0.281514 0.718486
0.619009 0.380991
0.931533 0.068467
1.000000
0.518751 0.481249
1.000000
0.473163 0.526837
0.203803 0.796197
1.000000
1.000000
1.000000
0.240333 0.759667
1.000000
0.707238 0.292762
1.000000
0.004120 0.289487 0.706393
1.000000
1.000000
1.000000
1.000000
0.554684 0.445316
1.000000
1.000000
1.000000
1.000000
0.994318 0.005682
0.837246 0.162754
1.000000
1.000000
1.000000
1.000000
1.000000
0.844681 0.155319
0.661058 0.338942
1.000000
0.894310 0.105690
0.955181 0.044819
1.000000
0.245829 0.342689 0.411482
0.512104 0.487896
1.000000
0.816689 0.183311
0.774248 0.225752
1.000000
0.534951 0.465049
0.912473 0.087527
0.903745 0.096255
0.986195 0.013805
1.000000
0.003077 0.996923
1.000000
0.219558 0.780442
1.000000
1.000000
1.000000
1.000000
0.292418 0.707582
0.455965 0.544035
1.000000
0.553814 0.446186
1.000000
1.000000
0.196803 0.803197
1.000000
0.882546 0.117454
0.417178 0.582822
1.000000
1.000000
0.462085 0.176576 0.361339
1.000000
1.000000
0.975536 0.024464
1.000000
1.000000
0.934071 0.065929
0.127678 0.872322
0.857426 0.142574
0.868120 0.131880
0.536861 0.463139
0.168275 0.831725
0.269903 0.467466 0.262631
1.000000
0.010779 0.989221
1.000000
1.000000
0.128400 0.175727 0.695873
1.000000
1.000000
0.996498 0.003502
1.000000
1.000000
0.606545 0.393455
1.000000
0.502333 0.497667
0.803529 0.196471
1.000000
1.000000
0.508542 0.491458
1.000000
1.000000
0.217099 0.472511 0.310390
0.700420 0.299580
1.000000
1.000000
1.000000
0.312894 0.687106
0.060793 0.939207
0.131772 0.480272 0.387957
0.986332 0.013668
0.090857 0.220319 0.688824
1.000000
0.358452 0.641548
0.391131 0.608869
0.749899 0.250101
0.304012 0.695988
0.715810 0.284190
1.000000
0.488532 0.511468
0.275100 0.724900
1.000000
0.196154 0.803846
1.000000
0.326906 0.673094
0.329121 0.518071 0.152808
1.000000
1.000000
1.000000
1.000000
1.000000
1.000000
0.154632 0.845368
1.000000
1.000000
1.000000
0.179286 0.820714
0.982192 0.017808
1.000000
0.366036 0.633964
1.000000
1.000000
0.178834 0.821166
0.046217 0.808411 0.145372
1.000000
0.452155 0.313086 0.234759
1.000000
1.000000
1.000000
0.491772 0.508228
1.000000
1.000000
0.849779 0.150221
1.000000
1.000000
1.000000
0.885373 0.114627
0.288379 0.711621
1.000000
1.000000
0.936064 0.063936
0.988412 0.011588
1.000000
0.190417 0.809583
0.584971 0.415029
0.931269 0.068731
0.153420 0.846580
1.000000
1.000000
0.273539 0.726461
0.779033 0.220967
0.457331 0.542669
0.086520 0.161131 0.344392 0.407956
0.330971 0.669029
1.000000
1.000000
1.000000
1.000000
0.457073 0.542927
1.000000
1.000000
1.000000
1.000000
0.993702 0.006298
0.333626 0.666374
0.506287 0.493713
0.995240 0.004760
0.014929 0.985071
1.000000
0.187222 0.812778
1.000000
1.000000
1.000000
1.000000
1.000000
1.000000
1.000000
1.000000
0.863919 0.136081
1.000000
0.494704 0.505296
0.198325 0.801675
1.000000
1.000000
0.856601 0.143399
0.365412 0.634588
0.165776 0.556252 0.277972
0.126729 0.873271
0.785336 0.214664
1.000000
1.000000
0.169115 0.385324 0.445562
0.241175 0.758825
1.000000
0.977385 0.022615
1.000000
0.750439 0.249561
1.000000
1.000000
1.000000
1.000000
0.564207 0.435793
1.000000
0.815305 0.184695
1.000000
0.686568 0.313432
1.000000
0.000001 0.000690 0.062972 0.936337
1.000000
0.082788 0.917212
1.000000
1.000000
0.889733 0.107427 0.002840
1.000000
1.000000
1.000000
0.983186 0.016814
0.749792 0.250208
1.000000
0.328075 0.671925
0.122160 0.532910 0.344929
1.000000
1.000000
1.000000
1.000000
0.529000 0.366611 0.104389
1.000000
1.000000
1.000000
1.000000
1.000000
1.000000
1.000000
0.827193 0.172807
0.604359 0.395641
0.418846 0.581154
0.250623 0.749377
0.048788 0.951212
0.365078 0.634922
0.998497 0.001503
0.597610 0.402390
1.000000
0.076924 0.923076
1.000000
0.021810 0.978190
1.000000
1.000000
0.057167 0.942833
0.663331 0.309572 0.027097
1.000000
1.000000
1.000000
0.331911 0.668089
0.004618 0.995382
1.000000
1.000000
0.056941 0.943059
1.000000
1.000000
1.000000
1.000000
0.000156 0.999844
1.000000
0.316885 0.224030 0.459086
0.952325 0.047675
1.000000
1.000000
1.000000
1.000000
1.000000
0.209549 0.546531 0.243919
1.000000
1.000000
1.000000
0.257610 0.742390
0.010437 0.989563
1.000000
1.000000
0.265073 0.734927
1.000000
0.933343 0.066657
0.915722 0.084278
1.000000
0.021493 0.978507
1.000000
1.000000
0.979408 0.020592
0.856310 0.143690
0.353319 0.646681
0.178509 0.821491
1.000000
1.000000
0.996472 0.003528
1.000000
1.000000
0.052264 0.947736
1.000000
1.000000
0.441825 0.558175
1.000000
1.000000
1.000000
0.735665 0.264335
1.000000
0.774413 0.225587
1.000000
0.919007 0.080993
0.928129 0.071871
0.036430 0.963570
0.871154 0.128846
1.000000
0.020236 0.519888 0.459877
1.000000
1.000000
1.000000
0.128850 0.871150
1.000000
0.203187 0.796813
0.975772 0.024228
0.009270 0.990730
1.000000
1.000000
0.995237 0.004763
1.000000
0.272873 0.727127
1.000000
1.000000
0.981634 0.018366
0.419838 0.580162
0.532081 0.467919
1.000000
0.416376 0.583624
1.000000
0.000012 0.004557 0.157635 0.837796
1.000000
1.000000
0.993798 0.006202
0.000588 0.999412
0.195512 0.804488
0.000006 0.019658 0.980335
1.000000
1.000000
0.310017 0.689983
1.000000
1.000000
0.510941 0.489059
1.000000
0.284307 0.655796 0.059897
1.000000
0.027823 0.972177
0.491222 0.414484 0.094294
0.006105 0.993895
1.000000
1.000000
0.822143 0.177857
0.138663 0.136455 0.095736 0.629146
0.221370 0.778630
0.576658 0.423342
1.000000
0.657524 0.342476
0.942954 0.057046
1.000000
1.000000
1.000000
0.424066 0.575934
1.000000
1.000000
1.000000
0.795679 0.204321
1.000000
0.001515 0.193970 0.804515
1.000000
1.000000
1.000000
1.000000
1.000000
0.194242 0.718467 0.087292
0.140136 0.859864
1.000000
1.000000
1.000000
0.729391 0.270609
1.000000
0.987539 0.012461
0.000002 0.999998
0.257046 0.742954
0.307510 0.692490
1.000000
0.438226 0.467448 0.094325
1.000000
1.000000
1.000000
0.665862 0.334138
1.000000
1.000000
1.000000
0.432516 0.567484
1.000000
0.106743 0.893257
0.002375 0.997625
1.000000
0.468106 0.153247 0.378647
1.000000
0.705645 0.294355
0.563238 0.436762
0.238947 0.761053
1.000000
0.812096 0.187904
1.000000
1.000000
1.000000
1.000000
1.000000
0.018415 0.516104 0.465481
0.321470 0.678530
1.000000
0.870935 0.129065
1.000000
0.224574 0.775426
0.967433 0.032567
1.000000
1.000000
1.000000
1.000000
1.000000
0.969971 0.030029
1.000000
1.000000
0.809288 0.190712
1.000000
1.000000
0.995646 0.004354
1.000000
0.516524 0.483476
1.000000
0.510109 0.489891
0.940913 0.059087
1.000000
1.000000
1.000000
1.000000
1.000000
1.000000
1.000000
0.339230 0.660770
0.300466 0.699534
0.959363 0.040637
1.000000
0.121277 0.878723
1.000000
1.000000
1.000000
0.915371 0.084629
0.452466 0.547534
1.000000
1.000000
1.000000
0.657237 0.311110 0.031653
1.000000
1.000000
0.884253 0.115747
0.305453 0.694547
0.026574 0.973426
1.000000
0.923938 0.076062
1.000000
1.000000
1.000000
0.778646 0.221354
0.126498 0.873502
0.985028 0.014972
1.000000
0.608062 0.391938
0.320639 0.679361
1.000000
0.386622 0.613378
1.000000
1.000000
0.306564 0.693436
1.000000
0.983661 0.016339
0.688125 0.311875
1.000000
0.641726 0.358274
0.070103 0.929897
0.493144 0.506856
0.311760 0.688240
1.000000
0.327518 0.556681 0.115802
1.000000
0.102104 0.897896
0.186485 0.718507 0.095008
1.000000
0.655526 0.344474
0.256423 0.743577
1.000000
1.000000
0.664437 0.292248 0.043315
0.927424 0.072576
0.771770 0.228230
0.870740 0.123992 0.005268
1.000000
0.227937 0.538146 0.233917
1.000000
0.970715 0.029285
1.000000
1.000000
1.000000
1.000000
1.000000
0.484001 0.515999
1.000000
0.923889 0.076111
0.981407 0.018593
1.000000
1.000000
0.634963 0.365037
0.888231 0.111769
0.242770 0.757230
1.000000
0.002430 0.997570
0.738524 0.261476
0.003734 0.996266
0.972398 0.027602
0.080141 0.293847 0.626012
1.000000
1.000000
0.616702 0.383298
1.000000
0.446658 0.553342
1.000000
0.837465 0.162535
0.201238 0.798762
1.000000
0.123569 0.876431
1.000000
0.180716 0.819284
1.000000
0.478667 0.521333
1.000000
0.748450 0.251550
0.671838 0.328162
1.000000
1.000000
1.000000
0.267164 0.732836
1.000000
1.000000
1.000000
0.232019 0.767981
1.000000
1.000000
0.123085 0.876915
0.408685 0.591315
1.000000
1.000000
0.916435 0.083565
1.000000
1.000000
1.000000
1.000000
1.000000
1.000000
0.593074 0.406926
0.004969 0.995031
1.000000
0.774914 0.225086
1.000000
0.455483 0.544517
1.000000
1.000000
1.000000
0.430941 0.569059
1.000000
1.000000
0.000880 0.999120
0.802334 0.197666
1.000000
1.000000
1.000000
1.000000
1.000000
0.097756 0.902244
0.908506 0.091494
1.000000
1.000000
0.996853 0.003147
1.000000
1.000000
1.000000
0.996688 0.003312
0.136015 0.863985
1.000000
1.000000
0.905213 0.094787
0.631752 0.368248
1.000000
1.000000
1.000000
1.000000
0.298059 0.701941
0.149649 0.850351
0.499944 0.500056
0.874812 0.125188
1.000000
0.781643 0.218357
1.000000
1.000000
1.000000
0.388203 0.611797
0.254751 0.745249
0.549763 0.450237
1.000000
0.276982 0.723018
1.000000
0.440420 0.559580
1.000000
1.000000
1.000000
0.292210 0.707790
1.000000
0.033183 0.966817
1.000000
1.000000
0.087849 0.912151
1.000000
0.023525 0.343517 0.632957
1.000000
1.000000
0.632440 0.367560
1.000000
1.000000
1.000000
0.006684 0.993316
1.000000
1.000000
0.754905 0.245095
1.000000
0.599565 0.400435
1.000000
0.112546 0.132797 0.351258 0.403400
0.246552 0.753448
0.853730 0.146270
1.000000
0.189637 0.209440 0.600923
0.169523 0.416561 0.413915
0.762768 0.237232
1.000000
1.000000
0.317213 0.682787
0.618199 0.322890 0.058911
0.589105 0.410895
1.000000
0.083256 0.916744
1.000000
0.541456 0.458544
0.425953 0.574047
1.000000
1.000000
1.000000
0.719478 0.280522
1.000000
0.003783 0.996217
0.105509 0.894491
1.000000
1.000000
0.333383 0.666617
1.000000
1.000000
0.133435 0.407418 0.459148
0.320237 0.679763
0.956326 0.043241 0.000433
0.656971 0.343029
0.261252 0.738748
1.000000
0.104981 0.895019
0.821821 0.178179
1.000000
0.076572 0.923428
0.185460 0.814540
1.000000
1.000000
1.000000
1.000000
0.245225 0.754775
0.244168 0.602921 0.152911
0.042021 0.957979
1.000000
0.774112 0.225888
1.000000
1.000000
1.000000
0.296686 0.703314
1.000000
1.000000
1.000000
0.226233 0.626884 0.146883
1.000000
0.782439 0.217561
0.617277 0.382723
0.144847 0.334965 0.520188
0.991984 0.008016
1.000000
0.130860 0.869140
1.000000
0.115794 0.884206
0.844697 0.146841 0.008462
1.000000
0.666438 0.333562
1.000000
0.372781 0.627219
1.000000
0.982576 0.017424
0.944937 0.055063
0.691317 0.308683
0.000997 0.337712 0.661291
0.608449 0.391551
1.000000
1.000000
1.000000
1.000000
0.463270 0.429116 0.107614
1.000000
1.000000
1.000000
0.893822 0.106178
1.000000
0.937070 0.061114 0.001816
0.116661 0.883339
1.000000
1.000000
0.022614 0.977386
1.000000
0.996259 0.003741
0.692981 0.307019
1.000000
0.532809 0.173791 0.293400
1.000000
0.897028 0.102972
1.000000
0.152044 0.847956
1.000000
0.119117 0.880883
0.168036 0.831964
0.622356 0.377644
0.821310 0.178690
1.000000
1.000000
0.288625 0.711375
0.926581 0.073419
1.000000
0.955412 0.044588
1.000000
1.000000
0.804844 0.195156
0.743767 0.256233
1.000000
0.914130 0.085870
0.299989 0.700011
0.193537 0.806463
0.249300 0.750700
0.507148 0.492852
0.636873 0.363127
0.858208 0.141792
0.544760 0.455240
1.000000
1.000000
0.492352 0.507648
1.000000
1.000000
1.000000
0.569936 0.430064
0.299969 0.473580 0.226451
1.000000
1.000000
1.000000
0.979930 0.020070
1.000000
1.000000
0.002623 0.997377
0.135661 0.864339
0.478985 0.421061 0.099953
0.846187 0.153813
1.000000
0.494117 0.505883
1.000000
1.000000
0.723214 0.276786
1.000000
1.000000
1.000000
0.253409 0.543840 0.202751
0.478802 0.521198
1.000000
1.000000
1.000000
0.386189 0.276959 0.081024 0.255828
1.000000
1.000000
0.755855 0.244145
1.000000
1.000000
0.319933 0.680067
1.000000
1.000000
1.000000
1.000000
0.565126 0.434874
1.000000
1.000000
1.000000
1.000000
0.455108 0.544892
0.139059 0.453899 0.407043
1.000000
1.000000
0.706447 0.293553
0.005241 0.994759
1.000000
0.109478 0.209368 0.681155
1.000000
0.427588 0.572412
1.000000
1.000000
1.000000
1.000000
0.480177 0.155838 0.363985
1.000000
0.929007 0.070993
1.000000
1.000000
0.272323 0.727677
1.000000
0.967067 0.032933
1.000000
1.000000
0.723288 0.276712
0.679358 0.320642
1.000000
1.000000
1.000000
1.000000
0.694275 0.098711 0.207014
1.000000
0.695127 0.304873
1.000000
1.000000
1.000000
0.325987 0.674013
1.000000
1.000000
0.603984 0.327070 0.062291 0.006654
1.000000
1.000000
0.284734 0.715266
1.000000
0.251985 0.748015
1.000000
1.000000
0.868586 0.131414
1.000000
0.267482 0.732518
1.000000
0.597908 0.402092
0.364383 0.635617
1.000000
1.000000
1.000000
0.000078 0.034486 0.965435
0.813820 0.186180
0.001291 0.998709
1.000000
1.000000
0.527410 0.472590
0.118017 0.881983
0.787575 0.212425
1.000000
0.667837 0.332163
1.000000
0.213825 0.786175
0.912501 0.087499
1.000000
0.009103 0.990897
1.000000
1.000000
1.000000
0.130568 0.869432
0.842363 0.151820 0.005817
1.000000
1.000000
0.748870 0.251130
0.655196 0.344804
1.000000
1.000000
0.476473 0.523527
1.000000
1.000000
0.185157 0.814843
0.848109 0.151891
1.000000
1.000000
1.000000
1.000000
0.215524 0.784476
1.000000
0.817370 0.167039 0.015591
1.000000
1.000000
0.481796 0.518204
1.000000
1.000000
1.000000
1.000000
0.838397 0.161603
1.000000
1.000000
0.434628 0.565372
1.000000
0.812968 0.187032
0.573566 0.426434
1.000000
1.000000
1.000000
1.000000
0.099217 0.900783
0.360501 0.639499
1.000000
1.000000
0.713127 0.286873
1.000000
0.719822 0.280178
0.000067 0.999933
0.954751 0.045249
1.000000
0.845130 0.154870
1.000000
1.000000
0.063353 0.936647
1.000000
0.154971 0.276641 0.568388
1.000000
1.000000
0.606102 0.393898
1.000000
1.000000
0.152102 0.847898
0.000193 0.999807
0.401418 0.598582
0.900031 0.099969
1.000000
0.443915 0.556085
0.459433 0.540567
0.303065 0.696935
0.015376 0.984624
1.000000
1.000000
0.936959 0.063041
0.111343 0.331715 0.556942
0.272578 0.727422
1.000000
1.000000
0.684187 0.315813
0.174327 0.825673
0.402115 0.597885
1.000000
0.150526 0.849474
1.000000
1.000000
1.000000
1.000000
0.309047 0.626230 0.064723
0.301642 0.698358
1.000000
0.979995 0.020005
0.505546 0.494454
0.404404 0.595596
0.749898 0.250102
1.000000
1.000000
0.461361 0.538639
0.753507 0.246493
0.568273 0.431727
1.000000
1.000000
0.989223 0.010777
1.000000
1.000000
1.000000
0.020358 0.979642
0.387407 0.323710 0.288882
0.663068 0.336932
0.087172 0.702012 0.210816
0.913933 0.086067
1.000000
1.000000
0.588710 0.411290
1.000000
0.290477 0.709523
0.002532 0.230518 0.766950
0.630098 0.369902
1.000000
0.841030 0.158970
0.593466 0.406534
0.836799 0.163201
1.000000
1.000000
0.000229 0.999771
0.876319 0.123681
1.000000
0.862784 0.137216
1.000000
0.772901 0.227099
1.000000
0.690760 0.309240
1.000000
1.000000
0.803266 0.196734
0.614362 0.337054 0.048584
1.000000
1.000000
1.000000
0.948427 0.051573
0.095932 0.838104 0.065964
1.000000
0.000072 0.999928
1.000000
0.256339 0.743661
1.000000
1.000000
0.034829 0.965171
1.000000
1.000000
0.783137 0.216863
1.000000
0.412710 0.513824 0.073466
1.000000
0.098815 0.901185
0.988675 0.011325
0.483128 0.516872
1.000000
1.000000
1.000000
0.713364 0.286636
0.510156 0.489844
0.509839 0.490161
0.865296 0.134704
1.000000
1.000000
0.777934 0.222066
0.350873 0.649127
1.000000
0.840411 0.159589
0.022619 0.977381
0.313426 0.351841 0.227189 0.107543
1.000000
0.559125 0.440875
0.375592 0.624408
1.000000
1.000000
0.055093 0.944907
0.014239 0.985761
0.971416 0.028584
1.000000
1.000000
0.590441 0.409559
0.165052 0.834948
1.000000
1.000000
0.743018 0.256982
0.984643 0.015357
1.000000
0.995992 0.004008
1.000000
0.007442 0.377969 0.614588
1.000000
0.928380 0.071620
1.000000
1.000000
0.938314 0.061686
1.000000
1.000000
1.000000
0.116033 0.299476 0.584491
1.000000
1.000000
1.000000
1.000000
1.000000
0.669923 0.330077
0.779494 0.220506
1.000000
1.000000
1.000000
0.000004 0.021937 0.978059
0.159927 0.840073
1.000000
0.002393 0.997607
1.000000
0.834288 0.165712
1.000000
1.000000
1.000000
0.857445 0.142555
0.110984 0.211410 0.677605
0.216907 0.783093
0.642184 0.357816
1.000000
0.727931 0.272069
0.636104 0.363896
0.362165 0.637835
1.000000
1.000000
1.000000
0.278645 0.721355
1.000000
1.000000
1.000000
0.303811 0.696189
0.295272 0.704728
1.000000
1.000000
1.000000
1.000000
0.713146 0.286854
0.354484 0.645516
0.921813 0.078187
1.000000
1.000000
1.000000
0.166964 0.201261 0.631775
1.000000
1.000000
1.000000
1.000000
1.000000
1.000000
1.000000
1.000000
0.918668 0.081332
0.839629 0.160371
1.000000
1.000000
1.000000
1.000000
0.418924 0.581076
1.000000
1.000000
1.000000
0.142909 0.389904 0.467187
1.000000
