2000 2
1 1 1 2 2 1 2 3 3 3 1 2 1 1 2 4 2 1 2 1 1 1 1 2 1 1 1 2 2 2 2 1 1 1 2 1 1 3 1 3 1 2 1 3 1 2 1 2 2 3 1 1 1 2 1 1 3 2 2 2 1 1 1 3 1 1 1 1 4 2 2 2 1 1 2 1 1 1 2 2 2 1 2 1 1 1 2 1 2 2 2 1 1 1 1 1 1 1 1 3 1 2 2 2 1 2 1 2 2 1 1 1 2 2 2 1 1 2 1 1 1 2 2 2 1 1 2 2 1 1 1 3 3 1 1 1 1 1 1 2 3 1 1 2 2 1 3 2 1 1 1 1 2 1 1 2 1 2 1 1 2 1 2 1 2 1 1 1 1 2 1 1 1 2 2 1 2 1 3 1 1 1 1 2 1 2 2 2 2 1 1 2 2 1 1 1 1 1 1 2 1 1 2 2 2 2 2 1 2 1 2 2 1 3 3 2 2 1 2 2 1 1 2 1 2 2 2 2 1 1 2 2 1 2 2 1 1 2 2 1 2 1 1 4 1 2 1 2 2 2 2 2 1 2 1 4 1 2 1 1 2 1 2 2 1 2 1 1 1 1 1 1 2 1 2 2 3 1 3 2 1 1 2 2 1 2 2 1 1 1 1 1 1 1 2 2 1 2 1 2 1 1 1 1 2 1 2 1 1 1 1 2 1 2 2 1 1 2 2 2 3 2 1 2 2 1 2 2 5 1 2 1 1 1 2 1 2 2 1 1 1 2 1 2 3 2 1 2 1 1 1 2 1 2 2 1 1 1 1 1 1 3 1 1 2 2 1 1 1 1 1 1 2 1 1 1 3 3 1 1 1 2 1 2 1 1 1 1 1 2 2 1 2 2 1 2 2 2 1 1 1 1 1 2 1 2 2 2 1 2 2 2 1 2 1 2 2 1 2 2 1 1 1 2 1 1 1 1 2 1 2 2 1 2 2 2 1 2 2 2 2 1 1 1 1 2 1 1 1 2 2 4 2 1 2 2 1 1 1 2 2 2 2 1 1 1 1 1 1 2 2 1 1 2 1 1 2 1 2 1 2 3 1 1 1 2 2 2 2 1 1 1 1 2 2 3 2 2 1 4 2 1 2 2 1 2 2 2 1 2 2 1 2 1 1 2 2 1 3 1 1 1 1 3 1 2 1 2 1 2 1 1 1 2 1 2 1 1 2 1 2 2 1 1 2 1 1 1 1 1 1 1 1 2 1 2 1 1 1 1 1 1 3 1 1 3 2 2 2 2 2 1 1 1 1 1 2 1 1 1 1 1 1 1 2 1 2 1 1 1 1 2 2 1 2 1 1 1 1 2 1 2 1 1 2 1 1 3 2 2 2 1 1 3 2 2 2 1 2 1 1 1 1 3 2 3 1 2 1 1 1 2 1 2 2 1 1 3 2 2 1 2 1 1 2 1 1 1 2 3 2 1 1 2 2 1 1 1 1 1 1 2 2 2 1 2 2 1 2 1 1 2 1 1 1 2 1 1 3 2 1 1 1 2 1 3 1 2 1 1 1 1 1 1 2 3 2 2 1 1 1 1 2 2 2 2 2 2 1 2 2 2 2 1 1 2 1 1 1 1 1 1 2 1 1 1 1 2 2 2 2 2 1 1 2 2 1 1 2 1 1 1 2 1 2 2 1 1 3 1 1 2 2 1 2 2 1 2 2 1 1 1 1 1 2 2 2 2 1 2 1 1 1 2 1 2 1 2 2 2 1 2 1 1 2 1 2 1 1 2 2 1 1 2 1 2 1 1 2 2 2 2 2 1 2 1 1 2 2 2 2 2 1 1 1 2 1 1 2 1 2 1 2 2 1 1 2 2 2 2 1 1 2 2 2 1 2 1 2 2 1 1 1 2 1 2 1 3 1 1 1 1 2 1 1 1 1 2 2 1 1 1 1 1 2 2 1 2 2 1 3 2 1 2 2 1 2 2 2 2 1 2 1 2 1 1 1 1 2 2 1 2 1 1 2 1 2 2 1 1 3 1 1 2 1 1 2 2 2 2 2 2 3 1 2 1 1 3 1 1 2 1 1 2 1 2 2 1 1 2 1 1 3 2 1 1 1 2 2 3 2 3 1 2 2 2 2 2 1 2 2 1 2 1 2 3 1 1 1 1 1 1 2 1 1 1 2 2 1 2 1 1 2 3 1 3 1 1 1 2 1 1 2 1 1 1 2 2 1 1 2 2 1 2 2 2 2 1 1 2 2 2 4 2 1 1 1 1 2 1 1 1 1 2 2 2 2 2 1 2 1 1 1 1 1 1 1 1 2 1 2 2 1 1 2 2 3 2 2 1 1 3 2 1 2 1 2 1 1 1 1 2 1 2 1 2 1 4 1 2 1 1 3 1 1 1 2 2 1 2 3 1 1 1 1 3 1 1 1 1 1 1 1 2 2 2 2 2 2 2 2 1 2 1 2 1 1 2 3 1 1 1 2 2 1 1 2 1 1 1 1 2 1 3 2 1 1 1 1 1 3 1 1 1 2 2 1 1 2 1 2 2 1 2 1 1 2 2 2 2 1 1 2 1 1 2 1 1 2 1 1 1 2 1 2 1 2 2 2 2 1 3 1 1 1 2 1 2 2 2 1 1 2 1 2 1 1 2 2 2 1 2 1 4 1 1 2 2 2 3 1 1 2 1 1 2 1 3 1 2 3 2 1 1 2 4 2 2 1 2 2 1 1 1 2 1 1 1 2 1 3 1 1 1 1 1 3 2 1 1 1 2 1 2 2 2 2 1 3 1 1 1 2 1 1 1 2 1 2 2 1 3 1 2 2 2 1 2 1 1 1 1 1 3 2 1 2 1 2 2 1 1 1 1 1 2 1 1 2 1 1 2 1 2 1 2 2 1 1 1 1 1 1 1 2 2 2 1 2 1 1 1 2 2 1 1 1 3 1 1 2 2 2 1 2 1 1 1 2 2 2 1 2 2 1 2 1 1 2 1 2 2 1 2 2 2 2 1 3 1 2 3 1 2 2 1 1 3 2 2 3 1 3 1 2 1 1 1 1 1 2 1 2 2 1 1 2 2 2 1 2 2 2 2 3 1 1 2 1 2 1 2 2 1 2 1 2 1 2 1 2 2 1 1 1 2 1 1 1 2 1 1 2 2 1 1 2 1 1 1 1 1 1 2 2 1 2 1 2 1 1 1 2 1 1 2 2 1 1 1 1 1 2 2 1 1 2 1 1 1 2 2 1 1 2 2 1 1 1 1 2 2 2 2 1 2 1 1 1 2 2 2 1 2 1 2 1 1 1 2 1 2 1 1 2 1 3 1 1 2 1 1 1 2 1 1 2 1 2 1 4 2 2 1 3 3 2 1 1 2 3 2 1 2 1 2 2 1 1 1 2 1 2 2 1 1 2 1 1 3 2 3 2 2 1 2 2 1 2 2 1 1 1 1 2 3 2 1 2 1 1 1 2 1 1 1 3 1 2 2 3 2 1 2 1 2 3 1 2 1 2 1 2 2 2 3 2 1 1 1 1 3 1 1 1 2 1 3 2 1 1 2 1 2 2 1 3 1 2 1 2 1 2 2 2 2 1 1 2 2 1 2 1 1 2 2 1 2 2 2 2 2 2 2 2 1 1 2 1 1 1 2 3 1 1 1 2 1 1 2 2 3 2 1 2 1 1 2 1 1 1 3 2 1 1 1 4 1 1 2 1 1 2 1 1 1 1 2 1 1 1 1 2 3 1 1 2 2 1 3 1 2 1 1 1 1 3 1 2 1 1 2 1 2 1 1 2 2 1 1 1 1 3 1 2 1 1 1 2 1 1 4 1 1 2 1 2 1 1 2 1 2 1 2 2 1 1 1 3 2 2 1 1 2 2 2 1 2 1 2 2 1 2 1 1 1 2 3 1 1 2 2 1 1 2 1 1 2 2 1 1 1 1 2 1 3 1 1 2 1 1 1 1 2 1 1 2 1 2 2 1 1 1 1 2 2 1 1 2 1 2 2 2 1 2 1 1 2 1 3 1 1 2 1 1 2 2 2 2 1 2 2 2 2 1 1 2 3 2 1 1 2 2 2 1 2 1 1 1 1 3 2 1 2 2 2 2 1 1 2 2 2 1 1 2 1 1 1 2 3 2 3 2 1 1 2 1 2 3 2 1 2 2 2 1 1 2 2 1 2 1 2 1 2 1 1 2 3 1 1 1 2 3 1 2 1 2 1 1 2 1 1 2 1 3 1 2 2 2 1 1 1 2 2 2 2 1 1 2 2 1 2 2 4 1 2 2 1 1 2 2 2 1 1 2 2 1 1 2 2 1 2 1 3 1 2 1 1 2 1 1 1 3 1 1 1 1 1 2 2 1 1 1 3 2 1 2 1 2 1 1 1 2 3 2 2 1 2 2 2 1 1 1 2 1 1 1 2 2 1 1 1 1 2 2 2 1 1 1 3 1 1 1 1 1 1 1 1 2 2 1 1 1 1 2 1 1 1 3 1
0.000167
0.999833
0.999534
0.000466
0.998655
0.001345
0.099062 0.846333
0.054496 0.000110
0.011358 0.346305
0.638050 0.004287
0.000005
0.999995
0.903510 0.071359
0.025130 0.000000
0.010545 0.162079 0.499008
0.283368 0.044376 0.000624
0.861862 0.092880 0.003907
0.041328 0.000023 0.000000
0.002775 0.091546 0.559390
0.254650 0.089731 0.001907
0.000000
1.000000
0.899842 0.096376
0.003781 0.000001
0.000001
0.999999
0.000016
0.999984
0.576759 0.416314
0.006926 0.000001
0.000000 0.000000 0.000000 0.000000
0.000147 0.043853 0.542016 0.413984
0.410625 0.570188
0.019183 0.000004
0.999987
0.000013
0.046331 0.831198
0.122005 0.000467
0.000000
1.000000
0.999986
0.000014
0.000034
0.999966
0.985078
0.014922
0.901030 0.095584
0.003385 0.000000
0.007936
0.992064
0.997383
0.002617
0.000043
0.999957
0.995305 0.004204
0.000491 0.000000
0.857084 0.140101
0.002815 0.000000
0.080074 0.615366
0.304151 0.000409
0.000123 0.017011
0.503337 0.479530
0.979937
0.020063
0.991855
0.008145
1.000000
0.000000
0.026309 0.800963
0.171076 0.001652
0.995157
0.004843
0.997296
0.002704
0.010636 0.171927 0.423036
0.375125 0.019232 0.000044
0.000402
0.999598
0.000000 0.000001 0.000136
0.069793 0.683742 0.246328
0.000000
1.000000
0.248875 0.646731
0.104349 0.000044
0.000178
0.999822
0.000000 0.000000 0.000001
0.008613 0.251746 0.739641
0.000001
0.999999
0.015877 0.325198
0.648518 0.010407
0.000000
1.000000
0.175752 0.760048
0.063405 0.000795
0.819260 0.178673
0.002067 0.000000
0.938839 0.056762 0.001352
0.003046 0.000000 0.000000
0.996380
0.003620
0.000000
1.000000
0.040786
0.959214
0.000094 0.020032
0.911677 0.068197
0.000000
1.000000
0.011447
0.988553
0.836364 0.142905 0.007147
0.013575 0.000010 0.000000
-0.000000 -0.000000
0.000997 0.999003
0.525864 0.467176
0.006959 0.000001
0.008048 0.536551
0.446219 0.009182
0.000002
0.999998
0.008753
0.991247
0.999096
0.000904
0.041215 0.334533 0.521127
0.099146 0.003968 0.000010
0.000000
1.000000
0.000000
1.000000
0.904654
0.095346
0.027613
0.972387
0.000093 0.002242 0.016582 0.063342
0.179852 0.464458 0.235294 0.038137
0.956936 0.042597
0.000466 0.000000
0.000000 0.000031
0.888934 0.111036
0.796395 0.174273
0.029331 0.000001
0.001562
0.998438
0.998508
0.001492
0.352768 0.534772
0.112237 0.000223
0.000452
0.999548
0.999565
0.000435
0.999397
0.000603
0.820569 0.176671
0.002760 0.000001
0.495766 0.483759
0.020457 0.000018
0.339285 0.628395
0.032231 0.000089
0.000000
1.000000
0.010101 0.359494
0.622519 0.007885
0.998148
0.001852
0.995503
0.004497
0.998338
0.001662
0.807236 0.151617
0.041147 0.000001
0.000000
1.000000
0.028372 0.714498
0.253301 0.003829
0.875039 0.121268
0.003693 0.000001
0.000000 0.000001
0.301622 0.698376
0.995813
0.004187
0.995416
0.004584
0.998477
0.001523
0.000000
1.000000
0.999269
0.000731
0.000000
1.000000
0.999600
0.000400
0.999434
0.000566
0.026381 0.331140 0.598297
0.042885 0.001295 0.000002
0.000000
1.000000
0.966412 0.032402
0.001187 0.000000
0.000606 0.043302
0.913318 0.042774
0.000108 0.007619
0.670896 0.321377
0.999136
0.000864
0.793869 0.194310
0.011816 0.000005
0.000000
1.000000
0.000105 0.015905
0.551392 0.432598
0.567069 0.415563
0.017366 0.000002
0.997476
0.002524
0.000028
0.999972
0.000494
0.999506
0.104581 0.879869
0.015550 0.000000
0.827410 0.171604
0.000986 0.000000
0.002604 0.181653
0.660612 0.155131
0.000000
1.000000
0.998544
0.001456
0.001572 0.514245
0.483875 0.000308
0.998261
0.001739
0.998074
0.001926
0.997735
0.002265
0.000000 0.000099
0.917920 0.081981
0.449894 0.532639
0.017460 0.000008
0.109505 0.726824
0.161526 0.002145
0.000094
0.999906
0.000000
1.000000
0.000000 0.000000
0.083304 0.916696
0.000541 0.108062
0.807110 0.084287
0.999784
0.000216
0.000000
1.000000
0.999315
0.000685
0.550551 0.259291 0.039420
0.150220 0.000518 0.000000
0.876579 0.115306 0.005380
0.002735 0.000001 0.000000
0.000000
1.000000
0.000231
0.999769
0.000011
0.999989
1.000000
0.000000
0.001902
0.998098
0.999911
0.000089
-0.000000 0.000000
0.003501 0.996499
0.001039 0.038881 0.233883
0.599777 0.125835 0.000586
0.986023
0.013977
0.999971
0.000029
0.961571 0.038243
0.000186 0.000000
0.000000 0.000000
0.238995 0.761005
0.000000
1.000000
0.000000 0.000000 0.000000
0.002614 0.170932 0.826454
0.976902 0.022392
0.000706 0.000000
0.000000
1.000000
0.007541
0.992459
0.999781
0.000219
0.999347
0.000653
0.233591 0.516609
0.249619 0.000180
0.999783
0.000217
0.939890
0.060110
0.532809 0.412705
0.054468 0.000019
0.999999
0.000001
0.000000 0.000000
0.116707 0.883293
0.999380
0.000620
0.000000
1.000000
0.060104 0.827090
0.112444 0.000363
0.864589
0.135411
0.438035 0.502412
0.059544 0.000009
0.000003
0.999997
0.000601 0.086671
0.854073 0.058655
0.999741
0.000259
0.999991
0.000009
0.000011
0.999989
0.000000
1.000000
0.000000 0.000000
0.045822 0.954178
0.991698
0.008302
0.222047
0.777953
0.000000
1.000000
0.000000 0.000110
0.961949 0.037941
0.659181 0.330989
0.009821 0.000009
0.970726
0.029274
0.003105 0.460147
0.535930 0.000817
0.999745
0.000255
0.000000 0.000000 0.000001
0.022584 0.796505 0.180911
0.997549
0.002451
0.013166
0.986834
0.999660
0.000340
-0.000000
1.000000
0.004929 0.293420
0.701527 0.000124
0.981333
0.018667
0.055281 0.595042
0.346073 0.003604
0.973085 0.026060
0.000855 0.000000
0.282957 0.679248
0.037771 0.000024
0.000000 0.000001
0.103580 0.896420
0.000066
0.999934
0.999900
0.000100
0.585943 0.323947
0.090074 0.000036
0.000797 0.057886
0.913580 0.027736
0.000000
1.000000
0.998954
0.001046
0.999999
0.000001
0.996468
0.003532
0.993383
0.006617
0.999962
0.000038
0.845201 0.151963
0.002835 0.000000
0.980269
0.019731
0.000002
0.999998
0.221552 0.730959
0.047465 0.000024
0.000000 0.000000
0.130917 0.869083
0.007260 0.840261
0.152436 0.000044
-0.000000 0.000000
0.001293 0.998707
0.000000 0.000000
0.388451 0.611548
0.999956
0.000044
-0.000000 0.000000
0.001120 0.998880
0.000047
0.999953
0.870837 0.125345
0.003817 0.000000
0.000000 0.000000
0.096774 0.903226
0.000000
1.000000
0.000021 0.002143 0.033423
0.523034 0.425527 0.015852
0.361104 0.473418 0.143437
0.021953 0.000087 0.000000
0.176138 0.806037
0.017825 0.000000
0.000000 0.000000
0.502281 0.497719
0.999995
0.000005
0.000006 0.000767
0.367462 0.631766
0.000000 0.000000
0.092224 0.907776
0.997797
0.002203
0.000000
1.000000
0.225244 0.723655
0.050785 0.000316
0.021190
0.978810
0.000001 0.000370
0.510421 0.489208
0.220896 0.626026
0.153001 0.000077
0.000000 -0.000000
0.001542 0.998458
0.028628 0.419316
0.551589 0.000468
0.997167
0.002833
0.999873
0.000127
0.836107 0.158675
0.005217 0.000000
0.738181 0.257538
0.004281 0.000000
0.999529
0.000471
-0.000000 0.000000
0.000445 0.999555
0.000014 0.017799
0.961706 0.020481
0.999492
0.000508
0.999152
0.000848
0.000028 0.008985
0.534381 0.456606
0.070183 0.876863
0.052825 0.000129
0.003373
0.996627
0.005828 0.256175
0.729558 0.008439
0.000000
1.000000
0.000038
0.999962
0.000000 0.000000 0.000000 0.000000
0.001932 0.118086 0.548267 0.331715
0.963554
0.036446
0.489484 0.500065
0.010450 0.000001
0.999999
0.000001
0.000000 0.000000
0.078703 0.921297
0.632917 0.358753
0.008330 0.000001
0.000000 0.000000
0.000888 0.999112
0.000000 0.000000
0.028484 0.971516
0.015713 0.394100
0.585371 0.004815
-0.000000
1.000000
0.699539 0.289931
0.010527 0.000003
0.999865
0.000135
0.323277 0.344360 0.108921 0.017556
0.203901 0.001983 0.000003 0.000000
0.000000
1.000000
0.861002 0.135373
0.003626 0.000000
0.999746
0.000254
0.003195
0.996805
0.000000 0.000000
0.104541 0.895459
0.989743
0.010257
0.952120 0.047492
0.000388 0.000000
0.499191 0.405552
0.095246 0.000011
0.998726
0.001274
0.824275 0.173629
0.002096 0.000000
0.997583
0.002417
0.000001
0.999999
0.003454
0.996546
0.000000
1.000000
0.765850
0.234150
0.000002
0.999998
0.161711 0.785915
0.052305 0.000068
0.999999
0.000001
0.999098 0.000885
0.000018 0.000000
0.672156 0.242173
0.085664 0.000006
0.000000 0.000119 0.005463
0.391274 0.575331 0.027813
0.390515
0.609485
0.101980 0.446550 0.401040
0.049502 0.000927 0.000001
0.000000 0.000119
0.590894 0.408987
0.000000
1.000000
0.002737
0.997263
0.593765 0.390810
0.015422 0.000004
0.079958 0.753115
0.163434 0.003494
0.984693
0.015307
0.301207 0.678823
0.019963 0.000007
0.965451 0.033691
0.000858 0.000000
0.973289
0.026711
0.998751
0.001249
0.003018
0.996982
0.114031
0.885969
0.970062
0.029938
-0.000000
1.000000
0.000000
1.000000
0.183047 0.781642
0.035190 0.000121
0.322026 0.648486
0.029475 0.000013
0.000000
1.000000
0.377206 0.596974
0.025792 0.000029
0.000028
0.999972
-0.000000 -0.000000
0.000046 0.999954
0.146776
0.853224
0.000000
1.000000
0.000000
1.000000
0.999710
0.000290
0.118596 0.832975
0.048347 0.000082
0.990745
0.009255
0.000000 0.000000
0.059284 0.940716
0.998841
0.001159
0.996186
0.003814
0.999999
0.000001
0.999890
0.000110
0.780327 0.198953
0.020718 0.000001
0.999899
0.000101
0.000000 0.000399
0.794514 0.205087
0.001211 0.101618
0.873703 0.023468
0.999102
0.000898
0.000002
0.999998
0.000000 0.000005
0.095715 0.904280
0.835902 0.107385
0.056701 0.000012
0.000000 0.000159
0.368987 0.630854
0.015241 0.185171 0.321962
0.464430 0.013182 0.000015
0.291890 0.522822
0.185211 0.000077
0.121877
0.878123
0.000000 0.000000
0.169637 0.830363
0.048388 0.818570
0.131385 0.001657
0.999888
0.000112
0.000020 0.016485
0.981406 0.002089
0.798578 0.191975
0.009439 0.000008
0.094833 0.225994 0.206882 0.110768 0.041268
0.280615 0.038148 0.001468 0.000025 0.000000
0.000000
1.000000
0.000000 0.000000
0.030265 0.969735
0.000669
0.999331
0.000000
1.000000
0.000000
1.000000
0.915527 0.082270
0.002203 0.000000
0.999999
0.000001
0.003015 0.118367
0.795980 0.082638
0.391150 0.541967
0.066869 0.000013
0.008005
0.991995
0.980778
0.019222
0.999990
0.000010
0.000012 0.009657
0.985837 0.004495
0.983514
0.016486
0.543322 0.454275
0.002403 0.000000
0.365030 0.493942 0.106066
0.034894 0.000067 0.000000
0.340488 0.623496
0.035891 0.000125
0.999942
0.000058
0.079976 0.780157
0.139274 0.000593
0.000000
1.000000
0.999400
0.000600
0.948699
0.051301
0.000027 0.004984
0.812451 0.182538
0.000000
1.000000
0.000000 0.000054
0.581164 0.418782
0.925089 0.073077
0.001834 0.000000
0.999993
0.000007
0.999989
0.000011
0.984185
0.015815
0.998897
0.001103
0.000000
1.000000
0.998474
0.001526
0.242819 0.423058 0.193675
0.138322 0.002122 0.000004
0.721083
0.278917
0.999996
0.000004
0.263696 0.572666
0.163458 0.000180
0.045831 0.534277
0.418993 0.000898
0.997023
0.002977
1.000000
0.000000
0.915330
0.084670
0.997964
0.002036
0.999826
0.000174
0.996289
0.003711
0.853801 0.143844
0.002356 0.000000
0.000000
1.000000
0.000000
1.000000
0.999071
0.000929
0.000003 0.001247 0.043037
0.685064 0.269818 0.000831
0.000000 0.000001 0.000101
0.085003 0.718786 0.196109
0.000441
0.999559
0.000418
0.999582
0.999889
0.000111
0.643814 0.347170
0.009012 0.000003
0.999836
0.000164
0.000000 0.000016
0.869857 0.130127
0.662354
0.337646
0.999346
0.000654
0.999998
0.000002
0.999912
0.000088
0.000945
0.999055
0.136748 0.849486
0.013766 0.000000
0.723015 0.231264
0.045720 0.000002
0.999975
0.000025
0.907470 0.091203
0.001327 0.000000
0.000000 0.000000
0.072960 0.927040
0.990283
0.009717
0.570559 0.406303
0.023095 0.000044
0.949666 0.047757
0.002577 0.000000
0.838381 0.158348
0.003271 0.000000
0.004109
0.995891
0.999685
0.000315
0.000000
1.000000
0.999999
0.000001
0.000000
1.000000
0.240232 0.734627
0.025109 0.000032
0.999915
0.000085
0.000000 0.000000
0.069940 0.930060
0.000019 0.005592
0.860199 0.134191
0.252183 0.728631
0.019163 0.000023
0.998847
0.001153
0.167112 0.757227
0.075067 0.000594
0.028154 0.727528
0.242289 0.002029
0.174862 0.629742
0.193773 0.001623
0.850923
0.149077
0.019634 0.587323
0.393020 0.000023
0.000159
0.999841
0.809864 0.187099
0.003037 0.000000
0.028172 0.487576
0.482597 0.001655
0.000767
0.999233
0.000000 0.000000
0.005104 0.994896
0.027318 0.929614
0.043067 0.000002
0.999999
0.000001
0.474625
0.525375
0.999875
0.000125
0.000000 0.000000
0.104931 0.895069
0.999906
0.000094
0.000000
1.000000
0.002012
0.997988
0.984602
0.015398
0.655931 0.335683
0.008385 0.000001
0.000000
1.000000
-0.000000 0.000000
0.003669 0.996331
0.000000 0.000000
0.062995 0.937005
0.001384
0.998616
0.050705 0.605100
0.314976 0.029219
0.000120 0.046750
0.946933 0.006197
0.030587 0.696196
0.270575 0.002642
0.055046
0.944954
0.000042 0.004928
0.608160 0.386870
0.284814 0.586066
0.129067 0.000053
0.754279 0.232185
0.013536 0.000000
0.856288 0.140517
0.003194 0.000001
0.000000
1.000000
0.000171
0.999829
0.000000
1.000000
0.005559
0.994441
0.074815 0.893965
0.031219 0.000000
0.001069
0.998931
0.999839
0.000161
0.999995
0.000005
0.775215 0.182824
0.041940 0.000021
0.399665 0.590043
0.010288 0.000004
0.818686 0.148393 0.016120 0.001364
0.015356 0.000081 0.000000 0.000000
0.559837 0.434226
0.005937 0.000000
0.000004
0.999996
0.462412 0.529984
0.007603 0.000001
0.468338 0.517769
0.013891 0.000002
0.000000
1.000000
0.015823
0.984177
0.999943
0.000057
0.961010 0.038424
0.000566 0.000000
0.000000 0.000136
0.863273 0.136591
0.000053 0.008800
0.435364 0.555784
0.000000 0.000381
0.911391 0.088227
0.999240
0.000760
0.999945
0.000055
0.000000
1.000000
0.999198
0.000802
0.999897
0.000103
0.000325
0.999675
0.055701 0.477260
0.466074 0.000965
0.142638 0.687020
0.170338 0.000004
0.000000
1.000000
0.000000
1.000000
0.528239 0.453313
0.018444 0.000004
0.000000
1.000000
1.000000
0.000000
0.435121 0.542860
0.022015 0.000004
0.995041
0.004959
0.155660 0.801033
0.042920 0.000386
0.992228
0.007772
0.880165 0.118042
0.001793 0.000000
0.545569 0.304892 0.056046
0.093281 0.000212 0.000000
0.000445
0.999555
0.999858
0.000142
0.000000
1.000000
0.678910 0.312826
0.008247 0.000017
-0.000000 -0.000000
0.001103 0.998897
0.000000 0.000001
0.210106 0.789893
0.009438 0.365917
0.500810 0.123835
0.000000
1.000000
0.080951
0.919049
0.000340
0.999660
0.000000
1.000000
0.000373 0.060276
0.797872 0.141478
0.123635 0.715891
0.160429 0.000045
0.238963 0.503511 0.231560
0.025622 0.000342 0.000000
0.000000 0.000000
0.062038 0.937962
0.000000 0.000000
0.003910 0.996090
0.923144
0.076856
0.000112 0.011839 0.163892 0.623864
0.144422 0.055111 0.000759 0.000001
0.096019 0.840602
0.063273 0.000106
1.000000
0.000000
0.000000 0.000125
0.342932 0.656943
0.000000 0.000000
0.266819 0.733181
0.999978
0.000022
0.437475 0.536790
0.025729 0.000007
0.001027 0.102188
0.871062 0.025724
0.000001 0.000521
0.666677 0.332801
0.999988
0.000012
0.541852 0.455271
0.002877 0.000000
0.070516 0.873052
0.056270 0.000163
0.578110
0.421890
0.378800 0.609018
0.012179 0.000003
0.999995
0.000005
0.000005
0.999995
0.053080 0.922490
0.024429 0.000000
0.000000 0.000001
0.115565 0.884434
0.997976
0.002024
0.807512 0.177450 0.007740
0.007296 0.000002 0.000000
0.004773
0.995227
0.999919
0.000081
0.910956
0.089044
0.993105
0.006895
0.000000 0.000000 0.000000
0.018189 0.510796 0.471014
0.000000
1.000000
0.371529 0.603706
0.024740 0.000025
0.999985
0.000015
0.998486 0.001490
0.000024 0.000000
0.999255
0.000745
0.993100 0.006365
0.000534 0.000000
0.000000
1.000000
0.000000
1.000000
0.993463
0.006537
0.136759 0.585568
0.277484 0.000189
0.999130
0.000870
0.708761 0.284670
0.006565 0.000004
0.997935
0.002065
0.000000
1.000000
0.892146 0.091173
0.016680 0.000001
0.999999
0.000001
0.000000 0.000272
0.898872 0.100856
0.079699 0.764901
0.154503 0.000898
-0.000000
1.000000
0.995385
0.004615
0.249376 0.728973
0.021634 0.000018
0.000024
0.999976
0.999965
0.000035
0.989608
0.010392
0.999188
0.000812
0.002374
0.997626
0.999477
0.000523
0.000000
1.000000
0.000000
1.000000
-0.000000 0.000000
0.004490 0.995510
0.998547
0.001453
0.978155 0.021713
0.000132 0.000000
0.000000
1.000000
0.000000
1.000000
0.999834
0.000166
0.000002
0.999998
0.000001
0.999999
0.953398
0.046602
0.001760 0.091257 0.612771
0.257705 0.036325 0.000182
0.000330
0.999670
0.004806
0.995194
0.113795 0.510425 0.349805
0.025749 0.000227 0.000000
0.012562 0.816840
0.170576 0.000021
0.397342 0.582470
0.020182 0.000005
0.000000 0.000321
0.387794 0.611885
0.009171 0.296118
0.694304 0.000407
0.912793 0.083289
0.003917 0.000001
0.000000
1.000000
0.999903
0.000097
0.996907
0.003093
0.000000
1.000000
0.000000
1.000000
0.562130 0.365786
0.072071 0.000013
0.946223
0.053777
0.999998
0.000002
0.999996
0.000004
0.997312
0.002688
0.916307
0.083693
0.999968
0.000032
0.988667
0.011333
0.514910 0.400044
0.085039 0.000008
0.000001
0.999999
0.000001 0.000456
0.706679 0.292864
0.999999
0.000001
0.999677
0.000323
0.000285
0.999715
0.000000
1.000000
0.000000 -0.000000
0.001371 0.998629
0.485429 0.476610
0.037961 0.000000
0.999383
0.000617
0.036096 0.800065
0.162793 0.001045
0.999999
0.000001
0.999757
0.000243
0.999106
0.000894
0.999739
0.000261
0.936275 0.061767
0.001958 0.000000
0.998017
0.001983
0.022948 0.507490
0.469405 0.000157
0.784903
0.215097
0.000000
1.000000
0.983758 0.015544
0.000698 0.000000
0.998710
0.001290
0.001525
0.998475
0.000000 0.000051 0.001671
0.221728 0.676321 0.100230
0.830528 0.165593
0.003879 0.000000
0.000000 0.000000
0.106200 0.893800
0.849671 0.146497
0.003831 0.000001
0.990907
0.009093
0.999966
0.000034
0.743359 0.212736 0.033807
0.010075 0.000023 0.000000
0.100704 0.850108
0.049113 0.000075
0.359748 0.375706
0.263864 0.000683
0.059785 0.832169
0.107483 0.000564
0.993786
0.006214
-0.000000 0.000000
0.001582 0.998418
0.996746
0.003254
0.000000
1.000000
0.999663
0.000337
0.997546
0.002454
0.000000 0.000000 0.000022
0.045185 0.790331 0.164462
0.579684 0.410486
0.009829 0.000001
0.101243 0.427769 0.414573
0.054282 0.002124 0.000009
0.998959
0.001041
0.014019 0.521656
0.448636 0.015689
0.994672
0.005328
0.000021
0.999979
0.000000
1.000000
0.409736 0.582295
0.007969 0.000000
0.992724
0.007276
0.947538 0.050596
0.001865 0.000000
0.000025 0.010048
0.606476 0.383451
0.023645
0.976355
0.000009
0.999991
0.284066 0.497549 0.191325
0.027005 0.000055 0.000000
0.814498 0.177879
0.007622 0.000001
0.000002 0.000422
0.447505 0.552071
0.997448
0.002552
0.833044 0.162685
0.004271 0.000000
0.999680
0.000320
0.998079
0.001921
0.258034 0.700108
0.041825 0.000032
0.000003
0.999997
0.000000
1.000000
0.000000
1.000000
0.738660 0.251483
0.009857 0.000000
0.000015 0.001937 0.035681
0.502013 0.443516 0.016838
-0.000000 0.000000
0.010435 0.989565
0.000000
1.000000
1.000000
0.000000
0.031218 0.337539
0.626418 0.004826
0.000000 0.000942
0.974417 0.024641
0.996406
0.003594
0.996684
0.003316
0.996705
0.003295
0.000000
1.000000
0.003051
0.996949
0.999997
0.000003
0.141483 0.800209
0.058222 0.000085
0.844898 0.153223
0.001880 0.000000
-0.000000 -0.000000
0.000558 0.999442
0.976974
0.023026
0.070154 0.628050
0.301775 0.000020
0.809608 0.163031
0.027360 0.000001
0.000001
0.999999
0.504088 0.488060
0.007849 0.000002
0.950185
0.049815
0.999937
0.000063
0.212761 0.762341
0.024874 0.000024
0.972116
0.027884
0.000003
0.999997
0.965453
0.034547
0.172006 0.818528
0.009466 0.000000
0.999308
0.000692
0.156370
0.843630
0.000000 0.000001 0.000106
0.152885 0.730959 0.116049
0.587095 0.379645
0.033258 0.000003
0.999954
0.000046
0.000015
0.999985
0.999995
0.000005
0.000000 0.000038
0.340683 0.659279
0.999998
0.000002
-0.000000 0.000000 0.000000
0.001048 0.109404 0.889548
0.989792
0.010208
0.875084 0.120137
0.004779 0.000000
0.000000
1.000000
0.989757
0.010243
1.000000
0.000000
0.999999
0.000001
0.000026
0.999974
0.774798
0.225202
0.897220 0.093316
0.009464 0.000000
-0.000000 0.000000 -0.000000
0.000002 0.017024 0.982974
-0.000000 -0.000000
0.002055 0.997945
0.816674 0.178437
0.004888 0.000000
0.859657
0.140343
0.000013
0.999987
0.907929
0.092071
0.999857
0.000143
0.729009 0.265723
0.005268 0.000000
0.000000 0.000000
0.038994 0.961006
0.000000 0.000016
0.840183 0.159801
0.788367 0.203104
0.008524 0.000005
0.048169 0.871779
0.079621 0.000431
0.000000 0.000033
0.416872 0.583096
0.987241
0.012759
0.773961 0.217989
0.008050 0.000000
0.060366 0.720521
0.219090 0.000022
0.392064 0.567346
0.040533 0.000058
0.000004 0.000860
0.478378 0.520758
0.999988
0.000012
0.997433
0.002567
0.000000 0.000000
0.015895 0.984105
0.000000
1.000000
0.999994
0.000006
0.000045
0.999955
0.981639
0.018361
0.970825
0.029175
0.980122
0.019878
0.006844 0.392323
0.600787 0.000047
0.999867
0.000133
0.000029
0.999971
0.549460
0.450540
0.936132
0.063868
0.000207 0.046198
0.929878 0.023717
0.001628 0.102252
0.699269 0.196851
0.366651 0.602835
0.030502 0.000012
0.890046 0.107061
0.002893 0.000000
0.283880 0.559689
0.156384 0.000047
0.999999
0.000001
0.999702
0.000298
0.127559 0.828097
0.044274 0.000069
0.664728 0.329596
0.005676 0.000000
0.000001
0.999999
0.999997
0.000003
0.551632 0.433583
0.014785 0.000000
0.000000
1.000000
0.999999
0.000001
0.997458
0.002542
0.000000 0.000000
0.178985 0.821015
0.999990
0.000010
0.086136 0.818913
0.094657 0.000293
0.829026 0.167070
0.003900 0.000003
0.999807
0.000193
0.999974
0.000026
0.098047 0.452909 0.389587
0.058555 0.000900 0.000001
0.999405
0.000595
0.000002
0.999998
0.000000 -0.000000
0.000624 0.999376
0.220923 0.759350
0.019707 0.000019
0.000000
1.000000
0.396239 0.573183
0.030567 0.000012
0.517766 0.433759
0.048474 0.000001
0.999834
0.000166
0.096134 0.726883
0.173251 0.003732
0.732839 0.169123
0.097984 0.000054
0.989642
0.010358
0.985407
0.014593
0.000005
0.999995
0.983532
0.016468
0.999993
0.000007
0.436016 0.549183
0.014797 0.000005
0.962168 0.036349
0.001483 0.000000
0.000000 0.000000
0.088781 0.911219
0.968463 0.030753
0.000784 0.000000
0.992477
0.007523
0.677441 0.309619
0.012933 0.000007
0.993163
0.006837
0.001367
0.998633
0.998899
0.001101
0.001653 0.284564
0.673597 0.040187
0.999808
0.000192
0.720863 0.274653
0.004482 0.000002
0.000011
0.999989
0.372762 0.615906
0.011329 0.000003
0.044926 0.423754
0.530224 0.001096
0.697196 0.298276
0.004528 0.000000
0.933044
0.066956
0.971903 0.023613
0.004483 0.000000
0.985424
0.014576
0.999952
0.000048
0.000000 -0.000000
0.000011 0.999989
0.999649
0.000351
0.000008 0.005959
0.738582 0.255451
0.999990
0.000010
0.989803
0.010197
0.000000 0.000000
0.221743 0.778257
0.756016 0.240484
0.003501 0.000000
0.000425
0.999575
0.000304
0.999696
0.000000 0.000000
0.076624 0.923376
0.000001
0.999999
0.000000 0.000000
0.036542 0.963458
0.999939
0.000061
0.999993
0.000007
0.002456 0.328974
0.629794 0.038776
0.099420 0.806102
0.094331 0.000147
0.990937 0.008243
0.000820 0.000000
0.005094 0.113377
0.483568 0.397962
0.000000 0.000000
0.000676 0.999324
0.999917
0.000083
0.169553 0.768808
0.061563 0.000076
0.801422
0.198578
0.997345
0.002655
0.089744 0.844595
0.065397 0.000264
0.783764 0.213075
0.003160 0.000000
0.261666 0.689062
0.049157 0.000114
0.462561 0.528767
0.008671 0.000002
0.000001 0.001294
0.620701 0.378004
0.999999
0.000001
0.996980
0.003020
0.969203
0.030797
0.000000 0.000000
0.111796 0.888204
0.997227
0.002773
0.000042
0.999958
0.154797 0.836830
0.008374 0.000000
0.999995
0.000005
0.067424 0.839591
0.092697 0.000288
0.997512
0.002488
0.942222 0.054571
0.003208 0.000000
0.000017 0.005771
0.880601 0.113611
0.000039
0.999961
0.856613
0.143387
0.375552 0.604174
0.020270 0.000004
0.971611 0.028000
0.000389 0.000000
0.001904 0.209602
0.728482 0.060012
0.000000 0.000000
0.065225 0.934775
0.999997
0.000003
0.899199
0.100801
0.262954 0.718475
0.018560 0.000011
0.010164 0.380905
0.608845 0.000085
0.930915 0.068467
0.000619 0.000000
0.000001
0.999999
0.493170 0.481226
0.025581 0.000022
0.999969
0.000031
0.002413 0.526478
0.470750 0.000359
0.108361 0.794903
0.095442 0.001294
0.000011
0.999989
0.028029
0.971971
0.000000
1.000000
0.232801 0.759667
0.007531 0.000000
0.999998
0.000002
0.695545 0.292762
0.011693 0.000001
0.000002
0.999998
0.000000 0.000000 0.000000
0.004120 0.289487 0.706393
0.000003
0.999997
0.998755
0.001245
0.998618
0.001382
0.000000
1.000000
0.000000 0.000002
0.554684 0.445313
0.000000
1.000000
0.000000
1.000000
0.000000
1.000000
0.000182
0.999818
0.994273 0.005682
0.000045 0.000000
0.803891 0.162753
0.033355 0.000001
0.992487
0.007513
0.998362
0.001638
0.999764
0.000236
0.999853
0.000147
0.999597
0.000403
0.000552 0.033994
0.844129 0.121324
0.656234 0.338942
0.004824 0.000000
0.000000
1.000000
0.001331 0.081751
0.892979 0.023939
0.954673 0.044819
0.000508 0.000000
0.999999
0.000001
0.068977 0.338540 0.411478
0.176853 0.004149 0.000004
0.040404 0.464104
0.471700 0.023792
0.999927
0.000073
0.752913 0.183307
0.063777 0.000003
0.771852 0.225752
0.002396 0.000000
0.999912
0.000088
0.006968 0.455975
0.527983 0.009074
0.906948 0.087527
0.005525 0.000000
0.000003 0.005317
0.903742 0.090938
0.985769 0.013805
0.000427 0.000000
0.994310
0.005690
-0.000000 0.000000
0.003077 0.996923
0.977500
0.022500
0.193445 0.780420
0.026113 0.000021
0.000003
0.999997
0.000000
1.000000
0.999997
0.000003
0.999735
0.000265
0.279484 0.707581
0.012935 0.000001
0.449072 0.544035
0.006892 0.000000
0.999935
0.000065
0.007564 0.433882
0.546250 0.012304
0.999759
0.000241
0.998966
0.001034
0.166826 0.803162
0.029977 0.000035
0.998857
0.001143
0.000788 0.088679
0.881758 0.028775
0.037752 0.582789
0.379426 0.000033
0.998819
0.001181
0.995112
0.004888
0.010309 0.148675 0.361251
0.451776 0.027900 0.000088
0.000000
1.000000
0.989576
0.010424
0.974817 0.024464
0.000718 0.000000
0.999471
0.000529
0.081310
0.918690
0.933156 0.065929
0.000914 0.000000
0.000000 0.000000
0.127678 0.872322
0.003799 0.104344
0.853628 0.038229
0.001233 0.062867
0.866886 0.069013
0.533209 0.463139
0.003652 0.000000
0.035972 0.831086
0.132303 0.000639
0.219861 0.465898 0.262624
0.050042 0.001568 0.000007
0.997258
0.002742
0.000000 0.000000
0.010779 0.989221
0.999917
0.000083
0.993883
0.006117
0.005202 0.166142 0.695846
0.123198 0.009586 0.000027
0.000000
1.000000
0.997914
0.002086
0.996235 0.003502
0.000263 0.000000
0.000000
1.000000
0.000143
0.999857
0.586484 0.393440
0.020061 0.000015
0.999927
0.000073
0.493162 0.497666
0.009171 0.000002
0.799767 0.196471
0.003762 0.000000
0.088987
0.911013
0.999683
0.000317
0.019380 0.482726
0.489162 0.008732
0.996078
0.003922
0.000000
1.000000
0.175339 0.471913 0.310389
0.041759 0.000598 0.000001
0.006702 0.274805
0.693718 0.024775
0.989147
0.010853
0.986578
0.013422
0.999506
0.000494
0.270756 0.687066
0.042137 0.000041
0.000000 0.000000
0.060793 0.939207
0.101373 0.479889 0.387956
0.030399 0.000382 0.000000
0.000010 0.010443
0.986322 0.003225
0.012124 0.207691 0.688651
0.078732 0.012628 0.000173
0.992257
0.007743
0.000000 0.000008
0.358452 0.641540
0.000000 0.000059
0.391131 0.608810
0.000000 0.000002
0.749899 0.250099
0.000000 0.000002
0.304012 0.695986
0.000047 0.005729
0.715763 0.278462
0.999424
0.000576
0.084631 0.510492
0.403902 0.000976
0.229783 0.724582
0.045317 0.000318
0.000000
1.000000
0.140609 0.803777
0.055545 0.000069
0.999596
0.000404
0.299386 0.673082
0.027520 0.000012
0.311167 0.518014 0.152808
0.017954 0.000057 0.000000
0.999298
0.000702
0.000000
1.000000
0.998705
0.001295
1.000000
0.000000
0.999633
0.000367
0.000004
0.999996
0.081681 0.844846
0.072951 0.000522
0.998351
0.001649
0.999996
0.000004
0.997822
0.002178
0.095244 0.820419
0.084042 0.000296
0.000000 0.000968
0.982192 0.016840
0.997014
0.002986
0.017617 0.630518
0.348420 0.003446
0.999461
0.000539
0.997895
0.002105
0.081271 0.820935
0.097563 0.000231
0.000000 0.000000 0.000004
0.046217 0.808411 0.145369
0.000000
1.000000
0.172116 0.276627 0.233009
0.280039 0.036459 0.001750
0.996667
0.003333
0.000000
1.000000
0.000000
1.000000
0.482326 0.508226
0.009446 0.000002
0.999350
0.000650
0.998915
0.001085
0.001288 0.111253
0.848491 0.038968
0.997848
0.002152
0.999027
0.000973
0.000073
0.999927
0.883475 0.114627
0.001898 0.000000
0.270844 0.711612
0.017535 0.000009
0.999988
0.000012
0.996846
0.003154
0.935742 0.063936
0.000322 0.000000
0.988148 0.011588
0.000264 0.000000
0.002108
0.997892
0.000000 0.000012
0.190417 0.809571
0.023691 0.411241
0.561280 0.003788
0.000004 0.006056
0.931265 0.062676
0.000000 0.000001
0.153420 0.846579
0.987916
0.012084
0.047817
0.952183
0.000000 0.000043
0.273539 0.726418
0.773967 0.220967
0.005066 0.000000
0.438353 0.542665
0.018978 0.000004
0.017208 0.144229 0.343787 0.407951
0.069312 0.016902 0.000605 0.000005
0.292453 0.668927
0.038518 0.000102
0.999916
0.000084
0.999939
0.000061
1.000000
0.000000
0.997866
0.002134
0.420743 0.542893
0.036330 0.000034
0.000000
1.000000
0.999821
0.000179
0.993315
0.006685
0.000000
1.000000
0.993630 0.006298
0.000071 0.000000
0.325343 0.666374
0.008283 0.000000
0.492445 0.493679
0.013842 0.000033
0.995141 0.004760
0.000099 0.000000
0.000000 0.000000
0.014929 0.985071
0.000084
0.999916
0.171834 0.812777
0.015388 0.000001
0.998625
0.001375
0.986277
0.013723
0.999897
0.000103
0.999346
0.000654
0.500797
0.499203
0.994566
0.005434
0.999115
0.000885
0.998496
0.001504
0.862237 0.136081
0.001682 0.000000
0.999998
0.000002
0.366826 0.505273
0.127878 0.000023
0.000000 0.000004
0.198325 0.801671
0.000000
1.000000
0.999890
0.000110
0.000007 0.002858
0.856593 0.140541
0.050079 0.633452
0.315333 0.001136
0.137298 0.556206 0.277972
0.028478 0.000045 0.000000
0.045884 0.872915
0.080845 0.000355
0.000005 0.001959
0.785331 0.212705
0.999998
0.000002
0.000037
0.999963
0.102737 0.381233 0.445531
0.066377 0.004091 0.000031
0.035688 0.753784
0.205487 0.005041
0.999448
0.000552
0.977098 0.022615
0.000287 0.000000
0.996230
0.003770
0.749031 0.249561
0.001408 0.000000
0.999798
0.000202
0.000002
0.999998
0.000000
1.000000
0.986919
0.013081
0.528487 0.435779
0.035720 0.000013
0.999997
0.000003
0.000714 0.039387
0.814592 0.145307
0.876054
0.123946
0.676797 0.313420
0.009771 0.000012
0.980300
0.019700
0.000000 -0.000000 0.000000 0.000000
0.000001 0.000690 0.062972 0.936337
0.000000
1.000000
0.000000 0.000000
0.082788 0.917212
0.999503
0.000497
0.999977
0.000023
0.852529 0.107422 0.002840
0.037204 0.000005 0.000000
0.000000
1.000000
0.959012
0.040988
0.000001
0.999999
0.000018 0.013623
0.983168 0.003191
0.011909 0.205962
0.737884 0.044245
0.999970
0.000030
0.000000 0.000006
0.328075 0.671919
0.083820 0.532839 0.344929
0.038340 0.000071 0.000000
0.887346
0.112654
0.999936
0.000064
0.999866
0.000134
0.999548
0.000452
0.000303 0.011614 0.088138
0.528697 0.354997 0.016251
0.999999
0.000001
0.000000
1.000000
0.955574
0.044426
0.999999
0.000001
0.999573
0.000427
0.000000
1.000000
0.000000
1.000000
0.000670 0.099564
0.826523 0.073243
0.007721 0.388011
0.596639 0.007630
0.000000 0.000198
0.418846 0.580956
0.237217 0.749377
0.013406 0.000000
0.000000 0.000000
0.048788 0.951212
0.000000 0.000006
0.365078 0.634916
0.998458 0.001503
0.000040 0.000000
0.545047 0.402322
0.052563 0.000068
0.000015
0.999985
0.000000 0.000000
0.076924 0.923076
0.991122
0.008878
0.000000 0.000000
0.021810 0.978190
0.999999
0.000001
0.999543
0.000457
0.000000 0.000000
0.057167 0.942833
0.656855 0.309568 0.027097
0.006476 0.000004 0.000000
1.000000
0.000000
0.000000
1.000000
0.004436
0.995564
0.147963 0.667766
0.183948 0.000323
-0.000000 0.000000
0.004618 0.995382
0.999045
0.000955
0.998969
0.001031
0.000000 0.000000
0.056941 0.943059
0.999427
0.000573
-0.000000
1.000000
0.997974
0.002026
0.999979
0.000021
0.000000 -0.000000
0.000156 0.999844
0.000741
0.999259
0.015816 0.190496 0.458752
0.301069 0.033534 0.000334
0.947595 0.047675
0.004729 0.000000
0.999531
0.000469
0.000414
0.999586
0.000000
1.000000
0.997866
0.002134
0.999979
0.000021
0.186389 0.546417 0.243919
0.023160 0.000114 0.000000
0.999581
0.000419
0.000015
0.999985
0.000000
1.000000
0.067213 0.734719
0.190397 0.007671
0.000000 0.000000
0.010437 0.989563
0.069974
0.930026
0.996921
0.003079
0.245921 0.734913
0.019152 0.000015
0.000367
0.999633
0.000175 0.065898
0.933168 0.000759
0.912324 0.084278
0.003398 0.000000
0.985259
0.014741
0.000000 0.000000
0.021493 0.978507
0.967868
0.032132
0.999996
0.000004
0.977994 0.020592
0.001414 0.000000
0.845454 0.143690
0.010856 0.000000
0.330894 0.646615
0.022425 0.000066
0.153957 0.821465
0.024552 0.000026
0.000001
0.999999
0.998364
0.001636
0.996158 0.003528
0.000314 0.000000
-0.000000
1.000000
0.999999
0.000001
0.000000 0.000000
0.052264 0.947736
0.000009
0.999991
0.366490
0.633510
0.419175 0.558162
0.022650 0.000013
0.000514
0.999486
0.998775
0.001225
0.055165
0.944835
0.725738 0.264333
0.009928 0.000001
0.991703
0.008297
0.736316 0.225583
0.038097 0.000005
0.999568
0.000432
0.911611 0.080993
0.007395 0.000000
0.927312 0.071871
0.000817 0.000000
0.000000 0.000000
0.036430 0.963570
0.870490 0.128846
0.000664 0.000000
0.000000
1.000000
0.000000 0.000000 0.000001
0.020236 0.519888 0.459875
0.000000
1.000000
0.998823
0.001177
0.998901
0.001099
0.073883 0.870984
0.054967 0.000166
0.999614
0.000386
0.088591 0.796473
0.114596 0.000340
0.000000 0.000355
0.975772 0.023873
-0.000000 0.000000
0.009270 0.990730
0.999925
0.000075
0.000002
0.999998
0.994698 0.004763
0.000539 0.000000
0.999691
0.000309
0.260080 0.727127
0.012793 0.000000
0.971908
0.028092
-0.000000
1.000000
0.981224 0.018366
0.000411 0.000000
0.049863 0.579319
0.369975 0.000843
0.267445 0.467490
0.264636 0.000429
0.919212
0.080788
0.006168 0.571747
0.410208 0.011877
0.999981
0.000019
0.000000 0.000000 0.000000 0.000000
0.000012 0.004557 0.157635 0.837796
0.000000
1.000000
0.999826
0.000174
0.993019 0.006202
0.000780 0.000000
-0.000000 0.000000
0.000588 0.999412
0.174029 0.804488
0.021483 0.000000
0.000000 -0.000000 0.000000
0.000006 0.019658 0.980335
0.999682
0.000318
0.985862
0.014138
0.000000 0.000000
0.310017 0.689983
0.999865
0.000135
0.999592
0.000408
0.507120 0.489059
0.003820 0.000000
0.999303
0.000697
0.000000 0.000075 0.003629
0.284307 0.655720 0.056268
0.002571
0.997429
0.000000 0.000000
0.027823 0.972177
0.459205 0.414397 0.094294
0.032016 0.000087 0.000000
0.000000 0.000000
0.006105 0.993895
0.999997
0.000003
1.000000
0.000000
0.817472 0.177856
0.004671 0.000001
0.000021 0.003733 0.090887 0.629136
0.138643 0.132722 0.004850 0.000010
0.094657 0.775560
0.126713 0.003070
0.000000 0.000092
0.576658 0.423250
0.000001
0.999999
0.000000 0.000347
0.657524 0.342130
0.942361 0.057046
0.000593 0.000000
0.999999
0.000001
0.000131
0.999869
0.000000
1.000000
0.000000 0.000065
0.424066 0.575869
0.999726
0.000274
0.998139
0.001861
0.000000
1.000000
0.793775 0.204321
0.001905 0.000000
0.999998
0.000002
0.000000 0.000000 0.000000
0.001515 0.193970 0.804515
0.997576
0.002424
0.000000
1.000000
0.998403
0.001597
0.999733
0.000267
0.978304
0.021696
0.000000 0.000005 0.000507
0.194242 0.718461 0.086784
0.108214 0.859864
0.031922 0.000001
0.999956
0.000044
0.984781
0.015219
0.999293
0.000707
0.008134 0.264548
0.721257 0.006062
0.999929
0.000071
0.985320 0.012461
0.002219 0.000000
0.000000 -0.000000
0.000002 0.999998
0.233835 0.742922
0.023212 0.000032
0.170545 0.691994
0.136964 0.000496
0.006750
0.993250
0.408992 0.467393 0.094325
0.029234 0.000055 0.000000
0.935927
0.064073
0.889647
0.110353
0.999985
0.000015
0.662699 0.334138
0.003162 0.000000
0.000597
0.999403
0.000000
1.000000
0.999694
0.000306
0.410056 0.567474
0.022459 0.000011
0.014134
0.985866
0.029928 0.893254
0.076815 0.000003
0.000000 0.000000
0.002375 0.997625
0.998567
0.001433
0.004895 0.148875 0.378647
0.463211 0.004372 0.000000
0.999952
0.000048
0.698433 0.294338
0.007212 0.000016
0.054825 0.435553
0.508413 0.001209
0.232417 0.761053
0.006530 0.000000
0.000000
1.000000
0.811082 0.187904
0.001014 0.000000
0.000001
0.999999
0.055282
0.944718
0.998422
0.001578
0.000001
0.999999
0.999991
0.000009
0.000000 0.000000 0.000000
0.018415 0.516104 0.465481
0.274471 0.678195
0.046999 0.000335
0.000241
0.999759
0.000406 0.128395
0.870529 0.000670
0.000000
1.000000
0.000000 0.000001
0.224574 0.775425
0.967137 0.032567
0.000296 0.000000
0.093846
0.906154
0.000000
1.000000
0.000145
0.999855
0.986219
0.013781
0.000000
1.000000
0.000001 0.007192
0.969970 0.022837
0.998346
0.001654
0.999996
0.000004
0.000017 0.009442
0.809272 0.181270
0.000008
0.999992
0.000314
0.999686
0.995302 0.004354
0.000344 0.000000
0.000000
1.000000
0.509148 0.483476
0.007376 0.000000
1.000000
0.000000
0.449615 0.489879
0.060494 0.000012
0.939227 0.059087
0.001686 0.000000
0.999938
0.000062
0.995202
0.004798
0.986713
0.013287
0.000000
1.000000
0.999988
0.000012
0.000013
0.999987
0.999845
0.000155
0.020525 0.656123
0.318704 0.004647
0.256453 0.699491
0.044012 0.000044
0.958563 0.040637
0.000800 0.000000
0.999991
0.000009
0.077125 0.878625
0.044152 0.000098
0.000000
1.000000
0.992871
0.007129
0.999843
0.000157
0.912349 0.084629
0.003022 0.000000
0.328993 0.547422
0.123473 0.000112
0.999949
0.000051
0.999708
0.000292
0.837202
0.162798
0.546385 0.311027 0.031653
0.110852 0.000083 0.000000
0.999993
0.000007
0.997200
0.002800
0.000538 0.076906
0.883715 0.038840
0.000004 0.000416
0.305449 0.694132
0.000000 0.000000
0.026574 0.973426
0.995062
0.004938
0.000536 0.051113
0.923401 0.024949
0.993915
0.006085
0.999993
0.000007
0.000000
1.000000
0.000004 0.001499
0.778642 0.219855
0.000000 0.000000
0.126498 0.873502
0.984003 0.014972
0.001024 0.000000
0.000001
0.999999
0.364050 0.390942
0.244012 0.000995
0.030640 0.640573
0.289999 0.038788
0.020503
0.979497
0.378182 0.613378
0.008440 0.000000
0.012429
0.987571
0.999998
0.000002
0.278016 0.693424
0.028548 0.000012
0.999371
0.000629
0.978775 0.016339
0.004886 0.000000
0.000000 0.000371
0.688125 0.311504
0.997286
0.002714
0.639379 0.358274
0.002347 0.000000
0.000000 0.000000
0.070103 0.929897
0.000000 0.000037
0.493144 0.506819
0.000002 0.000349
0.311758 0.687892
0.999881
0.000119
0.000006 0.001919 0.082475
0.327512 0.554762 0.033326
0.125945
0.874055
0.067002 0.897895
0.035102 0.000001
0.000000 0.000003 0.000259
0.186485 0.718504 0.094749
0.999994
0.000006
0.017843 0.331989
0.637683 0.012485
0.125567 0.741812
0.130856 0.001765
0.000040
0.999960
0.000021
0.999979
0.557579 0.292197 0.043315
0.106859 0.000051 0.000000
0.000000 0.000383
0.927424 0.072193
0.004558 0.095783
0.767213 0.132447
0.867112 0.123991 0.005268
0.003629 0.000001 0.000000
0.000000
1.000000
0.185402 0.537946 0.233917
0.042535 0.000200 0.000000
0.000000
1.000000
0.000026 0.026417
0.970689 0.002869
0.996361
0.003639
0.995609
0.004391
0.990545
0.009455
0.925030
0.074970
0.999582
0.000418
0.000000 0.000025
0.484001 0.515974
0.999872
0.000128
0.922215 0.076111
0.001674 0.000000
0.980583 0.018593
0.000824 0.000000
0.000000
1.000000
0.000000
1.000000
0.621748 0.365033
0.013215 0.000003
0.886100 0.111769
0.002131 0.000000
0.016917 0.754243
0.225853 0.002987
0.999466
0.000534
-0.000000 0.000000
0.002430 0.997570
0.734650 0.261476
0.003874 0.000000
0.000000 0.000000
0.003734 0.996266
0.971373 0.027602
0.001025 0.000000
0.010606 0.293398 0.626012
0.069535 0.000449 0.000000
0.999790
0.000210
0.999819
0.000181
0.006269 0.383229
0.610434 0.000068
0.999893
0.000107
0.337056 0.553339
0.109601 0.000003
0.000000
1.000000
0.833651 0.162535
0.003814 0.000000
0.126479 0.798479
0.074759 0.000283
0.993648
0.006352
0.000000 0.000000
0.123569 0.876431
0.999916
0.000084
0.156367 0.819258
0.024348 0.000026
0.001228
0.998772
0.412966 0.521320
0.065701 0.000014
0.999341
0.000659
0.000187 0.016342
0.748263 0.235207
0.000059 0.007681
0.671779 0.320481
1.000000
0.000000
0.000000
1.000000
0.999995
0.000005
0.231397 0.732806
0.035767 0.000030
0.454823
0.545177
0.000000
1.000000
0.000164
0.999836
0.179627 0.767970
0.052392 0.000010
0.999333
0.000667
0.010381
0.989619
0.108044 0.876915
0.015041 0.000000
0.378893 0.591252
0.029793 0.000063
0.003046
0.996954
0.962934
0.037066
0.891875 0.083565
0.024560 0.000000
0.000431
0.999569
0.000000
1.000000
0.000002
0.999998
0.243682
0.756318
0.997768
0.002232
0.000052
0.999948
0.014282 0.402616
0.578792 0.004310
-0.000000 0.000000
0.004969 0.995031
0.000005
0.999995
0.765371 0.225084
0.009543 0.000002
0.997718
0.002282
0.449263 0.544517
0.006221 0.000000
0.999868
0.000132
0.000000
1.000000
0.985481
0.014519
0.398086 0.568872
0.032855 0.000187
0.966371
0.033629
0.999505
0.000495
-0.000000 0.000000
0.000880 0.999120
0.002836 0.183099
0.799498 0.014567
0.001692
0.998308
0.998842
0.001158
0.000459
0.999541
0.000000
1.000000
0.000000
1.000000
0.080142 0.902243
0.017614 0.000000
0.000213 0.089976
0.908293 0.001518
0.996051
0.003949
0.000000
1.000000
0.996452 0.003147
0.000401 0.000000
0.999088
0.000912
0.000040
0.999960
0.001911
0.998089
0.996617 0.003312
0.000071 0.000000
0.110341 0.863985
0.025674 0.000000
0.999520
0.000480
0.999966
0.000034
0.901713 0.094787
0.003501 0.000000
0.430057 0.367790
0.201695 0.000458
0.994878
0.005122
0.998575
0.001425
0.000745
0.999255
0.000000
1.000000
0.256517 0.701892
0.041542 0.000049
0.131294 0.850351
0.018354 0.000000
0.497003 0.500056
0.002941 0.000000
0.000623 0.124431
0.874188 0.000758
0.997815
0.002185
0.774829 0.218357
0.006814 0.000000
0.000250
0.999750
0.999801
0.000199
0.999609
0.000391
0.377504 0.611797
0.010699 0.000000
0.000000 0.000006
0.254751 0.745243
0.018213 0.446918
0.531550 0.003319
0.000000
1.000000
0.086481 0.722579
0.190501 0.000439
0.999544
0.000456
0.075581 0.558966
0.364839 0.000614
0.999992
0.000008
0.000020
0.999980
0.002784
0.997216
0.016147 0.704934
0.276063 0.002857
0.000774
0.999226
0.000000 0.000000
0.033183 0.966817
0.000000
1.000000
0.999832
0.000168
0.051541 0.912151
0.036307 0.000001
0.000405
0.999595
0.000000 0.000001 0.000024
0.023525 0.343516 0.632934
0.998931
0.001069
0.999460
0.000540
0.623342 0.367549
0.009098 0.000011
0.999997
0.000003
0.998496
0.001504
0.000001
0.999999
-0.000000 0.000000
0.006684 0.993316
0.999699
0.000301
0.000028
0.999972
0.748220 0.245094
0.006685 0.000000
0.992530
0.007470
0.000001 0.000422
0.599564 0.400013
0.000000
1.000000
0.007843 0.116065 0.351011 0.403399
0.104703 0.016731 0.000247 0.000001
0.217784 0.753421
0.028768 0.000027
0.848793 0.146269
0.004937 0.000000
0.999991
0.000009
0.005445 0.207706 0.600923
0.184192 0.001734 0.000000
0.085766 0.413543 0.413905
0.083757 0.003018 0.000010
0.027115 0.218353
0.735652 0.018880
0.999008
0.000992
0.992463
0.007537
0.285845 0.682778
0.031368 0.000009
0.605249 0.322831 0.058911
0.012950 0.000059 0.000000
0.548383 0.410841
0.040722 0.000054
0.998888
0.001112
0.000000 0.000000
0.083256 0.916744
0.973458
0.026542
0.039505 0.453833
0.501951 0.004711
0.407784 0.574041
0.018169 0.000006
0.993466
0.006534
0.691473
0.308527
0.967865
0.032135
0.017693 0.254462
0.701785 0.026060
0.029405
0.970595
-0.000000 0.000000
0.003783 0.996217
0.014820 0.894468
0.090690 0.000022
0.000691
0.999309
0.000134
0.999866
0.318331 0.666612
0.015052 0.000005
0.998808
0.001192
0.000000
1.000000
0.076366 0.404884 0.459137
0.057069 0.002534 0.000011
0.265743 0.679762
0.054494 0.000001
0.955357 0.043241 0.000433
0.000969 0.000000 0.000000
0.567778 0.342954
0.089193 0.000075
0.107186 0.734640
0.154066 0.004108
0.999686
0.000314
0.000000 0.000000
0.104981 0.895019
0.001102 0.177746
0.820718 0.000433
0.071308
0.928692
0.000000 0.000000
0.076572 0.923428
0.021593 0.814501
0.163866 0.000039
0.998427
0.001573
0.987525
0.012475
0.000000
1.000000
0.012526
0.987474
0.219408 0.754774
0.025817 0.000000
0.229529 0.602914 0.152911
0.014639 0.000007 0.000000
0.000000 0.000000
0.042021 0.957979
0.000000
1.000000
0.763919 0.225888
0.010193 0.000000
0.998227
0.001773
0.000026
0.999974
0.999971
0.000029
0.000000 0.000033
0.296686 0.703282
0.097702
0.902298
0.999284
0.000716
0.779879
0.220121
0.000001 0.000088 0.002450
0.226232 0.626796 0.144433
0.000000
1.000000
0.779814 0.217561
0.002625 0.000000
0.004202 0.365421
0.613075 0.017302
0.060457 0.326413 0.520090
0.084390 0.008553 0.000098
0.991370 0.008016
0.000615 0.000000
0.999848
0.000152
0.094207 0.869139
0.036654 0.000001
0.993866
0.006134
0.059802 0.884201
0.055992 0.000005
0.777432 0.146780 0.008462
0.067265 0.000060 0.000000
0.000000
1.000000
0.626360 0.333494
0.040078 0.000068
0.984783
0.015217
0.116850 0.626799
0.255931 0.000420
0.000000
1.000000
0.982227 0.017424
0.000349 0.000000
0.942541 0.055063
0.002396 0.000000
0.011876 0.304562
0.679441 0.004121
0.000000 -0.000000 0.000000
0.000997 0.337712 0.661291
0.000000 0.000133
0.608449 0.391418
0.999927
0.000073
0.000426
0.999574
0.997902
0.002098
0.999988
0.000012
0.427150 0.428885 0.107614
0.036120 0.000231 0.000000
0.000027
0.999973
0.000113
0.999887
0.985976
0.014024
0.889719 0.106178
0.004103 0.000000
0.999975
0.000025
0.932692 0.061113 0.001816
0.004378 0.000001 0.000000
0.000000 0.000000
0.116661 0.883338
0.005201
0.994799
0.836212
0.163788
0.000000 0.000000
0.022614 0.977386
0.000001
0.999999
0.994547 0.003741
0.001712 0.000000
0.000000 0.000211
0.692980 0.306809
1.000000
0.000000
0.011721 0.159090 0.293385
0.521087 0.014701 0.000016
0.996310
0.003690
0.000569 0.034666
0.896460 0.068306
0.000502
0.999498
0.083809 0.847648
0.068235 0.000307
0.000183
0.999817
0.000000 0.000000
0.119117 0.880883
0.104827 0.831870
0.063210 0.000094
0.039552 0.339783
0.582804 0.037861
0.000005 0.002360
0.821305 0.176330
0.998844
0.001156
0.997826
0.002174
0.042986 0.710498
0.245639 0.000878
0.924867 0.073419
0.001715 0.000000
0.999888
0.000112
0.953742 0.044588
0.001670 0.000000
0.241971
0.758029
0.980050
0.019950
0.001813 0.045121
0.803031 0.150036
0.737987 0.256233
0.005780 0.000000
0.999912
0.000088
0.913739 0.085870
0.000392 0.000000
0.128728 0.699834
0.171262 0.000176
0.090096 0.806170
0.103441 0.000293
0.030908 0.749520
0.218392 0.001180
0.134923 0.491547
0.372225 0.001305
0.006366 0.351261
0.630507 0.011866
0.852982 0.141792
0.005226 0.000000
0.006325 0.439550
0.538435 0.015690
0.000010
0.999990
0.999776
0.000224
0.000000 0.000033
0.492352 0.507615
0.990705
0.009295
0.997212
0.002788
0.995405
0.004595
0.555281 0.430053
0.014655 0.000011
0.266637 0.473265 0.226450
0.033333 0.000315 0.000000
0.999466
0.000534
0.987997
0.012003
0.000000
1.000000
0.000005 0.009974
0.979925 0.010096
0.999944
0.000056
0.995439
0.004561
0.000000 0.000000
0.002623 0.997377
0.000000 0.000002
0.135661 0.864337
0.463235 0.420966 0.099953
0.015750 0.000095 0.000000
0.002313 0.138245
0.843874 0.015568
0.000000
1.000000
0.480110 0.505880
0.014007 0.000002
0.999359
0.000641
0.999647
0.000353
0.707537 0.276773
0.015676 0.000014
0.999622
0.000378
0.049780
0.950220
1.000000
0.000000
0.236492 0.543817 0.202751
0.016917 0.000023 0.000000
0.456296 0.521194
0.022507 0.000004
0.999992
0.000008
0.000000
1.000000
0.000002
0.999998
0.000094 0.005836 0.065941 0.255715
0.386094 0.271123 0.015083 0.000114
0.000000
1.000000
0.000073
0.999927
0.002152 0.157246
0.753703 0.086899
0.761846
0.238154
0.000000
1.000000
0.000000 0.000000
0.319933 0.680067
0.998796
0.001204
0.991942
0.008058
0.999195
0.000805
0.999344
0.000656
0.552556 0.434874
0.012570 0.000000
0.998156
0.001844
0.999999
0.000001
0.032867
0.967133
0.948708
0.051292
0.124141 0.543519
0.330967 0.001373
0.103506 0.453233 0.407042
0.035553 0.000666 0.000001
0.999204
0.000796
0.053655
0.946345
0.642755 0.293544
0.063692 0.000009
0.000000 0.000000
0.005241 0.994759
0.898061
0.101939
0.007995 0.203446 0.681142
0.101482 0.005922 0.000013
0.999959
0.000041
0.403206 0.572404
0.024382 0.000008
0.999125
0.000875
0.999819
0.000181
0.998724
0.001276
0.888501
0.111499
0.005523 0.109647 0.363756
0.474654 0.046191 0.000229
0.912720
0.087280
0.916915 0.070993
0.012092 0.000000
0.008386
0.991614
1.000000
0.000000
0.089828 0.727299
0.182495 0.000378
0.999948
0.000052
0.966413 0.032933
0.000654 0.000000
0.042591
0.957409
0.973460
0.026540
0.720170 0.276712
0.003118 0.000000
0.635031 0.320639
0.044327 0.000003
0.000020
0.999980
0.999805
0.000195
-0.000000
1.000000
0.000000
1.000000
0.000076 0.013614 0.206932
0.694200 0.085097 0.000082
0.999797
0.000203
0.649082 0.304869
0.046046 0.000004
-0.000000
1.000000
0.999623
0.000377
-0.000000
1.000000
0.079729 0.673454
0.246258 0.000559
0.999896
0.000104
0.981209
0.018791
0.587522 0.326990 0.062291 0.006654
0.016462 0.000080 0.000000 0.000000
0.000040
0.999960
0.999976
0.000024
0.257990 0.715255
0.026745 0.000011
0.989570
0.010430
0.053064 0.735301
0.198922 0.012713
0.998460
0.001540
0.999992
0.000008
0.001263 0.100551
0.867323 0.030863
0.999658
0.000342
0.251134 0.732508
0.016347 0.000011
0.999794
0.000206
0.592685 0.402092
0.005222 0.000000
0.056864 0.635590
0.307519 0.000027
1.000000
0.000000
0.000250
0.999750
0.999729
0.000271
0.000000 0.000000 0.000000
0.000078 0.034486 0.965435
0.797709 0.186179
0.016110 0.000001
0.000000 0.000000
0.001291 0.998709
0.210333
0.789667
0.998307
0.001693
0.000000 0.000069
0.527410 0.472521
0.000000 0.000009
0.118017 0.881974
0.782092 0.212425
0.005482 0.000000
0.000000
1.000000
0.608807 0.332104
0.059030 0.000059
0.999692
0.000308
0.159782 0.785777
0.054043 0.000398
0.911117 0.087499
0.001384 0.000000
0.997874
0.002126
0.000000 0.000000
0.009103 0.990897
0.954296
0.045704
0.552929
0.447071
0.998290
0.001710
0.044427 0.869084
0.086141 0.000348
0.833590 0.151818 0.005817
0.008773 0.000002 0.000000
0.999868
0.000132
0.999994
0.000006
0.000566 0.076749
0.748304 0.174381
0.574453 0.344755
0.080743 0.000049
0.000001
0.999999
0.999984
0.000016
0.459947 0.523520
0.016526 0.000006
0.001360
0.998640
0.000018
0.999982
0.123295 0.814735
0.061862 0.000109
0.845675 0.151891
0.002434 0.000000
1.000000
0.000000
0.993728
0.006272
0.999995
0.000005
0.996100
0.003900
0.039499 0.783759
0.176026 0.000717
0.998557
0.001443
0.718108 0.166958 0.015591
0.099262 0.000081 0.000000
0.983070
0.016930
0.000027
0.999973
0.470234 0.518204
0.011562 0.000000
0.999846
0.000154
0.927257
0.072743
0.000000
1.000000
0.000000
1.000000
0.820698 0.161600
0.017698 0.000004
0.993057
0.006943
0.997491
0.002509
0.425172 0.565369
0.009456 0.000003
0.000000
1.000000
0.000023 0.005261
0.812944 0.181771
0.040780 0.425263
0.532785 0.001172
0.000001
0.999999
0.000000
1.000000
0.000001
0.999999
-0.000000
1.000000
0.056183 0.900782
0.043033 0.000001
0.013919 0.634341
0.346582 0.005158
0.000000
1.000000
0.997847
0.002153
0.002520 0.252212
0.710606 0.034661
0.999999
0.000001
0.005144 0.133138
0.714677 0.147041
-0.000000 -0.000000
0.000067 0.999933
0.000025 0.024309
0.954726 0.020940
0.993255
0.006745
0.001876 0.126593
0.843253 0.028277
0.986415
0.013585
0.942902
0.057098
0.000000 0.000000
0.063353 0.936647
0.000056
0.999944
0.024732 0.263980 0.568276
0.130239 0.012661 0.000111
0.989501
0.010499
0.999934
0.000066
0.562442 0.393893
0.043659 0.000005
0.000000
1.000000
0.996586
0.003414
0.114568 0.847843
0.037534 0.000056
0.000000 0.000000
0.000193 0.999807
0.374715 0.598562
0.026704 0.000020
0.898693 0.099969
0.001338 0.000000
0.989585
0.010415
0.427658 0.556081
0.016258 0.000003
0.447871 0.540567
0.011562 0.000000
0.000000 0.000049
0.303065 0.696886
0.000000 0.000000
0.015376 0.984624
0.999874
0.000126
0.000001
0.999999
0.000162 0.061201
0.936798 0.001840
0.031114 0.329073 0.556937
0.080230 0.002643 0.000004
0.218176 0.727371
0.054402 0.000051
0.000000
1.000000
0.997868
0.002132
0.649617 0.315809
0.034570 0.000004
0.000000 0.000000
0.174327 0.825673
0.373374 0.597865
0.028742 0.000019
0.000000
1.000000
0.000000 0.000000
0.150526 0.849474
0.999998
0.000002
0.992397
0.007603
0.998979
0.001021
0.002327
0.997673
0.000002 0.000975 0.049879
0.309045 0.625255 0.014843
0.000000 0.000020
0.301642 0.698339
0.998737
0.001263
0.000000 0.000886
0.979995 0.019119
0.029829 0.492921
0.475717 0.001533
0.372256 0.595500
0.032148 0.000096
0.000522 0.248675
0.749376 0.001427
0.000001
0.999999
0.004073
0.995927
0.452037 0.538637
0.009323 0.000002
0.000001 0.000497
0.753506 0.245996
0.000000 0.000156
0.568273 0.431571
0.999845
0.000155
0.000003
0.999997
0.000003 0.004862
0.989220 0.005915
0.094238
0.905762
0.982571
0.017429
0.997731
0.002269
0.000000 0.000000
0.020358 0.979642
0.073712 0.317455 0.288874
0.313695 0.006255 0.000009
0.010114 0.302555
0.652954 0.034377
0.000000 0.000001 0.000074
0.087172 0.702011 0.210742
0.908153 0.086067
0.005780 0.000000
0.980876
0.019124
0.000352
0.999648
0.000002 0.000933
0.588707 0.410357
0.999197
0.000803
0.257885 0.709498
0.032593 0.000024
0.000000 0.000000 0.000000
0.002532 0.230518 0.766950
0.545384 0.369891
0.084714 0.000010
0.850509
0.149491
0.003422 0.150153
0.837608 0.008817
0.000002 0.000729
0.593464 0.405805
0.827206 0.163201
0.009592 0.000000
0.000046
0.999954
0.000000
1.000000
0.000000 -0.000000
0.000229 0.999771
0.000200 0.017306
0.876119 0.106376
0.999594
0.000406
0.858557 0.137216
0.004227 0.000000
0.000076
0.999924
0.000807 0.226377
0.772095 0.000722
0.000000
1.000000
0.622298 0.309196
0.068462 0.000044
0.036119
0.963881
0.000000
1.000000
0.000007 0.002722
0.803259 0.194012
0.000012 0.002063 0.042440
0.614350 0.334991 0.006144
0.000009
0.999991
0.998631
0.001369
0.000119
0.999881
0.947984 0.051573
0.000443 0.000000
0.000000 0.000000 0.000029
0.095932 0.838104 0.065935
0.999530
0.000470
-0.000000 -0.000000
0.000072 0.999928
0.001011
0.998989
0.202454 0.743630
0.053885 0.000031
0.000001
0.999999
0.000000
1.000000
0.000000 0.000000
0.034829 0.965171
0.999999
0.000001
0.999974
0.000026
0.002174 0.194516
0.780963 0.022347
0.986133
0.013867
0.000055 0.002819 0.028736
0.412654 0.511005 0.044730
0.996909
0.003091
0.000000 0.000000
0.098815 0.901185
0.000004 0.005527
0.988671 0.005798
0.467369 0.516794
0.015758 0.000079
0.000835
0.999165
0.995236
0.004764
0.999930
0.000070
0.703189 0.286635
0.010175 0.000001
0.493341 0.489824
0.016815 0.000020
0.487088 0.490105
0.022751 0.000056
0.000084 0.014998
0.865212 0.119706
0.997613
0.002387
0.999899
0.000101
0.000029 0.005431
0.777905 0.216635
0.139172 0.648963
0.211701 0.000164
0.000000
1.000000
0.838460 0.159589
0.001951 0.000000
0.000000 0.000000
0.022619 0.977381
0.280273 0.349332 0.227121 0.107542
0.033154 0.002509 0.000068 0.000001
0.999167
0.000833
0.544315 0.440873
0.014809 0.000003
0.026148 0.594018
0.349444 0.030391
0.999921
0.000079
0.999890
0.000110
0.000000 0.000000
0.055093 0.944907
0.000000 0.000000
0.014239 0.985761
0.971270 0.028584
0.000146 0.000000
0.000000
1.000000
0.999611
0.000389
0.004757 0.360919
0.585684 0.048640
0.028948 0.834100
0.136104 0.000847
0.999977
0.000023
0.987761
0.012239
0.006812 0.190651
0.736205 0.066331
0.984461 0.015357
0.000181 0.000000
1.000000
0.000000
0.995419 0.004008
0.000573 0.000000
0.981222
0.018778
0.000000 0.000000 0.000000
0.007442 0.377969 0.614588
0.000020
0.999980
0.927402 0.071620
0.000978 0.000000
0.000058
0.999942
0.999977
0.000023
0.936618 0.061686
0.001696 0.000000
0.999886
0.000114
0.645079
0.354921
0.999508
0.000492
0.029882 0.293794 0.584466
0.086151 0.005683 0.000025
0.083729
0.916271
0.000000
1.000000
0.000000
1.000000
0.999962
0.000038
0.999809
0.000191
0.002533 0.241306
0.667390 0.088770
0.773555 0.220505
0.005939 0.000000
0.999325
0.000675
0.999936
0.000064
0.000000
1.000000
-0.000000 -0.000000 -0.000000
0.000004 0.021937 0.978059
0.134340 0.840073
0.025587 0.000000
0.001867
0.998133
-0.000000 -0.000000
0.002393 0.997607
0.000716
0.999284
0.000296 0.072739
0.833992 0.092973
0.993955
0.006045
0.000000
1.000000
0.000275
0.999725
0.802298 0.142539
0.055147 0.000016
0.008445 0.205120 0.677591
0.102539 0.006290 0.000015
0.000000 0.000001
0.216907 0.783092
0.002781 0.330245
0.639403 0.027571
0.999943
0.000057
0.002428 0.271907
0.725503 0.000162
0.623177 0.363894
0.012927 0.000002
0.350872 0.637831
0.011292 0.000004
0.978221
0.021779
0.003562
0.996438
0.992180
0.007820
0.272196 0.721355
0.006449 0.000000
0.007446
0.992554
0.000131
0.999869
0.992442
0.007558
0.279938 0.696175
0.023873 0.000014
0.251885 0.704511
0.043387 0.000217
0.990237
0.009763
0.999939
0.000061
0.998902
0.001098
0.000000
1.000000
0.704073 0.286854
0.009073 0.000000
0.332221 0.645472
0.022263 0.000044
0.916757 0.078187
0.005056 0.000000
0.998742
0.001258
0.999998
0.000002
0.991745
0.008255
0.008794 0.187378 0.631718
0.158171 0.013883 0.000057
0.029950
0.970050
0.999852
0.000148
0.000524
0.999476
0.000000
1.000000
0.999395
0.000605
0.991487
0.008513
0.000019
0.999981
0.934378
0.065622
0.000483 0.045813
0.918185 0.035518
0.788244 0.160370
0.051384 0.000001
0.000322
0.999678
0.998577
0.001423
0.000013
0.999987
0.999495
0.000505
0.405989 0.581067
0.012936 0.000009
0.999583
0.000417
0.999996
0.000004
0.341872
0.658128
0.055273 0.387931 0.467185
0.087637 0.001973 0.000002
0.000000
1.000000
