0.999835 0.000165
0.000466 0.999534
0.001346 0.998654
0.054610 0.945390
0.642637 0.357363
0.999995 0.000005
0.025112 0.974888
0.328419 0.671581
0.041346 0.958654
0.346680 0.653320
1.000000 0.000000
0.003783 0.996217
0.999999 0.000001
0.999984 0.000016
0.006925 0.993075
1.000000 0.000000
0.019180 0.980820
0.000013 0.999987
0.122548 0.877452
1.000000 0.000000
0.000014 0.999986
0.999967 0.000033
0.014925 0.985075
0.003382 0.996618
0.992146 0.007854
0.002614 0.997386
0.999958 0.000042
0.000491 0.999509
0.002813 0.997187
0.304482 0.695518
0.983001 0.016999
0.020046 0.979954
0.008139 0.991861
0.000000 1.000000
0.172991 0.827009
0.004835 0.995165
0.002701 0.997299
0.394377 0.605623
0.999605 0.000395
0.999866 0.000134
1.000000 0.000000
0.104344 0.895656
0.999826 0.000174
0.999999 0.000001
0.999999 0.000001
0.659205 0.340795
1.000000 0.000000
0.064200 0.935800
0.002065 0.997935
0.003047 0.996953
0.003620 0.996380
1.000000 0.000000
0.959650 0.040350
0.980029 0.019971
1.000000 0.000000
0.988641 0.011359
0.013580 0.986420
1.000000 -0.000000
0.006958 0.993042
0.456308 0.543692
0.999998 0.000002
0.991330 0.008670
0.000904 0.999096
0.103113 0.896887
1.000000 0.000000
1.000000 -0.000000
0.095346 0.904654
0.972550 0.027450
0.917936 0.082064
0.000466 0.999534
0.999970 0.000030
0.029305 0.970695
0.998467 0.001533
0.001490 0.998510
0.112419 0.887581
0.999556 0.000444
0.000435 0.999565
0.000602 0.999398
0.002761 0.997239
0.020467 0.979533
0.032307 0.967693
1.000000 0.000000
0.630850 0.369150
0.001851 0.998149
0.004491 0.995509
0.001660 0.998340
0.041108 0.958892
1.000000 0.000000
0.257461 0.742539
0.003692 0.996308
0.999999 0.000001
0.004180 0.995820
0.004577 0.995423
0.001521 0.998479
1.000000 0.000000
0.000730 0.999270
1.000000 0.000000
0.000400 0.999600
0.000565 0.999435
0.044185 0.955815
1.000000 0.000000
0.001185 0.998815
0.956270 0.043730
0.992327 0.007673
0.000863 0.999137
0.011814 0.988186
1.000000 0.000000
0.984170 0.015830
0.017360 0.982640
0.002527 0.997473
0.999973 0.000027
0.999513 0.000487
0.015547 0.984453
0.000985 0.999015
0.816745 0.183255
1.000000 0.000000
0.001454 0.998546
0.485359 0.514641
0.001737 0.998263
0.001924 0.998076
0.002263 0.997737
0.999903 0.000097
0.017463 0.982537
0.163719 0.836281
0.999907 0.000093
1.000000 0.000000
1.000000 0.000000
0.892179 0.107821
0.000216 0.999784
1.000000 0.000000
0.000684 0.999316
0.150671 0.849329
0.002736 0.997264
1.000000 0.000000
0.999772 0.000228
0.999989 0.000011
0.000000 1.000000
0.998138 0.001862
0.000089 0.999911
1.000000 0.000000
0.726451 0.273549
0.013982 0.986018
0.000029 0.999971
0.000186 0.999814
1.000000 0.000000
1.000000 0.000000
1.000000 0.000000
0.000706 0.999294
1.000000 0.000000
0.992520 0.007480
0.000219 0.999781
0.000652 0.999348
0.249713 0.750287
0.000217 0.999783
0.060183 0.939817
0.054457 0.945543
0.000001 0.999999
1.000000 0.000000
0.000620 0.999380
1.000000 0.000000
0.112840 0.887160
0.135633 0.864367
0.059523 0.940477
0.999997 0.000003
0.913243 0.086757
0.000259 0.999741
0.000009 0.999991
0.999989 0.000011
1.000000 0.000000
1.000000 0.000000
0.008298 0.991702
0.779568 0.220432
1.000000 0.000000
0.999892 0.000108
0.009827 0.990173
0.029253 0.970747
0.537609 0.462391
0.000255 0.999745
0.999999 0.000001
0.002452 0.997548
0.986972 0.013028
0.000339 0.999661
1.000000 0.000000
0.701872 0.298128
0.018653 0.981347
0.349789 0.650211
0.000855 0.999145
0.037782 0.962218
0.999999 0.000001
0.999936 0.000064
0.000100 0.999900
0.090058 0.909942
0.941538 0.058462
1.000000 0.000000
0.001045 0.998955
0.000001 0.999999
0.003529 0.996471
0.006618 0.993382
0.000038 0.999962
0.002833 0.997167
0.019744 0.980256
0.999999 0.000001
0.047470 0.952530
1.000000 0.000000
0.152807 0.847193
1.000000 0.000000
1.000000 0.000000
0.000044 0.999956
1.000000 0.000000
0.999954 0.000046
0.003815 0.996185
1.000000 0.000000
1.000000 0.000000
0.964568 0.035432
0.022039 0.977961
0.017817 0.982183
1.000000 0.000000
0.000005 0.999995
0.999236 0.000764
1.000000 0.000000
0.002202 0.997798
1.000000 -0.000000
0.051085 0.948915
0.978976 0.021024
0.999634 0.000366
0.153010 0.846990
1.000000 0.000000
0.552170 0.447830
0.002842 0.997158
0.000127 0.999873
0.005214 0.994786
0.004278 0.995722
0.000471 0.999529
1.000000 0.000000
0.982371 0.017629
0.000508 0.999492
0.000847 0.999153
0.991091 0.008909
0.052974 0.947026
0.996665 0.003335
0.738423 0.261577
1.000000 0.000000
0.999963 0.000037
1.000000 0.000000
0.036422 0.963578
0.010449 0.989551
0.000001 0.999999
1.000000 0.000000
0.008327 0.991673
1.000000 0.000000
1.000000 0.000000
0.590485 0.409515
1.000000 0.000000
0.010525 0.989475
0.000135 0.999865
0.205830 0.794170
1.000000 0.000000
0.003622 0.996378
0.000253 0.999747
0.996834 0.003166
1.000000 0.000000
0.010253 0.989747
0.000387 0.999613
0.095205 0.904795
0.001272 0.998728
0.002094 0.997906
0.002415 0.997585
0.999999 0.000001
0.996605 0.003395
1.000000 0.000000
0.234317 0.765683
0.999998 0.000002
0.052361 0.947639
0.000001 0.999999
0.000018 0.999982
0.085606 0.914394
0.994474 0.005526
0.610273 0.389727
0.050427 0.949573
0.999882 0.000118
1.000000 0.000000
0.997295 0.002705
0.015418 0.984582
0.166988 0.833012
0.015289 0.984711
0.019965 0.980035
0.000858 0.999142
0.026715 0.973285
0.001249 0.998751
0.997015 0.002985
0.886302 0.113698
0.029963 0.970037
1.000000 0.000000
1.000000 0.000000
0.035317 0.964683
0.029478 0.970522
1.000000 0.000000
0.025815 0.974185
0.999972 0.000028
1.000000 0.000000
0.854013 0.145987
1.000000 0.000000
1.000000 0.000000
0.000289 0.999711
0.048427 0.951573
0.009250 0.990750
1.000000 0.000000
0.001157 0.998843
0.003816 0.996184
0.000001 0.999999
0.000110 0.999890
0.020702 0.979298
0.000101 0.999899
0.999605 0.000395
0.897551 0.102449
0.000897 0.999103
0.999998 0.000002
0.999995 0.000005
0.056683 0.943317
0.999845 0.000155
0.477551 0.522449
0.185206 0.814794
0.878764 0.121236
1.000000 0.000000
0.133191 0.866809
0.000111 0.999889
0.983621 0.016379
0.009443 0.990557
0.320197 0.679803
1.000000 0.000000
1.000000 0.000000
0.999343 0.000657
1.000000 0.000000
1.000000 0.000000
0.002202 0.997798
0.000001 0.999999
0.879021 0.120979
0.066850 0.933150
0.992076 0.007924
0.019239 0.980761
0.000010 0.999990
0.990410 0.009590
0.016503 0.983497
0.002403 0.997597
0.034954 0.965046
0.036004 0.963996
0.000057 0.999943
0.139893 0.860107
1.000000 0.000000
0.000599 0.999401
0.051381 0.948619
0.995029 0.004971
1.000000 0.000000
0.999947 0.000053
0.001833 0.998167
0.000007 0.999993
0.000011 0.999989
0.015811 0.984189
0.001102 0.998898
1.000000 0.000000
0.001524 0.998476
0.140401 0.859599
0.279213 0.720787
0.000004 0.999996
0.163578 0.836422
0.419869 0.580131
0.002974 0.997026
0.000000 1.000000
0.084924 0.915076
0.002035 0.997965
0.000174 0.999826
0.003708 0.996292
0.002354 0.997646
1.000000 0.000000
1.000000 0.000000
0.000928 0.999072
0.955946 0.044054
0.999901 0.000099
0.999565 0.000435
0.999588 0.000412
0.000111 0.999889
0.009013 0.990987
0.000163 0.999837
0.999985 0.000015
0.337842 0.662158
0.000654 0.999346
0.000002 0.999998
0.000088 0.999912
0.999065 0.000935
0.013763 0.986237
0.045683 0.954317
0.000025 0.999975
0.001328 0.998672
1.000000 0.000000
0.009712 0.990288
0.023127 0.976873
0.002580 0.997420
0.003268 0.996732
0.995934 0.004066
0.000315 0.999685
1.000000 0.000000
0.000001 0.999999
1.000000 0.000000
0.025140 0.974860
0.000085 0.999915
1.000000 0.000000
0.994443 0.005557
0.019185 0.980815
0.001152 0.998848
0.075643 0.924357
0.244576 0.755424
0.195384 0.804616
0.149155 0.850845
0.393066 0.606934
0.999844 0.000156
0.003036 0.996964
0.484343 0.515657
0.999245 0.000755
1.000000 0.000000
0.043087 0.956913
0.000001 0.999999
0.526549 0.473451
0.000125 0.999875
1.000000 0.000000
0.000094 0.999906
1.000000 0.000000
0.998019 0.001981
0.015400 0.984600
0.008381 0.991619
1.000000 0.000000
1.000000 0.000000
1.000000 0.000000
0.998635 0.001365
0.344509 0.655491
0.953403 0.046597
0.273469 0.726531
0.945144 0.054856
0.995078 0.004922
0.129062 0.870938
0.013526 0.986474
0.003194 0.996806
1.000000 0.000000
0.999831 0.000169
1.000000 0.000000
0.994503 0.005497
0.031206 0.968794
0.998941 0.001059
0.000161 0.999839
0.000005 0.999995
0.041936 0.958064
0.010291 0.989709
0.015443 0.984557
0.005935 0.994065
0.999996 0.000004
0.007603 0.992397
0.013888 0.986112
1.000000 0.000000
0.984251 0.015749
0.000057 0.999943
0.000566 0.999434
0.999866 0.000134
0.991258 0.008742
0.999627 0.000373
0.000759 0.999241
0.000055 0.999945
1.000000 0.000000
0.000802 0.999198
0.000103 0.999897
0.999681 0.000319
0.466997 0.533003
0.170279 0.829721
1.000000 0.000000
1.000000 -0.000000
0.018439 0.981561
1.000000 0.000000
0.000000 1.000000
0.022010 0.977990
0.004959 0.995041
0.043308 0.956692
0.007777 0.992223
0.001792 0.998208
0.093454 0.906546
0.999561 0.000439
0.000141 0.999859
1.000000 0.000000
0.008262 0.991738
1.000000 0.000000
0.999999 0.000001
0.625753 0.374247
1.000000 0.000000
0.919387 0.080613
0.999665 0.000335
1.000000 0.000000
0.939777 0.060223
0.160466 0.839534
0.025963 0.974037
1.000000 0.000000
1.000000 0.000000
0.076994 0.923006
0.200461 0.799539
0.063379 0.936621
0.000000 1.000000
0.999878 0.000122
1.000000 0.000000
0.000022 0.999978
0.025725 0.974275
0.897221 0.102779
0.999487 0.000513
0.000012 0.999988
0.002877 0.997123
0.056458 0.943542
0.422449 0.577551
0.012180 0.987820
0.000005 0.999995
0.999995 0.000005
0.024428 0.975572
0.999999 0.000001
0.002022 0.997978
0.007294 0.992706
0.995285 0.004715
0.000081 0.999919
0.089043 0.910957
0.006894 0.993106
1.000000 0.000000
1.000000 0.000000
0.024760 0.975240
0.000015 0.999985
0.000024 0.999976
0.000743 0.999257
0.000535 0.999465
1.000000 0.000000
1.000000 0.000000
0.006527 0.993473
0.277561 0.722439
0.000868 0.999132
0.006566 0.993434
0.002063 0.997937
1.000000 0.000000
0.016674 0.983326
0.000001 0.999999
0.999732 0.000268
0.155442 0.844558
1.000000 0.000000
0.004607 0.995393
0.021648 0.978352
0.999977 0.000023
0.000035 0.999965
0.010392 0.989608
0.000811 0.999189
0.997665 0.002335
0.000522 0.999478
1.000000 0.000000
1.000000 0.000000
1.000000 0.000000
0.001452 0.998548
0.000132 0.999868
1.000000 0.000000
1.000000 0.000000
0.000166 0.999834
0.999998 0.000002
0.999999 0.000001
0.046566 0.953434
0.294487 0.705513
0.999675 0.000325
0.995240 0.004760
0.025976 0.974024
0.170762 0.829238
0.020180 0.979820
0.999685 0.000315
0.694918 0.305082
0.003919 0.996081
1.000000 0.000000
0.000097 0.999903
0.003091 0.996909
1.000000 0.000000
1.000000 0.000000
0.072040 0.927960
0.053737 0.946263
0.000002 0.999998
0.000004 0.999996
0.002687 0.997313
0.083663 0.916337
0.000032 0.999968
0.011322 0.988678
0.085002 0.914998
0.999999 0.000001
0.999550 0.000450
0.000001 0.999999
0.000323 0.999677
0.999719 0.000281
1.000000 0.000000
1.000000 -0.000000
0.037945 0.962055
0.000616 0.999384
0.163999 0.836001
0.000001 0.999999
0.000243 0.999757
0.000894 0.999106
0.000261 0.999739
0.001958 0.998042
0.001981 0.998019
0.469683 0.530317
0.215716 0.784284
1.000000 0.000000
0.000698 0.999302
0.001288 0.998712
0.998494 0.001506
0.998293 0.001707
0.003877 0.996123
1.000000 0.000000
0.003831 0.996169
0.009079 0.990921
0.000034 0.999966
0.010098 0.989902
0.049188 0.950812
0.264416 0.735584
0.108112 0.891888
0.006209 0.993791
1.000000 -0.000000
0.003252 0.996748
1.000000 0.000000
0.000337 0.999663
0.002451 0.997549
0.999978 0.000022
0.009827 0.990173
0.056406 0.943594
0.001040 0.998960
0.464984 0.535016
0.005321 0.994679
0.999980 0.000020
1.000000 0.000000
0.007968 0.992032
0.007274 0.992726
0.001864 0.998136
0.990052 0.009948
0.976560 0.023440
0.999991 0.000009
0.027059 0.972941
0.007618 0.992382
0.999580 0.000420
0.002551 0.997449
0.004267 0.995733
0.000320 0.999680
0.001920 0.998080
0.041843 0.958157
0.999997 0.000003
1.000000 0.000000
1.000000 0.000000
0.009850 0.990150
0.962555 0.037445
1.000000 0.000000
1.000000 0.000000
0.000000 1.000000
0.631334 0.368666
0.999070 0.000930
0.003591 0.996409
0.003310 0.996690
0.003289 0.996711
1.000000 0.000000
0.996979 0.003021
0.000003 0.999997
0.058295 0.941705
0.001878 0.998122
1.000000 0.000000
0.023029 0.976971
0.301740 0.698260
0.027335 0.972665
0.999999 0.000001
0.007850 0.992150
0.049796 0.950204
0.000063 0.999937
0.024895 0.975105
0.027913 0.972087
0.999997 0.000003
0.034510 0.965490
0.009464 0.990536
0.000691 0.999309
0.844329 0.155671
0.999895 0.000105
0.033241 0.966759
0.000046 0.999954
0.999985 0.000015
0.000005 0.999995
0.999963 0.000037
0.000002 0.999998
1.000000 0.000000
0.010200 0.989800
0.004777 0.995223
1.000000 0.000000
0.010242 0.989758
0.000000 1.000000
0.000001 0.999999
0.999974 0.000026
0.225440 0.774560
0.009456 0.990544
1.000000 -0.000000
1.000000 0.000000
0.004885 0.995115
0.140327 0.859673
0.999987 0.000013
0.092228 0.907772
0.000143 0.999857
0.005265 0.994735
1.000000 0.000000
0.999985 0.000015
0.008526 0.991474
0.080130 0.919870
0.999968 0.000032
0.012753 0.987247
0.008043 0.991957
0.219097 0.780903
0.040578 0.959422
0.999148 0.000852
0.000012 0.999988
0.002565 0.997435
1.000000 0.000000
1.000000 0.000000
0.000006 0.999994
0.999955 0.000045
0.018359 0.981641
0.029141 0.970859
0.019876 0.980124
0.601042 0.398958
0.000133 0.999867
0.999971 0.000029
0.451599 0.548401
0.063866 0.936134
0.953830 0.046170
0.896563 0.103437
0.030502 0.969498
0.002890 0.997110
0.156364 0.843636
0.000001 0.999999
0.000298 0.999702
0.044342 0.955658
0.005673 0.994327
0.999999 0.000001
0.000003 0.999997
0.014780 0.985220
1.000000 0.000000
0.000001 0.999999
0.002539 0.997461
1.000000 0.000000
0.000010 0.999990
0.094961 0.905039
0.003904 0.996096
0.000193 0.999807
0.000026 0.999974
0.059444 0.940556
0.000594 0.999406
0.999998 0.000002
1.000000 -0.000000
0.019726 0.980274
1.000000 0.000000
0.030567 0.969433
0.048453 0.951547
0.000166 0.999834
0.177024 0.822976
0.097996 0.902004
0.010353 0.989647
0.014600 0.985400
0.999995 0.000005
0.016452 0.983548
0.000007 0.999993
0.014798 0.985202
0.001485 0.998515
1.000000 0.000000
0.000784 0.999216
0.007525 0.992475
0.012933 0.987067
0.006857 0.993143
0.998644 0.001356
0.001101 0.998899
0.715269 0.284731
0.000192 0.999808
0.004484 0.995516
0.999989 0.000011
0.011331 0.988669
0.531268 0.468732
0.004526 0.995474
0.067079 0.932921
0.004484 0.995516
0.014576 0.985424
0.000048 0.999952
1.000000 0.000000
0.000350 0.999650
0.994123 0.005877
0.000010 0.999990
0.010196 0.989804
1.000000 0.000000
0.003498 0.996502
0.999579 0.000421
0.999701 0.000299
1.000000 0.000000
0.999999 0.000001
1.000000 0.000000
0.000061 0.999939
0.000007 0.999993
0.669999 0.330001
0.094464 0.905536
0.000819 0.999181
0.881902 0.118098
1.000000 0.000000
0.000083 0.999917
0.061621 0.938379
0.199168 0.800832
0.002651 0.997349
0.065684 0.934316
0.003159 0.996841
0.049262 0.950738
0.008671 0.991329
0.998728 0.001272
0.000001 0.999999
0.003019 0.996981
0.030796 0.969204
1.000000 0.000000
0.002769 0.997231
0.999959 0.000041
0.008372 0.991628
0.000005 0.999995
0.093017 0.906983
0.002487 0.997513
0.003203 0.996797
0.994271 0.005729
0.999961 0.000039
0.143761 0.856239
0.020272 0.979728
0.000389 0.999611
0.789473 0.210527
1.000000 0.000000
0.000003 0.999997
0.100752 0.899248
0.018568 0.981432
0.609109 0.390891
0.000618 0.999382
0.999999 0.000001
0.025594 0.974406
0.000031 0.999969
0.472073 0.527927
0.096753 0.903247
0.999989 0.000011
0.972207 0.027793
1.000000 0.000000
0.007531 0.992469
0.000002 0.999998
0.011686 0.988314
0.999998 0.000002
1.000000 0.000000
0.999997 0.000003
0.001245 0.998755
0.001380 0.998620
1.000000 0.000000
0.999998 0.000002
1.000000 0.000000
1.000000 0.000000
1.000000 0.000000
0.999821 0.000179
0.000045 0.999955
0.033324 0.966676
0.007511 0.992489
0.001636 0.998364
0.000236 0.999764
0.000147 0.999853
0.000402 0.999598
0.965595 0.034405
0.004822 0.995178
1.000000 0.000000
0.917177 0.082823
0.000507 0.999493
0.000001 0.999999
0.180998 0.819002
0.495726 0.504274
0.000073 0.999927
0.063726 0.936274
0.002394 0.997606
0.000088 0.999912
0.537895 0.462105
0.005520 0.994480
0.994744 0.005256
0.000427 0.999573
0.005688 0.994312
1.000000 0.000000
0.022518 0.977482
0.026130 0.973870
0.999997 0.000003
1.000000 0.000000
0.000003 0.999997
0.000265 0.999735
0.012935 0.987065
0.006891 0.993109
0.000065 0.999935
0.559357 0.440643
0.000240 0.999760
0.001033 0.998967
0.030009 0.969991
0.001141 0.998859
0.910951 0.089049
0.379440 0.620560
0.001181 0.998819
0.004883 0.995117
0.479747 0.520253
1.000000 0.000000
0.010413 0.989587
0.000718 0.999282
0.000529 0.999471
0.918952 0.081048
0.000914 0.999086
1.000000 0.000000
0.892060 0.107940
0.936111 0.063889
0.003651 0.996349
0.133069 0.866931
0.051602 0.948398
0.002739 0.997261
1.000000 0.000000
0.000082 0.999918
0.006113 0.993887
0.132878 0.867122
1.000000 0.000000
0.002085 0.997915
0.000264 0.999736
1.000000 0.000000
0.999860 0.000140
0.020068 0.979932
0.000073 0.999927
0.009170 0.990830
0.003760 0.996240
0.911709 0.088291
0.000317 0.999683
0.498291 0.501709
0.003919 0.996081
1.000000 0.000000
0.042352 0.957648
0.719054 0.280946
0.010850 0.989150
0.013439 0.986561
0.000493 0.999507
0.042165 0.957835
1.000000 0.000000
0.030782 0.969218
0.989635 0.010365
0.091587 0.908413
0.007745 0.992255
0.999992 0.000008
0.999942 0.000058
0.999998 0.000002
0.999998 0.000002
0.994263 0.005737
0.000576 0.999424
0.404816 0.595184
0.045627 0.954373
1.000000 0.000000
0.055600 0.944400
0.000403 0.999597
0.027522 0.972478
0.018011 0.981989
0.000701 0.999299
1.000000 0.000000
0.001294 0.998706
0.000000 1.000000
0.000366 0.999634
0.999996 0.000004
0.073521 0.926479
0.001648 0.998352
0.000004 0.999996
0.002176 0.997824
0.084349 0.915651
0.999046 0.000954
0.002984 0.997016
0.352298 0.647702
0.000538 0.999462
0.002106 0.997894
0.097801 0.902199
0.999996 0.000004
1.000000 0.000000
0.318175 0.681825
0.003331 0.996669
1.000000 -0.000000
1.000000 0.000000
0.009447 0.990553
0.000649 0.999351
0.001084 0.998916
0.887915 0.112085
0.002151 0.997849
0.000971 0.999029
0.999929 0.000071
0.001897 0.998103
0.017541 0.982459
0.000012 0.999988
0.003149 0.996851
0.000322 0.999678
0.000264 0.999736
0.997931 0.002069
0.999988 0.000012
0.565234 0.434766
0.994012 0.005988
0.999999 0.000001
0.012075 0.987925
0.952503 0.047497
0.999958 0.000042
0.005064 0.994936
0.018975 0.981025
0.086833 0.913167
0.038617 0.961383
0.000084 0.999916
0.000061 0.999939
0.000000 1.000000
0.002130 0.997870
0.036350 0.963650
1.000000 0.000000
0.000179 0.999821
0.006681 0.993319
1.000000 0.000000
0.000071 0.999929
0.008282 0.991718
0.013875 0.986125
0.000099 0.999901
1.000000 0.000000
0.999917 0.000083
0.015391 0.984609
0.001374 0.998626
0.013735 0.986265
0.000103 0.999897
0.000653 0.999347
0.500228 0.499772
0.005432 0.994568
0.000883 0.999117
0.001502 0.998498
0.001681 0.998319
0.000002 0.999998
0.127840 0.872160
0.999996 0.000004
1.000000 0.000000
0.000110 0.999890
0.997167 0.002833
0.316515 0.683485
0.028523 0.971477
0.081272 0.918728
0.998059 0.001941
0.000002 0.999998
0.999964 0.000036
0.070497 0.929503
0.210829 0.789171
0.000551 0.999449
0.000287 0.999713
0.003768 0.996232
0.001408 0.998592
0.000202 0.999798
0.999998 0.000002
1.000000 0.000000
0.013068 0.986932
0.035715 0.964285
0.000003 0.999997
0.960057 0.039943
0.124257 0.875743
0.009781 0.990219
0.019718 0.980282
1.000000 0.000000
1.000000 0.000000
1.000000 0.000000
0.000496 0.999504
0.000023 0.999977
0.037185 0.962815
1.000000 0.000000
0.041029 0.958971
0.999999 0.000001
0.986462 0.013538
0.782395 0.217605
0.000029 0.999971
0.999994 0.000006
0.038406 0.961594
0.112624 0.887376
0.000064 0.999936
0.000134 0.999866
0.000451 0.999549
0.900153 0.099847
0.000001 0.999999
1.000000 0.000000
0.044400 0.955600
0.000001 0.999999
0.000427 0.999573
1.000000 0.000000
1.000000 0.000000
0.900375 0.099625
0.604886 0.395114
0.999805 0.000195
0.013401 0.986599
1.000000 0.000000
0.999994 0.000006
0.000040 0.999960
0.052602 0.947398
0.999985 0.000015
1.000000 0.000000
0.008875 0.991125
1.000000 0.000000
0.000001 0.999999
0.000457 0.999543
1.000000 0.000000
0.006479 0.993521
0.000000 1.000000
1.000000 0.000000
0.995636 0.004364
0.184221 0.815779
1.000000 0.000000
0.000953 0.999047
0.001030 0.998970
1.000000 0.000000
0.000573 0.999427
1.000000 0.000000
0.002023 0.997977
0.000021 0.999979
1.000000 -0.000000
0.999268 0.000732
0.334918 0.665082
0.004728 0.995272
0.000468 0.999532
0.999592 0.000408
1.000000 0.000000
0.002132 0.997868
0.000021 0.999979
0.023274 0.976726
0.000418 0.999582
0.999985 0.000015
1.000000 0.000000
0.198226 0.801774
1.000000 0.000000
0.930540 0.069460
0.003077 0.996923
0.019164 0.980836
0.999638 0.000362
0.934230 0.065770
0.003396 0.996604
0.014737 0.985263
1.000000 0.000000
0.032118 0.967882
0.000004 0.999996
0.001412 0.998588
0.010846 0.989154
0.022485 0.977515
0.024578 0.975422
0.999999 0.000001
0.001635 0.998365
0.000314 0.999686
1.000000 0.000000
0.000001 0.999999
1.000000 0.000000
0.999992 0.000008
0.634189 0.365811
0.022655 0.977345
0.999494 0.000506
0.001224 0.998776
0.945241 0.054759
0.009923 0.990077
0.008297 0.991703
0.038074 0.961926
0.000431 0.999569
0.007390 0.992610
0.000816 0.999184
1.000000 0.000000
0.000664 0.999336
1.000000 0.000000
0.999999 0.000001
1.000000 0.000000
0.001176 0.998824
0.001100 0.998900
0.055157 0.944843
0.000385 0.999615
0.114943 0.885057
0.999651 0.000349
1.000000 0.000000
0.000075 0.999925
0.999998 0.000002
0.000541 0.999459
0.000309 0.999691
0.012789 0.987211
0.028059 0.971941
1.000000 0.000000
0.000411 0.999589
0.370809 0.629191
0.264986 0.735014
0.080730 0.919270
0.423277 0.576723
0.000019 0.999981
1.000000 0.000000
1.000000 0.000000
0.000173 0.999827
0.000779 0.999221
1.000000 -0.000000
0.021479 0.978521
1.000000 0.000000
0.000318 0.999682
0.014133 0.985867
1.000000 0.000000
0.000135 0.999865
0.000408 0.999592
0.003820 0.996180
0.000696 0.999304
0.996336 0.003664
0.997466 0.002534
1.000000 0.000000
0.032095 0.967905
1.000000 0.000000
0.000003 0.999997
0.000000 1.000000
0.004670 0.995330
0.276847 0.723153
0.129831 0.870169
0.999910 0.000090
0.999999 0.000001
0.999659 0.000341
0.000593 0.999407
0.000001 0.999999
0.999872 0.000128
1.000000 0.000000
0.999937 0.000063
0.000274 0.999726
0.001860 0.998140
1.000000 0.000000
0.001903 0.998097
0.000002 0.999998
1.000000 0.000000
0.002423 0.997577
1.000000 0.000000
0.001595 0.998405
0.000267 0.999733
0.021671 0.978329
0.999496 0.000504
0.031911 0.968089
0.000044 0.999956
0.015204 0.984796
0.000707 0.999293
0.727619 0.272381
0.000071 0.999929
0.002221 0.997779
1.000000 0.000000
0.023243 0.976757
0.137446 0.862554
0.993343 0.006657
0.029282 0.970718
0.064173 0.935827
0.110342 0.889658
0.000015 0.999985
0.003161 0.996839
0.999413 0.000587
1.000000 0.000000
0.000305 0.999695
0.022462 0.977538
0.985978 0.014022
0.076822 0.923178
1.000000 0.000000
0.001431 0.998569
0.467530 0.532470
0.000048 0.999952
0.007228 0.992772
0.509619 0.490381
0.006529 0.993471
1.000000 0.000000
0.001014 0.998986
0.999999 0.000001
0.945314 0.054686
0.001578 0.998422
0.999999 0.000001
0.000009 0.999991
1.000000 0.000000
0.047320 0.952680
0.999763 0.000237
0.871702 0.128298
1.000000 0.000000
0.999999 0.000001
0.000295 0.999705
0.906574 0.093426
1.000000 0.000000
0.999857 0.000143
0.013784 0.986216
1.000000 0.000000
0.992925 0.007075
0.001652 0.998348
0.000004 0.999996
0.990666 0.009334
0.999992 0.000008
0.999691 0.000309
0.000345 0.999655
1.000000 0.000000
0.007373 0.992627
0.000000 1.000000
0.060475 0.939525
0.001685 0.998315
0.000061 0.999939
0.004794 0.995206
0.013304 0.986696
1.000000 0.000000
0.000012 0.999988
0.999988 0.000012
0.000155 0.999845
0.323780 0.676220
0.044043 0.955957
0.000800 0.999200
0.000009 0.999991
0.044265 0.955735
1.000000 0.000000
0.007118 0.992882
0.000157 0.999843
0.003019 0.996981
0.123541 0.876459
0.000051 0.999949
0.000292 0.999708
0.163325 0.836675
0.110878 0.889122
0.000007 0.999993
0.002799 0.997201
0.922986 0.077014
0.999585 0.000415
1.000000 0.000000
0.004939 0.995061
0.948577 0.051423
0.006082 0.993918
0.000007 0.999993
1.000000 0.000000
0.998515 0.001485
1.000000 0.000000
0.001024 0.998976
0.999999 0.000001
0.244903 0.755097
0.329404 0.670596
0.979715 0.020285
0.008439 0.991561
0.987750 0.012250
0.000002 0.999998
0.028549 0.971451
0.000628 0.999372
0.004890 0.995110
0.999634 0.000366
0.002712 0.997288
0.002346 0.997654
1.000000 0.000000
0.999964 0.000036
0.999653 0.000347
0.000119 0.999881
0.916395 0.083605
0.874816 0.125184
0.035089 0.964911
0.999742 0.000258
0.000006 0.999994
0.650457 0.349543
0.132617 0.867383
0.999960 0.000040
0.999980 0.000020
0.106865 0.893135
0.999626 0.000374
0.899854 0.100146
0.003629 0.996371
1.000000 0.000000
0.042728 0.957272
1.000000 0.000000
0.973775 0.026225
0.003635 0.996365
0.004384 0.995616
0.009453 0.990547
0.075108 0.924892
0.000417 0.999583
0.999975 0.000025
0.000128 0.999872
0.001672 0.998328
0.000824 0.999176
1.000000 0.000000
1.000000 0.000000
0.013212 0.986788
0.002130 0.997870
0.229311 0.770689
0.000533 0.999467
1.000000 0.000000
0.003872 0.996128
1.000000 0.000000
0.001025 0.998975
0.069982 0.930018
0.000210 0.999790
0.000180 0.999820
0.610729 0.389271
0.000106 0.999894
0.109565 0.890435
1.000000 0.000000
0.003812 0.996188
0.075053 0.924947
0.006343 0.993657
1.000000 0.000000
0.000083 0.999917
0.024374 0.975626
0.998785 0.001215
0.065682 0.934318
0.000658 0.999342
0.983593 0.016407
0.992337 0.007663
0.000000 1.000000
1.000000 0.000000
0.000005 0.999995
0.035789 0.964211
0.545949 0.454051
1.000000 0.000000
0.999839 0.000161
0.052400 0.947600
0.000667 0.999333
0.989718 0.010282
0.015039 0.984961
0.029851 0.970149
0.997002 0.002998
0.037101 0.962899
0.024536 0.975464
0.999575 0.000425
1.000000 0.000000
0.999998 0.000002
0.757057 0.242943
0.002232 0.997768
0.999949 0.000051
0.583421 0.416579
1.000000 0.000000
0.999995 0.000005
0.009540 0.990460
0.002279 0.997721
0.006220 0.993780
0.000131 0.999869
1.000000 0.000000
0.014519 0.985481
0.033033 0.966967
0.033628 0.966372
0.000494 0.999506
1.000000 0.000000
0.814566 0.185434
0.998329 0.001671
0.001157 0.998843
0.999548 0.000452
1.000000 0.000000
1.000000 0.000000
0.017611 0.982389
0.910276 0.089724
0.003946 0.996054
1.000000 0.000000
0.000402 0.999598
0.000912 0.999088
0.999961 0.000039
0.998105 0.001895
0.000071 0.999929
0.025663 0.974337
0.000479 0.999521
0.000034 0.999966
0.003498 0.996502
0.202053 0.797947
0.005115 0.994885
0.001425 0.998575
0.999269 0.000731
1.000000 0.000000
0.041580 0.958420
0.018348 0.981652
0.002941 0.997059
0.875339 0.124661
0.002183 0.997817
0.006809 0.993191
0.999754 0.000246
0.000199 0.999801
0.000390 0.999610
0.010698 0.989302
0.999995 0.000005
0.535136 0.464864
1.000000 0.000000
0.190927 0.809073
0.000456 0.999544
0.365379 0.634621
0.000008 0.999992
0.999980 0.000020
0.997237 0.002763
0.279399 0.720601
0.999238 0.000762
1.000000 0.000000
1.000000 0.000000
0.000167 0.999833
0.036299 0.963701
0.999599 0.000401
0.999976 0.000024
0.001070 0.998930
0.000540 0.999460
0.009108 0.990892
0.000003 0.999997
0.001505 0.998495
0.999999 0.000001
1.000000 0.000000
0.000301 0.999699
0.999973 0.000027
0.006681 0.993319
0.007458 0.992542
0.999583 0.000417
1.000000 0.000000
0.121660 0.878340
0.028790 0.971210
0.004935 0.995065
0.000009 0.999991
0.185913 0.814087
0.086759 0.913241
0.754620 0.245380
0.000992 0.999008
0.007532 0.992468
0.031378 0.968622
0.013007 0.986993
0.040760 0.959240
0.001111 0.998889
1.000000 0.000000
0.026543 0.973457
0.506783 0.493217
0.018168 0.981832
0.006525 0.993475
0.309706 0.690294
0.032159 0.967841
0.728046 0.271954
0.970822 0.029178
1.000000 0.000000
0.090850 0.909150
0.999321 0.000679
0.999868 0.000132
0.015055 0.984945
0.001191 0.998809
1.000000 0.000000
0.059605 0.940395
0.054474 0.945526
0.000969 0.999031
0.089211 0.910789
0.158215 0.841785
0.000314 0.999686
1.000000 0.000000
0.821584 0.178416
0.929157 0.070843
1.000000 0.000000
0.164029 0.835971
0.001571 0.998429
0.012456 0.987544
1.000000 0.000000
0.987555 0.012445
0.025810 0.974190
0.014647 0.985353
1.000000 0.000000
1.000000 0.000000
0.010185 0.989815
0.001771 0.998229
0.999975 0.000025
0.000029 0.999971
0.999968 0.000032
0.903560 0.096440
0.000715 0.999285
0.220157 0.779843
0.997486 0.002514
1.000000 0.000000
0.002624 0.997376
0.631400 0.368600
0.093059 0.906941
0.000615 0.999385
0.000152 0.999848
0.036639 0.963361
0.006129 0.993871
0.056007 0.943993
0.067295 0.932705
1.000000 0.000000
0.040129 0.959871
0.015199 0.984801
0.256287 0.743713
1.000000 0.000000
0.000349 0.999651
0.002397 0.997603
0.683782 0.316218
1.000000 0.000000
0.999869 0.000131
0.000073 0.999927
0.999583 0.000417
0.002097 0.997903
0.000012 0.999988
0.036340 0.963660
0.999974 0.000026
0.999889 0.000111
0.014003 0.985997
0.004100 0.995900
0.000025 0.999975
0.004379 0.995621
1.000000 0.000000
0.994834 0.005166
0.163870 0.836130
1.000000 0.000000
0.999999 0.000001
0.001715 0.998285
0.999793 0.000207
0.000000 1.000000
0.535711 0.464289
0.003687 0.996313
0.964905 0.035095
0.999506 0.000494
0.068574 0.931426
0.999820 0.000180
1.000000 0.000000
0.063299 0.936701
0.620834 0.379166
0.997664 0.002336
0.001154 0.998846
0.002171 0.997829
0.246601 0.753399
0.001713 0.998287
0.000112 0.999888
0.001670 0.998330
0.759652 0.240348
0.019930 0.980070
0.953177 0.046823
0.005777 0.994223
0.000088 0.999912
0.000391 0.999609
0.171375 0.828625
0.103740 0.896260
0.219752 0.780248
0.373467 0.626533
0.643057 0.356943
0.005222 0.994778
0.555083 0.444917
0.999991 0.000009
0.000225 0.999775
0.999968 0.000032
0.009295 0.990705
0.002786 0.997214
0.004590 0.995410
0.014662 0.985338
0.033643 0.966357
0.000533 0.999467
0.012002 0.987998
1.000000 0.000000
0.990132 0.009868
0.000056 0.999944
0.004556 0.995444
1.000000 -0.000000
0.999998 0.000002
0.015844 0.984156
0.859810 0.140190
1.000000 0.000000
0.014004 0.985996
0.000640 0.999360
0.000353 0.999647
0.015684 0.984316
0.000378 0.999622
0.950594 0.049406
0.000000 1.000000
0.016941 0.983059
0.022501 0.977499
0.000008 0.999992
1.000000 0.000000
0.999998 0.000002
0.672719 0.327281
1.000000 0.000000
0.999929 0.000071
0.841236 0.158764
0.238922 0.761078
1.000000 0.000000
1.000000 0.000000
0.001203 0.998797
0.008045 0.991955
0.000803 0.999197
0.000656 0.999344
0.012566 0.987434
0.001841 0.998159
0.000001 0.999999
0.967382 0.032618
0.051369 0.948631
0.332298 0.667702
0.036219 0.963781
0.000795 0.999205
0.946695 0.053305
0.063658 0.936342
1.000000 0.000000
0.101874 0.898126
0.107447 0.892553
0.000041 0.999959
0.024381 0.975619
0.000874 0.999126
0.000181 0.999819
0.001274 0.998726
0.111488 0.888512
0.521165 0.478835
0.087455 0.912545
0.012081 0.987919
0.991748 0.008252
0.000000 1.000000
0.182845 0.817155
0.000052 0.999948
0.000655 0.999345
0.957899 0.042101
0.026521 0.973479
0.003116 0.996884
0.044303 0.955697
0.999980 0.000020
0.000194 0.999806
1.000000 0.000000
1.000000 0.000000
0.779818 0.220182
0.000203 0.999797
0.046018 0.953982
1.000000 0.000000
0.000376 0.999624
1.000000 -0.000000
0.246789 0.753211
0.000104 0.999896
0.018786 0.981214
0.016540 0.983460
0.999961 0.000039
0.000024 0.999976
0.026748 0.973252
0.010415 0.989585
0.211919 0.788081
0.001538 0.998462
0.000008 0.999992
0.898569 0.101431
0.000342 0.999658
0.016357 0.983643
0.000206 0.999794
0.005222 0.994778
0.307509 0.692491
0.000000 1.000000
0.999753 0.000247
0.000271 0.999729
1.000000 0.000000
0.016098 0.983902
1.000000 -0.000000
0.790991 0.209009
0.001692 0.998308
0.999933 0.000067
0.999992 0.000008
0.005478 0.994522
1.000000 0.000000
0.059051 0.940949
0.000307 0.999693
0.054458 0.945542
0.001383 0.998617
0.002123 0.997877
1.000000 0.000000
0.045745 0.954255
0.447669 0.552331
0.001708 0.998292
0.086562 0.913438
0.008769 0.991231
0.000132 0.999868
0.000006 0.999994
0.923196 0.076804
0.080756 0.919244
0.999999 0.000001
0.000016 0.999984
0.016528 0.983472
0.998663 0.001337
0.999982 0.000018
0.061967 0.938033
0.002433 0.997567
0.000000 1.000000
0.006267 0.993733
0.000005 0.999995
0.003896 0.996104
0.176843 0.823157
0.001441 0.998559
0.099318 0.900682
0.016916 0.983084
0.999974 0.000026
0.011559 0.988441
0.000154 0.999846
0.072704 0.927296
1.000000 0.000000
1.000000 0.000000
0.017688 0.982312
0.006939 0.993061
0.002506 0.997494
0.009458 0.990542
1.000000 0.000000
0.994762 0.005238
0.533971 0.466029
0.999999 0.000001
1.000000 0.000000
0.999999 0.000001
1.000000 0.000000
0.043021 0.956979
0.352347 0.647653
1.000000 0.000000
0.002150 0.997850
0.746243 0.253757
0.000001 0.999999
0.862024 0.137976
1.000000 0.000000
0.975891 0.024109
0.006746 0.993254
0.871955 0.128045
0.013582 0.986418
0.057098 0.942902
1.000000 0.000000
0.999945 0.000055
0.143004 0.856996
0.010488 0.989512
0.000066 0.999934
0.043639 0.956361
1.000000 0.000000
0.003411 0.996589
0.037590 0.962410
1.000000 0.000000
0.026715 0.973285
0.001338 0.998662
0.010420 0.989580
0.016256 0.983744
0.011559 0.988441
0.999952 0.000048
1.000000 0.000000
0.000125 0.999875
0.999999 0.000001
0.938949 0.061051
0.082866 0.917134
0.054437 0.945563
1.000000 0.000000
0.002129 0.997871
0.034551 0.965449
1.000000 0.000000
0.028751 0.971249
1.000000 0.000000
1.000000 0.000000
0.000002 0.999998
0.007591 0.992409
0.001020 0.998980
0.997711 0.002289
0.949551 0.050449
0.999981 0.000019
0.001261 0.998739
0.999127 0.000873
0.477336 0.522664
0.032240 0.967760
0.751949 0.248051
0.999999 0.000001
0.995997 0.004003
0.009324 0.990676
0.999510 0.000490
0.999847 0.000153
0.000155 0.999845
0.999997 0.000003
0.995186 0.004814
0.906231 0.093769
0.017479 0.982521
0.002267 0.997733
1.000000 0.000000
0.319892 0.680108
0.687834 0.312166
0.999927 0.000073
0.005772 0.994228
0.019121 0.980879
0.999653 0.000347
0.999076 0.000924
0.000802 0.999198
0.032609 0.967391
1.000000 0.000000
0.084673 0.915327
0.149844 0.850156
0.846723 0.153277
0.999277 0.000723
0.009584 0.990416
0.999955 0.000045
1.000000 0.000000
1.000000 0.000000
0.982586 0.017414
0.000406 0.999594
0.004224 0.995776
0.999925 0.000075
0.773582 0.226418
1.000000 0.000000
0.068461 0.931539
0.964278 0.035722
1.000000 0.000000
0.997301 0.002699
0.955705 0.044295
0.999991 0.000009
0.001368 0.998632
0.999883 0.000117
0.000442 0.999558
0.999971 0.000029
0.000469 0.999531
1.000000 -0.000000
0.999008 0.000992
0.053894 0.946106
1.000000 0.000000
1.000000 0.000000
1.000000 0.000000
0.000001 0.999999
0.000026 0.999974
0.804008 0.195992
0.013848 0.986152
0.968494 0.031506
0.003087 0.996913
1.000000 0.000000
0.994525 0.005475
0.015838 0.984162
0.999181 0.000819
0.004780 0.995220
0.000070 0.999930
0.010170 0.989830
0.016831 0.983169
0.022799 0.977201
0.985031 0.014969
0.002388 0.997612
0.000101 0.999899
0.994585 0.005415
0.211780 0.788220
1.000000 0.000000
0.001950 0.998050
1.000000 0.000000
0.035732 0.964268
0.000832 0.999168
0.014806 0.985194
0.380398 0.619602
0.000079 0.999921
0.000110 0.999890
1.000000 0.000000
1.000000 0.000000
0.000146 0.999854
1.000000 0.000000
0.000389 0.999611
0.635459 0.364541
0.137132 0.862868
0.000023 0.999977
0.012251 0.987749
0.802988 0.197012
0.000181 0.999819
0.000000 1.000000
0.000573 0.999427
0.018791 0.981209
1.000000 0.000000
0.999981 0.000019
0.000978 0.999022
0.999943 0.000057
0.000023 0.999977
0.001697 0.998303
0.000114 0.999886
0.355846 0.644154
0.000491 0.999509
0.091874 0.908126
0.916568 0.083432
1.000000 0.000000
1.000000 0.000000
0.000038 0.999962
0.000191 0.999809
0.757234 0.242766
0.005935 0.994065
0.000674 0.999326
0.000064 0.999936
1.000000 0.000000
1.000000 -0.000000
0.025578 0.974422
0.998156 0.001844
1.000000 0.000000
0.999296 0.000704
0.927564 0.072436
0.006041 0.993959
1.000000 0.000000
0.999728 0.000272
0.055155 0.944845
0.108877 0.891123
0.999999 0.000001
0.668245 0.331755
0.000057 0.999943
0.726053 0.273947
0.012922 0.987078
0.011295 0.988705
0.021751 0.978249
0.996484 0.003516
0.007819 0.992181
0.006449 0.993551
0.992624 0.007376
0.999872 0.000128
0.007559 0.992441
0.023882 0.976118
0.043605 0.956395
0.009749 0.990251
0.000060 0.999940
0.001097 0.998903
1.000000 0.000000
0.009068 0.990932
0.022306 0.977694
0.005052 0.994948
0.001257 0.998743
0.000002 0.999998
0.008252 0.991748
0.172162 0.827838
0.970196 0.029804
0.000148 0.999852
0.999482 0.000518
1.000000 0.000000
0.000604 0.999396
0.008512 0.991488
0.999981 0.000019
0.065573 0.934427
0.953912 0.046088
0.051348 0.948652
0.999682 0.000318
0.001422 0.998578
0.999987 0.000013
0.000504 0.999496
0.012943 0.987057
0.000416 0.999584
0.000004 0.999996
0.659105 0.340895
0.089593 0.910407
1.000000 0.000000
