1.000000
1.000000
1.000000
0.156084 0.843916
0.632075 0.367925
1.000000
0.932154 0.067846
0.300135 0.200122 0.499743
0.907151 0.089252 0.003596
0.280810 0.159538 0.559652
1.000000
0.904467 0.095533
1.000000
1.000000
0.584553 0.415447
0.000045 0.032888 0.445840 0.521228
0.424006 0.575994
1.000000
0.180713 0.819287
1.000000
1.000000
1.000000
1.000000
0.906407 0.093593
1.000000
1.000000
1.000000
0.996144 0.003856
0.863439 0.136561
0.353008 0.646992
0.434259 0.565741
1.000000
1.000000
1.000000
0.217198 0.782802
1.000000
1.000000
0.409461 0.192167 0.398372
1.000000
0.072501 0.725366 0.202133
1.000000
0.363482 0.636518
1.000000
0.005251 0.235947 0.758801
1.000000
0.690525 0.309475
1.000000
0.241551 0.758449
0.823890 0.176110
0.943820 0.054926 0.001253
1.000000
1.000000
1.000000
0.916815 0.083185
1.000000
1.000000
0.853859 0.139488 0.006653
0.000777 0.999223
0.532774 0.467226
0.479949 0.520051
1.000000
1.000000
1.000000
0.132350 0.338609 0.529040
1.000000
1.000000
1.000000
1.000000
0.208920 0.491470 0.204338 0.095272
0.959239 0.040761
0.835862 0.164138
0.827619 0.172381
1.000000
1.000000
0.455768 0.544232
1.000000
1.000000
1.000000
0.824612 0.175388
0.512649 0.487351
0.363644 0.636356
1.000000
0.625164 0.374836
1.000000
1.000000
1.000000
0.848799 0.151201
1.000000
0.301725 0.698275
0.882235 0.117765
0.165058 0.834942
1.000000
1.000000
1.000000
1.000000
1.000000
1.000000
1.000000
1.000000
0.073210 0.327935 0.598854
1.000000
0.969070 0.030930
0.872206 0.127794
0.754334 0.245666
1.000000
0.808170 0.191830
1.000000
0.614788 0.385212
0.581250 0.418750
1.000000
1.000000
1.000000
0.120554 0.879446
0.829987 0.170013
0.641429 0.358571
1.000000
1.000000
0.527159 0.472841
1.000000
1.000000
1.000000
0.926255 0.073745
0.467611 0.532389
0.260158 0.739842
1.000000
1.000000
0.052903 0.947097
0.770338 0.229662
1.000000
1.000000
1.000000
0.693867 0.266652 0.039481
0.882223 0.112697 0.005080
1.000000
1.000000
1.000000
1.000000
1.000000
1.000000
0.002641 0.997359
0.636616 0.126207 0.237177
1.000000
1.000000
0.963114 0.036886
0.149167 0.850833
1.000000
0.001389 0.179172 0.819439
0.978220 0.021780
1.000000
1.000000
1.000000
1.000000
0.432537 0.567463
1.000000
1.000000
0.592311 0.407689
1.000000
0.059292 0.940708
1.000000
1.000000
0.153995 0.846005
1.000000
0.490244 0.509756
1.000000
0.847951 0.152049
1.000000
1.000000
1.000000
1.000000
0.040158 0.959842
1.000000
1.000000
1.000000
0.931420 0.068580
0.670372 0.329628
1.000000
0.528782 0.471218
1.000000
0.012426 0.641077 0.346496
1.000000
1.000000
1.000000
1.000000
0.683259 0.316741
1.000000
0.392963 0.607037
0.975176 0.024824
0.310180 0.689820
0.105610 0.894390
1.000000
1.000000
0.672569 0.327431
0.890232 0.109768
1.000000
1.000000
1.000000
1.000000
1.000000
1.000000
0.851589 0.148411
1.000000
1.000000
0.251090 0.748910
0.148411 0.851589
0.186815 0.813185
0.001202 0.998798
0.238467 0.761533
1.000000
0.000866 0.999134
1.000000
0.876528 0.123472
0.096970 0.903030
1.000000
0.610709 0.339792 0.049499
0.384158 0.474072 0.141771
0.183641 0.816359
0.502614 0.497386
1.000000
0.278956 0.721044
0.091060 0.908940
1.000000
1.000000
0.265122 0.734878
1.000000
0.542921 0.457079
0.404704 0.595296
0.000614 0.999386
0.552021 0.447979
1.000000
1.000000
0.843468 0.156532
0.743144 0.256856
1.000000
0.000305 0.999695
0.950534 0.049466
1.000000
1.000000
0.466112 0.533888
0.128205 0.871795
1.000000
0.759967 0.240033
1.000000
1.000000
0.000510 0.059697 0.428845 0.510949
1.000000
0.499388 0.500612
1.000000
0.042368 0.957632
0.643229 0.356771
0.000683 0.999317
0.027210 0.972790
0.620667 0.379333
1.000000
0.710223 0.289777
1.000000
0.513305 0.358077 0.111094 0.017523
1.000000
0.867831 0.132169
1.000000
1.000000
0.055133 0.944867
1.000000
0.954414 0.045586
0.588283 0.411717
1.000000
0.828663 0.171337
1.000000
1.000000
1.000000
1.000000
1.000000
1.000000
0.200007 0.799993
1.000000
0.999197 0.000803
0.755535 0.244465
0.406546 0.546314 0.047140
1.000000
0.154221 0.445694 0.400085
0.396590 0.603410
1.000000
1.000000
0.607807 0.392193
0.232489 0.767511
1.000000
0.319571 0.680429
0.967239 0.032761
1.000000
1.000000
1.000000
1.000000
1.000000
1.000000
1.000000
0.219422 0.780578
0.341194 0.658806
1.000000
0.403392 0.596608
1.000000
0.000015 0.999985
1.000000
1.000000
1.000000
1.000000
0.168174 0.831826
1.000000
0.024177 0.975823
1.000000
1.000000
1.000000
1.000000
0.804757 0.195243
1.000000
0.546856 0.453144
0.872158 0.127842
1.000000
1.000000
0.066744 0.933256
0.892419 0.107581
0.301988 0.698012
0.445616 0.206065 0.348319
0.459556 0.540444
1.000000
0.179474 0.820526
0.194789 0.805211
1.000000
0.976316 0.023684
0.809684 0.190316
0.369142 0.263526 0.213335 0.112594 0.041403
1.000000
0.049479 0.950521
1.000000
1.000000
1.000000
0.920304 0.079696
1.000000
0.766995 0.233005
0.449453 0.550547
1.000000
1.000000
1.000000
0.970213 0.029787
1.000000
0.544463 0.455537
0.392558 0.502132 0.105310
0.375849 0.624151
1.000000
0.197224 0.802776
1.000000
1.000000
1.000000
0.867020 0.132980
1.000000
0.600441 0.399559
0.929766 0.070234
1.000000
1.000000
1.000000
1.000000
1.000000
1.000000
0.368673 0.434922 0.196406
1.000000
1.000000
0.456988 0.543012
0.433046 0.566954
1.000000
1.000000
1.000000
1.000000
1.000000
1.000000
0.859224 0.140776
1.000000
1.000000
1.000000
0.748011 0.209344 0.042645
0.083475 0.727212 0.189313
1.000000
1.000000
1.000000
0.654339 0.345661
1.000000
0.696383 0.303617
1.000000
1.000000
1.000000
1.000000
1.000000
0.149935 0.850065
0.769323 0.230677
1.000000
0.909758 0.090242
0.035916 0.964084
1.000000
0.591116 0.408884
0.953376 0.046624
0.844254 0.155746
1.000000
1.000000
1.000000
1.000000
1.000000
0.264304 0.735696
1.000000
0.054073 0.945927
0.848945 0.151055
0.270401 0.729599
1.000000
0.226656 0.773344
0.270369 0.729631
0.354524 0.645476
1.000000
0.395680 0.604320
1.000000
0.815563 0.184437
0.483454 0.516546
1.000000
0.003086 0.996914
0.080644 0.919356
1.000000
1.000000
1.000000
0.099213 0.900787
1.000000
1.000000
1.000000
1.000000
0.664939 0.335061
1.000000
0.001947 0.998053
0.030974 0.969026
1.000000
0.368711 0.631289
0.933431 0.066569
0.286471 0.713529
1.000000
0.708983 0.291017
0.439074 0.560926
0.772516 0.227484
0.862920 0.137080
1.000000
1.000000
1.000000
1.000000
0.095646 0.904354
1.000000
1.000000
1.000000
0.820868 0.179132
0.408429 0.591571
0.836720 0.146491 0.015511 0.001278
0.563746 0.436254
1.000000
0.469036 0.530964
0.478432 0.521568
1.000000
1.000000
1.000000
0.962213 0.037787
0.631223 0.368777
0.390121 0.609879
0.782361 0.217639
1.000000
1.000000
1.000000
1.000000
1.000000
1.000000
0.452185 0.547815
0.292029 0.707971
1.000000
1.000000
0.544366 0.455634
1.000000
1.000000
0.452278 0.547722
1.000000
0.198802 0.801198
1.000000
0.885120 0.114880
0.650506 0.296008 0.053485
1.000000
1.000000
1.000000
0.689107 0.310893
0.000396 0.999604
0.236657 0.763343
0.513866 0.486134
1.000000
1.000000
1.000000
1.000000
0.829829 0.170171
0.270870 0.729130
0.264677 0.505574 0.229750
0.061971 0.938029
0.004538 0.995462
1.000000
0.165029 0.050017 0.159676 0.625278
0.164609 0.835391
1.000000
0.273223 0.726777
0.279129 0.720871
1.000000
0.455244 0.544756
0.863283 0.136717
0.511458 0.488542
1.000000
0.543552 0.456448
0.132509 0.867491
1.000000
0.388535 0.611465
1.000000
1.000000
0.079437 0.920563
0.121145 0.878855
1.000000
0.819115 0.173677 0.007208
1.000000
1.000000
1.000000
1.000000
0.016029 0.600502 0.383469
1.000000
0.396718 0.603282
1.000000
0.998656 0.001344
1.000000
0.994059 0.005941
1.000000
1.000000
1.000000
0.387875 0.612125
1.000000
0.718410 0.281590
1.000000
1.000000
0.911329 0.088671
1.000000
0.701961 0.298039
0.212766 0.787234
1.000000
1.000000
0.269278 0.730722
1.000000
1.000000
1.000000
1.000000
1.000000
1.000000
1.000000
1.000000
0.002449 0.997551
1.000000
0.979519 0.020481
1.000000
1.000000
1.000000
1.000000
1.000000
1.000000
0.282073 0.108283 0.609644
1.000000
1.000000
0.139849 0.510855 0.349297
0.150968 0.849032
0.410999 0.589001
0.320187 0.679813
0.647461 0.352539
0.918446 0.081554
1.000000
1.000000
1.000000
1.000000
1.000000
0.629131 0.370869
1.000000
1.000000
1.000000
1.000000
1.000000
1.000000
1.000000
0.587431 0.412569
1.000000
0.793584 0.206416
1.000000
1.000000
1.000000
1.000000
0.000538 0.999462
0.534681 0.465319
1.000000
0.216185 0.783815
1.000000
1.000000
1.000000
1.000000
0.940762 0.059238
1.000000
0.464878 0.535122
1.000000
1.000000
0.985416 0.014584
1.000000
1.000000
0.134308 0.662050 0.203642
0.837736 0.162264
0.078691 0.921309
0.855209 0.144791
1.000000
1.000000
0.755576 0.211219 0.033205
0.151571 0.848429
0.602709 0.397291
0.178492 0.821508
1.000000
0.000601 0.999399
1.000000
1.000000
1.000000
1.000000
0.022769 0.623945 0.353286
0.590773 0.409227
0.157555 0.428645 0.413800
1.000000
0.462564 0.537436
1.000000
1.000000
1.000000
0.412366 0.587634
1.000000
0.951516 0.048484
0.531456 0.468544
1.000000
1.000000
0.312166 0.497491 0.190342
0.823868 0.176132
0.300980 0.699020
1.000000
0.840382 0.159618
1.000000
1.000000
0.288468 0.711532
1.000000
1.000000
1.000000
0.750478 0.249522
0.575035 0.371100 0.053865
0.007707 0.992293
1.000000
1.000000
0.610743 0.389257
0.951891 0.048109
1.000000
1.000000
1.000000
1.000000
1.000000
1.000000
0.185974 0.814026
0.850227 0.149773
0.000169 0.999831
1.000000
0.353120 0.646880
0.839136 0.160864
1.000000
0.511866 0.488134
1.000000
1.000000
0.237013 0.762987
1.000000
1.000000
1.000000
0.178921 0.821079
1.000000
1.000000
0.081346 0.678351 0.240303
0.619500 0.380500
1.000000
1.000000
1.000000
0.427645 0.572355
1.000000
0.000453 0.105420 0.894127
1.000000
0.881799 0.118201
1.000000
1.000000
1.000000
1.000000
1.000000
1.000000
0.909678 0.090322
0.000001 0.025044 0.974955
0.000908 0.999092
0.824680 0.175320
1.000000
1.000000
1.000000
1.000000
0.737293 0.262707
0.052092 0.947908
0.821610 0.178390
0.799944 0.200056
0.137082 0.862918
0.443721 0.556279
1.000000
0.783795 0.216205
0.340016 0.659984
0.422763 0.577237
0.367600 0.632400
1.000000
1.000000
0.012936 0.987064
1.000000
1.000000
1.000000
1.000000
1.000000
1.000000
0.705684 0.294316
1.000000
1.000000
1.000000
1.000000
0.892288 0.107712
0.742074 0.257926
0.389404 0.610596
0.894677 0.105323
0.407876 0.592124
1.000000
1.000000
0.172732 0.827268
0.670091 0.329909
1.000000
1.000000
0.564978 0.435022
1.000000
1.000000
1.000000
0.236001 0.763999
1.000000
0.164974 0.835026
0.835114 0.164886
1.000000
1.000000
0.146372 0.458674 0.394954
1.000000
1.000000
0.000187 0.999813
0.238954 0.761046
1.000000
0.418637 0.581363
0.578886 0.421114
1.000000
0.249214 0.750786
0.840456 0.159544
1.000000
1.000000
1.000000
1.000000
1.000000
0.450426 0.549574
0.964883 0.035117
0.104169 0.895831
0.970797 0.029203
1.000000
0.693454 0.306546
1.000000
1.000000
1.000000
0.685287 0.314713
1.000000
0.726811 0.273189
1.000000
0.382214 0.617786
0.541516 0.458484
0.701925 0.298075
1.000000
0.977448 0.022552
1.000000
1.000000
0.000002 0.999998
1.000000
0.781513 0.218487
1.000000
1.000000
0.364353 0.635647
0.760662 0.239338
1.000000
1.000000
0.099800 0.900200
1.000000
0.025407 0.974593
1.000000
1.000000
0.645571 0.354429
0.167547 0.832453
0.992249 0.007751
0.500253 0.499747
0.000433 0.999567
1.000000
0.219240 0.780760
1.000000
1.000000
0.161055 0.838945
0.790032 0.209968
0.299499 0.700501
0.470322 0.529678
0.731712 0.268288
1.000000
1.000000
1.000000
0.087929 0.912071
1.000000
1.000000
0.160015 0.839985
1.000000
0.169674 0.830326
1.000000
0.947301 0.052699
0.874328 0.125672
1.000000
1.000000
0.391356 0.608644
0.973198 0.026802
0.716201 0.283799
0.036648 0.963352
1.000000
1.000000
0.279897 0.720103
0.710587 0.289413
0.933835 0.066165
1.000000
0.514162 0.485838
1.000000
0.452034 0.547966
0.208880 0.791120
1.000000
1.000000
1.000000
0.236932 0.763068
1.000000
0.708163 0.291837
1.000000
0.003176 0.382631 0.614193
1.000000
1.000000
1.000000
1.000000
0.586668 0.413332
1.000000
1.000000
1.000000
1.000000
0.994749 0.005251
0.839145 0.160855
1.000000
1.000000
1.000000
1.000000
1.000000
0.846719 0.153281
0.660607 0.339393
1.000000
0.894113 0.105887
0.957028 0.042972
1.000000
0.238430 0.345278 0.416292
0.508607 0.491393
1.000000
0.816744 0.183256
0.776354 0.223646
1.000000
0.530406 0.469594
0.915330 0.084670
0.892106 0.107894
0.986886 0.013114
1.000000
0.001549 0.998451
1.000000
0.218633 0.781367
1.000000
1.000000
1.000000
1.000000
0.291680 0.708320
0.451395 0.548605
1.000000
0.554160 0.445840
1.000000
1.000000
0.195136 0.804864
1.000000
0.870254 0.129746
0.396259 0.603741
1.000000
1.000000
0.454455 0.175636 0.369908
1.000000
1.000000
0.976906 0.023094
1.000000
1.000000
0.936645 0.063355
0.135010 0.864990
0.859233 0.140767
0.866033 0.133967
0.535904 0.464096
0.183483 0.816517
0.261972 0.473775 0.264253
1.000000
0.005628 0.994372
1.000000
1.000000
0.137354 0.173223 0.689423
1.000000
1.000000
0.996689 0.003311
1.000000
1.000000
0.604780 0.395220
1.000000
0.501869 0.498131
0.806469 0.193531
1.000000
1.000000
0.498466 0.501534
1.000000
1.000000
0.210103 0.476952 0.312945
0.702232 0.297768
1.000000
1.000000
1.000000
0.308090 0.691910
0.068738 0.931262
0.132965 0.479409 0.387626
0.975361 0.024639
0.098741 0.217364 0.683894
1.000000
0.230784 0.769216
0.312614 0.687386
0.438603 0.561397
0.211050 0.788950
0.716703 0.283297
1.000000
0.462877 0.537123
0.275469 0.724531
1.000000
0.182399 0.817601
1.000000
0.317379 0.682621
0.328401 0.520523 0.151076
1.000000
1.000000
1.000000
1.000000
1.000000
1.000000
0.161766 0.838234
1.000000
1.000000
1.000000
0.165500 0.834500
0.961980 0.038020
1.000000
0.343069 0.656931
1.000000
1.000000
0.171728 0.828272
0.041378 0.760314 0.198308
1.000000
0.443886 0.315198 0.240916
1.000000
1.000000
1.000000
0.491460 0.508540
1.000000
1.000000
0.848368 0.151632
1.000000
1.000000
1.000000
0.888514 0.111486
0.286560 0.713440
1.000000
1.000000
0.938326 0.061674
0.989101 0.010899
1.000000
0.155664 0.844336
0.563500 0.436500
0.889350 0.110650
0.182773 0.817227
1.000000
1.000000
0.286922 0.713078
0.782117 0.217883
0.451584 0.548416
0.090297 0.161822 0.341651 0.406230
0.332732 0.667268
1.000000
1.000000
1.000000
1.000000
0.451078 0.548922
1.000000
1.000000
1.000000
1.000000
0.994094 0.005906
0.330473 0.669527
0.506810 0.493190
0.995616 0.004384
0.007238 0.992762
1.000000
0.187466 0.812534
1.000000
1.000000
1.000000
1.000000
1.000000
1.000000
1.000000
1.000000
0.867411 0.132589
1.000000
0.477961 0.522039
0.113988 0.886012
1.000000
1.000000
0.899592 0.100408
0.407552 0.592448
0.167008 0.556066 0.276926
0.136241 0.863759
0.778017 0.221983
1.000000
1.000000
0.163963 0.386407 0.449630
0.260946 0.739054
1.000000
0.978182 0.021818
1.000000
0.752463 0.247537
1.000000
1.000000
1.000000
1.000000
0.560156 0.439844
1.000000
0.723628 0.276372
1.000000
0.687863 0.312137
1.000000
0.000000 0.000344 0.060612 0.939044
1.000000
0.082780 0.917220
1.000000
1.000000
0.894535 0.102898 0.002567
1.000000
1.000000
1.000000
0.973201 0.026799
0.748190 0.251810
1.000000
0.267343 0.732657
0.113172 0.538235 0.348593
1.000000
1.000000
1.000000
1.000000
0.541238 0.347879 0.110884
1.000000
1.000000
1.000000
1.000000
1.000000
1.000000
1.000000
0.843864 0.156136
0.602414 0.397586
0.471279 0.528721
0.241944 0.758056
0.024402 0.975598
0.392775 0.607225
0.998623 0.001377
0.594251 0.405749
1.000000
0.088478 0.911522
1.000000
0.014345 0.985655
1.000000
1.000000
0.041795 0.958205
0.666891 0.307218 0.025891
1.000000
1.000000
1.000000
0.350409 0.649591
0.002623 0.997377
1.000000
1.000000
0.046808 0.953192
1.000000
1.000000
1.000000
1.000000
0.000074 0.999926
1.000000
0.318151 0.218003 0.463846
0.953687 0.046313
1.000000
1.000000
1.000000
1.000000
1.000000
0.208662 0.548808 0.242530
1.000000
1.000000
1.000000
0.269071 0.730929
0.007115 0.992885
1.000000
1.000000
0.263521 0.736479
1.000000
0.922594 0.077406
0.917971 0.082029
1.000000
0.017185 0.982815
1.000000
1.000000
0.980600 0.019400
0.859330 0.140670
0.352129 0.647871
0.177481 0.822519
1.000000
1.000000
0.996725 0.003275
1.000000
1.000000
0.050700 0.949300
1.000000
1.000000
0.436506 0.563494
1.000000
1.000000
1.000000
0.736970 0.263030
1.000000
0.780339 0.219661
1.000000
0.921189 0.078811
0.930233 0.069767
0.032297 0.967703
0.873583 0.126417
1.000000
0.011326 0.445831 0.542842
1.000000
1.000000
1.000000
0.133810 0.866190
1.000000
0.185794 0.814206
0.972281 0.027719
0.004530 0.995470
1.000000
1.000000
0.995595 0.004405
1.000000
0.264610 0.735390
1.000000
1.000000
0.982393 0.017607
0.475320 0.524680
0.488054 0.511946
1.000000
0.451423 0.548577
1.000000
0.000003 0.003803 0.193608 0.802586
1.000000
1.000000
0.994281 0.005719
0.000441 0.999559
0.196168 0.803832
0.000002 0.026891 0.973107
1.000000
1.000000
0.187202 0.812798
1.000000
1.000000
0.509307 0.490693
1.000000
0.352806 0.596433 0.050761
1.000000
0.026194 0.973806
0.485877 0.420075 0.094048
0.003286 0.996714
1.000000
1.000000
0.825702 0.174298
0.138630 0.160348 0.095054 0.605969
0.209700 0.790300
0.596575 0.403425
1.000000
0.484899 0.515101
0.943483 0.056517
1.000000
1.000000
1.000000
0.459159 0.540841
1.000000
1.000000
1.000000
0.797279 0.202721
1.000000
0.001017 0.269349 0.729634
1.000000
1.000000
1.000000
1.000000
1.000000
0.117758 0.699602 0.182640
0.126462 0.873538
1.000000
1.000000
1.000000
0.719164 0.280836
1.000000
0.988177 0.011823
0.000000 1.000000
0.256439 0.743561
0.301717 0.698283
1.000000
0.433490 0.473200 0.093310
1.000000
1.000000
1.000000
0.666717 0.333283
1.000000
1.000000
1.000000
0.426907 0.573093
1.000000
0.095213 0.904787
0.001063 0.998937
1.000000
0.450888 0.156468 0.392644
1.000000
0.707519 0.292481
0.633893 0.366107
0.235312 0.764688
1.000000
0.814800 0.185200
1.000000
1.000000
1.000000
1.000000
1.000000
0.017621 0.643796 0.338584
0.312273 0.687727
1.000000
0.893286 0.106714
1.000000
0.191604 0.808396
0.969033 0.030967
1.000000
1.000000
1.000000
1.000000
1.000000
0.925644 0.074356
1.000000
1.000000
0.887695 0.112305
1.000000
1.000000
0.995966 0.004034
1.000000
0.513063 0.486937
1.000000
0.503243 0.496757
0.943328 0.056672
1.000000
1.000000
1.000000
1.000000
1.000000
1.000000
1.000000
0.325698 0.674302
0.295492 0.704508
0.960162 0.039838
1.000000
0.125538 0.874462
1.000000
1.000000
1.000000
0.917889 0.082111
0.462546 0.537454
1.000000
1.000000
1.000000
0.651249 0.317578 0.031173
1.000000
1.000000
0.882156 0.117844
0.314980 0.685020
0.023968 0.976032
1.000000
0.901078 0.098922
1.000000
1.000000
1.000000
0.845576 0.154424
0.072041 0.927959
0.986002 0.013998
1.000000
0.573922 0.426078
0.340781 0.659219
1.000000
0.384530 0.615470
1.000000
1.000000
0.296324 0.703676
1.000000
0.984260 0.015740
0.713672 0.286328
1.000000
0.642100 0.357900
0.082446 0.917554
0.587837 0.412163
0.358896 0.641104
1.000000
0.287347 0.580447 0.132206
1.000000
0.091324 0.908676
0.103874 0.692363 0.203763
1.000000
0.667963 0.332037
0.234523 0.765477
1.000000
1.000000
0.651381 0.304153 0.044467
0.811203 0.188797
0.808326 0.191674
0.874057 0.121004 0.004938
1.000000
0.218164 0.546652 0.235184
1.000000
0.967258 0.032742
1.000000
1.000000
1.000000
1.000000
1.000000
0.579452 0.420548
1.000000
0.926716 0.073284
0.982430 0.017570
1.000000
1.000000
0.635239 0.364761
0.891037 0.108963
0.269256 0.730744
1.000000
0.001118 0.998882
0.741388 0.258612
0.004099 0.995901
0.973863 0.026137
0.087270 0.287195 0.625535
1.000000
1.000000
0.539321 0.460679
1.000000
0.440657 0.559343
1.000000
0.840327 0.159673
0.206654 0.793346
1.000000
0.064264 0.935736
1.000000
0.179651 0.820349
1.000000
0.484493 0.515507
1.000000
0.775918 0.224082
0.609734 0.390266
1.000000
1.000000
1.000000
0.267011 0.732989
1.000000
1.000000
1.000000
0.220583 0.779417
1.000000
1.000000
0.123221 0.876779
0.409689 0.590311
1.000000
1.000000
0.918276 0.081724
1.000000
1.000000
1.000000
1.000000
1.000000
1.000000
0.587387 0.412613
0.002802 0.997198
1.000000
0.775785 0.224215
1.000000
0.453342 0.546658
1.000000
1.000000
1.000000
0.431751 0.568249
1.000000
1.000000
0.000580 0.999420
0.806698 0.193302
1.000000
1.000000
1.000000
1.000000
1.000000
0.099328 0.900672
0.912628 0.087372
1.000000
1.000000
0.997090 0.002910
1.000000
1.000000
1.000000
0.996979 0.003021
0.126171 0.873829
1.000000
1.000000
0.908295 0.091705
0.603235 0.396765
1.000000
1.000000
1.000000
1.000000
0.286401 0.713599
0.150333 0.849667
0.497865 0.502135
0.866134 0.133866
1.000000
0.784078 0.215922
1.000000
1.000000
1.000000
0.387494 0.612506
0.267775 0.732225
0.577392 0.422608
1.000000
0.260383 0.739617
1.000000
0.411762 0.588238
1.000000
1.000000
1.000000
0.318047 0.681953
1.000000
0.016116 0.983884
1.000000
1.000000
0.077889 0.922111
1.000000
0.022183 0.399236 0.578580
1.000000
1.000000
0.633561 0.366439
1.000000
1.000000
1.000000
0.004112 0.995888
1.000000
1.000000
0.756917 0.243083
1.000000
0.432971 0.567029
1.000000
0.116123 0.126412 0.351180 0.406285
0.245278 0.754722
0.855592 0.144408
1.000000
0.189110 0.205663 0.605227
0.163527 0.418611 0.417862
0.746764 0.253236
1.000000
1.000000
0.319833 0.680167
0.621478 0.321130 0.057392
0.588144 0.411856
1.000000
0.054545 0.945455
1.000000
0.583142 0.416858
0.420657 0.579343
1.000000
1.000000
1.000000
0.711752 0.288248
1.000000
0.001972 0.998028
0.123054 0.876946
1.000000
1.000000
0.331464 0.668536
1.000000
1.000000
0.136272 0.405351 0.458377
0.336620 0.663380
0.958091 0.041517 0.000392
0.645217 0.354783
0.251234 0.748766
1.000000
0.128707 0.871293
0.812365 0.187635
1.000000
0.053493 0.946507
0.161173 0.838827
1.000000
1.000000
1.000000
1.000000
0.236212 0.763788
0.243066 0.605798 0.151136
0.033301 0.966699
1.000000
0.777319 0.222681
1.000000
1.000000
1.000000
0.309637 0.690363
1.000000
1.000000
1.000000
0.226922 0.619420 0.153658
1.000000
0.785811 0.214189
0.625909 0.374091
0.149788 0.333679 0.516534
0.992420 0.007580
1.000000
0.121837 0.878163
1.000000
0.125802 0.874198
0.844993 0.146899 0.008107
1.000000
0.664691 0.335309
1.000000
0.418714 0.581286
1.000000
0.983594 0.016406
0.946003 0.053997
0.675903 0.324097
0.000597 0.419451 0.579953
0.412828 0.587172
1.000000
1.000000
1.000000
1.000000
0.460256 0.433284 0.106460
1.000000
1.000000
1.000000
0.896672 0.103328
1.000000
0.938850 0.059446 0.001704
0.061518 0.938482
1.000000
1.000000
0.014826 0.985174
1.000000
0.996533 0.003467
0.497590 0.502410
1.000000
0.512923 0.179050 0.308027
1.000000
0.833836 0.166164
1.000000
0.159110 0.840890
1.000000
0.129342 0.870658
0.171765 0.828235
0.633056 0.366944
0.862273 0.137727
1.000000
1.000000
0.284246 0.715754
0.927922 0.072078
1.000000
0.957334 0.042666
1.000000
1.000000
0.842644 0.157356
0.746843 0.253157
1.000000
0.916803 0.083197
0.279705 0.720295
0.189321 0.810679
0.237506 0.762494
0.484654 0.515346
0.634450 0.365550
0.861067 0.138933
0.549656 0.450344
1.000000
1.000000
0.557373 0.442627
1.000000
1.000000
1.000000
0.571097 0.428903
0.294300 0.478188 0.227512
1.000000
1.000000
1.000000
0.966834 0.033166
1.000000
1.000000
0.001230 0.998770
0.166511 0.833489
0.481210 0.420935 0.097855
0.840490 0.159510
1.000000
0.490676 0.509324
1.000000
1.000000
0.722811 0.277189
1.000000
1.000000
1.000000
0.253425 0.544808 0.201767
0.472837 0.527163
1.000000
1.000000
1.000000
0.412240 0.248705 0.081256 0.257800
1.000000
1.000000
0.765141 0.234859
1.000000
1.000000
0.326223 0.673777
1.000000
1.000000
1.000000
1.000000
0.563197 0.436803
1.000000
1.000000
1.000000
1.000000
0.429818 0.570182
0.140732 0.452584 0.406685
1.000000
1.000000
0.703893 0.296107
0.003084 0.996916
1.000000
0.117660 0.205335 0.677005
1.000000
0.421938 0.578062
1.000000
1.000000
1.000000
1.000000
0.488263 0.174788 0.336949
1.000000
0.931924 0.068076
1.000000
1.000000
0.252694 0.747306
1.000000
0.968245 0.031755
1.000000
1.000000
0.724469 0.275531
0.683470 0.316530
1.000000
1.000000
1.000000
1.000000
0.728131 0.070103 0.201766
1.000000
0.703144 0.296856
1.000000
1.000000
1.000000
0.306228 0.693772
1.000000
1.000000
0.607444 0.325469 0.060758 0.006328
1.000000
1.000000
0.283483 0.716517
1.000000
0.267758 0.732242
1.000000
1.000000
0.847943 0.152057
1.000000
0.265216 0.734784
1.000000
0.598958 0.401042
0.341571 0.658429
1.000000
1.000000
1.000000
0.000026 0.028459 0.971514
0.816094 0.183906
0.001072 0.998928
1.000000
1.000000
0.567155 0.432845
0.139034 0.860966
0.790394 0.209606
1.000000
0.674385 0.325615
1.000000
0.218080 0.781920
0.915356 0.084644
1.000000
0.006325 0.993675
1.000000
1.000000
1.000000
0.141597 0.858403
0.845852 0.148731 0.005417
1.000000
1.000000
0.686645 0.313355
0.666901 0.333099
1.000000
1.000000
0.476717 0.523283
1.000000
1.000000
0.188531 0.811469
0.851580 0.148420
1.000000
1.000000
1.000000
1.000000
0.191102 0.808898
1.000000
0.827566 0.158014 0.014420
1.000000
1.000000
0.477624 0.522376
1.000000
1.000000
1.000000
1.000000
0.841212 0.158788
1.000000
1.000000
0.433547 0.566453
1.000000
0.812927 0.187073
0.645104 0.354896
1.000000
1.000000
1.000000
1.000000
0.083157 0.916843
0.384510 0.615490
1.000000
1.000000
0.725650 0.274350
1.000000
0.718056 0.281944
0.000025 0.999975
0.953888 0.046112
1.000000
0.836661 0.163339
1.000000
1.000000
0.071631 0.928369
1.000000
0.153713 0.269905 0.576382
1.000000
1.000000
0.610640 0.389360
1.000000
1.000000
0.154020 0.845980
0.000079 0.999921
0.394902 0.605098
0.902076 0.097924
1.000000
0.443266 0.556734
0.453632 0.546368
0.369315 0.630685
0.009724 0.990276
1.000000
1.000000
0.933269 0.066731
0.104471 0.330848 0.564681
0.260418 0.739582
1.000000
1.000000
0.688384 0.311616
0.204872 0.795128
0.393760 0.606240
1.000000
0.194739 0.805261
1.000000
1.000000
1.000000
1.000000
0.249038 0.661529 0.089434
0.326932 0.673068
1.000000
0.958026 0.041974
0.469605 0.530395
0.405958 0.594042
0.744226 0.255774
1.000000
1.000000
0.460487 0.539513
0.572335 0.427665
0.410164 0.589836
1.000000
1.000000
0.986549 0.013451
1.000000
1.000000
1.000000
0.017412 0.982588
0.354778 0.339627 0.305594
0.666267 0.333733
0.065134 0.651567 0.283299
0.916410 0.083590
1.000000
1.000000
0.432407 0.567593
1.000000
0.290056 0.709944
0.000793 0.146341 0.852866
0.624659 0.375341
1.000000
0.858096 0.141904
0.601935 0.398065
0.839965 0.160035
1.000000
1.000000
0.000111 0.999889
0.782247 0.217753
1.000000
0.865053 0.134947
1.000000
0.773112 0.226888
1.000000
0.689366 0.310634
1.000000
1.000000
0.814468 0.185532
0.703023 0.248023 0.048954
1.000000
1.000000
1.000000
0.950465 0.049535
0.115773 0.808814 0.075413
1.000000
0.000027 0.999973
1.000000
0.242790 0.757210
1.000000
1.000000
0.025413 0.974587
1.000000
1.000000
0.786411 0.213589
1.000000
0.484408 0.447342 0.068250
1.000000
0.063128 0.936872
0.986029 0.013971
0.484001 0.515999
1.000000
1.000000
1.000000
0.714189 0.285811
0.510964 0.489036
0.510810 0.489190
0.767427 0.232573
1.000000
1.000000
0.788983 0.211017
0.393476 0.606524
1.000000
0.843940 0.156060
0.018451 0.981549
0.315402 0.351682 0.226236 0.106680
1.000000
0.556527 0.443473
0.390565 0.609435
1.000000
1.000000
0.027592 0.972408
0.010462 0.989538
0.972843 0.027157
1.000000
1.000000
0.602315 0.397685
0.181810 0.818190
1.000000
1.000000
0.754299 0.245701
0.985592 0.014408
1.000000
0.996325 0.003675
1.000000
0.003790 0.332865 0.663344
1.000000
0.930867 0.069133
1.000000
1.000000
0.939231 0.060769
1.000000
1.000000
1.000000
0.122160 0.296598 0.581242
1.000000
1.000000
1.000000
1.000000
1.000000
0.654247 0.345753
0.781728 0.218272
1.000000
1.000000
1.000000
0.000001 0.036407 0.963592
0.149426 0.850574
1.000000
0.002278 0.997722
1.000000
0.861241 0.138759
1.000000
1.000000
1.000000
0.863166 0.136834
0.119128 0.207612 0.673260
0.224720 0.775280
0.653729 0.346271
1.000000
0.714047 0.285953
0.635577 0.364423
0.360237 0.639763
1.000000
1.000000
1.000000
0.274867 0.725133
1.000000
1.000000
1.000000
0.302923 0.697077
0.296396 0.703604
1.000000
1.000000
1.000000
1.000000
0.714707 0.285293
0.354737 0.645263
0.923154 0.076846
1.000000
1.000000
1.000000
0.168954 0.195948 0.635098
1.000000
1.000000
1.000000
1.000000
1.000000
1.000000
1.000000
1.000000
0.925545 0.074455
0.847684 0.152316
1.000000
1.000000
1.000000
1.000000
0.418261 0.581739
1.000000
1.000000
1.000000
0.132192 0.392697 0.475111
1.000000
