1.000000
1.000000
1.000000
0.152813 0.847187
0.649951 0.350049
1.000000
0.929237 0.070763
0.293695 0.206054 0.500251
0.903946 0.092214 0.003840
0.257856 0.181110 0.561034
1.000000
0.903874 0.096126
1.000000
1.000000
0.583929 0.416071
0.000149 0.043963 0.541482 0.414406
0.429446 0.570554
1.000000
0.168013 0.831987
1.000000
1.000000
1.000000
1.000000
0.904887 0.095113
1.000000
1.000000
1.000000
0.995879 0.004121
0.860767 0.139233
0.383808 0.616192
0.503268 0.496732
1.000000
1.000000
1.000000
0.197594 0.802406
1.000000
1.000000
0.385480 0.190827 0.423693
1.000000
0.069941 0.683050 0.247009
1.000000
0.352604 0.647396
1.000000
0.008662 0.251918 0.739421
1.000000
0.664787 0.335213
1.000000
0.238418 0.761582
0.822097 0.177903
0.942365 0.056307 0.001328
1.000000
1.000000
1.000000
0.911645 0.088355
1.000000
1.000000
0.850957 0.142018 0.007025
0.001008 0.998992
0.532886 0.467114
0.455953 0.544047
1.000000
1.000000
1.000000
0.140012 0.338258 0.521729
1.000000
1.000000
1.000000
1.000000
0.180006 0.466548 0.252085 0.101361
0.957863 0.042137
0.888288 0.111712
0.826564 0.173436
1.000000
1.000000
0.464846 0.535154
1.000000
1.000000
1.000000
0.823656 0.176344
0.516210 0.483790
0.370999 0.629001
1.000000
0.633388 0.366612
1.000000
1.000000
1.000000
0.849277 0.150723
1.000000
0.282032 0.717968
0.879569 0.120431
0.301624 0.698376
1.000000
1.000000
1.000000
1.000000
1.000000
1.000000
1.000000
1.000000
0.068950 0.331904 0.599146
1.000000
0.967957 0.032043
0.913991 0.086009
0.670504 0.329496
1.000000
0.806513 0.193487
1.000000
0.551274 0.448726
0.584686 0.415314
1.000000
1.000000
1.000000
0.119247 0.880753
0.828853 0.171147
0.664406 0.335594
1.000000
1.000000
0.488070 0.511930
1.000000
1.000000
1.000000
0.917391 0.082609
0.467178 0.532822
0.270674 0.729326
1.000000
1.000000
0.083530 0.916470
0.808722 0.191278
1.000000
1.000000
1.000000
0.701660 0.259240 0.039101
0.880016 0.114677 0.005307
1.000000
1.000000
1.000000
1.000000
1.000000
1.000000
0.003532 0.996468
0.600935 0.164955 0.234111
1.000000
1.000000
0.962097 0.037903
0.238970 0.761030
1.000000
0.002638 0.171232 0.826130
0.977757 0.022243
1.000000
1.000000
1.000000
1.000000
0.483039 0.516961
1.000000
1.000000
0.587485 0.412515
1.000000
0.116952 0.883048
1.000000
1.000000
0.172077 0.827923
1.000000
0.497490 0.502510
1.000000
0.855326 0.144674
1.000000
1.000000
1.000000
1.000000
0.045950 0.954050
1.000000
1.000000
1.000000
0.961622 0.038378
0.669275 0.330725
1.000000
0.540903 0.459097
1.000000
0.022684 0.795713 0.181603
1.000000
1.000000
1.000000
1.000000
0.707187 0.292813
1.000000
0.401272 0.598728
0.974236 0.025764
0.320057 0.679943
0.103794 0.896206
1.000000
1.000000
0.676411 0.323589
0.914615 0.085385
1.000000
1.000000
1.000000
1.000000
1.000000
1.000000
0.848920 0.151080
1.000000
1.000000
0.268157 0.731843
0.131049 0.868951
0.160384 0.839616
0.001307 0.998693
0.388077 0.611923
1.000000
0.001131 0.998869
1.000000
0.875185 0.124815
0.097022 0.902978
1.000000
0.522795 0.428126 0.049079
0.383082 0.473857 0.143060
0.192917 0.807083
0.501662 0.498338
1.000000
0.367413 0.632587
0.092471 0.907529
1.000000
1.000000
0.275252 0.724748
1.000000
0.510022 0.489978
0.373352 0.626648
0.001560 0.998440
0.580515 0.419485
1.000000
1.000000
0.841943 0.158057
0.742837 0.257163
1.000000
0.000451 0.999549
0.961916 0.038084
1.000000
1.000000
0.534101 0.465899
0.122365 0.877635
1.000000
0.736155 0.263845
1.000000
1.000000
0.001948 0.118214 0.547740 0.332098
1.000000
0.499858 0.500142
1.000000
0.078921 0.921079
0.641741 0.358259
0.000899 0.999101
0.028634 0.971366
0.601588 0.398412
1.000000
0.710492 0.289508
1.000000
0.527615 0.346424 0.108556 0.017405
1.000000
0.865476 0.134524
1.000000
1.000000
0.104777 0.895223
1.000000
0.952988 0.047012
0.594738 0.405262
1.000000
0.827064 0.172936
1.000000
1.000000
1.000000
1.000000
1.000000
1.000000
0.213198 0.786802
1.000000
0.999135 0.000865
0.758535 0.241465
0.391094 0.575540 0.033365
1.000000
0.151040 0.447691 0.401269
0.590324 0.409676
1.000000
1.000000
0.609462 0.390538
0.242873 0.757127
1.000000
0.320412 0.679588
0.966536 0.033464
1.000000
1.000000
1.000000
1.000000
1.000000
1.000000
1.000000
0.217564 0.782436
0.350894 0.649106
1.000000
0.402659 0.597341
1.000000
0.000047 0.999953
1.000000
1.000000
1.000000
1.000000
0.166141 0.833859
1.000000
0.059431 0.940569
1.000000
1.000000
1.000000
1.000000
0.801778 0.198222
1.000000
0.793803 0.206197
0.875488 0.124512
1.000000
1.000000
0.095947 0.904053
0.893321 0.106679
0.368857 0.631143
0.479392 0.198181 0.322427
0.476901 0.523099
1.000000
0.169851 0.830149
0.179633 0.820367
1.000000
0.981672 0.018328
0.808614 0.191386
0.375222 0.264567 0.208502 0.110631 0.041078
1.000000
0.030382 0.969618
1.000000
1.000000
1.000000
0.918355 0.081645
1.000000
0.799293 0.200707
0.457766 0.542234
1.000000
1.000000
1.000000
0.985961 0.014039
1.000000
0.545626 0.454374
0.399959 0.494490 0.105550
0.375909 0.624091
1.000000
0.218774 0.781226
1.000000
1.000000
1.000000
0.811909 0.188091
1.000000
0.580591 0.419409
0.927608 0.072392
1.000000
1.000000
1.000000
1.000000
1.000000
1.000000
0.381064 0.425576 0.193360
1.000000
1.000000
0.426833 0.573167
0.464654 0.535346
1.000000
1.000000
1.000000
1.000000
1.000000
1.000000
0.856917 0.143083
1.000000
1.000000
1.000000
0.684797 0.271840 0.043363
0.085167 0.718052 0.196781
1.000000
1.000000
1.000000
0.653159 0.346841
1.000000
0.869138 0.130862
1.000000
1.000000
1.000000
1.000000
1.000000
0.149559 0.850441
0.769558 0.230442
1.000000
0.909045 0.090955
0.073194 0.926806
1.000000
0.593981 0.406019
0.952516 0.047484
0.842414 0.157586
1.000000
1.000000
1.000000
1.000000
1.000000
0.264610 0.735390
1.000000
0.070163 0.929837
0.859702 0.140298
0.270617 0.729383
1.000000
0.241339 0.758661
0.270670 0.729330
0.368292 0.631708
1.000000
0.413001 0.586999
1.000000
0.813569 0.186431
0.510858 0.489142
1.000000
0.005139 0.994861
0.070081 0.929919
1.000000
1.000000
1.000000
0.105203 0.894797
1.000000
1.000000
1.000000
1.000000
0.664819 0.335181
1.000000
0.003703 0.996297
0.063217 0.936783
1.000000
0.365780 0.634220
0.947563 0.052437
0.301375 0.698625
1.000000
0.607742 0.392258
0.413471 0.586529
0.768495 0.231505
0.860307 0.139693
1.000000
1.000000
1.000000
1.000000
0.105282 0.894718
1.000000
1.000000
1.000000
0.817908 0.182092
0.409552 0.590448
0.834895 0.147810 0.015953 0.001341
0.565756 0.434244
1.000000
0.469810 0.530190
0.482076 0.517924
1.000000
1.000000
1.000000
0.961745 0.038255
0.862599 0.137401
0.435315 0.564685
0.910833 0.089167
1.000000
1.000000
1.000000
1.000000
1.000000
1.000000
0.521672 0.478328
0.312583 0.687417
1.000000
1.000000
0.546784 0.453216
1.000000
1.000000
0.456879 0.543121
1.000000
0.197699 0.802301
1.000000
0.882734 0.117266
0.639473 0.304766 0.055761
1.000000
1.000000
1.000000
0.687627 0.312373
0.001116 0.998884
0.210268 0.789732
0.511669 0.488331
1.000000
1.000000
1.000000
1.000000
0.798468 0.201532
0.283752 0.716248
0.264285 0.504528 0.231187
0.062261 0.937739
0.003944 0.996056
1.000000
0.144706 0.066995 0.163760 0.624540
0.158541 0.841459
1.000000
0.342855 0.657145
0.266741 0.733259
1.000000
0.462988 0.537012
0.872766 0.127234
0.666003 0.333997
1.000000
0.544629 0.455371
0.126172 0.873828
1.000000
0.390457 0.609543
1.000000
1.000000
0.076889 0.923111
0.115845 0.884155
1.000000
0.815841 0.176547 0.007612
1.000000
1.000000
1.000000
1.000000
0.018273 0.510393 0.471334
1.000000
0.395901 0.604099
1.000000
0.998545 0.001455
1.000000
0.993736 0.006264
1.000000
1.000000
1.000000
0.413795 0.586205
1.000000
0.716092 0.283908
1.000000
1.000000
0.909283 0.090717
1.000000
0.898300 0.101700
0.233789 0.766211
1.000000
1.000000
0.270222 0.729778
1.000000
1.000000
1.000000
1.000000
1.000000
1.000000
1.000000
1.000000
0.004532 0.995468
1.000000
0.978589 0.021411
1.000000
1.000000
1.000000
1.000000
1.000000
1.000000
0.259785 0.127037 0.613178
1.000000
1.000000
0.138983 0.511194 0.349824
0.183491 0.816509
0.417123 0.582877
0.387631 0.612369
0.704082 0.295918
0.917127 0.082873
1.000000
1.000000
1.000000
1.000000
1.000000
0.634583 0.365417
1.000000
1.000000
1.000000
1.000000
1.000000
1.000000
1.000000
0.600291 0.399709
1.000000
0.705984 0.294016
1.000000
1.000000
1.000000
1.000000
0.001387 0.998613
0.523268 0.476732
1.000000
0.198832 0.801168
1.000000
1.000000
1.000000
1.000000
0.938833 0.061167
1.000000
0.492730 0.507270
1.000000
1.000000
0.984686 0.015314
1.000000
1.000000
0.221769 0.675967 0.102265
0.835230 0.164770
0.106449 0.893551
0.853923 0.146077
1.000000
1.000000
0.753943 0.212401 0.033657
0.149016 0.850984
0.623827 0.376173
0.166876 0.833124
1.000000
0.001599 0.998401
1.000000
1.000000
1.000000
1.000000
0.045306 0.789634 0.165061
0.589812 0.410188
0.155037 0.430121 0.414842
1.000000
0.463735 0.536265
1.000000
1.000000
1.000000
0.417102 0.582898
1.000000
0.949921 0.050079
0.606110 0.393890
1.000000
1.000000
0.310856 0.497987 0.191157
0.822695 0.177305
0.447259 0.552741
1.000000
0.838169 0.161831
1.000000
1.000000
0.299147 0.700853
1.000000
1.000000
1.000000
0.749280 0.250720
0.501825 0.445914 0.052261
0.010513 0.989487
1.000000
1.000000
0.657767 0.342233
0.974212 0.025788
1.000000
1.000000
1.000000
1.000000
1.000000
1.000000
0.198898 0.801102
0.847638 0.152362
0.000566 0.999434
1.000000
0.371863 0.628137
0.837828 0.162172
1.000000
0.511909 0.488091
1.000000
1.000000
0.236790 0.763210
1.000000
1.000000
1.000000
0.180422 0.819578
1.000000
1.000000
0.153026 0.730339 0.116635
0.620768 0.379232
1.000000
1.000000
1.000000
0.340605 0.659395
1.000000
0.001060 0.109708 0.889233
1.000000
0.880432 0.119568
1.000000
1.000000
1.000000
1.000000
1.000000
1.000000
0.907341 0.092659
0.000002 0.017127 0.982871
0.002078 0.997922
0.822461 0.177539
1.000000
1.000000
1.000000
1.000000
0.735043 0.264957
0.039139 0.960861
0.839392 0.160608
0.797624 0.202376
0.127434 0.872566
0.416644 0.583356
1.000000
0.782626 0.217374
0.279300 0.720700
0.432359 0.567641
0.478095 0.521905
1.000000
1.000000
0.015989 0.984011
1.000000
1.000000
1.000000
1.000000
1.000000
1.000000
0.608507 0.391493
1.000000
1.000000
1.000000
1.000000
0.930389 0.069611
0.701130 0.298870
0.396707 0.603293
0.893422 0.106578
0.439944 0.560056
1.000000
1.000000
0.171010 0.828990
0.670697 0.329303
1.000000
1.000000
0.566425 0.433575
1.000000
1.000000
1.000000
0.179185 0.820815
1.000000
0.180196 0.819804
0.833464 0.166536
1.000000
1.000000
0.156132 0.454075 0.389793
1.000000
1.000000
0.000632 0.999368
0.239796 0.760204
1.000000
0.426468 0.573532
0.566261 0.433739
1.000000
0.268838 0.731162
0.831558 0.168442
1.000000
1.000000
1.000000
1.000000
1.000000
0.450559 0.549441
0.963945 0.036055
0.089024 0.910976
0.969618 0.030382
1.000000
0.691123 0.308877
1.000000
1.000000
1.000000
0.677970 0.322030
1.000000
0.725710 0.274290
1.000000
0.383555 0.616445
0.575048 0.424952
0.702142 0.297858
1.000000
0.976639 0.023361
1.000000
1.000000
0.000011 0.999989
1.000000
0.738010 0.261990
1.000000
1.000000
0.221753 0.778247
0.760057 0.239943
1.000000
1.000000
0.076802 0.923198
1.000000
0.036713 0.963287
1.000000
1.000000
0.634851 0.365149
0.193029 0.806971
0.991877 0.008123
0.488773 0.511227
0.000683 0.999317
1.000000
0.230318 0.769682
1.000000
1.000000
0.154535 0.845465
0.787712 0.212288
0.310285 0.689715
0.471041 0.528959
0.620107 0.379893
1.000000
1.000000
1.000000
0.112042 0.887958
1.000000
1.000000
0.162077 0.837923
1.000000
0.159592 0.840408
1.000000
0.945910 0.054090
0.880144 0.119856
1.000000
1.000000
0.395506 0.604494
0.972299 0.027701
0.731963 0.268037
0.065447 0.934553
1.000000
1.000000
0.280708 0.719292
0.619735 0.380265
0.932125 0.067875
1.000000
0.518746 0.481254
1.000000
0.475318 0.524682
0.203062 0.796938
1.000000
1.000000
1.000000
0.239315 0.760685
1.000000
0.707908 0.292092
1.000000
0.004151 0.289578 0.706271
1.000000
1.000000
1.000000
1.000000
0.553991 0.446009
1.000000
1.000000
1.000000
1.000000
0.994422 0.005578
0.838124 0.161876
1.000000
1.000000
1.000000
1.000000
1.000000
0.844447 0.155553
0.661412 0.338588
1.000000
0.894652 0.105348
0.955646 0.044354
1.000000
0.245612 0.342636 0.411752
0.512129 0.487871
1.000000
0.817445 0.182555
0.774953 0.225047
1.000000
0.536518 0.463482
0.913189 0.086811
0.903352 0.096648
0.986360 0.013640
1.000000
0.003107 0.996893
1.000000
0.218652 0.781348
1.000000
1.000000
1.000000
1.000000
0.291758 0.708242
0.455515 0.544485
1.000000
0.555268 0.444732
1.000000
1.000000
0.195923 0.804077
1.000000
0.883165 0.116835
0.417325 0.582675
1.000000
1.000000
0.461805 0.176384 0.361811
1.000000
1.000000
0.975863 0.024137
1.000000
1.000000
0.934693 0.065307
0.127925 0.872075
0.857587 0.142413
0.868152 0.131848
0.536739 0.463261
0.168121 0.831879
0.269625 0.468044 0.262331
1.000000
0.010860 0.989140
1.000000
1.000000
0.128369 0.174858 0.696773
1.000000
1.000000
0.996544 0.003456
1.000000
1.000000
0.606747 0.393253
1.000000
0.502267 0.497733
0.804277 0.195723
1.000000
1.000000
0.509116 0.490884
1.000000
1.000000
0.216740 0.472878 0.310381
0.701314 0.298686
1.000000
1.000000
1.000000
0.312251 0.687749
0.061007 0.938993
0.131258 0.480619 0.388123
0.986480 0.013520
0.090718 0.219534 0.689748
1.000000
0.358336 0.641664
0.390942 0.609058
0.749013 0.250987
0.303868 0.696132
0.715267 0.284733
1.000000
0.488287 0.511713
0.274353 0.725647
1.000000
0.195315 0.804685
1.000000
0.326201 0.673799
0.328946 0.518698 0.152356
1.000000
1.000000
1.000000
1.000000
1.000000
1.000000
0.154142 0.845858
1.000000
1.000000
1.000000
0.178675 0.821325
0.982045 0.017955
1.000000
0.366711 0.633289
1.000000
1.000000
0.178218 0.821782
0.046346 0.807710 0.145944
1.000000
0.452024 0.313232 0.234744
1.000000
1.000000
1.000000
0.491668 0.508332
1.000000
1.000000
0.850413 0.149587
1.000000
1.000000
1.000000
0.886144 0.113856
0.287569 0.712431
1.000000
1.000000
0.936637 0.063363
0.988576 0.011424
1.000000
0.190601 0.809399
0.585189 0.414811
0.930995 0.069005
0.153649 0.846351
1.000000
1.000000
0.273651 0.726349
0.779798 0.220202
0.457084 0.542916
0.086351 0.160830 0.344458 0.408361
0.330506 0.669494
1.000000
1.000000
1.000000
1.000000
0.456889 0.543111
1.000000
1.000000
1.000000
1.000000
0.993797 0.006203
0.332717 0.667283
0.506259 0.493741
0.995331 0.004669
0.015017 0.984983
1.000000
0.186464 0.813536
1.000000
1.000000
1.000000
1.000000
1.000000
1.000000
1.000000
1.000000
0.864783 0.135217
1.000000
0.494588 0.505412
0.198488 0.801512
1.000000
1.000000
0.856017 0.143983
0.365220 0.634780
0.165243 0.556884 0.277872
0.126361 0.873639
0.784672 0.215328
1.000000
1.000000
0.168819 0.385342 0.445838
0.241420 0.758580
1.000000
0.977585 0.022415
1.000000
0.751079 0.248921
1.000000
1.000000
1.000000
1.000000
0.564344 0.435656
1.000000
0.815074 0.184926
1.000000
0.686822 0.313178
1.000000
0.000001 0.000698 0.063200 0.936101
1.000000
0.083022 0.916978
1.000000
1.000000
0.890628 0.106591 0.002781
1.000000
1.000000
1.000000
0.983368 0.016632
0.749946 0.250054
1.000000
0.328023 0.671977
0.121643 0.533368 0.344989
1.000000
1.000000
1.000000
1.000000
0.528846 0.367026 0.104128
1.000000
1.000000
1.000000
1.000000
1.000000
1.000000
1.000000
0.827970 0.172030
0.605503 0.394497
0.418610 0.581390
0.249598 0.750402
0.048984 0.951016
0.364946 0.635054
0.998528 0.001472
0.597982 0.402018
1.000000
0.077160 0.922840
1.000000
0.021937 0.978063
1.000000
1.000000
0.057372 0.942628
0.664224 0.308973 0.026803
1.000000
1.000000
1.000000
0.331374 0.668626
0.004660 0.995340
1.000000
1.000000
0.057171 0.942829
1.000000
1.000000
1.000000
1.000000
0.000158 0.999842
1.000000
0.316520 0.223718 0.459762
0.952673 0.047327
1.000000
1.000000
1.000000
1.000000
1.000000
0.209035 0.547362 0.243603
1.000000
1.000000
1.000000
0.257343 0.742657
0.010516 0.989484
1.000000
1.000000
0.264258 0.735742
1.000000
0.934026 0.065974
0.916316 0.083684
1.000000
0.021607 0.978393
1.000000
1.000000
0.979702 0.020298
0.857139 0.142861
0.352745 0.647255
0.177591 0.822409
1.000000
1.000000
0.996533 0.003467
1.000000
1.000000
0.052453 0.947547
1.000000
1.000000
0.441567 0.558433
1.000000
1.000000
1.000000
0.736230 0.263770
1.000000
0.775022 0.224978
1.000000
0.919571 0.080429
0.928674 0.071326
0.036605 0.963395
0.871806 0.128194
1.000000
0.020323 0.519469 0.460208
1.000000
1.000000
1.000000
0.128228 0.871772
1.000000
0.202608 0.797392
0.975550 0.024450
0.009341 0.990659
1.000000
1.000000
0.995321 0.004679
1.000000
0.271900 0.728100
1.000000
1.000000
0.981817 0.018183
0.419631 0.580369
0.532058 0.467942
1.000000
0.418647 0.581353
1.000000
0.000012 0.004590 0.157905 0.837492
1.000000
1.000000
0.993915 0.006085
0.000595 0.999405
0.194634 0.805366
0.000006 0.019753 0.980241
1.000000
1.000000
0.309836 0.690164
1.000000
1.000000
0.510722 0.489278
1.000000
0.284294 0.655574 0.060132
1.000000
0.027971 0.972029
0.491560 0.414524 0.093917
0.006158 0.993842
1.000000
1.000000
0.823000 0.177000
0.139305 0.137176 0.094937 0.628582
0.220802 0.779198
0.576096 0.423904
1.000000
0.656856 0.343144
0.943101 0.056899
1.000000
1.000000
1.000000
0.423814 0.576186
1.000000
1.000000
1.000000
0.796213 0.203787
1.000000
0.001530 0.194213 0.804257
1.000000
1.000000
1.000000
1.000000
1.000000
0.194347 0.717954 0.087698
0.139322 0.860678
1.000000
1.000000
1.000000
0.729934 0.270066
1.000000
0.987694 0.012306
0.000002 0.999998
0.256305 0.743695
0.307012 0.692988
1.000000
0.438409 0.467745 0.093846
1.000000
1.000000
1.000000
0.666197 0.333803
1.000000
1.000000
1.000000
0.432216 0.567784
1.000000
0.106472 0.893528
0.002398 0.997602
1.000000
0.467955 0.152801 0.379244
1.000000
0.706102 0.293898
0.563246 0.436754
0.237889 0.762111
1.000000
0.812863 0.187137
1.000000
1.000000
1.000000
1.000000
1.000000
0.018499 0.515687 0.465814
0.320875 0.679125
1.000000
0.872055 0.127945
1.000000
0.224716 0.775284
0.967828 0.032172
1.000000
1.000000
1.000000
1.000000
1.000000
0.969996 0.030004
1.000000
1.000000
0.808810 0.191190
1.000000
1.000000
0.995722 0.004278
1.000000
0.516335 0.483665
1.000000
0.510071 0.489929
0.941494 0.058506
1.000000
1.000000
1.000000
1.000000
1.000000
1.000000
1.000000
0.339853 0.660147
0.299791 0.700209
0.959562 0.040438
1.000000
0.120581 0.879419
1.000000
1.000000
1.000000
0.916018 0.083982
0.452249 0.547751
1.000000
1.000000
1.000000
0.658085 0.310585 0.031330
1.000000
1.000000
0.884834 0.115166
0.305506 0.694494
0.026690 0.973310
1.000000
0.924199 0.075801
1.000000
1.000000
1.000000
0.777973 0.222027
0.126743 0.873257
0.985261 0.014739
1.000000
0.608247 0.391753
0.321311 0.678689
1.000000
0.385974 0.614026
1.000000
1.000000
0.305781 0.694219
1.000000
0.983812 0.016188
0.687431 0.312569
1.000000
0.641972 0.358028
0.070335 0.929665
0.492738 0.507262
0.311752 0.688248
1.000000
0.328012 0.557629 0.114360
1.000000
0.101419 0.898581
0.186593 0.717972 0.095435
1.000000
0.655919 0.344081
0.255718 0.744282
1.000000
1.000000
0.664982 0.291911 0.043108
0.926926 0.073074
0.771690 0.228310
0.871535 0.123277 0.005188
1.000000
0.227452 0.538967 0.233581
1.000000
0.971145 0.028855
1.000000
1.000000
1.000000
1.000000
1.000000
0.483609 0.516391
1.000000
0.924572 0.075428
0.981653 0.018347
1.000000
1.000000
0.635303 0.364697
0.888923 0.111077
0.243490 0.756510
1.000000
0.002456 0.997544
0.739264 0.260736
0.003767 0.996233
0.972752 0.027248
0.079973 0.293032 0.626995
1.000000
1.000000
0.617561 0.382439
1.000000
0.446446 0.553554
1.000000
0.838169 0.161831
0.200607 0.799393
1.000000
0.123807 0.876193
1.000000
0.179799 0.820201
1.000000
0.478502 0.521498
1.000000
0.747994 0.252006
0.671329 0.328671
1.000000
1.000000
1.000000
0.266374 0.733626
1.000000
1.000000
1.000000
0.231483 0.768517
1.000000
1.000000
0.122214 0.877786
0.408410 0.591590
1.000000
1.000000
0.917144 0.082856
1.000000
1.000000
1.000000
1.000000
1.000000
1.000000
0.593635 0.406365
0.005013 0.994987
1.000000
0.775446 0.224554
1.000000
0.455017 0.544983
1.000000
1.000000
1.000000
0.430729 0.569271
1.000000
1.000000
0.000890 0.999110
0.803222 0.196778
1.000000
1.000000
1.000000
1.000000
1.000000
0.096953 0.903047
0.909499 0.090501
1.000000
1.000000
0.996909 0.003091
1.000000
1.000000
1.000000
0.996758 0.003242
0.135133 0.864867
1.000000
1.000000
0.905976 0.094024
0.632091 0.367909
1.000000
1.000000
1.000000
1.000000
0.297401 0.702599
0.148667 0.851333
0.499653 0.500347
0.875692 0.124308
1.000000
0.782412 0.217588
1.000000
1.000000
1.000000
0.387718 0.612282
0.254839 0.745161
0.550208 0.449792
1.000000
0.276486 0.723514
1.000000
0.440101 0.559899
1.000000
1.000000
1.000000
0.292976 0.707024
1.000000
0.033289 0.966711
1.000000
1.000000
0.087264 0.912736
1.000000
0.023604 0.343523 0.632873
1.000000
1.000000
0.632646 0.367354
1.000000
1.000000
1.000000
0.006738 0.993262
1.000000
1.000000
0.755617 0.244383
1.000000
0.599001 0.400999
1.000000
0.112326 0.132340 0.351367 0.403966
0.245727 0.754273
0.854268 0.145732
1.000000
0.189515 0.208605 0.601880
0.169000 0.416778 0.414222
0.762778 0.237222
1.000000
1.000000
0.316791 0.683209
0.618967 0.322488 0.058545
0.589253 0.410747
1.000000
0.083480 0.916520
1.000000
0.541509 0.458491
0.425600 0.574400
1.000000
1.000000
1.000000
0.719570 0.280430
1.000000
0.003819 0.996181
0.105662 0.894338
1.000000
1.000000
0.332674 0.667326
1.000000
1.000000
0.132939 0.407493 0.459568
0.319588 0.680412
0.956752 0.042825 0.000423
0.657561 0.342439
0.260713 0.739287
1.000000
0.105212 0.894788
0.822837 0.177163
1.000000
0.076744 0.923256
0.185620 0.814380
1.000000
1.000000
1.000000
1.000000
0.244410 0.755590
0.243599 0.603922 0.152479
0.042151 0.957849
1.000000
0.774783 0.225217
1.000000
1.000000
1.000000
0.296758 0.703242
1.000000
1.000000
1.000000
0.226257 0.626453 0.147289
1.000000
0.783299 0.216701
0.619192 0.380808
0.144597 0.334825 0.520578
0.992089 0.007911
1.000000
0.130078 0.869922
1.000000
0.115338 0.884662
0.845711 0.145962 0.008327
1.000000
0.666667 0.333333
1.000000
0.372327 0.627673
1.000000
0.982818 0.017182
0.945222 0.054778
0.691719 0.308281
0.001007 0.337581 0.661412
0.607850 0.392150
1.000000
1.000000
1.000000
1.000000
0.463654 0.429242 0.107104
1.000000
1.000000
1.000000
0.894587 0.105413
1.000000
0.937527 0.060685 0.001788
0.116898 0.883102
1.000000
1.000000
0.022754 0.977246
1.000000
0.996323 0.003677
0.692272 0.307728
1.000000
0.532465 0.173652 0.293883
1.000000
0.896923 0.103077
1.000000
0.151475 0.848525
1.000000
0.119364 0.880636
0.167255 0.832745
0.622289 0.377711
0.820670 0.179330
1.000000
1.000000
0.288465 0.711535
0.926944 0.073056
1.000000
0.955866 0.044134
1.000000
1.000000
0.804582 0.195418
0.744535 0.255465
1.000000
0.914818 0.085182
0.299342 0.700658
0.192930 0.807070
0.249350 0.750650
0.506941 0.493059
0.638111 0.361889
0.858968 0.141032
0.546526 0.453474
1.000000
1.000000
0.491943 0.508057
1.000000
1.000000
1.000000
0.570062 0.429938
0.299790 0.473950 0.226261
1.000000
1.000000
1.000000
0.980052 0.019948
1.000000
1.000000
0.002650 0.997350
0.135892 0.864108
0.479442 0.421102 0.099456
0.846794 0.153206
1.000000
0.494018 0.505982
1.000000
1.000000
0.723522 0.276478
1.000000
1.000000
1.000000
0.253015 0.544443 0.202542
0.478641 0.521359
1.000000
1.000000
1.000000
0.386257 0.277436 0.080677 0.255630
1.000000
1.000000
0.756649 0.243351
1.000000
1.000000
0.319741 0.680259
1.000000
1.000000
1.000000
1.000000
0.565126 0.434874
1.000000
1.000000
1.000000
1.000000
0.454833 0.545167
0.138606 0.454117 0.407277
1.000000
1.000000
0.706997 0.293003
0.005282 0.994718
1.000000
0.109354 0.208496 0.682150
1.000000
0.427245 0.572755
1.000000
1.000000
1.000000
1.000000
0.480088 0.155648 0.364264
1.000000
0.929624 0.070376
1.000000
1.000000
0.271777 0.728223
1.000000
0.967352 0.032648
1.000000
1.000000
0.723644 0.276356
0.679949 0.320051
1.000000
1.000000
1.000000
1.000000
0.694736 0.099039 0.206225
1.000000
0.695743 0.304257
1.000000
1.000000
1.000000
0.325556 0.674444
1.000000
1.000000
0.604771 0.326728 0.061925 0.006575
1.000000
1.000000
0.283884 0.716116
1.000000
0.252148 0.747852
1.000000
1.000000
0.869117 0.130883
1.000000
0.266648 0.733352
1.000000
0.598236 0.401764
0.364355 0.635645
1.000000
1.000000
1.000000
0.000079 0.034629 0.965292
0.814541 0.185459
0.001305 0.998695
1.000000
1.000000
0.526942 0.473058
0.118209 0.881791
0.788442 0.211558
1.000000
0.668421 0.331579
1.000000
0.213267 0.786733
0.913196 0.086804
1.000000
0.009171 0.990829
1.000000
1.000000
1.000000
0.130209 0.869791
0.843349 0.150936 0.005715
1.000000
1.000000
0.749202 0.250798
0.655522 0.344478
1.000000
1.000000
0.476324 0.523676
1.000000
1.000000
0.184388 0.815612
0.848970 0.151030
1.000000
1.000000
1.000000
1.000000
0.215342 0.784658
1.000000
0.818115 0.166433 0.015451
1.000000
1.000000
0.481560 0.518440
1.000000
1.000000
1.000000
1.000000
0.839331 0.160669
1.000000
1.000000
0.434312 0.565688
1.000000
0.812397 0.187603
0.573628 0.426372
1.000000
1.000000
1.000000
1.000000
0.098618 0.901382
0.361536 0.638464
1.000000
1.000000
0.714836 0.285164
1.000000
0.719910 0.280090
0.000068 0.999932
0.955036 0.044964
1.000000
0.845765 0.154235
1.000000
1.000000
0.063574 0.936426
1.000000
0.154621 0.276168 0.569210
1.000000
1.000000
0.606439 0.393561
1.000000
1.000000
0.151261 0.848739
0.000196 0.999804
0.401040 0.598960
0.900537 0.099463
1.000000
0.443613 0.556387
0.459059 0.540941
0.303066 0.696934
0.015478 0.984522
1.000000
1.000000
0.937611 0.062389
0.111001 0.331324 0.557675
0.271823 0.728177
1.000000
1.000000
0.684732 0.315268
0.174422 0.825578
0.401731 0.598269
1.000000
0.150748 0.849252
1.000000
1.000000
1.000000
1.000000
0.309268 0.626780 0.063953
0.301646 0.698354
1.000000
0.979828 0.020172
0.505649 0.494351
0.404142 0.595858
0.752364 0.247636
1.000000
1.000000
0.461135 0.538865
0.752785 0.247215
0.567723 0.432277
1.000000
1.000000
0.989257 0.010743
1.000000
1.000000
1.000000
0.020463 0.979537
0.387132 0.323857 0.289011
0.663772 0.336228
0.087324 0.701315 0.211361
0.914589 0.085411
1.000000
1.000000
0.588196 0.411804
1.000000
0.289735 0.710265
0.002553 0.230706 0.766742
0.630511 0.369489
1.000000
0.841589 0.158411
0.592945 0.407055
0.837654 0.162346
1.000000
1.000000
0.000232 0.999768
0.875997 0.124003
1.000000
0.863431 0.136569
1.000000
0.774592 0.225408
1.000000
0.691478 0.308522
1.000000
1.000000
0.802630 0.197370
0.614082 0.337735 0.048183
1.000000
1.000000
1.000000
0.948938 0.051062
0.096106 0.837548 0.066346
1.000000
0.000073 0.999927
1.000000
0.255469 0.744531
1.000000
1.000000
0.034998 0.965002
1.000000
1.000000
0.784366 0.215634
1.000000
0.412546 0.513971 0.073483
1.000000
0.099086 0.900914
0.988721 0.011279
0.483066 0.516934
1.000000
1.000000
1.000000
0.713957 0.286043
0.510130 0.489870
0.509892 0.490108
0.864948 0.135052
1.000000
1.000000
0.777357 0.222643
0.350298 0.649702
1.000000
0.841290 0.158710
0.022751 0.977249
0.313529 0.351977 0.227105 0.107389
1.000000
0.559268 0.440732
0.376332 0.623668
1.000000
1.000000
0.055300 0.944700
0.014331 0.985669
0.971768 0.028232
1.000000
1.000000
0.592362 0.407638
0.165056 0.834944
1.000000
1.000000
0.743457 0.256543
0.984875 0.015125
1.000000
0.996073 0.003927
1.000000
0.007490 0.377875 0.614635
1.000000
0.928983 0.071017
1.000000
1.000000
0.938544 0.061456
1.000000
1.000000
1.000000
0.115779 0.299079 0.585143
1.000000
1.000000
1.000000
1.000000
1.000000
0.671554 0.328446
0.780232 0.219768
1.000000
1.000000
1.000000
0.000004 0.022056 0.977941
0.159055 0.840945
1.000000
0.002417 0.997583
1.000000
0.834957 0.165043
1.000000
1.000000
1.000000
0.857820 0.142180
0.110861 0.210569 0.678571
0.217062 0.782938
0.644539 0.355461
1.000000
0.728970 0.271030
0.636510 0.363490
0.361569 0.638431
1.000000
1.000000
1.000000
0.277655 0.722345
1.000000
1.000000
1.000000
0.303075 0.696925
0.294791 0.705209
1.000000
1.000000
1.000000
1.000000
0.713873 0.286127
0.354053 0.645947
0.922186 0.077814
1.000000
1.000000
1.000000
0.166862 0.200607 0.632531
1.000000
1.000000
1.000000
1.000000
1.000000
1.000000
1.000000
1.000000
0.918828 0.081172
0.840456 0.159544
1.000000
1.000000
1.000000
1.000000
0.418605 0.581395
1.000000
1.000000
1.000000
0.142483 0.389852 0.467666
1.000000
