2000 3
1 1 1 2 2 1 2 3 3 3 1 2 1 1 2 4 2 1 2 1 1 1 1 2 1 1 1 2 2 2 2 1 1 1 2 1 1 3 1 3 1 2 1 3 1 2 1 2 2 3 1 1 1 2 1 1 3 2 2 2 1 1 1 3 1 1 1 1 4 2 2 2 1 1 2 1 1 1 2 2 2 1 2 1 1 1 2 1 2 2 2 1 1 1 1 1 1 1 1 3 1 2 2 2 1 2 1 2 2 1 1 1 2 2 2 1 1 2 1 1 1 2 2 2 1 1 2 2 1 1 1 3 3 1 1 1 1 1 1 2 3 1 1 2 2 1 3 2 1 1 1 1 2 1 1 2 1 2 1 1 2 1 2 1 2 1 1 1 1 2 1 1 1 2 2 1 2 1 3 1 1 1 1 2 1 2 2 2 2 1 1 2 2 1 1 1 1 1 1 2 1 1 2 2 2 2 2 1 2 1 2 2 1 3 3 2 2 1 2 2 1 1 2 1 2 2 2 2 1 1 2 2 1 2 2 1 1 2 2 1 2 1 1 4 1 2 1 2 2 2 2 2 1 2 1 4 1 2 1 1 2 1 2 2 1 2 1 1 1 1 1 1 2 1 2 2 3 1 3 2 1 1 2 2 1 2 2 1 1 1 1 1 1 1 2 2 1 2 1 2 1 1 1 1 2 1 2 1 1 1 1 2 1 2 2 1 1 2 2 2 3 2 1 2 2 1 2 2 5 1 2 1 1 1 2 1 2 2 1 1 1 2 1 2 3 2 1 2 1 1 1 2 1 2 2 1 1 1 1 1 1 3 1 1 2 2 1 1 1 1 1 1 2 1 1 1 3 3 1 1 1 2 1 2 1 1 1 1 1 2 2 1 2 2 1 2 2 2 1 1 1 1 1 2 1 2 2 2 1 2 2 2 1 2 1 2 2 1 2 2 1 1 1 2 1 1 1 1 2 1 2 2 1 2 2 2 1 2 2 2 2 1 1 1 1 2 1 1 1 2 2 4 2 1 2 2 1 1 1 2 2 2 2 1 1 1 1 1 1 2 2 1 1 2 1 1 2 1 2 1 2 3 1 1 1 2 2 2 2 1 1 1 1 2 2 3 2 2 1 4 2 1 2 2 1 2 2 2 1 2 2 1 2 1 1 2 2 1 3 1 1 1 1 3 1 2 1 2 1 2 1 1 1 2 1 2 1 1 2 1 2 2 1 1 2 1 1 1 1 1 1 1 1 2 1 2 1 1 1 1 1 1 3 1 1 3 2 2 2 2 2 1 1 1 1 1 2 1 1 1 1 1 1 1 2 1 2 1 1 1 1 2 2 1 2 1 1 1 1 2 1 2 1 1 2 1 1 3 2 2 2 1 1 3 2 2 2 1 2 1 1 1 1 3 2 3 1 2 1 1 1 2 1 2 2 1 1 3 2 2 1 2 1 1 2 1 1 1 2 3 2 1 1 2 2 1 1 1 1 1 1 2 2 2 1 2 2 1 2 1 1 2 1 1 1 2 1 1 3 2 1 1 1 2 1 3 1 2 1 1 1 1 1 1 2 3 2 2 1 1 1 1 2 2 2 2 2 2 1 2 2 2 2 1 1 2 1 1 1 1 1 1 2 1 1 1 1 2 2 2 2 2 1 1 2 2 1 1 2 1 1 1 2 1 2 2 1 1 3 1 1 2 2 1 2 2 1 2 2 1 1 1 1 1 2 2 2 2 1 2 1 1 1 2 1 2 1 2 2 2 1 2 1 1 2 1 2 1 1 2 2 1 1 2 1 2 1 1 2 2 2 2 2 1 2 1 1 2 2 2 2 2 1 1 1 2 1 1 2 1 2 1 2 2 1 1 2 2 2 2 1 1 2 2 2 1 2 1 2 2 1 1 1 2 1 2 1 3 1 1 1 1 2 1 1 1 1 2 2 1 1 1 1 1 2 2 1 2 2 1 3 2 1 2 2 1 2 2 2 2 1 2 1 2 1 1 1 1 2 2 1 2 1 1 2 1 2 2 1 1 3 1 1 2 1 1 2 2 2 2 2 2 3 1 2 1 1 3 1 1 2 1 1 2 1 2 2 1 1 2 1 1 3 2 1 1 1 2 2 3 2 3 1 2 2 2 2 2 1 2 2 1 2 1 2 3 1 1 1 1 1 1 2 1 1 1 2 2 1 2 1 1 2 3 1 3 1 1 1 2 1 1 2 1 1 1 2 2 1 1 2 2 1 2 2 2 2 1 1 2 2 2 4 2 1 1 1 1 2 1 1 1 1 2 2 2 2 2 1 2 1 1 1 1 1 1 1 1 2 1 2 2 1 1 2 2 3 2 2 1 1 3 2 1 2 1 2 1 1 1 1 2 1 2 1 2 1 4 1 2 1 1 3 1 1 1 2 2 1 2 3 1 1 1 1 3 1 1 1 1 1 1 1 2 2 2 2 2 2 2 2 1 2 1 2 1 1 2 3 1 1 1 2 2 1 1 2 1 1 1 1 2 1 3 2 1 1 1 1 1 3 1 1 1 2 2 1 1 2 1 2 2 1 2 1 1 2 2 2 2 1 1 2 1 1 2 1 1 2 1 1 1 2 1 2 1 2 2 2 2 1 3 1 1 1 2 1 2 2 2 1 1 2 1 2 1 1 2 2 2 1 2 1 4 1 1 2 2 2 3 1 1 2 1 1 2 1 3 1 2 3 2 1 1 2 4 2 2 1 2 2 1 1 1 2 1 1 1 2 1 3 1 1 1 1 1 3 2 1 1 1 2 1 2 2 2 2 1 3 1 1 1 2 1 1 1 2 1 2 2 1 3 1 2 2 2 1 2 1 1 1 1 1 3 2 1 2 1 2 2 1 1 1 1 1 2 1 1 2 1 1 2 1 2 1 2 2 1 1 1 1 1 1 1 2 2 2 1 2 1 1 1 2 2 1 1 1 3 1 1 2 2 2 1 2 1 1 1 2 2 2 1 2 2 1 2 1 1 2 1 2 2 1 2 2 2 2 1 3 1 2 3 1 2 2 1 1 3 2 2 3 1 3 1 2 1 1 1 1 1 2 1 2 2 1 1 2 2 2 1 2 2 2 2 3 1 1 2 1 2 1 2 2 1 2 1 2 1 2 1 2 2 1 1 1 2 1 1 1 2 1 1 2 2 1 1 2 1 1 1 1 1 1 2 2 1 2 1 2 1 1 1 2 1 1 2 2 1 1 1 1 1 2 2 1 1 2 1 1 1 2 2 1 1 2 2 1 1 1 1 2 2 2 2 1 2 1 1 1 2 2 2 1 2 1 2 1 1 1 2 1 2 1 1 2 1 3 1 1 2 1 1 1 2 1 1 2 1 2 1 4 2 2 1 3 3 2 1 1 2 3 2 1 2 1 2 2 1 1 1 2 1 2 2 1 1 2 1 1 3 2 3 2 2 1 2 2 1 2 2 1 1 1 1 2 3 2 1 2 1 1 1 2 1 1 1 3 1 2 2 3 2 1 2 1 2 3 1 2 1 2 1 2 2 2 3 2 1 1 1 1 3 1 1 1 2 1 3 2 1 1 2 1 2 2 1 3 1 2 1 2 1 2 2 2 2 1 1 2 2 1 2 1 1 2 2 1 2 2 2 2 2 2 2 2 1 1 2 1 1 1 2 3 1 1 1 2 1 1 2 2 3 2 1 2 1 1 2 1 1 1 3 2 1 1 1 4 1 1 2 1 1 2 1 1 1 1 2 1 1 1 1 2 3 1 1 2 2 1 3 1 2 1 1 1 1 3 1 2 1 1 2 1 2 1 1 2 2 1 1 1 1 3 1 2 1 1 1 2 1 1 4 1 1 2 1 2 1 1 2 1 2 1 2 2 1 1 1 3 2 2 1 1 2 2 2 1 2 1 2 2 1 2 1 1 1 2 3 1 1 2 2 1 1 2 1 1 2 2 1 1 1 1 2 1 3 1 1 2 1 1 1 1 2 1 1 2 1 2 2 1 1 1 1 2 2 1 1 2 1 2 2 2 1 2 1 1 2 1 3 1 1 2 1 1 2 2 2 2 1 2 2 2 2 1 1 2 3 2 1 1 2 2 2 1 2 1 1 1 1 3 2 1 2 2 2 2 1 1 2 2 2 1 1 2 1 1 1 2 3 2 3 2 1 1 2 1 2 3 2 1 2 2 2 1 1 2 2 1 2 1 2 1 2 1 1 2 3 1 1 1 2 3 1 2 1 2 1 1 2 1 1 2 1 3 1 2 2 2 1 1 1 2 2 2 2 1 1 2 2 1 2 2 4 1 2 2 1 1 2 2 2 1 1 2 2 1 1 2 2 1 2 1 3 1 2 1 1 2 1 1 1 3 1 1 1 1 1 2 2 1 1 1 3 2 1 2 1 2 1 1 1 2 3 2 2 1 2 2 2 1 1 1 2 1 1 1 2 2 1 1 1 1 2 2 2 1 1 1 3 1 1 1 1 1 1 1 1 2 2 1 1 1 1 2 1 1 1 3 1
0.140655
0.000151
0.859194
0.000011
0.999557
0.000432
0.000017
0.996204
0.003779
0.012044 0.000001
0.094243 0.843670
0.049797 0.000245
0.286675 0.000106
0.011004 0.362084
0.334396 0.005735
0.259834
0.000004
0.740162
0.000409 0.000000
0.890858 0.067845
0.040888 0.000001
0.154196 0.006683 0.000011
0.009736 0.158019 0.498846
0.136202 0.035420 0.000886
0.001695 0.000000 0.000000
0.856377 0.089212 0.003596
0.049080 0.000041 0.000000
0.209023 0.025893 0.000073
0.002537 0.088545 0.557490
0.069249 0.045099 0.002089
0.868434
0.000000
0.131566
0.000514 0.000000
0.901596 0.095532
0.002358 0.000001
0.225601
0.000001
0.774398
0.516460
0.000014
0.483527
0.000688 0.000000
0.575973 0.415445
0.007891 0.000003
0.000034 0.026580 0.258554 0.036877
0.000000 0.000000 0.000000 0.000000
0.000010 0.006307 0.187286 0.484351
0.004020 0.000000
0.410035 0.575989
0.009951 0.000005
0.000000
0.999977
0.000023
0.027889 0.000005
0.042773 0.818224
0.110051 0.001058
0.943428
0.000000
0.056572
0.000000
0.999953
0.000047
0.387120
0.000027
0.612852
0.000982
0.978400
0.020618
0.000071 0.000000
0.900407 0.093593
0.005929 0.000000
0.352813
0.007998
0.639190
0.000166
0.998157
0.001677
0.412136
0.000031
0.587833
0.000013 0.000000
0.995884 0.003856
0.000246 0.000000
0.000145 0.000000
0.859952 0.136561
0.003342 0.000000
0.094074 0.000004
0.080258 0.646399
0.178676 0.000589
0.214135 0.077384
0.000097 0.014388
0.220027 0.473969
0.000815
0.969608
0.029577
0.000884
0.993907
0.005209
0.000000
1.000000
0.000000
0.049491 0.000032
0.023823 0.779253
0.143883 0.003517
0.000145
0.993433
0.006421
0.000218
0.998208
0.001574
0.058817 0.000507 0.000000
0.009273 0.158373 0.398204
0.341371 0.033286 0.000168
0.419447
0.000348
0.580205
0.064081 0.550730 0.048099
0.000000 0.000001 0.000112
0.008420 0.174635 0.153922
0.117890
0.000000
0.882110
0.011723 0.000000
0.239092 0.636404
0.112667 0.000114
0.126653
0.000126
0.873221
0.003477 0.149346 0.304441
0.000000 0.000000 0.000000
0.001774 0.086602 0.454360
0.775282
0.000001
0.224718
0.087124 0.000138
0.013246 0.286360
0.590154 0.022977
0.381224
0.000000
0.618776
0.014528 0.000022
0.170230 0.757124
0.056793 0.001304
0.000117 0.000000
0.822305 0.176110
0.001467 0.000000
0.000308 0.000000 0.000000
0.941955 0.054926 0.001253
0.001557 0.000000 0.000000
0.000178
0.994619
0.005203
0.914176
0.000000
0.085824
0.159043
0.030802
0.810155
0.622102 0.005599
0.000076 0.018137
0.294637 0.059448
0.061748
0.000000
0.938252
0.047228
0.007245
0.945527
0.001677 0.000000 0.000000
0.842316 0.139477 0.006653
0.009867 0.000011 0.000000
0.000748 0.829243
-0.000000 -0.000000
0.000028 0.169980
0.000734 0.000000
0.524313 0.467224
0.007727 0.000002
0.138462 0.000232
0.006879 0.501920
0.334607 0.017900
0.105266
0.000001
0.894733
0.657102
0.008578
0.334320
0.000039
0.998930
0.001032
0.060331 0.000437 0.000000
0.039903 0.335812 0.529028
0.032117 0.002359 0.000013
0.598597
0.000000
0.401403
0.840451
0.000000
0.159549
0.007164
0.875132
0.117704
0.331927
0.025030
0.643043
0.177536 0.373929 0.100215 0.005920
0.000090 0.002252 0.017107 0.066506
0.031294 0.115289 0.087016 0.022846
0.000015 0.000000
0.958846 0.040761
0.000378 0.000000
0.621076 0.004257
0.000000 0.000023
0.214786 0.159858
0.002929 0.000000
0.805206 0.172380
0.019484 0.000001
0.287977
0.001175
0.710848
0.000078
0.998879
0.001043
0.030138 0.000005
0.355829 0.543918
0.069801 0.000309
0.751991
0.000406
0.247603
0.000013
0.999655
0.000333
0.000022
0.999543
0.000435
0.000294 0.000000
0.821159 0.175385
0.003158 0.000003
0.005558 0.000000
0.497738 0.487333
0.009353 0.000018
0.009793 0.000002
0.338569 0.636278
0.015282 0.000076
0.661697
0.000000
0.338303
0.300612 0.000284
0.009510 0.364433
0.315041 0.010119
0.000127
0.997361
0.002511
0.000210
0.995370
0.004420
0.000113
0.998738
0.001149
0.004581 0.000000
0.826590 0.151201
0.017628 0.000001
0.538592
0.000000
0.461408
0.072298 0.000099
0.025808 0.690585
0.203619 0.007592
0.000273 0.000000
0.878139 0.117764
0.003824 0.000001
0.047949 0.041313
0.000000 0.000001
0.117110 0.793628
0.000126
0.996306
0.003567
0.000101
0.992717
0.007182
0.000042
0.997639
0.002319
0.397041
0.000000
0.602959
0.000017
0.999597
0.000386
0.937324
0.000000
0.062676
0.000018
0.999662
0.000320
0.000020
0.999583
0.000397
0.013794 0.000056 0.000000
0.024632 0.325884 0.598849
0.034785 0.001995 0.000005
0.820149
0.000000
0.179851
0.000013 0.000000
0.966904 0.030930
0.002154 0.000000
0.103175 0.000585
0.000461 0.035723
0.768571 0.091486
0.608208 0.102386
0.000098 0.007490
0.146028 0.135790
0.000016
0.999214
0.000770
0.002020 0.000000
0.800402 0.191826
0.005748 0.000004
0.052394
0.000000
0.947606
0.471443 0.143667
0.000086 0.014490
0.143259 0.227055
0.003822 0.000000
0.571692 0.418748
0.005736 0.000002
0.000067
0.993570
0.006363
0.362923
0.000021
0.637056
0.459559
0.000467
0.539974
0.001678 0.000000
0.099313 0.879445
0.019563 0.000001
0.000053 0.000000
0.828536 0.170013
0.001397 0.000000
0.241742 0.014578
0.002069 0.157672
0.397618 0.186322
0.531497
0.000000
0.468502
0.000092
0.998895
0.001013
0.116013 0.000001
0.001264 0.471391
0.409883 0.001449
0.000057
0.997383
0.002560
0.000059
0.997132
0.002809
0.000157
0.998222
0.001621
0.789178 0.003717
0.000000 0.000075
0.137077 0.069953
0.002104 0.000000
0.446511 0.532368
0.018996 0.000020
0.074265 0.000127
0.108114 0.737390
0.077779 0.002325
0.138638
0.000083
0.861279
0.911470
0.000000
0.088530
0.027886 0.204901
0.000000 0.000000
0.025017 0.742195
0.290236 0.004324
0.000415 0.092325
0.479687 0.133013
0.000006
0.999836
0.000158
0.786164
0.000000
0.213836
0.000035
0.999520
0.000445
0.032588 0.000013 0.000000
0.571737 0.266170 0.039480
0.089542 0.000469 0.000000
0.000237 0.000000 0.000000
0.879201 0.112696 0.005080
0.002785 0.000001 0.000000
0.625069
0.000000
0.374931
0.432463
0.000216
0.567321
0.039974
0.000005
0.960021
0.000000
1.000000
0.000000
0.136275
0.001653
0.862072
0.000001
0.999856
0.000143
0.002359 0.478013
-0.000000 0.000000
0.000282 0.519346
0.507510 0.028643 0.000007
0.000976 0.038323 0.236223
0.128131 0.059241 0.000947
0.001352
0.980371
0.018277
0.000000
0.999915
0.000085
0.000004 0.000000
0.962826 0.036886
0.000283 0.000000
0.110157 0.054570
0.000000 0.000000
0.039009 0.796263
0.757616
0.000000
0.242384
0.001174 0.151922 0.548445
0.000000 0.000000 0.000000
0.000215 0.027251 0.270994
0.000024 0.000000
0.977332 0.021780
0.000864 0.000000
0.949162
0.000000
0.050838
0.052510
0.004882
0.942608
0.000001
0.999560
0.000439
0.000027
0.999544
0.000429
0.078695 0.000002
0.251925 0.567288
0.101917 0.000172
0.000006
0.999894
0.000100
0.008291
0.950485
0.041224
0.005200 0.000000
0.525960 0.407642
0.061150 0.000047
0.000000
0.999996
0.000004
0.020833 0.088686
0.000000 0.000000
0.038459 0.852022
0.000002
0.998611
0.001387
0.592201
0.000000
0.407799
0.049624 0.000007
0.058034 0.845627
0.046336 0.000371
0.016833
0.828857
0.154310
0.009968 0.000000
0.440846 0.509742
0.039430 0.000014
0.265826
0.000003
0.734171
0.458221 0.003926
0.000486 0.077710
0.389244 0.070413
0.000005
0.999599
0.000395
0.000000
0.999970
0.000030
0.554374
0.000009
0.445616
0.569148
0.000000
0.430852
0.031868 0.276737
0.000000 0.000000
0.008290 0.683105
0.000678
0.988621
0.010701
0.121246
0.174071
0.704683
0.149275
0.000000
0.850725
0.650173 0.000878
0.000000 0.000088
0.281247 0.067615
0.001234 0.000000
0.658518 0.329607
0.010620 0.000020
0.002679
0.974827
0.022494
0.273422 0.000007
0.002882 0.469237
0.252478 0.001974
0.000004
0.999597
0.000398
0.009210 0.305356 0.006283
0.000000 0.000000 0.000000
0.003217 0.335721 0.340212
0.000007
0.990319
0.009673
0.156658
0.010080
0.833263
0.000011
0.999733
0.000256
0.949120
-0.000000
0.050880
0.216300 0.000000
0.004869 0.316316
0.462089 0.000425
0.000863
0.970395
0.028742
0.136632 0.000138
0.053726 0.601916
0.202605 0.004983
0.000025 0.000000
0.974133 0.024824
0.001018 0.000000
0.010379 0.000000
0.281568 0.689792
0.018233 0.000027
0.086458 0.493564
0.000000 0.000001
0.019152 0.400825
0.656507
0.000053
0.343440
0.000001
0.999844
0.000155
0.015172 0.000000
0.594160 0.327374
0.063237 0.000057
0.096789 0.000286
0.000596 0.047288
0.792847 0.062194
0.191641
0.000000
0.808358
0.000033
0.998376
0.001590
0.000000
0.999995
0.000005
0.000147
0.994764
0.005089
0.000352
0.990023
0.009625
0.000000
0.999915
0.000085
0.000174 0.000000
0.848295 0.148411
0.003120 0.000000
0.002347
0.973294
0.024359
0.030494
0.000001
0.969505
0.015765 0.000000
0.220434 0.748892
0.014890 0.000018
0.128139 0.227033
0.000000 0.000000
0.020272 0.624556
0.034883 0.000000
0.006330 0.812961
0.145602 0.000224
0.001181 0.888711
-0.000000 -0.000000
0.000021 0.110087
0.168517 0.030962
0.000000 0.000000
0.069950 0.730571
0.000000
0.999934
0.000066
0.000830 0.850963
0.000000 0.000000
0.000037 0.148170
0.154576
0.000035
0.845389
0.000516 0.000000
0.874247 0.123472
0.001764 0.000000
0.080757 0.448603
0.000000 0.000000
0.016212 0.454427
0.705590
0.000000
0.294410
0.505368 0.170459 0.000845
0.000019 0.002100 0.034459
0.105322 0.167234 0.014195
0.003685 0.000001 0.000000
0.359235 0.473920 0.141771
0.021237 0.000150 0.000000
0.003025 0.000000
0.171281 0.816359
0.009335 0.000000
0.430207 0.044817
0.000000 0.000000
0.072407 0.452569
0.000000
0.999992
0.000008
0.085076 0.078142
0.000004 0.000641
0.193875 0.642261
0.075634 0.449295
0.000000 0.000000
0.015426 0.459645
0.000026
0.996155
0.003819
0.806919
-0.000000
0.193081
0.018847 0.000010
0.223065 0.734603
0.023210 0.000264
0.036172
0.012594
0.951234
0.409762 0.123781
0.000001 0.000323
0.133159 0.332975
0.010629 0.000000
0.204704 0.595069
0.189371 0.000227
0.000581 0.929907
-0.000000 0.000000
0.000033 0.069479
0.205154 0.000005
0.029324 0.446789
0.317543 0.001185
0.000037
0.991711
0.008252
0.000002
0.999804
0.000193
0.000651 0.000000
0.839657 0.156531
0.003160 0.000000
0.000478 0.000000
0.739840 0.256856
0.002825 0.000000
0.000023
0.999505
0.000472
0.000301 0.941172
-0.000000 0.000000
0.000004 0.058523
0.655585 0.000509
0.000010 0.015051
0.294939 0.033906
0.000041
0.999736
0.000223
0.000021
0.998682
0.001297
0.251373 0.069432
0.000020 0.007098
0.214719 0.457359
0.011809 0.000001
0.065901 0.871487
0.050495 0.000307
0.091142
0.002348
0.906510
0.095233 0.000074
0.004615 0.220307
0.660120 0.019652
0.075503
0.000000
0.924497
0.486086
0.000033
0.513882
0.000190 0.022337 0.076912 0.013913
0.000000 0.000000 0.000000 0.000000
0.000320 0.037360 0.351932 0.497036
0.000898
0.935803
0.063299
0.001176 0.000000
0.487200 0.500608
0.011012 0.000004
0.000000
0.999997
0.000003
0.015248 0.123156
0.000000 0.000000
0.027120 0.834475
0.000649 0.000000
0.632952 0.356769
0.009628 0.000001
0.000660 0.807361
-0.000000 -0.000000
0.000023 0.191956
0.025596 0.805432
0.000000 0.000000
0.001614 0.167359
0.152373 0.000082
0.013791 0.369856
0.454503 0.009395
0.971392
-0.000000
0.028608
0.002304 0.000000
0.703705 0.289774
0.004214 0.000003
0.000002
0.999790
0.000208
0.058296 0.000083 0.000000 0.000000
0.333904 0.356178 0.111090 0.017523
0.121106 0.001816 0.000004 0.000000
0.711869
0.000000
0.288131
0.000353 0.000000
0.865473 0.132169
0.002005 0.000000
0.000008
0.999643
0.000350
0.521346
0.002997
0.475658
0.019251 0.100529
0.000000 0.000000
0.035882 0.844338
0.000854
0.985807
0.013338
0.000013 0.000000
0.954109 0.045586
0.000292 0.000000
0.013473 0.000000
0.506079 0.411699
0.068730 0.000019
0.000049
0.998839
0.001112
0.000132 0.000000
0.827057 0.171337
0.001475 0.000000
0.000073
0.997635
0.002293
0.140196
0.000000
0.859803
0.234587
0.002523
0.762890
0.312765
0.000000
0.687235
0.024400
0.773775
0.201825
0.389509
0.000002
0.610489
0.018039 0.000001
0.159092 0.799921
0.022875 0.000072
0.000000
0.999996
0.000004
0.000000 0.000000
0.999168 0.000803
0.000029 0.000000
0.010342 0.000000
0.686589 0.244455
0.058604 0.000010
0.294433 0.197889 0.001109
0.000000 0.000101 0.005089
0.112113 0.348324 0.040942
0.128314
0.433455
0.438232
0.011820 0.000033 0.000000
0.098872 0.444183 0.400081
0.043529 0.001478 0.000004
0.089519 0.016141
0.000000 0.000084
0.307070 0.587185
0.730263
0.000000
0.269737
0.407274
0.002683
0.590043
0.003107 0.000000
0.596905 0.392189
0.007794 0.000005
0.080903 0.000211
0.077443 0.764312
0.074143 0.002988
0.000251
0.971460
0.028289
0.002487 0.000000
0.295476 0.680412
0.021607 0.000017
0.000034 0.000000
0.966167 0.032761
0.001038 0.000000
0.003291
0.978399
0.018310
0.000003
0.995052
0.004944
0.582416
0.002781
0.414803
0.268133
0.121079
0.610788
0.004142
0.977960
0.017898
0.966055
0.000000
0.033945
0.768826
0.000000
0.231174
0.007876 0.000002
0.178189 0.780310
0.033356 0.000266
0.008357 0.000000
0.321409 0.658794
0.011428 0.000012
0.500532
0.000000
0.499468
0.003919 0.000000
0.373090 0.596540
0.026383 0.000068
0.161063
0.000021
0.838915
0.000015 0.955006
-0.000000 0.000000
0.000000 0.044979
0.053888
0.101015
0.845097
0.825915
0.000000
0.174085
0.834397
0.000000
0.165603
0.000008
0.999814
0.000178
0.010261 0.000001
0.113498 0.831643
0.044415 0.000183
0.001672
0.993439
0.004888
0.011423 0.063732
0.000000 0.000000
0.012753 0.912091
0.000031
0.998238
0.001731
0.000140
0.991373
0.008487
0.000000
0.999998
0.000002
0.000001
0.999845
0.000154
0.001229 0.000000
0.778812 0.195240
0.024716 0.000003
0.000002
0.999929
0.000069
0.175704 0.004728
0.000000 0.000311
0.371152 0.448105
0.487611 0.001157
0.001080 0.099724
0.383467 0.026961
0.000015
0.999184
0.000801
0.565704
0.000002
0.434294
0.026209 0.225170
0.000000 0.000005
0.040535 0.708081
0.008316 0.000000
0.862447 0.107574
0.021656 0.000008
0.176372 0.108076
0.000000 0.000119
0.125617 0.589818
0.283358 0.001064 0.000000
0.015397 0.197084 0.348299
0.146861 0.007917 0.000020
0.037218 0.000000
0.297066 0.540322
0.125271 0.000122
0.420955
0.130303
0.448742
0.146456 0.346545
0.000000 0.000000
0.033018 0.473981
0.037364 0.000044
0.045053 0.801741
0.112372 0.003427
0.000002
0.999918
0.000081
0.094653 0.000003
0.000013 0.012976
0.881650 0.010705
0.001911 0.000000
0.803636 0.190310
0.004137 0.000006
0.130414 0.006390 0.000064 0.000000 0.000000
0.095994 0.231756 0.211973 0.112564 0.041402
0.142734 0.025380 0.001298 0.000030 0.000000
0.798324
0.000000
0.201676
0.047380 0.626447
0.000000 0.000000
0.002099 0.324073
0.608705
0.000595
0.390700
0.889786
0.000000
0.110214
0.550510
0.000000
0.449490
0.000103 0.000000
0.917662 0.079696
0.002539 0.000000
0.000000
0.999998
0.000002
0.136325 0.002744
0.002397 0.101779
0.628272 0.128482
0.011740 0.000000
0.392689 0.550527
0.045024 0.000020
0.222537
0.006531
0.770932
0.001504
0.972531
0.025965
0.000000
0.999967
0.000033
0.109426 0.000010
0.000008 0.007934
0.860779 0.021843
0.001193
0.975833
0.022974
0.000129 0.000000
0.540811 0.455537
0.003522 0.000000
0.010910 0.000001 0.000000
0.367988 0.502084 0.105310
0.013660 0.000047 0.000000
0.006307 0.000002
0.336172 0.623940
0.033369 0.000210
0.000001
0.999910
0.000089
0.066038 0.000017
0.078671 0.802217
0.052515 0.000542
0.758819
0.000000
0.241181
0.000016
0.999068
0.000916
0.005533
0.930050
0.064416
0.699150 0.031985
0.000023 0.004643
0.167848 0.096352
0.530850
0.000000
0.469150
0.445441 0.080851
0.000000 0.000045
0.155000 0.318663
0.000070 0.000000
0.927486 0.070234
0.002209 0.000000
0.000000
0.999989
0.000011
0.000000
0.999981
0.000019
0.003032
0.987258
0.009710
0.000059
0.999227
0.000714
0.757293
0.000000
0.242707
0.000079
0.998802
0.001118
0.048741 0.000116 0.000000
0.246088 0.433037 0.196400
0.073843 0.001769 0.000006
0.033991
0.745474
0.220535
0.000000
0.999985
0.000015
0.012299 0.000001
0.245812 0.542505
0.198877 0.000507
0.144682 0.000012
0.045887 0.565652
0.242478 0.001290
0.000313
0.997656
0.002030
0.000000
0.999999
0.000001
0.009731
0.890816
0.099454
0.000203
0.998233
0.001564
0.000004
0.999863
0.000133
0.000273
0.996892
0.002835
0.000145 0.000000
0.856332 0.140776
0.002746 0.000000
0.084635
0.000000
0.915365
0.602023
0.000000
0.397977
0.000037
0.998579
0.001384
0.600659 0.053884 0.000004
0.000002 0.001099 0.040714
0.147349 0.154362 0.001927
0.070894 0.493098 0.027675
0.000000 0.000000 0.000079
0.012581 0.234114 0.161559
0.483711
0.000416
0.515873
0.115306
0.000298
0.884396
0.000002
0.999825
0.000173
0.000982 0.000000
0.643382 0.345653
0.009974 0.000009
0.000003
0.999739
0.000258
0.375820 0.003007
0.000000 0.000011
0.320563 0.300599
0.058301
0.687247
0.254451
0.000007
0.998148
0.001845
0.000000
0.999998
0.000002
0.000001
0.999739
0.000261
0.151162
0.000777
0.848061
0.001382 0.000000
0.130936 0.850064
0.017617 0.000001
0.004879 0.000000
0.732763 0.230674
0.031680 0.000003
0.000000
0.999963
0.000037
0.000114 0.000000
0.908139 0.090242
0.001505 0.000001
0.013751 0.115482
0.000000 0.000000
0.022165 0.848603
0.001041
0.992721
0.006239
0.006833 0.000001
0.576005 0.408855
0.008278 0.000028
0.000144 0.000000
0.950487 0.046623
0.002744 0.000001
0.000170 0.000000
0.841566 0.155746
0.002518 0.000000
0.339503
0.004005
0.656492
0.000001
0.998768
0.001231
0.906010
0.000000
0.093990
0.000000
0.999999
0.000001
0.650207
0.000000
0.349793
0.004717 0.000000
0.235156 0.735622
0.024430 0.000074
0.000000
0.999653
0.000347
0.038378 0.352629
0.000000 0.000000
0.015696 0.593298
0.532462 0.013310
0.000015 0.004933
0.316468 0.132812
0.003314 0.000000
0.247041 0.729544
0.020045 0.000055
0.000050
0.998262
0.001688
0.033382 0.000023
0.165059 0.772908
0.028215 0.000413
0.103046 0.000056
0.026275 0.726602
0.141049 0.002973
0.075006 0.000080
0.175541 0.643478
0.103977 0.001918
0.016489
0.864482
0.119029
0.089126 0.000000
0.018711 0.604235
0.287842 0.000086
0.482841
0.000142
0.517017
0.000222 0.000000
0.811773 0.184436
0.003568 0.000001
0.187757 0.000029
0.027864 0.514211
0.267833 0.002306
0.098331
0.000520
0.901149
0.002977 0.952847
0.000000 0.000000
0.000109 0.044066
0.006258 0.000000
0.024862 0.919344
0.049524 0.000011
0.000000
0.999998
0.000002
0.034708
0.341604
0.623688
0.000001
0.999803
0.000195
0.081738 0.581507
0.000000 0.000000
0.017476 0.319280
0.000001
0.999848
0.000151
0.688140
0.000000
0.311860
0.405800
0.001696
0.592503
0.001526
0.988391
0.010083
0.001317 0.000000
0.658974 0.335060
0.004648 0.000001
0.836127
0.000000
0.163873
0.001842 0.916378
0.000000 0.000000
0.000105 0.081675
0.012108 0.125823
0.000000 0.000000
0.018866 0.843203
0.099621
0.000966
0.899413
0.232131 0.005280
0.049236 0.611256
0.087345 0.014753
0.190038 0.000034
0.000095 0.041374
0.743297 0.025161
0.143801 0.000104
0.029345 0.710674
0.113325 0.002751
0.292210
0.059266
0.648524
0.592722 0.138704
0.000036 0.004668
0.116225 0.147645
0.008440 0.000000
0.267523 0.560768
0.163112 0.000158
0.000240 0.000000
0.747304 0.227484
0.024972 0.000000
0.000259 0.000000
0.859266 0.137078
0.003396 0.000001
0.520250
0.000000
0.479750
0.756434
0.000142
0.243424
0.044532
0.000000
0.955468
0.300178
0.005314
0.694507
0.006235 0.000000
0.071171 0.904353
0.018240 0.000001
0.566936
0.000984
0.432080
0.000002
0.999747
0.000251
0.000000
0.999982
0.000018
0.003572 0.000000
0.774198 0.179094
0.043098 0.000037
0.001454 0.000000
0.396066 0.591561
0.010909 0.000009
0.003380 0.000003 0.000000 0.000000
0.826730 0.146443 0.015510 0.001278
0.006610 0.000045 0.000000 0.000000
0.000655 0.000000
0.559329 0.436254
0.003761 0.000000
0.624318
0.000003
0.375679
0.000825 0.000000
0.459527 0.530961
0.008683 0.000003
0.002553 0.000000
0.468296 0.521565
0.007583 0.000002
0.769511
0.000000
0.230489
0.453506
0.016405
0.530089
0.000001
0.999907
0.000092
0.000032 0.000000
0.961679 0.037787
0.000502 0.000000
0.204315 0.002274
0.000000 0.000106
0.426907 0.366398
0.199939 0.119363
0.000038 0.007095
0.190143 0.483421
0.414645 0.001951
0.000000 0.000281
0.367716 0.215407
0.000022
0.999154
0.000824
0.000001
0.999959
0.000040
0.828838
0.000000
0.171162
0.000005
0.998413
0.001581
0.000001
0.999735
0.000263
0.099369
0.000241
0.900390
0.207510 0.000018
0.060921 0.546866
0.183753 0.000931
0.031279 0.000000
0.142058 0.707957
0.118691 0.000014
0.641098
0.000000
0.358902
0.930749
0.000000
0.069251
0.003444 0.000000
0.529742 0.455629
0.011180 0.000005
0.901623
0.000000
0.098377
0.000000
0.999999
0.000001
0.004165 0.000000
0.434768 0.547717
0.013345 0.000005
0.000245
0.992611
0.007144
0.010582 0.000009
0.150115 0.800553
0.038105 0.000637
0.000020
0.967202
0.032777
0.000095 0.000000
0.882878 0.114880
0.002146 0.000000
0.006546 0.000002 0.000000
0.531888 0.295564 0.053485
0.112072 0.000443 0.000000
0.411436
0.000425
0.588139
0.000003
0.999901
0.000096
0.312180
0.000000
0.687819
0.001212 0.000000
0.679800 0.310864
0.008095 0.000028
0.000374 0.934635
0.000000 0.000000
0.000022 0.064968
0.196655 0.332422
0.000000 0.000001
0.040002 0.430920
0.196967 0.014269
0.007877 0.326131
0.309023 0.145734
0.975972
0.000000
0.024028
0.032374
0.050148
0.917478
0.070627
0.000222
0.929151
0.755860
0.000000
0.244140
0.618954 0.020670
0.000305 0.054108
0.210570 0.095393
0.044506 0.000000
0.122549 0.729004
0.103816 0.000126
0.005789 0.000010 0.000000
0.236143 0.505085 0.229748
0.022745 0.000479 0.000001
0.053975 0.569639
0.000000 0.000000
0.007996 0.368389
0.004398 0.738902
0.000000 0.000000
0.000141 0.256559
0.012823
0.938096
0.049080
0.133958 0.015293 0.000017 0.000000
0.000093 0.010832 0.158890 0.625276
0.030978 0.023892 0.000769 0.000002
0.011475 0.000001
0.090830 0.835134
0.062304 0.000257
0.000000
0.999999
0.000001
0.156928 0.111249
0.000000 0.000091
0.116295 0.615437
0.239036 0.113638
0.000000 0.000000
0.040094 0.607233
0.000000
0.999903
0.000097
0.006760 0.000000
0.440133 0.544751
0.008351 0.000005
0.287767 0.000757
0.000829 0.091181
0.574687 0.044779
0.179723 0.020030
0.000000 0.000389
0.331735 0.468124
0.000000
0.999963
0.000037
0.000172 0.000000
0.539377 0.456448
0.004003 0.000000
0.012926 0.000002
0.066296 0.867107
0.053287 0.000382
0.035576
0.495919
0.468505
0.001728 0.000000
0.374759 0.611459
0.012048 0.000006
0.000000
0.999984
0.000016
0.025699
0.000002
0.974299
0.003572 0.000000
0.049426 0.920561
0.026439 0.000003
0.107963 0.657913
0.000000 0.000001
0.013182 0.220942
0.000025
0.996099
0.003876
0.000593 0.000000 0.000000
0.811065 0.173674 0.007208
0.007457 0.000003 0.000000
0.410913
0.004486
0.584601
0.000000
0.999836
0.000163
0.007580
0.919127
0.073293
0.000560
0.990122
0.009318
0.014426 0.499720 0.144165
0.000000 0.000000 0.000000
0.001603 0.100782 0.239304
0.816093
0.000000
0.183906
0.003538 0.000000
0.367178 0.603222
0.026002 0.000060
0.000000
0.999951
0.000048
0.000000 0.000000
0.998620 0.001344
0.000036 0.000000
0.000036
0.999492
0.000472
0.000018 0.000000
0.993785 0.005941
0.000256 0.000000
0.277303
0.000000
0.722697
0.944120
-0.000000
0.055880
0.000179
0.990529
0.009292
0.066844 0.000001
0.138010 0.611824
0.183020 0.000300
0.000037
0.999360
0.000603
0.000755 0.000000
0.711047 0.281583
0.006609 0.000007
0.000082
0.996977
0.002941
0.594915
0.000000
0.405085
0.000506 0.000000
0.886510 0.088668
0.024312 0.000003
0.000000
0.999998
0.000002
0.213137 0.001514
0.000000 0.000223
0.488823 0.296302
0.076924 0.000033
0.078613 0.786404
0.057229 0.000797
0.883125
-0.000000
0.116875
0.000052
0.991152
0.008795
0.003733 0.000000
0.244068 0.730681
0.021477 0.000041
0.688326
0.000021
0.311653
0.000000
0.999846
0.000154
0.000873
0.985347
0.013779
0.000024
0.998733
0.001243
0.292290
0.001794
0.705916
0.000020
0.999744
0.000236
0.837581
0.000000
0.162419
0.297749
0.000000
0.702251
0.002263 0.864728
0.000000 0.000000
0.000186 0.132824
0.000036
0.997644
0.002320
0.000002 -0.000000
0.979306 0.020481
0.000211 0.000000
0.866226
0.000000
0.133774
0.378360
0.000000
0.621640
0.000002
0.999740
0.000257
0.809061
0.000002
0.190938
0.728145
0.000001
0.271854
0.005753
0.959443
0.034804
0.228356 0.006851 0.000002
0.001538 0.086814 0.609474
0.052179 0.014618 0.000168
0.501822
0.000306
0.497872
0.425637
0.004374
0.569989
0.006111 0.000005 0.000000
0.110252 0.510468 0.349296
0.023486 0.000382 0.000000
0.064929 0.000000
0.011887 0.848983
0.074152 0.000049
0.004607 0.000000
0.396860 0.588995
0.009532 0.000006
0.184047 0.104238
0.000000 0.000246
0.136140 0.575329
0.351172 0.000003
0.010261 0.351733
0.286028 0.000802
0.000273 0.000000
0.914045 0.081552
0.004128 0.000002
0.876456
0.000000
0.123544
0.000001
0.999692
0.000307
0.000307
0.997124
0.002569
0.077473
0.000000
0.922527
0.769385
0.000000
0.230615
0.011807 0.000000
0.571157 0.370850
0.046168 0.000019
0.004631
0.966697
0.028672
0.000000
0.999995
0.000005
0.000000
0.999986
0.000014
0.000167
0.996106
0.003728
0.003576
0.867199
0.129225
0.000000
0.999900
0.000100
0.000150
0.976722
0.023128
0.015041 0.000000
0.530775 0.412560
0.041615 0.000009
0.605261
0.000000
0.394739
0.665868 0.060032
0.000001 0.000400
0.127716 0.145984
0.000000
0.999998
0.000002
0.000002
0.999398
0.000600
0.171834
0.000243
0.827923
0.744853
0.000000
0.255146
0.000521 0.961438
-0.000000 0.000000
0.000017 0.038024
0.001204 0.000000
0.469568 0.465318
0.063909 0.000001
0.000043
0.999540
0.000417
0.039094 0.000015
0.033018 0.781478
0.144073 0.002323
0.000000
0.999996
0.000004
0.000004
0.999613
0.000384
0.000007
0.998249
0.001744
0.000005
0.999596
0.000399
0.000114 0.000000
0.938630 0.059237
0.002018 0.000000
0.000076
0.997165
0.002759
0.155164 0.000001
0.022899 0.534663
0.286815 0.000458
0.042813
0.821350
0.135837
0.923512
0.000000
0.076488
0.000031 0.000000
0.985023 0.014584
0.000362 0.000000
0.000043
0.998478
0.001479
0.466669
0.001418
0.531913
0.033055 0.063978 0.002018
0.000000 0.000037 0.001289
0.101253 0.598035 0.200336
0.000230 0.000000
0.833023 0.162263
0.004484 0.000000
0.052113 0.252513
0.000000 0.000000
0.026579 0.668795
0.000300 0.000000
0.850484 0.144789
0.004425 0.000002
0.000452
0.991808
0.007739
0.000000
0.999978
0.000021
0.001281 0.000000 0.000000
0.744349 0.211180 0.033205
0.009946 0.000039 0.000000
0.010344 0.000001
0.095705 0.848258
0.045521 0.000171
0.064966 0.000014
0.378654 0.396548
0.159088 0.000729
0.024963 0.000008
0.055893 0.820242
0.097636 0.001259
0.000783
0.996646
0.002571
0.000409 0.626490
-0.000000 -0.000000
0.000192 0.372909
0.000167
0.995103
0.004730
0.945776
-0.000000
0.054224
0.000004
0.999442
0.000555
0.000185
0.998511
0.001304
0.012162 0.171632 0.004314
0.000000 0.000000 0.000017
0.010607 0.452313 0.348955
0.000824 0.000000
0.578673 0.409225
0.011276 0.000002
0.014738 0.000110 0.000000
0.098085 0.425738 0.413779
0.044732 0.002796 0.000020
0.000043
0.998420
0.001537
0.285288 0.001229
0.013160 0.522135
0.164116 0.014072
0.000272
0.994982
0.004747
0.153308
0.000015
0.846677
0.602538
0.000000
0.397462
0.000907 0.000000
0.406290 0.587634
0.005169 0.000000
0.000717
0.989947
0.009336
0.000121 0.000000
0.950228 0.048484
0.001166 0.000000
0.280365 0.049303
0.000017 0.007795
0.251074 0.411446
0.327580
0.023639
0.648781
0.539772
0.000008
0.460220
0.004677 0.000001 0.000000
0.281008 0.497370 0.190342
0.026481 0.000120 0.000000
0.001099 0.000000
0.818466 0.176131
0.004302 0.000001
0.068769 0.033377
0.000001 0.000330
0.232210 0.665313
0.000136
0.996195
0.003668
0.000479 0.000000
0.837751 0.159618
0.002151 0.000000
0.000002
0.998973
0.001025
0.000087
0.997219
0.002694
0.012019 0.000000
0.256430 0.711495
0.020019 0.000036
0.696941
0.000003
0.303056
0.718083
0.000000
0.281917
0.368741
0.000000
0.631259
0.001308 0.000000
0.743555 0.249522
0.005615 0.000001
0.461039 0.170013 0.000829
0.000013 0.001827 0.035605
0.113983 0.199259 0.017432
0.007446 0.913996
0.000000 0.000000
0.000261 0.078297
0.165286
0.000000
0.834713
0.000000
0.999999
0.000001
0.349995 0.000223
0.034115 0.384860
0.226633 0.004173
0.629962 0.000530
0.000000 0.000800
0.321929 0.046779
0.000145
0.994660
0.005195
0.000034
0.993601
0.006365
0.000099
0.998064
0.001837
0.672629
0.000000
0.327371
0.081330
0.001947
0.916722
0.000000
0.999991
0.000009
0.019746 0.000001
0.138631 0.813928
0.027597 0.000097
0.000119 0.000000
0.847942 0.149773
0.002167 0.000000
0.000159 0.945915
-0.000000 -0.000000
0.000011 0.053916
0.002490
0.968846
0.028664
0.064854 0.000000
0.069227 0.646809
0.219040 0.000071
0.002599 0.000000
0.818313 0.160863
0.018224 0.000001
0.594832
0.000000
0.405168
0.000953 0.000000
0.502102 0.488128
0.008811 0.000006
0.002766
0.928906
0.068328
0.000001
0.999909
0.000090
0.004056 0.000000
0.207040 0.762928
0.025918 0.000059
0.003446
0.977522
0.019032
0.209856
0.000002
0.790142
0.002774
0.978882
0.018344
0.000885 0.000000
0.165715 0.821079
0.012321 0.000000
0.000019
0.998939
0.001041
0.177885
0.132776
0.689339
0.022786 0.074270 0.002055
0.000000 0.000001 0.000074
0.058560 0.604081 0.238173
0.004321 0.000000
0.590207 0.380496
0.024972 0.000005
0.000000
0.999845
0.000155
0.028544
0.000007
0.971449
0.000000
0.999983
0.000017
0.370656 0.254696
0.000000 0.000032
0.056989 0.317627
0.000000
0.999992
0.000008
0.000385 0.091805 0.670334
-0.000000 0.000000 0.000000
0.000069 0.013615 0.223793
0.000419
0.985420
0.014160
0.000684 0.000000
0.879481 0.118200
0.001634 0.000000
0.721987
0.000000
0.278013
0.000627
0.985294
0.014080
0.000000
0.999999
0.000001
0.000000
0.999998
0.000002
0.139638
0.000022
0.860340
0.028686
0.773880
0.197435
0.000285 0.000000
0.896251 0.090322
0.013141 0.000000
0.000000 0.024430 0.806355
0.000000 -0.000000 0.000000
0.000000 0.000614 0.168601
0.000886 0.964430
-0.000000 0.000000
0.000022 0.034662
0.000569 0.000000
0.821787 0.175320
0.002324 0.000000
0.002989
0.758999
0.238011
0.693368
0.000010
0.306623
0.018300
0.929000
0.052699
0.000003
0.999879
0.000119
0.000364 0.000000
0.730786 0.262706
0.006143 0.000001
0.048401 0.383007
-0.000000 0.000000
0.003690 0.564901
0.680124 0.007390
0.000000 0.000010
0.141486 0.170990
0.000824 0.000000
0.790503 0.200047
0.008617 0.000009
0.022072 0.000007
0.044817 0.861964
0.070193 0.000947
0.338895 0.163531
0.000000 0.000029
0.104826 0.392719
0.001453
0.988999
0.009548
0.000493 0.000000
0.776150 0.216205
0.007152 0.000000
0.017731 0.000000
0.052731 0.659856
0.269554 0.000128
0.014786 0.000002
0.395573 0.577196
0.012404 0.000040
0.106920 0.049607
0.000003 0.000677
0.260677 0.582116
0.000000
0.999960
0.000040
0.000157
0.996266
0.003577
0.012271 0.881288
0.000000 0.000000
0.000665 0.105776
0.971282
-0.000000
0.028718
0.000000
0.999975
0.000025
0.481191
0.000039
0.518770
0.002605
0.989824
0.007570
0.002018
0.982302
0.015679
0.002285
0.973430
0.024285
0.027551 0.000000
0.004666 0.294039
0.673467 0.000278
0.000002
0.999794
0.000204
0.654452
0.000023
0.345525
0.066016
0.480615
0.453369
0.001638
0.889965
0.108397
0.331141 0.000493
0.000176 0.042378
0.560972 0.064841
0.555219 0.042561
0.001448 0.096533
0.185407 0.118832
0.007457 0.000000
0.366354 0.610581
0.015593 0.000015
0.000172 0.000000
0.892057 0.105323
0.002447 0.000000
0.038480 0.000000
0.294755 0.592071
0.074641 0.000053
0.000000
0.999998
0.000002
0.000002
0.999648
0.000349
0.009167 0.000001
0.122324 0.827111
0.041240 0.000156
0.000642 0.000000
0.666242 0.329909
0.003208 0.000000
0.219957
0.000001
0.780042
0.000000
0.999995
0.000005
0.001054 0.000000
0.549909 0.435022
0.014015 0.000000
0.822047
0.000000
0.177953
0.000000
0.999995
0.000005
0.000160
0.997808
0.002032
0.213833 0.474600
0.000000 0.000000
0.022168 0.289398
0.000000
0.999985
0.000015
0.038255 0.000006
0.083829 0.834696
0.042890 0.000324
0.000445 0.000000
0.830760 0.164880
0.003909 0.000006
0.000000
0.999102
0.000897
0.000000
0.999964
0.000035
0.029245 0.000059 0.000000
0.096382 0.458032 0.394953
0.020745 0.000583 0.000001
0.000013
0.999088
0.000899
0.610504
0.000002
0.389494
0.000158 0.845725
0.000000 0.000000
0.000029 0.154087
0.003600 0.000000
0.215544 0.761000
0.019810 0.000046
0.505002
0.000000
0.494997
0.007866 0.000000
0.397436 0.581351
0.013336 0.000012
0.002145 0.000000
0.500195 0.421107
0.076547 0.000006
0.000004
0.999874
0.000122
0.109345 0.000311
0.095166 0.748681
0.044703 0.001794
0.003348 0.000000
0.703703 0.159416
0.133404 0.000128
0.001177
0.994451
0.004373
0.001164
0.979243
0.019593
0.184120
0.000004
0.815877
0.001328
0.984500
0.014171
0.000000
0.999989
0.000011
0.001716 0.000000
0.432483 0.549562
0.016228 0.000012
0.000073 0.000000
0.963217 0.035117
0.001593 0.000000
0.094471 0.600951
0.000000 0.000000
0.009697 0.294880
0.000027 0.000000
0.969889 0.029203
0.000882 0.000000
0.000558
0.989227
0.010216
0.001382 0.000000
0.679269 0.306533
0.012804 0.000012
0.000176
0.993931
0.005894
0.323718
0.001209
0.675073
0.000022
0.998912
0.001066
0.263447 0.001768
0.001277 0.245757
0.420563 0.067188
0.000001
0.999377
0.000622
0.000532 0.000000
0.721234 0.273183
0.005044 0.000006
0.567729
0.000009
0.432262
0.001440 0.000000
0.368365 0.617778
0.012409 0.000008
0.171954 0.000014
0.046094 0.456826
0.323467 0.001644
0.000484 0.000000
0.699525 0.298075
0.001916 0.000000
0.007442
0.908438
0.084121
0.000133 0.000000
0.972106 0.022552
0.005209 0.000000
0.001594
0.980150
0.018256
0.000000
0.999799
0.000201
0.000002 0.992274
-0.000000 0.000000
0.000000 0.007723
0.000008
0.999452
0.000540
0.603622 0.041410
0.000006 0.004927
0.177885 0.172149
0.000000
0.999986
0.000014
0.000584
0.985249
0.014167
0.344922 0.192009
0.000000 0.000000
0.019431 0.443638
0.000344 0.000000
0.758829 0.239338
0.001489 0.000000
0.308061
0.000432
0.691507
0.073355
0.000201
0.926444
0.091724 0.270262
0.000000 0.000000
0.008076 0.629938
0.436779
0.000001
0.563221
0.018214 0.408527
0.000000 0.000000
0.007193 0.566066
0.000001
0.999814
0.000186
0.000000
0.999987
0.000013
0.246155 0.001822
0.001945 0.288237
0.397471 0.064370
0.041613 0.000002
0.097915 0.832343
0.028020 0.000107
0.000013 0.000000
0.991414 0.007751
0.000822 0.000000
0.304748 0.130657
0.004612 0.106575
0.190893 0.262515
0.000412 0.905818
-0.000000 0.000000
0.000021 0.093749
0.000001
0.999868
0.000131
0.018545 0.000001
0.166653 0.780659
0.034042 0.000100
0.044604
0.854243
0.101153
0.000140
0.997502
0.002359
0.015315 0.000004
0.085265 0.838351
0.060475 0.000590
0.000221 0.000000
0.786089 0.209967
0.003722 0.000000
0.018359 0.000003
0.261457 0.700393
0.019683 0.000105
0.001030 0.000000
0.459819 0.529674
0.009473 0.000004
0.629888 0.093169
0.000001 0.001064
0.101823 0.174056
0.000000
0.999998
0.000002
0.000227
0.995752
0.004021
0.007120
0.978905
0.013975
0.060494 0.275158
0.000000 0.000000
0.027435 0.636913
0.000028
0.994672
0.005300
0.693098
0.000033
0.306869
0.000801 0.000000
0.148508 0.839984
0.010707 0.000000
0.000000
0.999981
0.000019
0.019123 0.000003
0.063100 0.829650
0.087451 0.000673
0.000161
0.996446
0.003393
0.000110 0.000000
0.944405 0.052699
0.002785 0.000000
0.562488 0.010348
0.000013 0.005057
0.311828 0.110267
0.555950
0.000034
0.444015
0.013945
0.808628
0.177427
0.005097 0.000000
0.374721 0.608635
0.011538 0.000008
0.000015 0.000000
0.973006 0.026802
0.000176 0.000000
0.264274 0.003128
0.001540 0.185501
0.450386 0.095171
0.018147 0.180962
0.000000 0.000000
0.018501 0.782390
0.000000
0.999989
0.000011
0.014380
0.934488
0.051132
0.002769 0.000000
0.257362 0.720075
0.019765 0.000028
0.030113 0.000000
0.007150 0.288932
0.673324 0.000481
0.000024 0.000000
0.933365 0.066165
0.000446 0.000000
0.657498
0.000001
0.342502
0.007261 0.000000
0.496189 0.485817
0.010712 0.000021
0.000000
0.999949
0.000051
0.237450 0.000002
0.002236 0.547090
0.212348 0.000875
0.023478 0.000032
0.103010 0.788991
0.082391 0.002097
0.393390
0.000009
0.606602
0.057847
0.018130
0.924023
0.532916
0.000000
0.467084
0.000676 0.000000
0.226462 0.763068
0.009794 0.000000
0.000000
0.999994
0.000006
0.001826 0.000000
0.700760 0.291836
0.005577 0.000001
0.341692
0.000002
0.658306
0.002928 0.343803 0.371421
0.000000 0.000000 0.000000
0.000248 0.038827 0.242772
0.736559
0.000002
0.263439
0.000139
0.999161
0.000700
0.000075
0.998981
0.000945
0.890409
0.000000
0.109591
0.508509 0.043543
0.000000 0.000002
0.078159 0.369787
0.801096
0.000000
0.198904
0.374618
0.000000
0.625382
0.811799
0.000000
0.188201
0.390738
0.000154
0.609107
0.000000 -0.000000
0.994676 0.005251
0.000073 0.000000
0.003142 0.000000
0.814224 0.160854
0.021778 0.000001
0.000116
0.984581
0.015304
0.000117
0.998629
0.001254
0.000003
0.999707
0.000289
0.000002
0.999773
0.000224
0.000007
0.999366
0.000626
0.539364 0.016085
0.000494 0.032415
0.306861 0.104782
0.000470 0.000000
0.658072 0.339393
0.002065 0.000000
0.944513
0.000000
0.055487
0.629271 0.001606
0.001290 0.086152
0.263552 0.018128
0.000019 0.000000
0.956689 0.042972
0.000320 0.000000
0.000000
0.999999
0.000001
0.080181 0.000347 0.000000
0.068082 0.340453 0.416279
0.090167 0.004479 0.000013
0.245212 0.002273
0.038985 0.468043
0.224409 0.021077
0.000001
0.999882
0.000117
0.006740 0.000000
0.766098 0.183251
0.043905 0.000005
0.000142 0.000000
0.774339 0.223646
0.001874 0.000000
0.000001
0.999857
0.000142
0.394913 0.000505
0.006458 0.463303
0.129036 0.005786
0.000357 0.000000
0.910366 0.084670
0.004607 0.000000
0.698010 0.004855
0.000002 0.004289
0.194094 0.098750
0.000012 0.000000
0.986386 0.013114
0.000488 0.000000
0.000279
0.991515
0.008206
0.001497 0.946170
-0.000000 0.000000
0.000052 0.052281
0.002040
0.968492
0.029469
0.004360 0.000000
0.187580 0.781315
0.026692 0.000053
0.642894
0.000002
0.357104
0.830920
0.000000
0.169080
0.000000
0.999996
0.000004
0.000007
0.999815
0.000178
0.001549 0.000000
0.274377 0.708317
0.015754 0.000003
0.000778 0.000000
0.446459 0.548605
0.004158 0.000000
0.000001
0.999894
0.000105
0.417972 0.000835
0.007016 0.437533
0.129171 0.007473
0.000001
0.999493
0.000506
0.000012
0.998356
0.001631
0.006305 0.000000
0.161489 0.804788
0.027342 0.000076
0.000057
0.999431
0.000511
0.285694 0.000850
0.000628 0.078369
0.583933 0.050527
0.089435 0.000000
0.037024 0.603627
0.269799 0.000114
0.000023
0.998834
0.001142
0.000346
0.996121
0.003533
0.241217 0.002846 0.000001
0.009850 0.149215 0.369743
0.203388 0.023575 0.000164
0.268328
0.000000
0.731672
0.000515
0.985443
0.014042
0.000019 0.000000
0.976015 0.023094
0.000872 0.000000
0.000019
0.999203
0.000777
0.039424
0.053187
0.907389
0.000041 0.000000
0.935535 0.063355
0.001069 0.000000
0.112972 0.410845
0.000000 0.000000
0.022037 0.454145
0.610204 0.004089
0.003822 0.110703
0.245207 0.025975
0.521833 0.006943
0.001122 0.061036
0.343078 0.065988
0.000231 0.000000
0.530516 0.464095
0.005157 0.000000
0.031379 0.000007
0.032884 0.815051
0.119220 0.001458
0.024797 0.000144 0.000000
0.220043 0.472855 0.264247
0.017132 0.000776 0.000006
0.000170
0.997913
0.001916
0.003719 0.436687
-0.000000 0.000000
0.001909 0.557685
0.000000
0.999652
0.000347
0.000708
0.994878
0.004414
0.042953 0.000586 0.000000
0.004619 0.158945 0.689336
0.089782 0.013692 0.000087
0.712842
0.000000
0.287158
0.000248
0.998350
0.001402
0.000007 0.000000
0.996543 0.003311
0.000139 0.000000
0.293618
0.000000
0.706382
0.802889
0.000117
0.196995
0.004921 0.000000
0.589659 0.395203
0.010200 0.000017
0.000001
0.999965
0.000034
0.001085 0.000000
0.491030 0.498127
0.009754 0.000004
0.000289 0.000000
0.802100 0.193531
0.004079 0.000000
0.503306
0.112025
0.384669
0.000004
0.999645
0.000350
0.268367 0.000473
0.018619 0.491815
0.211481 0.009246
0.000290
0.996911
0.002799
0.833565
0.000000
0.166435
0.017520 0.000039 0.000000
0.174210 0.476445 0.312943
0.018374 0.000468 0.000001
0.382223 0.001658
0.006124 0.268450
0.313885 0.027661
0.000969
0.991862
0.007169
0.000981
0.980612
0.018407
0.000010
0.999240
0.000750
0.009765 0.000000
0.267273 0.691840
0.031053 0.000070
0.063791 0.710996
0.000000 0.000000
0.004948 0.220265
0.007448 0.000011 0.000000
0.098094 0.478764 0.387625
0.027423 0.000635 0.000001
0.104277 0.000005
0.000007 0.008410
0.871076 0.016224
0.029935 0.001311 0.000002
0.011047 0.200576 0.683513
0.057759 0.015478 0.000380
0.000440
0.988392
0.011168
0.091773 0.057127
0.000000 0.000005
0.139011 0.712084
0.181514 0.091359
0.000000 0.000041
0.131099 0.595986
0.176089 0.004118
0.000000 0.000001
0.262514 0.557278
0.144356 0.063237
0.000000 0.000001
0.066695 0.725711
0.471064 0.050300
0.000040 0.005305
0.245599 0.227692
0.000014
0.999093
0.000893
0.125680 0.000016
0.085699 0.535651
0.251498 0.001456
0.009156 0.000006
0.224261 0.723987
0.042052 0.000538
0.611716
0.000000
0.388284
0.018324 0.000001
0.137567 0.817520
0.026508 0.000079
0.000009
0.999406
0.000585
0.007196 0.000000
0.297462 0.682608
0.012720 0.000013
0.003744 0.000001 0.000000
0.309006 0.520433 0.151076
0.015651 0.000089 0.000000
0.000015
0.998900
0.001085
0.886452
0.000000
0.113548
0.000064
0.998093
0.001843
0.000000
1.000000
0.000000
0.000012
0.999435
0.000553
0.733844
0.000003
0.266153
0.019691 0.000011
0.077618 0.837121
0.064457 0.001102
0.000060
0.997458
0.002481
0.000000
0.999985
0.000015
0.000095
0.996786
0.003119
0.033433 0.000007
0.092818 0.834159
0.039249 0.000334
0.599572 0.000272
0.000000 0.000826
0.362407 0.036923
0.000348
0.997764
0.001889
0.234854 0.000151
0.016929 0.654475
0.091286 0.002305
0.000008
0.999632
0.000360
0.000039
0.996080
0.003881
0.030435 0.000003
0.077935 0.827899
0.063358 0.000370
0.035285 0.489033 0.009434
0.000000 0.000000 0.000003
0.006093 0.271281 0.188870
0.625134
0.000000
0.374866
0.138545 0.008387 0.000151
0.176077 0.284003 0.239188
0.129263 0.022809 0.001578
0.000201
0.995216
0.004583
0.933144
0.000000
0.066856
0.882045
0.000000
0.117955
0.001084 0.000000
0.479822 0.508535
0.010553 0.000006
0.000028
0.999613
0.000358
0.000035
0.998368
0.001597
0.480164 0.002530
0.001119 0.105640
0.367086 0.043461
0.000029
0.995868
0.004103
0.000037
0.998601
0.001362
0.152553
0.000055
0.847392
0.000101 0.000000
0.886183 0.111486
0.002230 0.000000
0.002535 0.000000
0.265229 0.713417
0.018796 0.000023
0.000000
0.999957
0.000043
0.000074
0.997041
0.002885
0.000007 0.000000
0.937815 0.061674
0.000504 0.000000
0.000006 0.000000
0.988781 0.010899
0.000314 0.000000
0.053858
0.001087
0.945055
0.101915 0.207914
0.000000 0.000009
0.053748 0.636413
0.242525 0.000108
0.023471 0.431428
0.297504 0.004964
0.592677 0.002325
0.000003 0.004971
0.296670 0.103354
0.159728 0.442959
0.000000 0.000001
0.023044 0.374268
0.001107
0.987154
0.011739
0.058828
0.031869
0.909303
0.217391 0.333756
0.000000 0.000038
0.069531 0.379284
0.000336 0.000000
0.775849 0.217883
0.005932 0.000001
0.004256 0.000000
0.438949 0.548412
0.008378 0.000004
0.025553 0.002457 0.000020 0.000000
0.016315 0.140949 0.340509 0.406212
0.048429 0.018416 0.001121 0.000018
0.006730 0.000001
0.287548 0.667037
0.038454 0.000230
0.000000
0.999828
0.000171
0.000000
0.999904
0.000096
0.000000
1.000000
0.000000
0.000074
0.997955
0.001971
0.009892 0.000001
0.422290 0.548881
0.018897 0.000040
0.687935
0.000000
0.312065
0.000002
0.999624
0.000374
0.000382
0.990351
0.009268
0.802181
0.000000
0.197819
0.000001 -0.000000
0.993978 0.005906
0.000115 0.000000
0.000520 0.000000
0.318667 0.669527
0.011287 0.000000
0.002514 0.000001
0.490451 0.493118
0.013845 0.000072
0.000002 -0.000000
0.995566 0.004384
0.000048 0.000000
0.005381 0.149731
0.000000 0.000000
0.001856 0.843031
0.555619
0.000075
0.444307
0.002084 0.000000
0.166757 0.812529
0.018624 0.000005
0.000118
0.999290
0.000592
0.000941
0.979769
0.019290
0.000001
0.999668
0.000331
0.000014
0.998997
0.000989
0.172081
0.563483
0.264436
0.000389
0.992085
0.007526
0.000034
0.999258
0.000708
0.000014
0.997089
0.002896
0.000099 0.000000
0.865366 0.132589
0.001945 0.000000
0.000000
0.999992
0.000008
0.023178 0.000000
0.374539 0.522005
0.080244 0.000034
0.033968 0.070211
0.000000 0.000003
0.080020 0.815798
0.269403
0.000000
0.730597
0.000001
0.999653
0.000346
0.723365 0.018472
0.000006 0.002531
0.176221 0.079405
0.040463 0.000007
0.044183 0.589569
0.322906 0.002872
0.004946 0.000000 0.000000
0.133424 0.555958 0.276926
0.028638 0.000108 0.000000
0.021129 0.000005
0.042521 0.862953
0.072591 0.000801
0.513926 0.026991
0.000004 0.001691
0.264087 0.193301
0.000000
0.999997
0.000003
0.092630
0.000025
0.907345
0.035893 0.000633 0.000001
0.101642 0.383015 0.449587
0.026428 0.002760 0.000042
0.063389 0.000188
0.032808 0.729217
0.164749 0.009648
0.000009
0.999422
0.000569
0.000011 0.000000
0.977996 0.021818
0.000175 0.000000
0.000155
0.994301
0.005544
0.000053 0.000000
0.750327 0.247537
0.002084 0.000000
0.000004
0.999689
0.000306
0.827170
0.000001
0.172829
0.816403
0.000000
0.183597
0.000901
0.987905
0.011193
0.007479 0.000000
0.532605 0.439826
0.020072 0.000017
0.000000
0.999995
0.000005
0.152890 0.006336
0.000583 0.034143
0.570155 0.235893
0.023021
0.895790
0.081189
0.001289 0.000000
0.676099 0.312109
0.010475 0.000028
0.001862
0.972470
0.025668
0.000000 0.000309 0.054692 0.754046
0.000000 0.000000 -0.000000 0.000000
0.000000 0.000035 0.005920 0.184998
0.535750
0.000000
0.464250
0.069629 0.499591
0.000000 0.000000
0.013151 0.417629
0.000017
0.999246
0.000737
0.000000
0.999919
0.000081
0.001401 0.000000 0.000000
0.846403 0.102888 0.002567
0.046731 0.000010 0.000000
0.846324
0.000000
0.153676
0.003497
0.944096
0.052407
0.829764
0.000001
0.170235
0.101815 0.000006
0.000013 0.010993
0.871373 0.015800
0.409469 0.004397
0.011493 0.210113
0.327228 0.037300
0.000000
0.999942
0.000058
0.163902 0.121371
0.000000 0.000004
0.103441 0.611282
0.013250 0.000001 0.000000
0.081430 0.538151 0.348593
0.018491 0.000083 0.000000
0.008289
0.895294
0.096417
0.000000
0.999874
0.000125
0.000002
0.999799
0.000199
0.000016
0.999706
0.000278
0.348148 0.103547 0.000857
0.000276 0.011170 0.087334
0.192814 0.233162 0.022693
0.000000
0.999999
0.000001
0.873128
0.000000
0.126872
0.003037
0.939536
0.057428
0.000000
0.999998
0.000002
0.000010
0.999353
0.000637
0.501105
0.000000
0.498895
0.589346
0.000000
0.410654
0.586857 0.007274
0.000544 0.089426
0.256463 0.059436
0.295520 0.000257
0.007072 0.387407
0.299822 0.009921
0.378730 0.174545
0.000000 0.000166
0.092548 0.354010
0.002004 0.000000
0.232232 0.758056
0.007708 0.000000
0.009779 0.148146
0.000000 0.000000
0.014623 0.827452
0.308397 0.182246
0.000000 0.000005
0.084378 0.424974
0.000000 -0.000000
0.998588 0.001377
0.000035 0.000000
0.011324 0.000001
0.551354 0.405676
0.031573 0.000072
0.760099
0.000011
0.239890
0.080612 0.628378
0.000000 0.000000
0.007867 0.283144
0.000528
0.987223
0.012249
0.010626 0.483301
0.000000 0.000000
0.003719 0.502354
0.000000
0.999997
0.000003
0.000018
0.999309
0.000673
0.028760 0.353421
0.000000 0.000000
0.013035 0.604784
0.000794 0.000000 0.000000
0.659626 0.307211 0.025891
0.006472 0.000007 0.000000
0.000000
0.999998
0.000002
0.876837
0.000000
0.123163
0.294588
0.003397
0.702015
0.027587 0.000002
0.139483 0.648824
0.183339 0.000765
0.002511 0.922600
0.000000 0.000000
0.000113 0.074777
0.000044
0.999276
0.000680
0.000046
0.998529
0.001425
0.039036 0.668216
0.000000 0.000000
0.007773 0.284975
0.000010
0.999475
0.000515
0.935816
-0.000000
0.064184
0.000119
0.998409
0.001472
0.000000
0.999934
0.000065
0.000072 0.927804
-0.000000 0.000000
0.000002 0.072122
0.080761
0.000529
0.918710
0.168017 0.004616 0.000005
0.014886 0.188509 0.463402
0.135247 0.024879 0.000439
0.000331 0.000000
0.950044 0.046313
0.003312 0.000000
0.000009
0.999262
0.000729
0.673146
0.000416
0.326438
0.865227
0.000000
0.134773
0.000091
0.996894
0.003015
0.000000
0.999966
0.000034
0.005045 0.000002 0.000000
0.182765 0.548618 0.242530
0.020852 0.000188 0.000000
0.000010
0.999334
0.000656
0.154140
0.000010
0.845850
0.713422
0.000000
0.286578
0.057884 0.000387
0.062918 0.719370
0.148269 0.011172
0.006444 0.790495
0.000000 0.000000
0.000671 0.202390
0.373436
0.071859
0.554705
0.000199
0.995411
0.004389
0.003112 0.000000
0.240421 0.736443
0.019988 0.000036
0.077377
0.000251
0.922372
0.575237 0.000005
0.000177 0.075829
0.347180 0.001573
0.000377 0.000000
0.916420 0.082029
0.001174 0.000000
0.001195
0.983233
0.015572
0.014915 0.717255
0.000000 0.000000
0.002270 0.265561
0.003123
0.970387
0.026490
0.000000
0.999991
0.000009
0.000032 0.000000
0.979461 0.019400
0.001107 0.000000
0.000896 0.000000
0.850032 0.140670
0.008402 0.000000
0.003855 0.000001
0.326315 0.647755
0.021959 0.000116
0.004733 0.000000
0.148410 0.822455
0.024339 0.000063
0.824266
0.000000
0.175734
0.000059
0.997474
0.002468
0.000005 0.000000
0.996552 0.003275
0.000169 0.000000
0.937016
0.000000
0.062984
0.000000
0.999996
0.000004
0.044010 0.632633
0.000000 0.000000
0.006689 0.316667
0.418538
0.000006
0.581455
0.014308
0.237890
0.747802
0.005608 0.000000
0.419472 0.563479
0.011426 0.000015
0.112759
0.000362
0.886879
0.000061
0.999070
0.000868
0.262275
0.052979
0.684746
0.001542 0.000000
0.729297 0.263028
0.006131 0.000002
0.000449
0.987718
0.011833
0.001618 0.000000
0.725435 0.219646
0.053287 0.000014
0.000003
0.999217
0.000781
0.000544 0.000000
0.914894 0.078810
0.005752 0.000000
0.000034 0.000000
0.929524 0.069767
0.000675 0.000000
0.028128 0.624981
0.000000 0.000000
0.004169 0.342722
0.000021 0.000000
0.872550 0.126417
0.001012 0.000000
0.650100
0.000000
0.349900
0.007543 0.232302 0.064804
0.000000 0.000000 0.000001
0.003784 0.213530 0.478037
0.758236
0.000000
0.241764
0.000100
0.999217
0.000683
0.000014
0.997881
0.002105
0.013066 0.000002
0.069657 0.865808
0.051087 0.000380
0.000011
0.999412
0.000577
0.046748 0.000007
0.086539 0.813820
0.052507 0.000379
0.789958 0.000567
0.000000 0.000285
0.182324 0.026867
0.002717 0.391965
0.000000 0.000000
0.001813 0.603505
0.000001
0.999951
0.000048
0.865893
0.000001
0.134106
0.000013 0.000000
0.995068 0.004405
0.000514 0.000000
0.000007
0.999523
0.000470
0.001901 0.000000
0.255342 0.735390
0.007367 0.000000
0.001657
0.973035
0.025309
0.939282
0.000000
0.060718
0.000012 0.000000
0.981876 0.017607
0.000505 0.000000
0.035374 0.000003
0.042554 0.522431
0.397392 0.002246
0.093614 0.000011
0.289450 0.511551
0.104989 0.000385
0.006288
0.925581
0.068131
0.142638 0.000370
0.005136 0.525100
0.303649 0.023107
0.000000
0.999938
0.000062
0.000003 0.003570 0.178344 0.625633
0.000000 -0.000000 0.000000 0.000000
0.000000 0.000233 0.015264 0.176953
0.781681
0.000000
0.218319
0.000003
0.999849
0.000148
0.000010 -0.000000
0.993511 0.005719
0.000760 0.000000
0.000436 0.929864
0.000000 0.000000
0.000006 0.069694
0.002249 0.000000
0.167943 0.803830
0.025976 0.000002
0.000002 0.026449 0.904939
0.000000 0.000000 0.000000
0.000000 0.000441 0.068168
0.000006
0.999500
0.000493
0.001307
0.984087
0.014606
0.131891 0.041286
0.000000 0.000000
0.055311 0.771512
0.000001
0.999925
0.000073
0.000015
0.999688
0.000297
0.000290 0.000000
0.504222 0.490693
0.004795 0.000000
0.000029
0.999657
0.000314
0.309853 0.391487 0.005122
0.000000 0.000069 0.003567
0.042953 0.204877 0.042072
0.094172
0.001580
0.904248
0.024529 0.795862
0.000000 0.000000
0.001665 0.177945
0.011342 0.000003 0.000000
0.465259 0.420028 0.094048
0.009276 0.000045 0.000000
0.002676 0.676535
0.000000 0.000000
0.000610 0.320179
0.000000
0.999993
0.000007
0.000000
1.000000
0.000000
0.000411 0.000000
0.820400 0.174296
0.004891 0.000003
0.072533 0.028703 0.000123 0.000000
0.000016 0.003226 0.083891 0.605894
0.066080 0.128419 0.011040 0.000075
0.064198 0.000214
0.092273 0.787681
0.053229 0.002406
0.442915 0.082972
0.000000 0.000075
0.153660 0.320378
0.197604
0.000001
0.802395
0.145679 0.017263
0.000000 0.000256
0.339220 0.497583
0.000029 0.000000
0.942603 0.056517
0.000851 0.000000
0.000000
0.999999
0.000001
0.130012
0.000093
0.869895
0.408378
0.000000
0.591622
0.358249 0.158032
0.000000 0.000053
0.100910 0.382756
0.000007
0.999572
0.000421
0.000117
0.997253
0.002629
0.806321
0.000000
0.193679
0.000152 0.000000
0.795780 0.202721
0.001346 0.000000
0.000000
0.999992
0.000008
0.000958 0.252111 0.539245
0.000000 0.000000 0.000000
0.000058 0.017238 0.190390
0.000125
0.996309
0.003566
0.806457
0.000000
0.193543
0.000063
0.997705
0.002232
0.000005
0.999587
0.000407
0.001443
0.980609
0.017948
0.042274 0.097469 0.001852
0.000000 0.000004 0.000376
0.075484 0.602130 0.180412
0.007386 0.000000
0.104774 0.873536
0.014303 0.000001
0.000000
0.999957
0.000042
0.000858
0.980144
0.018998
0.000010
0.999120
0.000870
0.302204 0.000155
0.007751 0.271913
0.409209 0.008767
0.000001
0.999909
0.000090
0.000083 0.000000
0.986509 0.011823
0.001585 0.000000
0.000000 0.991315
-0.000000 0.000000
0.000000 0.008685
0.004202 0.000000
0.228627 0.743485
0.023609 0.000076
0.040840 0.000012
0.167855 0.697492
0.093022 0.000779
0.116093
0.007531
0.876376
0.008203 0.000001 0.000000
0.412076 0.473155 0.093310
0.013211 0.000044 0.000000
0.008509
0.943333
0.048159
0.009609
0.894187
0.096204
0.000000
0.999969
0.000031
0.000146 0.000000
0.662058 0.333283
0.004512 0.000000
0.106565
0.000416
0.893019
0.696035
0.000000
0.303965
0.000009
0.999801
0.000190
0.005444 0.000000
0.410087 0.573081
0.011376 0.000013
0.301454
0.014177
0.684369
0.018556 0.000000
0.027957 0.904778
0.048701 0.000009
0.000879 0.778006
0.000000 0.000000
0.000184 0.220931
0.000087
0.999139
0.000775
0.197103 0.000124 0.000000
0.004601 0.150389 0.392642
0.249184 0.005955 0.000002
0.000000
0.999932
0.000068
0.001099 0.000000
0.699394 0.292454
0.007026 0.000027
0.031644 0.000004
0.043745 0.362875
0.558504 0.003229
0.000537 0.000000
0.225884 0.764687
0.008891 0.000000
0.662532
0.000000
0.337468
0.000033 0.000000
0.813247 0.185200
0.001520 0.000000
0.693705
0.000001
0.306294
0.003356
0.016527
0.980118
0.000192
0.999149
0.000659
0.814604
0.000000
0.185396
0.000000
0.999970
0.000030
0.016393 0.566169 0.157092
0.000000 0.000000 0.000000
0.001228 0.077626 0.181492
0.017411 0.000013
0.273411 0.687438
0.021450 0.000276
0.079612
0.000164
0.920224
0.096382 0.000001
0.000288 0.103328
0.796616 0.003386
0.836801
0.000000
0.163199
0.130592 0.193840
0.000000 0.000001
0.061012 0.614555
0.000005 0.000000
0.968580 0.030967
0.000448 0.000000
0.055341
0.064425
0.880234
0.690934
0.000000
0.309066
0.396336
0.000144
0.603520
0.000831
0.979834
0.019335
0.744606
0.000000
0.255394
0.441203 0.000304
0.000001 0.005681
0.484441 0.068371
0.000050
0.997449
0.002502
0.000000
0.999994
0.000006
0.766651 0.029187
0.000012 0.007622
0.121033 0.075496
0.324555
0.000006
0.675438
0.401406
0.000281
0.598312
0.000010 0.000000
0.995790 0.004034
0.000167 0.000000
0.301541
0.000000
0.698459
0.000986 0.000000
0.508399 0.486937
0.003678 0.000000
0.000000
0.999999
0.000001
0.010552 0.000000
0.452873 0.496739
0.039819 0.000018
0.000065 0.000000
0.941307 0.056672
0.001956 0.000000
0.000001
0.999887
0.000112
0.000304
0.994733
0.004963
0.000897
0.980046
0.019058
0.876880
0.000000
0.123120
0.000000
0.999980
0.000020
0.564902
0.000010
0.435088
0.000002
0.999753
0.000244
0.197364 0.000238
0.019571 0.670087
0.108763 0.003978
0.010334 0.000000
0.252817 0.704432
0.032340 0.000076
0.000041 0.000000
0.959170 0.039838
0.000950 0.000000
0.000000
0.999983
0.000017
0.009541 0.000001
0.072649 0.874223
0.043348 0.000238
0.931620
0.000000
0.068380
0.000195
0.989672
0.010133
0.000001
0.999518
0.000481
0.000284 0.000000
0.916200 0.082111
0.001405 0.000000
0.016364 0.000001
0.319100 0.537188
0.127082 0.000265
0.000000
0.999830
0.000170
0.000006
0.999541
0.000453
0.022776
0.798342
0.178883
0.020077 0.000001 0.000000
0.562463 0.317487 0.031173
0.068709 0.000090 0.000000
0.000000
0.999976
0.000024
0.000197
0.995915
0.003888
0.505829 0.002235
0.000449 0.071509
0.375878 0.044100
0.226053 0.309098
0.000003 0.000392
0.088923 0.375531
0.022318 0.844308
0.000000 0.000000
0.001650 0.131724
0.000256
0.992575
0.007169
0.097553 0.000227
0.000394 0.041455
0.803131 0.057240
0.000513
0.995343
0.004145
0.000000
0.999978
0.000022
0.854535
0.000000
0.145465
0.695407 0.038934
0.000003 0.001338
0.150166 0.114153
0.032742 0.122058
0.000000 0.000000
0.039300 0.805900
0.000042 0.000000
0.985352 0.013998
0.000608 0.000000
0.616836
0.000001
0.383164
0.087951 0.000040
0.394982 0.425385
0.090989 0.000653
0.114810 0.003883
0.027488 0.605722
0.198483 0.049614
0.578248
0.022329
0.399424
0.000589 0.000000
0.372629 0.615470
0.011311 0.000000
0.186030
0.009159
0.804811
0.000000
0.999994
0.000006
0.007488 0.000000
0.275644 0.703664
0.013192 0.000013
0.000018
0.999007
0.000975
0.000223 0.000000
0.980660 0.015740
0.003378 0.000000
0.529497 0.052387
0.000000 0.000310
0.184174 0.233632
0.000256
0.997982
0.001762
0.000119 0.000000
0.638559 0.357900
0.003422 0.000000
0.076494 0.677104
0.000000 0.000000
0.005952 0.240450
0.497244 0.146308
0.000000 0.000031
0.090593 0.265824
0.291372 0.313990
0.000002 0.000340
0.067522 0.326774
0.000001
0.999708
0.000291
0.160960 0.133314 0.001052
0.000004 0.001435 0.066779
0.126383 0.445698 0.064376
0.236802
0.127721
0.635477
0.007391 0.000000
0.063665 0.908675
0.020268 0.000002
0.027897 0.068546 0.001508
0.000000 0.000002 0.000185
0.075977 0.623815 0.202069
0.000000
0.999990
0.000010
0.177448 0.000390
0.015829 0.309442
0.474686 0.022205
0.074926 0.000111
0.124780 0.764494
0.034817 0.000872
0.676916
0.000038
0.323047
0.097018
0.000014
0.902967
0.025374 0.000001 0.000000
0.582455 0.304106 0.044467
0.043551 0.000046 0.000000
0.422500 0.001413
0.000000 0.000283
0.388704 0.187100
0.628375 0.030695
0.004465 0.097297
0.175485 0.063682
0.000279 0.000000 0.000000
0.869944 0.121003 0.004938
0.003834 0.000002 0.000000
0.303141
0.000000
0.696859
0.016044 0.000006 0.000000
0.183942 0.546490 0.235184
0.018178 0.000156 0.000000
0.239287
0.000000
0.760712
0.485746 0.000021
0.000020 0.024577
0.481491 0.008145
0.000300
0.998062
0.001638
0.000028
0.990531
0.009441
0.000845
0.992724
0.006431
0.009832
0.900042
0.090125
0.000010
0.999529
0.000461
0.491518 0.149553
0.000000 0.000021
0.087935 0.270973
0.000002
0.999799
0.000200
0.000068 0.000000
0.924641 0.073284
0.002007 0.000000
0.000042 0.000000
0.981992 0.017570
0.000396 0.000000
0.393243
0.000000
0.606757
0.842685
0.000000
0.157315
0.002077 0.000000
0.623311 0.364756
0.009851 0.000006
0.000128 0.000000
0.888544 0.108963
0.002366 0.000000
0.068267 0.000065
0.014978 0.724363
0.186011 0.006316
0.000019
0.999581
0.000400
0.001060 0.922737
-0.000000 0.000000
0.000057 0.076146
0.000290 0.000000
0.736556 0.258612
0.004541 0.000001
0.003947 0.717367
-0.000000 0.000000
0.000152 0.278534
0.000057 0.000000
0.973277 0.026137
0.000529 0.000000
0.017738 0.000006 0.000000
0.009616 0.286204 0.625535
0.059916 0.000984 0.000000
0.000002
0.999675
0.000323
0.000002
0.999711
0.000287
0.253620 0.000000
0.006864 0.460514
0.278836 0.000165
0.000002
0.999835
0.000164
0.016707 0.000000
0.336175 0.559332
0.087774 0.000011
0.709345
0.000000
0.290655
0.000238 0.000000
0.835604 0.159673
0.004485 0.000000
0.015802 0.000004
0.121403 0.792718
0.069449 0.000623
0.000308
0.994422
0.005270
0.022066 0.087970
0.000000 0.000000
0.042198 0.847766
0.000000
0.999837
0.000163
0.004685 0.000000
0.150816 0.820287
0.024149 0.000062
0.640599
0.001328
0.358073
0.006056 0.000000
0.404433 0.515471
0.074005 0.000036
0.000007
0.998990
0.001003
0.517220 0.045953
0.000157 0.015025
0.258541 0.163104
0.254448 0.038888
0.000044 0.006377
0.355242 0.345002
0.000000
0.999999
0.000001
0.651746
0.000000
0.348254
0.000000
0.999981
0.000019
0.005612 0.000000
0.225563 0.732919
0.035836 0.000070
0.115664
0.485154
0.399181
0.276431
0.000000
0.723569
0.131039
0.000119
0.868842
0.015508 0.000000
0.178150 0.779394
0.026925 0.000023
0.000020
0.998962
0.001018
0.287619
0.010094
0.702287
0.001730 0.000000
0.102864 0.876777
0.018627 0.000001
0.005030 0.000001
0.374954 0.590172
0.029705 0.000139
0.268967
0.002308
0.728725
0.005707
0.975697
0.018596
0.002160 0.000000
0.905565 0.081724
0.010552 0.000000
0.711277
0.000369
0.288355
0.667645
0.000000
0.332355
0.820515
0.000001
0.179484
0.394626
0.270084
0.335290
0.000135
0.997959
0.001906
0.260806
0.000045
0.739149
0.237949 0.000106
0.013405 0.406161
0.336033 0.006346
0.002586 0.862125
-0.000000 0.000000
0.000216 0.135073
0.839207
0.000004
0.160790
0.001934 0.000000
0.770678 0.224214
0.003173 0.000001
0.000077
0.996995
0.002928
0.000349 0.000000
0.444466 0.546658
0.008527 0.000000
0.000003
0.999915
0.000082
0.718468
0.000000
0.281532
0.001774
0.990080
0.008146
0.005764 0.000004
0.394623 0.567930
0.031363 0.000315
0.008383
0.974155
0.017462
0.000016
0.999608
0.000377
0.000540 0.673007
-0.000000 -0.000000
0.000040 0.326413
0.243534 0.000342
0.002353 0.166363
0.560811 0.026598
0.227577
0.002090
0.770333
0.000057
0.999091
0.000852
0.590807
0.000493
0.408700
0.915876
0.000000
0.084124
0.828662
0.000000
0.171338
0.001959 0.000000
0.075407 0.900670
0.021963 0.000002
0.286943 0.000007
0.000170 0.081619
0.625516 0.005746
0.000174
0.994066
0.005760
0.654338
0.000000
0.345662
0.000009 0.000000
0.996840 0.002910
0.000240 0.000000
0.000028
0.999492
0.000479
0.107752
0.000030
0.892218
0.492944
0.001869
0.505187
0.000001 0.000000
0.996933 0.003021
0.000044 0.000000
0.004841 0.000000
0.106125 0.873828
0.015204 0.000001
0.000016
0.999583
0.000401
0.000000
0.999900
0.000100
0.000215 0.000000
0.904949 0.091705
0.003130 0.000000
0.063203 0.000012
0.463775 0.396448
0.076257 0.000305
0.000164
0.992436
0.007400
0.000057
0.996788
0.003155
0.729889
0.000697
0.269414
0.291822
0.000000
0.708178
0.013845 0.000001
0.255447 0.713551
0.017110 0.000047
0.001613 0.000000
0.125090 0.849666
0.023630 0.000001
0.000169 0.000000
0.493557 0.502135
0.004139 0.000000
0.396972 0.000004
0.000591 0.131692
0.468571 0.002170
0.000114
0.996869
0.003016
0.000842 0.000000
0.779101 0.215921
0.004135 0.000000
0.024448
0.000106
0.975446
0.000008
0.999901
0.000091
0.000010
0.999449
0.000541
0.001022 0.000000
0.372772 0.612505
0.013699 0.000001
0.208588 0.267082
0.000000 0.000005
0.059187 0.465138
0.116814 0.000041
0.015799 0.415549
0.444779 0.007018
0.602102
0.000000
0.397898
0.063881 0.000007
0.084559 0.738981
0.111943 0.000630
0.000002
0.999096
0.000902
0.111388 0.000007
0.076003 0.587309
0.224370 0.000922
0.000000
0.999975
0.000025
0.557935
0.000017
0.442048
0.151008
0.002359
0.846633
0.073724 0.000048
0.014236 0.675763
0.230088 0.006142
0.417391
0.000729
0.581880
0.007630 0.109441
0.000000 0.000000
0.008486 0.874444
0.915412
0.000000
0.084588
0.000003
0.999741
0.000256
0.007843 0.000000
0.048578 0.922109
0.021467 0.000002
0.716574
0.000401
0.283025
0.019773 0.345199 0.414630
0.000000 0.000001 0.000022
0.002411 0.054037 0.163929
0.000014
0.996959
0.003027
0.000026
0.999186
0.000789
0.001284 0.000000
0.622480 0.366413
0.009797 0.000026
0.000000
0.999993
0.000007
0.000036
0.997763
0.002201
0.864519
0.000001
0.135481
0.003762 0.844026
0.000000 0.000000
0.000350 0.151862
0.000015
0.999549
0.000436
0.388361
0.000022
0.611617
0.000925 0.000000
0.752375 0.243082
0.003617 0.000000
0.000106
0.985966
0.013927
0.130818 0.023292
0.000000 0.000318
0.302153 0.543419
0.667317
0.000000
0.332683
0.071308 0.003215 0.000006 0.000000
0.007260 0.113261 0.350914 0.406284
0.037555 0.009936 0.000260 0.000001
0.005171 0.000000
0.212291 0.754659
0.027816 0.000062
0.000640 0.000000
0.851970 0.144408
0.002982 0.000001
0.000000
0.999968
0.000032
0.074430 0.000043 0.000000
0.004911 0.202969 0.605226
0.109769 0.002651 0.000001
0.038205 0.000239 0.000000
0.083579 0.415950 0.417847
0.041743 0.002423 0.000014
0.341657 0.001439
0.027846 0.230492
0.377262 0.021305
0.000021
0.998262
0.001717
0.001047
0.995874
0.003080
0.004877 0.000000
0.280918 0.680130
0.034038 0.000037
0.002046 0.000001 0.000000
0.607374 0.321045 0.057392
0.012058 0.000084 0.000000
0.008561 0.000001
0.549461 0.411768
0.030122 0.000086
0.000056
0.998365
0.001579
0.029965 0.221247
0.000000 0.000000
0.024580 0.724208
0.005139
0.978516
0.016345
0.060533 0.000051
0.033861 0.405880
0.488748 0.010926
0.003959 0.000000
0.407020 0.579336
0.009678 0.000007
0.000104
0.987733
0.012163
0.037653
0.612520
0.349826
0.003863
0.974671
0.021465
0.333525 0.001809
0.017172 0.260894
0.361055 0.025545
0.241867
0.029042
0.729091
0.001824 0.876215
0.000000 0.000000
0.000147 0.121813
0.020199 0.000000
0.013349 0.876833
0.089506 0.000113
0.525400
0.000627
0.473973
0.261279
0.000128
0.738593
0.001945 0.000000
0.313041 0.668523
0.016478 0.000013
0.000015
0.997838
0.002147
0.506433
0.000000
0.493567
0.015409 0.000130 0.000000
0.073353 0.401820 0.458351
0.047510 0.003401 0.000026
0.002984 0.000000
0.253269 0.663376
0.080366 0.000004
0.000040 0.000000 0.000000
0.956957 0.041517 0.000392
0.001094 0.000000 0.000000
0.022383 0.000001
0.591539 0.354736
0.031295 0.000046
0.076979 0.000316
0.104977 0.745049
0.069278 0.003401
0.000005
0.999520
0.000475
0.117738 0.621743
0.000000 0.000000
0.010969 0.249550
0.320962 0.000002
0.001037 0.186248
0.490366 0.001385
0.248742
0.059318
0.691941
0.042126 0.132983
0.000000 0.000000
0.011367 0.813524
0.060933 0.000000
0.020712 0.838732
0.079529 0.000094
0.000049
0.997580
0.002372
0.000655
0.992560
0.006785
0.645626
0.000000
0.354374
0.337567
0.013118
0.649315
0.004951 0.000000
0.215823 0.763787
0.015437 0.000001
0.002099 0.000000 0.000000
0.225209 0.605780 0.151136
0.015758 0.000018 0.000000
0.025995 0.235649
0.000000 0.000000
0.007306 0.731050
0.729284
0.000000
0.270715
0.000330 0.000000
0.761824 0.222681
0.015166 0.000000
0.000075
0.997483
0.002442
0.121261
0.000020
0.878719
0.000000
0.999972
0.000028
0.230915 0.298301
0.000000 0.000028
0.078722 0.392034
0.019740
0.043518
0.936742
0.000030
0.999522
0.000448
0.037975
0.847633
0.114392
0.165163 0.318114 0.020998
0.000000 0.000077 0.002281
0.061759 0.301230 0.130378
0.572640
0.000000
0.427360
0.000177 0.000000
0.782495 0.214189
0.003139 0.000000
0.376385 0.000954
0.003709 0.354963
0.245815 0.018174
0.026169 0.000842 0.000002
0.058395 0.321631 0.516270
0.065224 0.011206 0.000262
0.000027 0.000000
0.992173 0.007580
0.000219 0.000000
0.000004
0.999759
0.000237
0.006894 0.000000
0.090285 0.878161
0.024659 0.000002
0.000458
0.994700
0.004842
0.008341 0.000000
0.056049 0.874171
0.061413 0.000026
0.011532 0.000001 0.000000
0.800460 0.146855 0.008107
0.033001 0.000044 0.000000
0.693858
0.000000
0.306142
0.009583 0.000002
0.630900 0.335221
0.024207 0.000086
0.000348
0.972474
0.027177
0.021902 0.000002
0.104420 0.580132
0.292392 0.001152
0.679075
0.000000
0.320925
0.000009 0.000000
0.983153 0.016406
0.000432 0.000000
0.000284 0.000000
0.944887 0.053997
0.000832 0.000000
0.274945 0.000091
0.011547 0.318020
0.389411 0.005986
0.000552 0.371355 0.128140
0.000000 0.000000 0.000000
0.000044 0.048096 0.451813
0.092054 0.014952
0.000000 0.000094
0.320774 0.572126
0.000001
0.999886
0.000113
0.102963
0.000327
0.896710
0.000184
0.997064
0.002752
0.000000
0.999961
0.000039
0.010909 0.000008 0.000000
0.431154 0.433097 0.106460
0.018192 0.000179 0.000000
0.363197
0.000021
0.636781
0.079503
0.000075
0.920422
0.000621
0.986458
0.012921
0.000454 0.000000
0.894796 0.103328
0.001422 0.000000
0.000000
0.999917
0.000083
0.000494 0.000000 0.000000
0.936268 0.059446 0.001704
0.002088 0.000000 0.000000
0.021125 0.093346
0.000000 0.000000
0.040393 0.845136
0.135071
0.004273
0.860655
0.021587
0.877939
0.100475
0.012905 0.795554
0.000000 0.000000
0.001920 0.189620
0.267394
0.000001
0.732605
0.000012 0.000000
0.993908 0.003467
0.002613 0.000000
0.104400 0.009859
0.000000 0.000151
0.393190 0.492401
0.000000
0.999999
0.000001
0.238623 0.000857 0.000000
0.011425 0.164020 0.307993
0.262875 0.014173 0.000034
0.000329
0.997444
0.002227
0.107046 0.001284
0.000441 0.028867
0.726348 0.136014
0.570781
0.000502
0.428717
0.015738 0.000004
0.079424 0.840188
0.063947 0.000698
0.696697
0.000175
0.303128
0.110220 0.450379
0.000000 0.000000
0.019122 0.420279
0.011866 0.000001
0.099548 0.828014
0.060351 0.000220
0.087543 0.001290
0.034405 0.305685
0.511108 0.059969
0.674685 0.024826
0.000004 0.002025
0.187585 0.110875
0.000016
0.998279
0.001706
0.000144
0.998899
0.000957
0.081961 0.000014
0.040611 0.714295
0.161673 0.001446
0.000105 0.000000
0.926514 0.072078
0.001303 0.000000
0.000000
0.999787
0.000213
0.000083 0.000000
0.955469 0.042666
0.001782 0.000000
0.116063
0.187960
0.695977
0.001022
0.972338
0.026640
0.646959 0.033947
0.001789 0.046323
0.193896 0.077085
0.000389 0.000000
0.739690 0.253156
0.006763 0.000001
0.000001
0.999868
0.000131
0.000009 0.000000
0.916189 0.083197
0.000605 0.000000
0.047715 0.000002
0.127413 0.720033
0.104576 0.000261
0.032258 0.000005
0.086541 0.810188
0.070522 0.000486
0.099188 0.000028
0.029240 0.760973
0.109079 0.001493
0.117374 0.000033
0.137908 0.513466
0.229371 0.001847
0.364102 0.000559
0.005866 0.352171
0.264482 0.012821
0.000490 0.000000
0.856726 0.138933
0.003851 0.000000
0.363824 0.001022
0.005747 0.435784
0.180085 0.013538
0.706670
0.000007
0.293323
0.000002
0.999868
0.000130
0.452987 0.131897
0.000000 0.000027
0.104386 0.310703
0.000465
0.986358
0.013177
0.000123
0.995770
0.004107
0.000308
0.996348
0.003344
0.001828 0.000000
0.553425 0.428877
0.015844 0.000026
0.012511 0.000017 0.000000
0.266690 0.477920 0.227511
0.015099 0.000252 0.000000
0.000020
0.999737
0.000242
0.001316
0.992474
0.006210
0.579609
0.000000
0.420391
0.555692 0.000138
0.000004 0.008801
0.411137 0.024228
0.000001
0.999967
0.000032
0.000357
0.995772
0.003872
0.001163 0.915045
0.000000 0.000000
0.000067 0.083725
0.148876 0.521891
0.000000 0.000001
0.017635 0.311597
0.002757 0.000002 0.000000
0.463667 0.420796 0.097855
0.014786 0.000138 0.000000
0.426625 0.000622
0.002134 0.139215
0.411732 0.019672
0.951244
0.000000
0.048756
0.002658 0.000000
0.480406 0.509321
0.007612 0.000003
0.000025
0.999684
0.000290
0.000007
0.999455
0.000538
0.003956 0.000000
0.711819 0.277176
0.007036 0.000013
0.000007
0.999402
0.000591
0.051970
0.032062
0.915968
0.000000
1.000000
0.000000
0.002877 0.000000 0.000000
0.233027 0.544752 0.201767
0.017521 0.000055 0.000000
0.004960 0.000000
0.457980 0.527158
0.009898 0.000004
0.000000
0.999974
0.000026
0.450450
0.000000
0.549550
0.679725
0.000002
0.320274
0.283836 0.086634 0.000832 0.000000
0.000080 0.005393 0.064286 0.257540
0.128324 0.156677 0.016138 0.000259
0.871758
0.000000
0.128242
0.475872
0.000066
0.524062
0.480849 0.010091
0.001848 0.145221
0.282444 0.079546
0.052378
0.805321
0.142301
0.544953
0.000000
0.455047
0.276721 0.093701
0.000000 0.000000
0.049502 0.580075
0.000002
0.994548
0.005450
0.000401
0.995386
0.004214
0.000019
0.998748
0.001232
0.000036
0.999011
0.000954
0.000962 0.000000
0.551409 0.436803
0.010827 0.000000
0.000044
0.998331
0.001625
0.000000
0.999997
0.000003
0.062460
0.021869
0.915671
0.007837
0.958127
0.034036
0.117579 0.000040
0.126643 0.568364
0.185596 0.001778
0.009412 0.000026 0.000000
0.100503 0.451511 0.406682
0.030816 0.001046 0.000003
0.000034
0.999443
0.000523
0.081658
0.038079
0.880263
0.009440 0.000000
0.653025 0.296093
0.041429 0.000014
0.002825 0.874816
0.000000 0.000000
0.000259 0.122100
0.014010
0.907415
0.078574
0.032243 0.000300 0.000000
0.007189 0.196144 0.676962
0.078229 0.008891 0.000042
0.000000
0.999940
0.000060
0.005311 0.000000
0.402695 0.578051
0.013932 0.000011
0.000033
0.999281
0.000686
0.000003
0.999711
0.000286
0.000068
0.999105
0.000827
0.012233
0.928248
0.059519
0.079221 0.001698 0.000001
0.004716 0.098862 0.336135
0.404326 0.074228 0.000814
0.015775
0.936239
0.047986
0.000263 0.000000
0.913780 0.068076
0.017880 0.000000
0.260791
0.006356
0.732854
0.000000
0.999998
0.000002
0.060573 0.000005
0.088187 0.746775
0.103934 0.000526
0.000000
0.999842
0.000158
0.000027 0.000000
0.967465 0.031755
0.000754 0.000000
0.188734
0.032560
0.778707
0.002056
0.977114
0.020830
0.000183 0.000000
0.719977 0.275531
0.004310 0.000000
0.003593 0.000000
0.631450 0.316521
0.048427 0.000008
0.722301
0.000018
0.277681
0.000003
0.999691
0.000306
0.888463
0.000000
0.111537
0.966593
0.000000
0.033407
0.583635 0.011200 0.000000
0.000063 0.012529 0.201587
0.144434 0.046374 0.000179
0.000001
0.999349
0.000650
0.001936 0.000000
0.637234 0.296845
0.063973 0.000012
0.932188
-0.000000
0.067812
0.000008
0.999409
0.000584
0.896674
0.000000
0.103326
0.080166 0.000008
0.078398 0.692946
0.147664 0.000818
0.000001
0.999833
0.000166
0.002410
0.984882
0.012708
0.002454 0.000002 0.000000 0.000000
0.589498 0.325352 0.060758 0.006328
0.015492 0.000115 0.000000 0.000000
0.504885
0.000034
0.495080
0.000000
0.999975
0.000025
0.003597 0.000000
0.251848 0.716490
0.028038 0.000028
0.000163
0.980460
0.019377
0.075067 0.001005
0.049645 0.711352
0.143046 0.019885
0.000068
0.997717
0.002215
0.000000
0.999985
0.000015
0.140207 0.000515
0.000994 0.086501
0.706743 0.065041
0.000011
0.999467
0.000522
0.002736 0.000000
0.245716 0.734758
0.016763 0.000026
0.000002
0.999401
0.000598
0.000483 0.000000
0.592393 0.401041
0.006082 0.000001
0.072785 0.000000
0.056229 0.658338
0.212558 0.000090
0.000000
0.999999
0.000001
0.104770
0.000196
0.895034
0.000006
0.999580
0.000414
0.000020 0.023896 0.725508
0.000000 0.000000 0.000000
0.000006 0.004564 0.246006
0.001679 0.000000
0.802135 0.183905
0.012280 0.000001
0.001031 0.787256
0.000000 -0.000000
0.000041 0.211672
0.296006
0.240031
0.463964
0.000080
0.997441
0.002478
0.438801 0.109370
0.000000 0.000058
0.128355 0.323417
0.125174 0.641175
0.000000 0.000008
0.013860 0.219783
0.000675 0.000000
0.786970 0.209606
0.002749 0.000000
0.829988
0.000000
0.170012
0.004363 0.000000
0.601588 0.325495
0.068434 0.000120
0.000005
0.999514
0.000481
0.012969 0.000010
0.155029 0.781072
0.050081 0.000838
0.000065 0.000000
0.913625 0.084644
0.001666 0.000000
0.000115
0.998218
0.001667
0.006007 0.891778
0.000000 0.000000
0.000318 0.101897
0.006843
0.964668
0.028489
0.056366
0.556882
0.386752
0.000054
0.998828
0.001119
0.020866 0.000004
0.041017 0.857587
0.079714 0.000812
0.001273 0.000000 0.000000
0.840432 0.148729 0.005417
0.004147 0.000001 0.000000
0.000002
0.999787
0.000211
0.000000
0.999979
0.000021
0.282691 0.014395
0.000445 0.065586
0.403510 0.233374
0.004899 0.000000
0.555991 0.332956
0.106011 0.000143
0.802242
0.000001
0.197758
0.000000
0.999976
0.000024
0.001925 0.000000
0.456704 0.523267
0.018088 0.000016
0.320776
0.001042
0.678183
0.131190
0.000015
0.868795
0.011772 0.000001
0.117911 0.811217
0.058848 0.000251
0.000142 0.000000
0.848590 0.148420
0.002848 0.000000
0.000000
1.000000
0.000000
0.000680
0.994749
0.004571
0.000000
0.999987
0.000013
0.000256
0.997012
0.002732
0.087376 0.000017
0.038094 0.808207
0.065633 0.000674
0.000088
0.999052
0.000859
0.003647 0.000000 0.000000
0.689412 0.157824 0.014420
0.134507 0.000190 0.000000
0.000755
0.972691
0.026553
0.331373
0.000021
0.668606
0.002204 0.000000
0.470006 0.522376
0.005414 0.000000
0.000002
0.999759
0.000239
0.002093
0.871825
0.126082
0.900574
0.000000
0.099426
0.094227
0.000000
0.905773
0.002468 0.000000
0.829338 0.158784
0.009406 0.000003
0.000646
0.995048
0.004306
0.000145
0.998293
0.001562
0.001198 0.000000
0.421804 0.566445
0.010545 0.000008
0.828207
0.000000
0.171793
0.539699 0.023725
0.000019 0.004707
0.273210 0.158640
0.033195 0.000003
0.032020 0.351745
0.579889 0.003148
0.226176
0.000000
0.773823
0.894808
0.000000
0.105192
0.233174
0.000000
0.766825
0.852131
0.000000
0.147869
0.010731 0.000000
0.053457 0.916841
0.018969 0.000002
0.103693 0.000117
0.012249 0.605129
0.268568 0.010243
0.370865
0.000000
0.629135
0.000038
0.996538
0.003424
0.460346 0.002567
0.002170 0.238427
0.263135 0.033355
0.000000
0.999999
0.000001
0.416095 0.024747
0.004737 0.127551
0.297225 0.129646
0.000025 0.975438
0.000000 0.000000
0.000000 0.024537
0.740368 0.000638
0.000019 0.020857
0.213501 0.024618
0.000534
0.990422
0.009044
0.268136 0.000936
0.001549 0.113680
0.566975 0.048723
0.001448
0.982008
0.016543
0.006102
0.942538
0.051360
0.066095 0.686105
0.000000 0.000000
0.005536 0.242265
0.629759
0.000051
0.370190
0.100618 0.002318 0.000002
0.023484 0.262850 0.576307
0.029610 0.004737 0.000074
0.000689
0.989301
0.010010
0.000001
0.999888
0.000112
0.003385 0.000000
0.556699 0.389346
0.050556 0.000013
0.853770
0.000000
0.146230
0.000312
0.997579
0.002110
0.007165 0.000000
0.109272 0.845844
0.037583 0.000136
0.000067 0.666724
0.000000 -0.000000
0.000012 0.333197
0.007110 0.000000
0.374495 0.605075
0.013297 0.000023
0.000084 0.000000
0.900385 0.097924
0.001607 0.000000
0.000646
0.984507
0.014847
0.001792 0.000000
0.423804 0.556725
0.017670 0.000009
0.001846 0.000000
0.447153 0.546368
0.004633 0.000000
0.314815 0.287164
0.000000 0.000042
0.054500 0.343479
0.007475 0.544076
0.000000 0.000000
0.002249 0.446200
0.000002
0.999798
0.000200
0.347143
0.000000
0.652857
0.477230 0.000014
0.000145 0.061857
0.455895 0.004859
0.046208 0.000229 0.000000
0.029696 0.328852 0.564675
0.028567 0.001767 0.000006
0.016670 0.000001
0.216060 0.739520
0.027688 0.000062
0.647104
0.000000
0.352896
0.000075
0.996808
0.003117
0.002536 0.000000
0.645517 0.311606
0.040331 0.000010
0.184463 0.150313
0.000000 0.000000
0.020408 0.644815
0.008545 0.000000
0.374180 0.606223
0.011035 0.000017
0.914493
0.000000
0.085507
0.177012 0.526947
0.000000 0.000000
0.017727 0.278314
0.000000
0.999998
0.000002
0.000385
0.994781
0.004833
0.000071
0.999326
0.000603
0.248493
0.001785
0.749722
0.140593 0.120910 0.000178
0.000001 0.000750 0.040856
0.108443 0.539869 0.048400
0.256696 0.247285
0.000000 0.000017
0.070236 0.425766
0.000037
0.998051
0.001912
0.603104 0.000332
0.000000 0.000753
0.354921 0.040889
0.201808 0.000028
0.030019 0.528445
0.237778 0.001922
0.005526 0.000002
0.368171 0.593829
0.032262 0.000211
0.485486 0.000013
0.000466 0.253047
0.258274 0.002714
0.670703
0.000001
0.329296
0.254353
0.003012
0.742635
0.001115 0.000000
0.449059 0.539508
0.010313 0.000006
0.112105 0.007112
0.000000 0.000369
0.460229 0.420184
0.152554 0.029597
0.000000 0.000111
0.257610 0.560128
0.000004
0.999780
0.000217
0.202640
0.000003
0.797357
0.733209 0.000083
0.000002 0.004621
0.253337 0.008747
0.235169
0.102198
0.662633
0.000290
0.968778
0.030931
0.000216
0.998486
0.001298
0.016328 0.858965
0.000000 0.000000
0.001085 0.123622
0.158429 0.000489 0.000000
0.075833 0.334794 0.305581
0.120516 0.004344 0.000013
0.407656 0.003383
0.009483 0.299374
0.249128 0.030976
0.043842 0.291049 0.020102
0.000000 0.000000 0.000058
0.021292 0.360518 0.263140
0.000208 0.000000
0.910971 0.083590
0.005232 0.000000
0.003678
0.984571
0.011751
0.138703
0.000271
0.861026
0.129710 0.026404
0.000002 0.000730
0.302695 0.540459
0.000035
0.999476
0.000489
0.004950 0.000000
0.252199 0.709886
0.032906 0.000058
0.000337 0.055614 0.092335
0.000000 0.000000 0.000000
0.000456 0.090726 0.760531
0.012311 0.000000
0.554427 0.375325
0.057921 0.000016
0.032792
0.904777
0.062431
0.072396 0.000048
0.002528 0.120593
0.783173 0.021263
0.422197 0.084576
0.000002 0.000650
0.179737 0.312838
0.000805 0.000000
0.831255 0.160035
0.007905 0.000000
0.150550
0.000034
0.849416
0.776826
0.000000
0.223174
0.000104 0.814662
0.000000 0.000000
0.000007 0.185227
0.112540 0.002456
0.000153 0.014359
0.669554 0.200937
0.000013
0.999681
0.000306
0.000561 0.000000
0.862720 0.134947
0.001772 0.000000
0.554504
0.000068
0.445427
0.313201 0.000003
0.000709 0.224546
0.459202 0.002339
0.806910
0.000000
0.193090
0.011512 0.000000
0.631982 0.310583
0.045871 0.000052
0.356132
0.036246
0.607623
0.824616
0.000000
0.175384
0.572428 0.026008
0.000006 0.002378
0.242034 0.157146
0.575982 0.103356 0.000161
0.000010 0.001933 0.042577
0.127030 0.142735 0.006216
0.445326
0.000007
0.554667
0.000031
0.998613
0.001357
0.654414
0.000099
0.345487
0.000009 0.000000
0.949791 0.049535
0.000666 0.000000
0.105910 0.581460 0.003535
0.000000 0.000000 0.000027
0.009863 0.227354 0.071851
0.000009
0.999275
0.000716
0.000026 0.952968
-0.000000 -0.000000
0.000001 0.047006
0.014463
0.000379
0.985158
0.015012 0.000000
0.199754 0.757170
0.028024 0.000039
0.767126
0.000000
0.232873
0.846212
0.000000
0.153788
0.019354 0.459941
0.000000 0.000000
0.006058 0.514646
0.000000
0.999997
0.000003
0.000000
0.999885
0.000115
0.433740 0.001115
0.001888 0.186141
0.350784 0.026332
0.000818
0.987861
0.011321
0.403217 0.265986 0.005196
0.000053 0.002883 0.030349
0.081138 0.178473 0.032705
0.000223
0.998427
0.001350
0.025713 0.199340
0.000000 0.000000
0.037415 0.737532
0.730394 0.000083
0.000003 0.005294
0.255632 0.008595
0.003151 0.000002
0.464996 0.515832
0.015855 0.000164
0.014024
0.000309
0.985667
0.000092
0.992980
0.006928
0.000001
0.999939
0.000061
0.001738 0.000000
0.707890 0.285810
0.004560 0.000001
0.002404 0.000000
0.490837 0.488989
0.017723 0.000046
0.003302 0.000001
0.485030 0.489092
0.022477 0.000097
0.167881 0.003844
0.000064 0.012638
0.599482 0.216091
0.000007
0.990474
0.009519
0.000001
0.999842
0.000157
0.544464 0.033697
0.000024 0.004911
0.244496 0.172409
0.016118 0.000000
0.125336 0.606051
0.252022 0.000472
0.941947
0.000000
0.058053
0.000115 0.000000
0.841474 0.156060
0.002350 0.000000
0.016378 0.704050
0.000000 0.000000
0.002073 0.277499
0.008619 0.000259 0.000002 0.000000
0.279212 0.348559 0.226120 0.106678
0.027571 0.002864 0.000114 0.000002
0.000027
0.998733
0.001239
0.003125 0.000000
0.546822 0.443470
0.006579 0.000003
0.123858 0.002265
0.023618 0.559954
0.243089 0.047216
0.000001
0.999872
0.000127
0.000002
0.999928
0.000069
0.010872 0.138746
0.000000 0.000000
0.016719 0.833663
0.009289 0.761657
0.000000 0.000000
0.001173 0.227881
0.000002 0.000000
0.972611 0.027157
0.000230 0.000000
0.766611
0.000000
0.233389
0.000013
0.999410
0.000577
0.260755 0.003378
0.003959 0.324464
0.337601 0.069843
0.036822 0.000012
0.026281 0.816293
0.118707 0.001884
0.000000
0.999983
0.000017
0.000948
0.982477
0.016575
0.453868 0.007978
0.006227 0.186407
0.294204 0.051315
0.000004 0.000000
0.985474 0.014408
0.000114 0.000000
0.000000
1.000000
0.000000
0.000008 -0.000000
0.996003 0.003675
0.000314 0.000000
0.000517
0.980757
0.018725
0.002708 0.207129 0.126135
0.000000 0.000000 0.000000
0.001082 0.125736 0.537209
0.689128
0.000015
0.310857
0.000044 0.000000
0.929630 0.069133
0.001193 0.000000
0.173216
0.000042
0.826741
0.000000
0.999925
0.000075
0.000102 0.000000
0.937156 0.060769
0.001972 0.000000
0.000002
0.999910
0.000088
0.045900
0.576541
0.377560
0.000018
0.999586
0.000396
0.026325 0.000382 0.000000
0.028232 0.288088 0.581165
0.067603 0.008128 0.000077
0.090656
0.063782
0.845562
0.957584
0.000000
0.042416
0.609567
0.000000
0.390433
0.000000
0.999963
0.000037
0.000004
0.999706
0.000291
0.257540 0.006288
0.002030 0.209278
0.394678 0.130187
0.000826 0.000000
0.777952 0.218272
0.002950 0.000000
0.000028
0.999470
0.000501
0.000000
0.999801
0.000198
0.561488
0.000000
0.438512
0.000001 0.035928 0.868206
-0.000000 0.000000 0.000000
0.000000 0.000480 0.095386
0.005284 0.000000
0.130380 0.850573
0.013761 0.000001
0.544727
0.002160
0.453113
0.002182 0.709071
-0.000000 -0.000000
0.000096 0.288651
0.666360
0.000648
0.332992
0.645601 0.010191
0.000232 0.064011
0.215408 0.064557
0.000546
0.995374
0.004079
0.517517
0.000000
0.482483
0.674186
0.000278
0.325536
0.001832 0.000000
0.777460 0.136781
0.083875 0.000053
0.032721 0.000333 0.000000
0.007617 0.197903 0.673211
0.078790 0.009376 0.000049
0.178240 0.276430
0.000000 0.000001
0.046480 0.498849
0.214957 0.000960
0.002248 0.295630
0.436523 0.049680
0.000000
0.999816
0.000184
0.236289 0.000000
0.002293 0.285384
0.475465 0.000569
0.002262 0.000000
0.626663 0.364421
0.006651 0.000002
0.001501 0.000000
0.346249 0.639753
0.012486 0.000010
0.001075
0.978992
0.019932
0.112745
0.002507
0.884748
0.000380
0.988313
0.011307
0.000523 0.000000
0.265834 0.725133
0.008510 0.000000
0.319823
0.007357
0.672820
0.525391
0.000114
0.474496
0.000510
0.988894
0.010595
0.003323 0.000000
0.274316 0.697042
0.025283 0.000035
0.010171 0.000005
0.247580 0.703169
0.038644 0.000430
0.000146
0.981743
0.018110
0.000000
0.999916
0.000084
0.000022
0.999355
0.000623
0.184999
0.000000
0.815001
0.001243 0.000000
0.708684 0.285293
0.004779 0.000000
0.003884 0.000001
0.328022 0.645161
0.022831 0.000101
0.000293 0.000000
0.918618 0.076846
0.004242 0.000000
0.000078
0.998218
0.001704
0.000000
0.999997
0.000003
0.000438
0.988138
0.011424
0.096770 0.001748 0.000000
0.008126 0.183501 0.634999
0.064058 0.010700 0.000098
0.047660
0.019719
0.932621
0.000001
0.999860
0.000139
0.469307
0.000489
0.530204
0.845087
0.000000
0.154913
0.000003
0.998034
0.001963
0.000455
0.987402
0.012143
0.102171
0.000014
0.897815
0.008430
0.958279
0.033290
0.673801 0.002691
0.000445 0.046398
0.251299 0.025366
0.001136 0.000000
0.765718 0.152311
0.080829 0.000005
0.573962
0.000297
0.425741
0.000042
0.997806
0.002151
0.778095
0.000011
0.221894
0.000012
0.999212
0.000777
0.001928 0.000000
0.402573 0.581716
0.013761 0.000022
0.000014
0.999729
0.000257
0.000000
0.999986
0.000014
0.113841
0.292425
0.593734
0.048660 0.000152 0.000000
0.053725 0.391301 0.475108
0.029806 0.001243 0.000003
0.687388
0.000000
0.312612
