2000 3
1 1 1 2 2 1 2 3 3 3 1 2 1 1 2 4 2 1 2 1 1 1 1 2 1 1 1 2 2 2 2 1 1 1 2 1 1 3 1 3 1 2 1 3 1 2 1 2 2 3 1 1 1 2 1 1 3 2 2 2 1 1 1 3 1 1 1 1 4 2 2 2 1 1 2 1 1 1 2 2 2 1 2 1 1 1 2 1 2 2 2 1 1 1 1 1 1 1 1 3 1 2 2 2 1 2 1 2 2 1 1 1 2 2 2 1 1 2 1 1 1 2 2 2 1 1 2 2 1 1 1 3 3 1 1 1 1 1 1 2 3 1 1 2 2 1 3 2 1 1 1 1 2 1 1 2 1 2 1 1 2 1 2 1 2 1 1 1 1 2 1 1 1 2 2 1 2 1 3 1 1 1 1 2 1 2 2 2 2 1 1 2 2 1 1 1 1 1 1 2 1 1 2 2 2 2 2 1 2 1 2 2 1 3 3 2 2 1 2 2 1 1 2 1 2 2 2 2 1 1 2 2 1 2 2 1 1 2 2 1 2 1 1 4 1 2 1 2 2 2 2 2 1 2 1 4 1 2 1 1 2 1 2 2 1 2 1 1 1 1 1 1 2 1 2 2 3 1 3 2 1 1 2 2 1 2 2 1 1 1 1 1 1 1 2 2 1 2 1 2 1 1 1 1 2 1 2 1 1 1 1 2 1 2 2 1 1 2 2 2 3 2 1 2 2 1 2 2 5 1 2 1 1 1 2 1 2 2 1 1 1 2 1 2 3 2 1 2 1 1 1 2 1 2 2 1 1 1 1 1 1 3 1 1 2 2 1 1 1 1 1 1 2 1 1 1 3 3 1 1 1 2 1 2 1 1 1 1 1 2 2 1 2 2 1 2 2 2 1 1 1 1 1 2 1 2 2 2 1 2 2 2 1 2 1 2 2 1 2 2 1 1 1 2 1 1 1 1 2 1 2 2 1 2 2 2 1 2 2 2 2 1 1 1 1 2 1 1 1 2 2 4 2 1 2 2 1 1 1 2 2 2 2 1 1 1 1 1 1 2 2 1 1 2 1 1 2 1 2 1 2 3 1 1 1 2 2 2 2 1 1 1 1 2 2 3 2 2 1 4 2 1 2 2 1 2 2 2 1 2 2 1 2 1 1 2 2 1 3 1 1 1 1 3 1 2 1 2 1 2 1 1 1 2 1 2 1 1 2 1 2 2 1 1 2 1 1 1 1 1 1 1 1 2 1 2 1 1 1 1 1 1 3 1 1 3 2 2 2 2 2 1 1 1 1 1 2 1 1 1 1 1 1 1 2 1 2 1 1 1 1 2 2 1 2 1 1 1 1 2 1 2 1 1 2 1 1 3 2 2 2 1 1 3 2 2 2 1 2 1 1 1 1 3 2 3 1 2 1 1 1 2 1 2 2 1 1 3 2 2 1 2 1 1 2 1 1 1 2 3 2 1 1 2 2 1 1 1 1 1 1 2 2 2 1 2 2 1 2 1 1 2 1 1 1 2 1 1 3 2 1 1 1 2 1 3 1 2 1 1 1 1 1 1 2 3 2 2 1 1 1 1 2 2 2 2 2 2 1 2 2 2 2 1 1 2 1 1 1 1 1 1 2 1 1 1 1 2 2 2 2 2 1 1 2 2 1 1 2 1 1 1 2 1 2 2 1 1 3 1 1 2 2 1 2 2 1 2 2 1 1 1 1 1 2 2 2 2 1 2 1 1 1 2 1 2 1 2 2 2 1 2 1 1 2 1 2 1 1 2 2 1 1 2 1 2 1 1 2 2 2 2 2 1 2 1 1 2 2 2 2 2 1 1 1 2 1 1 2 1 2 1 2 2 1 1 2 2 2 2 1 1 2 2 2 1 2 1 2 2 1 1 1 2 1 2 1 3 1 1 1 1 2 1 1 1 1 2 2 1 1 1 1 1 2 2 1 2 2 1 3 2 1 2 2 1 2 2 2 2 1 2 1 2 1 1 1 1 2 2 1 2 1 1 2 1 2 2 1 1 3 1 1 2 1 1 2 2 2 2 2 2 3 1 2 1 1 3 1 1 2 1 1 2 1 2 2 1 1 2 1 1 3 2 1 1 1 2 2 3 2 3 1 2 2 2 2 2 1 2 2 1 2 1 2 3 1 1 1 1 1 1 2 1 1 1 2 2 1 2 1 1 2 3 1 3 1 1 1 2 1 1 2 1 1 1 2 2 1 1 2 2 1 2 2 2 2 1 1 2 2 2 4 2 1 1 1 1 2 1 1 1 1 2 2 2 2 2 1 2 1 1 1 1 1 1 1 1 2 1 2 2 1 1 2 2 3 2 2 1 1 3 2 1 2 1 2 1 1 1 1 2 1 2 1 2 1 4 1 2 1 1 3 1 1 1 2 2 1 2 3 1 1 1 1 3 1 1 1 1 1 1 1 2 2 2 2 2 2 2 2 1 2 1 2 1 1 2 3 1 1 1 2 2 1 1 2 1 1 1 1 2 1 3 2 1 1 1 1 1 3 1 1 1 2 2 1 1 2 1 2 2 1 2 1 1 2 2 2 2 1 1 2 1 1 2 1 1 2 1 1 1 2 1 2 1 2 2 2 2 1 3 1 1 1 2 1 2 2 2 1 1 2 1 2 1 1 2 2 2 1 2 1 4 1 1 2 2 2 3 1 1 2 1 1 2 1 3 1 2 3 2 1 1 2 4 2 2 1 2 2 1 1 1 2 1 1 1 2 1 3 1 1 1 1 1 3 2 1 1 1 2 1 2 2 2 2 1 3 1 1 1 2 1 1 1 2 1 2 2 1 3 1 2 2 2 1 2 1 1 1 1 1 3 2 1 2 1 2 2 1 1 1 1 1 2 1 1 2 1 1 2 1 2 1 2 2 1 1 1 1 1 1 1 2 2 2 1 2 1 1 1 2 2 1 1 1 3 1 1 2 2 2 1 2 1 1 1 2 2 2 1 2 2 1 2 1 1 2 1 2 2 1 2 2 2 2 1 3 1 2 3 1 2 2 1 1 3 2 2 3 1 3 1 2 1 1 1 1 1 2 1 2 2 1 1 2 2 2 1 2 2 2 2 3 1 1 2 1 2 1 2 2 1 2 1 2 1 2 1 2 2 1 1 1 2 1 1 1 2 1 1 2 2 1 1 2 1 1 1 1 1 1 2 2 1 2 1 2 1 1 1 2 1 1 2 2 1 1 1 1 1 2 2 1 1 2 1 1 1 2 2 1 1 2 2 1 1 1 1 2 2 2 2 1 2 1 1 1 2 2 2 1 2 1 2 1 1 1 2 1 2 1 1 2 1 3 1 1 2 1 1 1 2 1 1 2 1 2 1 4 2 2 1 3 3 2 1 1 2 3 2 1 2 1 2 2 1 1 1 2 1 2 2 1 1 2 1 1 3 2 3 2 2 1 2 2 1 2 2 1 1 1 1 2 3 2 1 2 1 1 1 2 1 1 1 3 1 2 2 3 2 1 2 1 2 3 1 2 1 2 1 2 2 2 3 2 1 1 1 1 3 1 1 1 2 1 3 2 1 1 2 1 2 2 1 3 1 2 1 2 1 2 2 2 2 1 1 2 2 1 2 1 1 2 2 1 2 2 2 2 2 2 2 2 1 1 2 1 1 1 2 3 1 1 1 2 1 1 2 2 3 2 1 2 1 1 2 1 1 1 3 2 1 1 1 4 1 1 2 1 1 2 1 1 1 1 2 1 1 1 1 2 3 1 1 2 2 1 3 1 2 1 1 1 1 3 1 2 1 1 2 1 2 1 1 2 2 1 1 1 1 3 1 2 1 1 1 2 1 1 4 1 1 2 1 2 1 1 2 1 2 1 2 2 1 1 1 3 2 2 1 1 2 2 2 1 2 1 2 2 1 2 1 1 1 2 3 1 1 2 2 1 1 2 1 1 2 2 1 1 1 1 2 1 3 1 1 2 1 1 1 1 2 1 1 2 1 2 2 1 1 1 1 2 2 1 1 2 1 2 2 2 1 2 1 1 2 1 3 1 1 2 1 1 2 2 2 2 1 2 2 2 2 1 1 2 3 2 1 1 2 2 2 1 2 1 1 1 1 3 2 1 2 2 2 2 1 1 2 2 2 1 1 2 1 1 1 2 3 2 3 2 1 1 2 1 2 3 2 1 2 2 2 1 1 2 2 1 2 1 2 1 2 1 1 2 3 1 1 1 2 3 1 2 1 2 1 1 2 1 1 2 1 3 1 2 2 2 1 1 1 2 2 2 2 1 1 2 2 1 2 2 4 1 2 2 1 1 2 2 2 1 1 2 2 1 1 2 2 1 2 1 3 1 2 1 1 2 1 1 1 3 1 1 1 1 1 2 2 1 1 1 3 2 1 2 1 2 1 1 1 2 3 2 2 1 2 2 2 1 1 1 2 1 1 1 2 2 1 1 1 1 2 2 2 1 1 1 3 1 1 1 1 1 1 1 1 2 2 1 1 1 1 2 1 1 1 3 1
0.999845
-0.000000
0.000155
0.000482
0.000000
0.999518
0.001392
-0.000000
0.998608
0.054740 0.000113
0.000000 0.000000
0.096219 0.848928
0.640618 0.004398
-0.000000 0.000000
0.010697 0.344288
0.999996
-0.000000
0.000004
0.025577 0.000000
-0.000000 0.000000
0.905073 0.069350
0.283524 0.044805 0.000641
0.000000 -0.000000 -0.000000
0.010010 0.159996 0.501024
0.042001 0.000024 0.000000
-0.000000 -0.000000 -0.000000
0.863720 0.090572 0.003683
0.256614 0.090966 0.001962
0.000000 -0.000000 0.000000
0.002604 0.089486 0.558369
1.000000
-0.000000
0.000000
0.003851 0.000001
-0.000000 0.000000
0.900629 0.095520
0.999999
0.000000
0.000001
0.999986
-0.000000
0.000014
0.006998 0.000001
-0.000000 0.000000
0.577540 0.415461
0.000150 0.043972 0.540756 0.415122
-0.000000 -0.000000 0.000000 0.000000
0.000000 0.000000 0.000000 0.000000
0.019324 0.000004
-0.000000 0.000000
0.409216 0.571455
0.000013
0.000000
0.999987
0.122849 0.000482
-0.000000 0.000000
0.044345 0.832323
1.000000
-0.000000
0.000000
0.000014
-0.000000
0.999986
0.999971
0.000000
0.000029
0.015156
0.000000
0.984844
0.003440 0.000000
-0.000000 -0.000000
0.902590 0.093969
0.992688
-0.000000
0.007312
0.002656
0.000000
0.997344
0.999965
-0.000000
0.000035
0.000516 0.000000
-0.000000 0.000000
0.995558 0.003927
0.002855 0.000000
-0.000000 -0.000000
0.860020 0.137125
0.304608 0.000420
0.000000 -0.000000
0.077773 0.617198
0.503013 0.480873
-0.000000 0.000000
0.000110 0.016004
0.020303
-0.000000
0.979697
0.008241
0.000000
0.991759
0.000000
-0.000000
1.000000
0.173203 0.001706
0.000000 0.000000
0.024973 0.800118
0.004913
-0.000000
0.995087
0.002739
0.000000
0.997261
0.374941 0.019475 0.000045
-0.000000 -0.000000 0.000000
0.010133 0.170344 0.425061
0.999647
-0.000000
0.000353
0.069977 0.682395 0.247511
-0.000000 0.000000 -0.000000
0.000000 0.000001 0.000116
1.000000
-0.000000
0.000000
0.104736 0.000046
-0.000000 -0.000000
0.246084 0.649134
0.999845
-0.000000
0.000155
0.008689 0.251919 0.739392
0.000000 0.000000 -0.000000
0.000000 0.000000 0.000000
0.999999
-0.000000
0.000001
0.650704 0.010617
0.000000 -0.000000
0.015200 0.323479
1.000000
0.000000
0.000000
0.063590 0.000811
0.000000 -0.000000
0.173011 0.762589
0.002103 0.000000
0.000000 0.000000
0.821886 0.176011
0.003117 0.000000 0.000000
-0.000000 0.000000 0.000000
0.940399 0.055213 0.001271
0.003686
-0.000000
0.996314
1.000000
0.000000
0.000000
0.962496
0.000000
0.037504
0.911905 0.069124
0.000000 0.000000
0.000081 0.018890
1.000000
0.000000
0.000000
0.989248
-0.000000
0.010752
0.013745 0.000010 0.000000
0.000000 0.000000 -0.000000
0.839654 0.139854 0.006736
0.001014 0.998986
0.000000 0.000000
-0.000000 -0.000000
0.007034 0.000001
0.000000 0.000000
0.526021 0.466944
0.452900 0.009485
-0.000000 0.000000
0.007453 0.530163
0.999998
-0.000000
0.000002
0.991850
-0.000000
0.008150
0.000921
-0.000000
0.999079
0.099150 0.004020 0.000010
-0.000000 -0.000000 -0.000000
0.040071 0.333625 0.523124
1.000000
0.000000
0.000000
1.000000
-0.000000
-0.000000
0.096549
-0.000000
0.903451
0.973605
-0.000000
0.026395
0.180020 0.464590 0.236192 0.038535
-0.000000 0.000000 -0.000000 0.000000
0.000086 0.002137 0.016114 0.062326
0.000476 0.000000
0.000000 0.000000
0.958494 0.041029
0.887586 0.112388
0.000000 0.000000
0.000000 0.000026
0.029649 0.000001
-0.000000 0.000000
0.798901 0.171449
0.998642
0.000000
0.001358
0.001515
-0.000000
0.998485
0.112577 0.000228
0.000000 0.000000
0.351704 0.535492
0.999607
-0.000000
0.000393
0.000445
-0.000000
0.999555
0.000613
-0.000000
0.999387
0.002798 0.000001
0.000000 -0.000000
0.821654 0.175546
0.020575 0.000018
0.000000 -0.000000
0.495584 0.483822
0.032339 0.000092
0.000000 0.000000
0.337360 0.630209
1.000000
0.000000
0.000000
0.625934 0.008079
-0.000000 -0.000000
0.009502 0.356485
0.001878
-0.000000
0.998122
0.004557
0.000000
0.995443
0.001685
0.000000
0.998315
0.041643 0.000001
-0.000000 0.000000
0.809732 0.148624
1.000000
0.000000
0.000000
0.255910 0.003936
-0.000000 0.000000
0.027118 0.713036
0.003747 0.000001
0.000000 0.000000
0.877842 0.118410
0.301361 0.698638
0.000000 0.000000
0.000000 0.000001
0.004258
-0.000000
0.995742
0.004648
0.000000
0.995352
0.001547
0.000000
0.998453
1.000000
0.000000
0.000000
0.000753
0.000000
0.999247
1.000000
-0.000000
0.000000
0.000410
-0.000000
0.999590
0.000577
-0.000000
0.999423
0.042945 0.001316 0.000002
0.000000 -0.000000 0.000000
0.025275 0.329304 0.601158
1.000000
-0.000000
0.000000
0.001213 0.000000
0.000000 -0.000000
0.967606 0.031181
0.914049 0.043411
0.000000 -0.000000
0.000554 0.041986
0.669989 0.322695
0.000000 -0.000000
0.000097 0.007219
0.000890
0.000000
0.999110
0.011934 0.000005
-0.000000 0.000000
0.796572 0.191489
1.000000
-0.000000
0.000000
0.551163 0.434160
-0.000000 0.000000
0.000089 0.014588
0.017516 0.000002
-0.000000 -0.000000
0.567761 0.414721
0.002600
0.000000
0.997400
0.999977
0.000000
0.000023
0.999560
-0.000000
0.000440
0.015666 0.000000
0.000000 -0.000000
0.101411 0.882922
0.001001 0.000000
-0.000000 -0.000000
0.828976 0.170023
0.665709 0.157626
0.000000 0.000000
0.002343 0.174321
1.000000
0.000000
0.000000
0.001476
-0.000000
0.998524
0.493080 0.000324
0.000000 -0.000000
0.001406 0.505190
0.001765
0.000000
0.998235
0.001956
0.000000
0.998044
0.002296
0.000000
0.997704
0.916836 0.083078
-0.000000 0.000000
0.000000 0.000086
0.017585 0.000008
0.000000 0.000000
0.449152 0.533255
0.162147 0.002186
-0.000000 -0.000000
0.107650 0.728017
0.999914
-0.000000
0.000086
1.000000
-0.000000
0.000000
0.083610 0.916390
0.000000 -0.000000
0.000000 0.000000
0.811487 0.085748
-0.000000 0.000000
0.000473 0.102292
0.000221
-0.000000
0.999779
1.000000
0.000000
0.000000
0.000697
0.000000
0.999303
0.151011 0.000531 0.000000
-0.000000 0.000000 0.000000
0.552551 0.257541 0.038366
0.002783 0.000001 0.000000
-0.000000 0.000000 0.000000
0.878927 0.113156 0.005133
1.000000
-0.000000
0.000000
0.999795
0.000000
0.000205
0.999991
0.000000
0.000009
0.000000
-0.000000
1.000000
0.998396
0.000000
0.001604
0.000091
-0.000000
0.999909
0.003547 0.996453
-0.000000 0.000000
0.000000 0.000000
0.600788 0.126982 0.000602
0.000000 0.000000 0.000000
0.000981 0.038026 0.232621
0.014179
-0.000000
0.985821
0.000030
0.000000
0.999970
0.000191 0.000000
-0.000000 0.000000
0.962728 0.037082
0.238543 0.761457
0.000000 0.000000
0.000000 0.000000
1.000000
-0.000000
0.000000
0.002652 0.171339 0.826009
-0.000000 -0.000000 0.000000
0.000000 0.000000 0.000000
0.000732 0.000000
0.000000 -0.000000
0.977384 0.021884
1.000000
0.000000
0.000000
0.992935
0.000000
0.007065
0.000231
-0.000000
0.999769
0.000664
-0.000000
0.999336
0.250494 0.000186
0.000000 0.000000
0.231565 0.517755
0.000223
0.000000
0.999777
0.061445
0.000000
0.938555
0.054796 0.000019
0.000000 -0.000000
0.533079 0.412106
0.000001
-0.000000
0.999999
0.117007 0.882993
0.000000 0.000000
0.000000 0.000000
0.000650
0.000000
0.999350
1.000000
0.000000
0.000000
0.113007 0.000373
-0.000000 -0.000000
0.057863 0.828757
0.138039
0.000000
0.861961
0.059957 0.000009
-0.000000 -0.000000
0.437150 0.502883
0.999998
0.000000
0.000002
0.856942 0.059634
-0.000000 -0.000000
0.000533 0.082891
0.000265
-0.000000
0.999735
0.000009
0.000000
0.999991
0.999990
-0.000000
0.000010
1.000000
0.000000
0.000000
0.045971 0.954029
-0.000000 -0.000000
0.000000 0.000000
0.008385
0.000000
0.991615
0.790739
-0.000000
0.209261
1.000000
0.000000
0.000000
0.961300 0.038606
-0.000000 0.000000
0.000000 0.000095
0.009900 0.000009
-0.000000 -0.000000
0.660036 0.330055
0.029626
0.000000
0.970374
0.542654 0.000850
-0.000000 0.000000
0.002861 0.453635
0.000261
-0.000000
0.999739
0.022723 0.794870 0.182407
-0.000000 0.000000 0.000000
0.000000 0.000000 0.000000
0.002545
-0.000000
0.997455
0.987884
0.000000
0.012116
0.000347
0.000000
0.999653
1.000000
-0.000000
0.000000
0.704023 0.000129
0.000000 -0.000000
0.004600 0.291247
0.018835
-0.000000
0.981165
0.347289 0.003680
0.000000 0.000000
0.053775 0.595255
0.000879 0.000000
-0.000000 -0.000000
0.974063 0.025057
0.037943 0.000025
-0.000000 0.000000
0.280410 0.681622
0.103858 0.896142
-0.000000 -0.000000
0.000000 0.000001
0.999945
-0.000000
0.000055
0.000103
0.000000
0.999897
0.090615 0.000037
0.000000 0.000000
0.586572 0.322775
0.914810 0.028219
0.000000 -0.000000
0.000727 0.056244
1.000000
0.000000
0.000000
0.001063
-0.000000
0.998937
0.000001
0.000000
0.999999
0.003583
-0.000000
0.996417
0.006740
-0.000000
0.993260
0.000039
-0.000000
0.999961
0.002875 0.000000
0.000000 -0.000000
0.848193 0.148933
0.020026
0.000000
0.979974
0.999999
-0.000000
0.000001
0.047656 0.000025
0.000000 0.000000
0.218310 0.734009
0.130932 0.869068
-0.000000 -0.000000
0.000000 0.000000
0.155263 0.000046
0.000000 -0.000000
0.006724 0.837966
0.001315 0.998685
0.000000 -0.000000
-0.000000 -0.000000
0.387253 0.612747
-0.000000 0.000000
0.000000 0.000000
0.000046
0.000000
0.999954
0.001137 0.998863
0.000000 0.000000
-0.000000 0.000000
0.999960
0.000000
0.000040
0.003872 0.000000
0.000000 0.000000
0.872597 0.123531
0.097096 0.902904
0.000000 0.000000
0.000000 0.000000
1.000000
-0.000000
0.000000
0.522699 0.426834 0.016120
-0.000000 -0.000000 -0.000000
0.000018 0.001999 0.032331
0.022082 0.000090 0.000000
0.000000 -0.000000 -0.000000
0.361040 0.474645 0.142143
0.017970 0.000000
0.000000 0.000000
0.172361 0.809669
0.500640 0.499360
0.000000 0.000000
0.000000 0.000000
0.000005
0.000000
0.999995
0.367200 0.632092
-0.000000 0.000000
0.000005 0.000703
0.092549 0.907451
-0.000000 -0.000000
0.000000 0.000000
0.002274
0.000000
0.997726
1.000000
-0.000000
0.000000
0.050888 0.000323
-0.000000 0.000000
0.222427 0.726362
0.980150
-0.000000
0.019850
0.509446 0.490221
0.000000 -0.000000
0.000001 0.000332
0.153488 0.000080
-0.000000 -0.000000
0.218153 0.628279
0.001571 0.998429
-0.000000 -0.000000
0.000000 -0.000000
0.553196 0.000481
-0.000000 -0.000000
0.027805 0.418518
0.002981
-0.000000
0.997019
0.000130
0.000000
0.999870
0.005282 0.000000
-0.000000 -0.000000
0.838159 0.156558
0.004335 0.000000
0.000000 0.000000
0.739427 0.256238
0.000483
-0.000000
0.999517
0.000454 0.999546
0.000000 -0.000000
0.000000 0.000000
0.962635 0.020891
0.000000 -0.000000
0.000011 0.016462
0.000522
-0.000000
0.999478
0.000862
0.000000
0.999138
0.533771 0.457988
-0.000000 0.000000
0.000024 0.008217
0.053151 0.000133
0.000000 -0.000000
0.067630 0.879086
0.996912
0.000000
0.003088
0.732773 0.008644
-0.000000 -0.000000
0.005429 0.253154
1.000000
-0.000000
0.000000
0.999967
-0.000000
0.000033
0.001956 0.118183 0.547213 0.332648
0.000000 -0.000000 0.000000 0.000000
0.000000 0.000000 0.000000 0.000000
0.036924
-0.000000
0.963076
0.010551 0.000002
-0.000000 -0.000000
0.489127 0.500321
0.000001
-0.000000
0.999999
0.079002 0.920998
0.000000 0.000000
0.000000 0.000000
0.008422 0.000001
-0.000000 0.000000
0.634534 0.357044
0.000904 0.999096
-0.000000 0.000000
0.000000 0.000000
0.028712 0.971288
0.000000 -0.000000
0.000000 0.000000
0.587937 0.004935
0.000000 -0.000000
0.014912 0.392216
1.000000
-0.000000
0.000000
0.010616 0.000003
0.000000 0.000000
0.700906 0.288474
0.000139
0.000000
0.999861
0.204499 0.002022 0.000003 0.000000
0.000000 -0.000000 -0.000000 0.000000
0.323881 0.344807 0.107734 0.017054
1.000000
0.000000
0.000000
0.003674 0.000000
-0.000000 -0.000000
0.863859 0.132467
0.000259
-0.000000
0.999741
0.997022
0.000000
0.002978
0.104842 0.895158
0.000000 -0.000000
0.000000 0.000000
0.010363
0.000000
0.989637
0.000396 0.000000
-0.000000 -0.000000
0.953750 0.045855
0.095948 0.000012
0.000000 -0.000000
0.499257 0.404784
0.001298
-0.000000
0.998702
0.002131 0.000000
-0.000000 0.000000
0.826633 0.171237
0.002476
-0.000000
0.997524
1.000000
-0.000000
0.000000
0.996973
-0.000000
0.003027
1.000000
0.000000
0.000000
0.238055
-0.000000
0.761945
0.999998
0.000000
0.000002
0.052482 0.000070
0.000000 -0.000000
0.158653 0.788795
0.000001
-0.000000
0.999999
0.000019 0.000000
0.000000 -0.000000
0.999162 0.000819
0.086393 0.000007
0.000000 0.000000
0.673693 0.239907
0.390819 0.575791 0.028230
-0.000000 0.000000 -0.000000
0.000000 0.000103 0.005056
0.617756
0.000000
0.382244
0.049587 0.000943 0.000001
-0.000000 -0.000000 0.000000
0.100380 0.447286 0.401803
0.589610 0.410285
-0.000000 -0.000000
0.000000 0.000105
1.000000
-0.000000
0.000000
0.997503
0.000000
0.002497
0.015540 0.000004
0.000000 0.000000
0.594581 0.389876
0.164098 0.003566
0.000000 -0.000000
0.077547 0.754790
0.015524
-0.000000
0.984476
0.020097 0.000007
-0.000000 0.000000
0.298444 0.681452
0.000884 0.000000
-0.000000 -0.000000
0.966197 0.032919
0.027136
-0.000000
0.972864
0.001296
0.000000
0.998704
0.997220
0.000000
0.002780
0.888916
-0.000000
0.111084
0.030543
0.000000
0.969457
1.000000
-0.000000
0.000000
1.000000
-0.000000
0.000000
0.035373 0.000124
-0.000000 0.000000
0.180537 0.783966
0.029636 0.000014
0.000000 -0.000000
0.319727 0.650623
1.000000
0.000000
0.000000
0.025934 0.000030
-0.000000 -0.000000
0.375875 0.598161
0.999976
0.000000
0.000024
0.000048 0.999952
0.000000 0.000000
0.000000 -0.000000
0.859874
0.000000
0.140126
1.000000
0.000000
0.000000
1.000000
0.000000
0.000000
0.000297
-0.000000
0.999703
0.048543 0.000084
-0.000000 0.000000
0.115602 0.835771
0.009335
-0.000000
0.990665
0.059437 0.940563
-0.000000 -0.000000
0.000000 0.000000
0.001177
0.000000
0.998823
0.003891
0.000000
0.996109
0.000001
0.000000
0.999999
0.000114
-0.000000
0.999886
0.020929 0.000001
0.000000 0.000000
0.782595 0.196474
0.000105
-0.000000
0.999895
0.792967 0.206669
0.000000 0.000000
0.000000 0.000364
0.876129 0.023928
0.000000 0.000000
0.001100 0.098843
0.000923
0.000000
0.999077
0.999998
-0.000000
0.000002
0.096059 0.903936
0.000000 -0.000000
0.000000 0.000005
0.057476 0.000012
-0.000000 -0.000000
0.837509 0.105003
0.368486 0.631379
-0.000000 -0.000000
0.000000 0.000135
0.464187 0.013379 0.000016
0.000000 0.000000 0.000000
0.014616 0.184260 0.323542
0.185948 0.000080
0.000000 0.000000
0.289993 0.523978
0.883104
-0.000000
0.116896
0.169834 0.830166
-0.000000 0.000000
0.000000 0.000000
0.132635 0.001703
0.000000 -0.000000
0.046709 0.818953
0.000115
0.000000
0.999885
0.982286 0.002151
0.000000 -0.000000
0.000017 0.015546
0.009541 0.000008
-0.000000 0.000000
0.800512 0.189939
0.280409 0.038444 0.001497 0.000026 0.000000
0.000000 0.000000 0.000000 0.000000 0.000000
0.094410 0.226955 0.207398 0.110234 0.040627
1.000000
0.000000
0.000000
0.030412 0.969588
-0.000000 0.000000
0.000000 0.000000
0.999416
-0.000000
0.000584
1.000000
-0.000000
-0.000000
1.000000
0.000000
0.000000
0.002241 0.000000
0.000000 -0.000000
0.917621 0.080138
0.000001
-0.000000
0.999999
0.797943 0.083773
0.000000 -0.000000
0.002781 0.115504
0.067285 0.000014
0.000000 -0.000000
0.389675 0.543026
0.992594
-0.000000
0.007406
0.019614
0.000000
0.980386
0.000010
-0.000000
0.999990
0.986305 0.004610
0.000000 0.000000
0.000010 0.009075
0.016843
0.000000
0.983157
0.002446 0.000000
-0.000000 -0.000000
0.542988 0.454566
0.035097 0.000069 0.000000
-0.000000 0.000000 0.000000
0.364886 0.495644 0.104305
0.036017 0.000128
0.000000 0.000000
0.338706 0.625148
0.000059
0.000000
0.999941
0.139823 0.000608
0.000000 -0.000000
0.077721 0.781848
1.000000
-0.000000
0.000000
0.000610
-0.000000
0.999390
0.052399
-0.000000
0.947601
0.811406 0.183888
0.000000 0.000000
0.000024 0.004683
1.000000
0.000000
0.000000
0.579863 0.420090
-0.000000 0.000000
0.000000 0.000046
0.001866 0.000000
-0.000000 -0.000000
0.927391 0.070743
0.000007
0.000000
0.999993
0.000012
-0.000000
0.999988
0.015950
0.000000
0.984050
0.001120
-0.000000
0.998880
1.000000
-0.000000
0.000000
0.001548
0.000000
0.998452
0.138506 0.002159 0.000004
-0.000000 0.000000 0.000000
0.242226 0.424479 0.192627
0.283975
0.000000
0.716025
0.000004
-0.000000
0.999996
0.163946 0.000185
0.000000 -0.000000
0.261785 0.574085
0.419750 0.000923
-0.000000 0.000000
0.044159 0.535168
0.003011
-0.000000
0.996989
0.000000
-0.000000
1.000000
0.087452
0.000000
0.912548
0.002066
0.000000
0.997934
0.000179
0.000000
0.999821
0.003759
0.000000
0.996241
0.002389 0.000000
0.000000 -0.000000
0.856374 0.141237
1.000000
0.000000
0.000000
1.000000
-0.000000
0.000000
0.000943
-0.000000
0.999057
0.684982 0.271704 0.000857
-0.000000 0.000000 -0.000000
0.000003 0.001138 0.041318
0.085201 0.717403 0.197311
-0.000000 0.000000 0.000000
0.000000 0.000000 0.000084
0.999605
0.000000
0.000395
0.999630
-0.000000
0.000370
0.000114
-0.000000
0.999886
0.009091 0.000004
0.000000 -0.000000
0.644876 0.346030
0.000168
-0.000000
0.999832
0.868342 0.131645
-0.000000 -0.000000
0.000000 0.000013
0.341433
0.000000
0.658567
0.000675
0.000000
0.999325
0.000002
-0.000000
0.999998
0.000091
0.000000
0.999909
0.999126
-0.000000
0.000874
0.013877 0.000000
-0.000000 0.000000
0.133349 0.852774
0.046162 0.000002
0.000000 -0.000000
0.725305 0.228531
0.000025
-0.000000
0.999975
0.001356 0.000000
0.000000 -0.000000
0.908291 0.090353
0.073283 0.926717
-0.000000 0.000000
0.000000 0.000000
0.009842
0.000000
0.990158
0.023217 0.000045
0.000000 0.000000
0.571532 0.405206
0.002656 0.000000
-0.000000 0.000000
0.950516 0.046828
0.003326 0.000000
0.000000 -0.000000
0.840953 0.155721
0.996219
0.000000
0.003781
0.000323
0.000000
0.999677
1.000000
0.000000
0.000000
0.000001
0.000000
0.999999
1.000000
-0.000000
0.000000
0.025242 0.000033
0.000000 0.000000
0.237571 0.737154
0.000088
-0.000000
0.999912
0.070250 0.929750
0.000000 0.000000
0.000000 0.000000
0.859324 0.135466
0.000000 0.000000
0.000016 0.005194
0.019280 0.000023
-0.000000 0.000000
0.249555 0.731141
0.001171
0.000000
0.998829
0.075189 0.000607
0.000000 0.000000
0.164054 0.760150
0.244475 0.002090
0.000000 0.000000
0.026798 0.726637
0.194165 0.001652
0.000000 -0.000000
0.173181 0.631002
0.151554
0.000000
0.848446
0.394587 0.000024
-0.000000 -0.000000
0.018598 0.586791
0.999862
0.000000
0.000138
0.003077 0.000000
0.000000 0.000000
0.812119 0.184804
0.483974 0.001700
-0.000000 -0.000000
0.026920 0.487406
0.999321
-0.000000
0.000679
0.005162 0.994838
0.000000 0.000000
0.000000 0.000000
0.043447 0.000002
0.000000 -0.000000
0.025811 0.930740
0.000001
-0.000000
0.999999
0.536114
-0.000000
0.463886
0.000129
-0.000000
0.999871
0.105325 0.894675
-0.000000 0.000000
0.000000 0.000000
0.000097
-0.000000
0.999903
1.000000
-0.000000
0.000000
0.998213
0.000000
0.001787
0.015678
0.000000
0.984322
0.008467 0.000001
-0.000000 0.000000
0.657583 0.333949
1.000000
0.000000
0.000000
0.003724 0.996276
0.000000 0.000000
0.000000 0.000000
0.063308 0.936692
-0.000000 -0.000000
0.000000 0.000000
0.998753
-0.000000
0.001247
0.317097 0.029708
-0.000000 0.000000
0.049207 0.603989
0.948806 0.006348
-0.000000 0.000000
0.000106 0.044739
0.272717 0.002714
0.000000 0.000000
0.029235 0.695334
0.946604
0.000000
0.053396
0.607269 0.388118
-0.000000 0.000000
0.000036 0.004577
0.129595 0.000055
-0.000000 -0.000000
0.282538 0.587813
0.013765 0.000000
-0.000000 -0.000000
0.756374 0.229861
0.003241 0.000001
-0.000000 -0.000000
0.859060 0.137698
1.000000
-0.000000
0.000000
0.999845
0.000000
0.000155
1.000000
0.000000
0.000000
0.994913
0.000000
0.005087
0.031386 0.000000
0.000000 0.000000
0.071975 0.896638
0.999000
0.000000
0.001000
0.000166
0.000000
0.999834
0.000005
-0.000000
0.999995
0.042347 0.000022
0.000000 -0.000000
0.777321 0.180311
0.010376 0.000004
0.000000 -0.000000
0.398205 0.591415
0.015611 0.000084 0.000000 0.000000
0.000000 0.000000 -0.000000 -0.000000
0.821322 0.146138 0.015556 0.001288
0.006020 0.000000
0.000000 0.000000
0.559719 0.434260
0.999997
0.000000
0.000003
0.007683 0.000001
-0.000000 0.000000
0.461645 0.530671
0.014012 0.000002
0.000000 0.000000
0.467685 0.518300
1.000000
-0.000000
0.000000
0.984749
-0.000000
0.015251
0.000059
0.000000
0.999941
0.000580 0.000000
-0.000000 0.000000
0.961575 0.037845
0.861850 0.138030
0.000000 0.000000
0.000000 0.000120
0.435161 0.556796
-0.000000 -0.000000
0.000044 0.007998
0.910258 0.089419
0.000000 0.000000
0.000000 0.000323
0.000777
-0.000000
0.999223
0.000058
0.000000
0.999942
1.000000
0.000000
0.000000
0.000827
0.000000
0.999173
0.000106
0.000000
0.999894
0.999720
-0.000000
0.000280
0.466928 0.000991
0.000000 0.000000
0.054032 0.478049
0.171142 0.000004
-0.000000 0.000000
0.139910 0.688944
1.000000
0.000000
0.000000
1.000000
0.000000
0.000000
0.018588 0.000004
0.000000 0.000000
0.528419 0.452988
1.000000
-0.000000
0.000000
0.000000
-0.000000
1.000000
0.022186 0.000004
-0.000000 0.000000
0.434032 0.543778
0.005048
0.000000
0.994952
0.043068 0.000395
0.000000 -0.000000
0.152478 0.804059
0.008085
0.000000
0.991915
0.001821 0.000000
-0.000000 -0.000000
0.882793 0.115386
0.093789 0.000218 0.000000
0.000000 0.000000 0.000000
0.547021 0.303872 0.055100
0.999602
-0.000000
0.000398
0.000146
0.000000
0.999854
1.000000
0.000000
0.000000
0.008318 0.000017
0.000000 0.000000
0.680447 0.311218
0.001125 0.998875
-0.000000 -0.000000
0.000000 -0.000000
0.210185 0.789815
-0.000000 0.000000
0.000000 0.000001
0.506899 0.126283
-0.000000 -0.000000
0.008805 0.358013
1.000000
-0.000000
-0.000000
0.922055
-0.000000
0.077945
0.999699
0.000000
0.000301
1.000000
0.000000
0.000000
0.799453 0.143104
-0.000000 0.000000
0.000330 0.057112
0.161058 0.000046
-0.000000 0.000000
0.121674 0.717222
0.025716 0.000350 0.000000
0.000000 -0.000000 -0.000000
0.237828 0.505840 0.230265
0.062353 0.937647
0.000000 -0.000000
0.000000 0.000000
0.003961 0.996039
0.000000 -0.000000
-0.000000 0.000000
0.078750
0.000000
0.921250
0.145227 0.055786 0.000782 0.000001
-0.000000 -0.000000 0.000000 0.000000
0.000098 0.011149 0.160826 0.626131
0.063531 0.000109
-0.000000 -0.000000
0.093121 0.843238
0.000000
-0.000000
1.000000
0.342530 0.657364
-0.000000 0.000000
0.000000 0.000105
0.266273 0.733727
0.000000 0.000000
0.000000 0.000000
0.000023
-0.000000
0.999977
0.025908 0.000007
0.000000 -0.000000
0.436511 0.537573
0.873848 0.026235
0.000000 0.000000
0.000925 0.098992
0.665244 0.334300
0.000000 -0.000000
0.000000 0.000456
0.000012
0.000000
0.999988
0.002924 0.000000
-0.000000 -0.000000
0.541504 0.455572
0.056630 0.000168
0.000000 0.000000
0.068033 0.875169
0.428504
0.000000
0.571496
0.012282 0.000003
0.000000 -0.000000
0.376903 0.610812
0.000005
-0.000000
0.999995
0.999996
-0.000000
0.000004
0.024595 0.000001
-0.000000 -0.000000
0.050737 0.924668
0.115963 0.884036
-0.000000 0.000000
0.000000 0.000001
0.002070
-0.000000
0.997930
0.007383 0.000002 0.000000
0.000000 0.000000 -0.000000
0.810953 0.174354 0.007308
0.995658
-0.000000
0.004342
0.000084
0.000000
0.999916
0.090472
-0.000000
0.909528
0.006986
0.000000
0.993014
0.018309 0.509827 0.471863
0.000000 -0.000000 0.000000
0.000000 0.000000 0.000000
1.000000
-0.000000
0.000000
0.024881 0.000026
0.000000 -0.000000
0.370097 0.604996
0.000016
-0.000000
0.999984
0.000025 0.000000
-0.000000 0.000000
0.998602 0.001373
0.000758
0.000000
0.999242
0.000560 0.000000
0.000000 -0.000000
0.993416 0.006024
1.000000
0.000000
0.000000
1.000000
-0.000000
-0.000000
0.006631
-0.000000
0.993369
0.278005 0.000195
-0.000000 -0.000000
0.134130 0.587670
0.000884
0.000000
0.999116
0.006629 0.000004
-0.000000 -0.000000
0.711327 0.282040
0.002094
0.000000
0.997906
1.000000
0.000000
0.000000
0.016958 0.000001
0.000000 0.000000
0.893412 0.089629
0.000001
0.000000
0.999999
0.897691 0.102066
-0.000000 -0.000000
0.000000 0.000242
0.155146 0.000919
0.000000 -0.000000
0.077584 0.766350
1.000000
-0.000000
-0.000000
0.004686
0.000000
0.995314
0.021756 0.000018
0.000000 -0.000000
0.246532 0.731694
0.999980
-0.000000
0.000020
0.000036
-0.000000
0.999964
0.010530
0.000000
0.989470
0.000825
0.000000
0.999175
0.997911
0.000000
0.002089
0.000533
0.000000
0.999467
1.000000
0.000000
0.000000
1.000000
-0.000000
0.000000
0.004557 0.995443
0.000000 0.000000
-0.000000 0.000000
0.001485
-0.000000
0.998515
0.000135 0.000000
-0.000000 -0.000000
0.979176 0.020688
1.000000
0.000000
0.000000
1.000000
0.000000
0.000000
0.000171
0.000000
0.999829
0.999998
-0.000000
0.000002
0.999999
0.000000
0.000001
0.046980
-0.000000
0.953020
0.259324 0.036926 0.000189
0.000000 0.000000 -0.000000
0.001607 0.088562 0.613393
0.999704
-0.000000
0.000296
0.995531
0.000000
0.004469
0.025837 0.000232 0.000000
0.000000 0.000000 -0.000000
0.111781 0.512309 0.349842
0.172394 0.000022
0.000000 -0.000000
0.011743 0.815841
0.020324 0.000005
-0.000000 -0.000000
0.395793 0.583877
0.387240 0.612482
-0.000000 0.000000
0.000000 0.000278
0.696568 0.000420
0.000000 0.000000
0.008739 0.294272
0.004001 0.000001
-0.000000 -0.000000
0.914131 0.081867
1.000000
-0.000000
0.000000
0.000101
-0.000000
0.999899
0.003129
0.000000
0.996871
1.000000
-0.000000
0.000000
1.000000
-0.000000
0.000000
0.072567 0.000014
-0.000000 0.000000
0.562775 0.364644
0.054534
0.000000
0.945466
0.000003
-0.000000
0.999997
0.000004
-0.000000
0.999996
0.002727
0.000000
0.997273
0.084432
0.000000
0.915568
0.000033
0.000000
0.999967
0.011524
0.000000
0.988476
0.085746 0.000009
0.000000 -0.000000
0.515136 0.399109
1.000000
-0.000000
0.000000
0.705229 0.294363
0.000000 -0.000000
0.000001 0.000407
0.000001
-0.000000
0.999999
0.000335
-0.000000
0.999665
0.999740
0.000000
0.000260
1.000000
0.000000
0.000000
0.001397 0.998603
-0.000000 -0.000000
-0.000000 -0.000000
0.038402 0.000000
0.000000 0.000000
0.484447 0.477150
0.000631
0.000000
0.999369
0.164239 0.001077
-0.000000 0.000000
0.034465 0.800219
0.000001
-0.000000
0.999999
0.000249
0.000000
0.999751
0.000921
-0.000000
0.999079
0.000267
-0.000000
0.999733
0.002001 0.000000
-0.000000 -0.000000
0.938270 0.059729
0.002013
0.000000
0.997987
0.471242 0.000163
0.000000 0.000000
0.022056 0.506540
0.221562
-0.000000
0.778438
1.000000
-0.000000
0.000000
0.000721 0.000000
0.000000 0.000000
0.984512 0.014768
0.001311
0.000000
0.998689
0.998610
0.000000
0.001390
0.221655 0.675699 0.101041
-0.000000 0.000000 -0.000000
0.000000 0.000046 0.001559
0.003931 0.000000
-0.000000 0.000000
0.833297 0.162773
0.106515 0.893485
0.000000 0.000000
0.000000 0.000000
0.003886 0.000001
-0.000000 -0.000000
0.851057 0.145056
0.009214
-0.000000
0.990786
0.000035
-0.000000
0.999965
0.010186 0.000024 0.000000
0.000000 0.000000 -0.000000
0.744979 0.211515 0.033295
0.049321 0.000077
0.000000 -0.000000
0.097704 0.852898
0.264486 0.000699
-0.000000 -0.000000
0.359427 0.375388
0.108204 0.000580
-0.000000 0.000000
0.057702 0.833514
0.006283
0.000000
0.993717
0.001610 0.998390
-0.000000 -0.000000
-0.000000 -0.000000
0.003300
0.000000
0.996700
1.000000
-0.000000
-0.000000
0.000349
-0.000000
0.999651
0.002487
-0.000000
0.997513
0.045338 0.788930 0.165712
0.000000 0.000000 0.000000
0.000000 0.000000 0.000020
0.009933 0.000001
-0.000000 -0.000000
0.580613 0.409453
0.054308 0.002153 0.000009
0.000000 -0.000000 0.000000
0.099560 0.428524 0.415446
0.001057
0.000000
0.998943
0.453382 0.016082
0.000000 0.000000
0.013276 0.517260
0.005401
-0.000000
0.994599
0.999982
0.000000
0.000018
1.000000
0.000000
0.000000
0.008081 0.000000
-0.000000 -0.000000
0.407568 0.584351
0.007348
0.000000
0.992652
0.001902 0.000000
0.000000 -0.000000
0.949262 0.048836
0.605791 0.385062
-0.000000 0.000000
0.000021 0.009125
0.977933
-0.000000
0.022067
0.999992
0.000000
0.000008
0.027153 0.000056 0.000000
0.000000 0.000000 -0.000000
0.283154 0.498895 0.190742
0.007708 0.000001
-0.000000 -0.000000
0.816376 0.175915
0.446828 0.552779
-0.000000 0.000000
0.000002 0.000391
0.002589
0.000000
0.997411
0.004325 0.000000
-0.000000 -0.000000
0.835918 0.159757
0.000334
-0.000000
0.999666
0.001950
0.000000
0.998050
0.041999 0.000033
-0.000000 0.000000
0.255339 0.702629
0.999998
0.000000
0.000002
1.000000
0.000000
0.000000
1.000000
-0.000000
0.000000
0.009962 0.000000
-0.000000 0.000000
0.741173 0.248865
0.501820 0.444900 0.017126
0.000000 0.000000 -0.000000
0.000013 0.001791 0.034349
0.010559 0.989441
0.000000 -0.000000
-0.000000 0.000000
1.000000
0.000000
0.000000
0.000000
-0.000000
1.000000
0.627693 0.004927
-0.000000 0.000000
0.030268 0.337112
0.974047 0.025104
-0.000000 -0.000000
0.000000 0.000848
0.003647
0.000000
0.996353
0.003371
0.000000
0.996629
0.003364
0.000000
0.996636
1.000000
0.000000
0.000000
0.997184
0.000000
0.002816
0.000003
0.000000
0.999997
0.058410 0.000087
-0.000000 -0.000000
0.138447 0.803056
0.001908 0.000000
-0.000000 0.000000
0.847823 0.150269
0.000570 0.999430
0.000000 0.000000
-0.000000 0.000000
0.023270
-0.000000
0.976730
0.302781 0.000021
0.000000 -0.000000
0.068259 0.628939
0.027665 0.000001
0.000000 0.000000
0.812205 0.160129
1.000000
-0.000000
0.000000
0.007922 0.000002
0.000000 0.000000
0.503932 0.488143
0.050435
0.000000
0.949565
0.000065
-0.000000
0.999935
0.025005 0.000024
-0.000000 -0.000000
0.209707 0.765264
0.028505
0.000000
0.971495
0.999998
-0.000000
0.000002
0.034992
0.000000
0.965008
0.009557 0.000000
-0.000000 0.000000
0.168317 0.822126
0.000703
0.000000
0.999297
0.849091
0.000000
0.150909
0.152998 0.729882 0.117027
-0.000000 0.000000 -0.000000
0.000000 0.000001 0.000093
0.033549 0.000003
0.000000 -0.000000
0.588160 0.378288
0.000047
0.000000
0.999953
0.999987
0.000000
0.000013
0.000005
0.000000
0.999995
0.340269 0.659699
-0.000000 -0.000000
0.000000 0.000031
0.000003
-0.000000
0.999997
0.001067 0.109856 0.889078
0.000000 0.000000 -0.000000
-0.000000 0.000000 0.000000
0.010353
-0.000000
0.989647
0.004847 0.000000
0.000000 -0.000000
0.876959 0.118194
1.000000
-0.000000
0.000000
0.010395
-0.000000
0.989605
0.000000
-0.000000
1.000000
0.000001
-0.000000
0.999999
0.999977
0.000000
0.000023
0.229194
-0.000000
0.770806
0.009601 0.000000
0.000000 -0.000000
0.899317 0.091082
0.000002 0.017172 0.982826
-0.000000 0.000000 -0.000000
0.000000 0.000000 -0.000000
0.002092 0.997908
-0.000000 -0.000000
0.000000 0.000000
0.004949 0.000000
0.000000 0.000000
0.819694 0.175357
0.142183
0.000000
0.857817
0.999990
0.000000
0.000010
0.094153
-0.000000
0.905847
0.000148
-0.000000
0.999852
0.005332 0.000000
0.000000 -0.000000
0.731586 0.263082
0.039165 0.960835
-0.000000 -0.000000
0.000000 0.000000
0.838494 0.161493
0.000000 -0.000000
0.000000 0.000012
0.008616 0.000005
0.000000 0.000000
0.790779 0.200600
0.080363 0.000445
-0.000000 0.000000
0.046212 0.872980
0.416190 0.583781
-0.000000 -0.000000
0.000000 0.000029
0.012911
0.000000
0.987089
0.008170 0.000000
-0.000000 0.000000
0.775957 0.215872
0.219952 0.000023
0.000000 0.000000
0.058530 0.721495
0.040712 0.000059
0.000000 -0.000000
0.391012 0.568217
0.477687 0.521537
0.000000 0.000000
0.000003 0.000773
0.000012
-0.000000
0.999988
0.002598
-0.000000
0.997402
0.016042 0.983958
-0.000000 -0.000000
0.000000 0.000000
1.000000
0.000000
0.000000
0.000006
-0.000000
0.999994
0.999961
-0.000000
0.000039
0.018631
0.000000
0.981369
0.029578
-0.000000
0.970422
0.020043
-0.000000
0.979957
0.603657 0.000049
-0.000000 -0.000000
0.006364 0.389930
0.000138
-0.000000
0.999862
0.999976
0.000000
0.000024
0.459796
-0.000000
0.540204
0.064918
-0.000000
0.935082
0.931213 0.024136
-0.000000 -0.000000
0.000188 0.044463
0.700862 0.198665
0.000000 0.000000
0.001509 0.098964
0.030679 0.000013
-0.000000 -0.000000
0.364888 0.604420
0.002938 0.000000
0.000000 0.000000
0.891659 0.105403
0.157139 0.000049
-0.000000 -0.000000
0.281570 0.561242
0.000001
-0.000000
0.999999
0.000307
-0.000000
0.999693
0.044461 0.000071
0.000000 -0.000000
0.124503 0.830965
0.005751 0.000000
-0.000000 -0.000000
0.665677 0.328572
0.999999
-0.000000
0.000001
0.000003
0.000000
0.999997
0.015011 0.000000
0.000000 0.000000
0.551418 0.433570
1.000000
-0.000000
0.000000
0.000001
-0.000000
0.999999
0.002576
-0.000000
0.997424
0.179155 0.820845
-0.000000 0.000000
0.000000 0.000000
0.000010
0.000000
0.999990
0.095036 0.000301
-0.000000 0.000000
0.083637 0.821026
0.003957 0.000003
-0.000000 0.000000
0.830806 0.165234
0.000199
-0.000000
0.999801
0.000027
0.000000
0.999973
0.058614 0.000916 0.000001
0.000000 -0.000000 0.000000
0.096362 0.453831 0.390277
0.000605
-0.000000
0.999395
0.999998
0.000000
0.000002
0.000638 0.999362
0.000000 0.000000
-0.000000 -0.000000
0.019825 0.000020
0.000000 0.000000
0.217929 0.762226
1.000000
0.000000
0.000000
0.030750 0.000012
-0.000000 -0.000000
0.394841 0.574397
0.048874 0.000001
0.000000 0.000000
0.517318 0.433808
0.000171
-0.000000
0.999829
0.173797 0.003804
-0.000000 0.000000
0.093736 0.728664
0.099011 0.000056
0.000000 0.000000
0.734177 0.166756
0.010508
-0.000000
0.989492
0.014841
-0.000000
0.985159
0.999996
-0.000000
0.000004
0.016647
-0.000000
0.983353
0.000007
-0.000000
0.999993
0.014913 0.000005
0.000000 0.000000
0.435020 0.550062
0.001532 0.000000
0.000000 -0.000000
0.963116 0.035352
0.089103 0.910897
0.000000 0.000000
0.000000 0.000000
0.000804 0.000000
-0.000000 0.000000
0.969701 0.029495
0.007656
0.000000
0.992344
0.013041 0.000008
-0.000000 -0.000000
0.679898 0.307054
0.007187
-0.000000
0.992813
0.998719
0.000000
0.001281
0.001138
0.000000
0.998862
0.683583 0.041358
-0.000000 -0.000000
0.001466 0.273593
0.000199
0.000000
0.999801
0.004529 0.000002
0.000000 0.000000
0.722074 0.273395
0.999991
0.000000
0.000009
0.011425 0.000003
-0.000000 0.000000
0.370829 0.617742
0.530900 0.001125
0.000000 0.000000
0.043491 0.424484
0.004596 0.000000
0.000000 -0.000000
0.698589 0.296816
0.068474
-0.000000
0.931526
0.004617 0.000000
-0.000000 -0.000000
0.972622 0.022761
0.014733
0.000000
0.985267
0.000049
-0.000000
0.999951
0.000011 0.999989
-0.000000 -0.000000
0.000000 -0.000000
0.000357
0.000000
0.999643
0.737565 0.257129
-0.000000 0.000000
0.000006 0.005300
0.000010
0.000000
0.999990
0.010360
-0.000000
0.989640
0.221369 0.778631
0.000000 0.000000
0.000000 0.000000
0.003553 0.000000
-0.000000 0.000000
0.757838 0.238609
0.999607
-0.000000
0.000393
0.999730
0.000000
0.000270
0.076775 0.923225
0.000000 -0.000000
0.000000 0.000000
0.999999
-0.000000
0.000001
0.036797 0.963203
0.000000 -0.000000
0.000000 0.000000
0.000062
0.000000
0.999938
0.000007
0.000000
0.999993
0.639434 0.039908
-0.000000 -0.000000
0.002209 0.318449
0.094606 0.000151
0.000000 -0.000000
0.096552 0.808690
0.000848 0.000000
0.000000 -0.000000
0.991314 0.007838
0.484526 0.399886
0.000000 -0.000000
0.004841 0.110747
0.000686 0.999314
-0.000000 0.000000
-0.000000 0.000000
0.000086
-0.000000
0.999914
0.061752 0.000078
0.000000 -0.000000
0.166529 0.771641
0.204735
-0.000000
0.795265
0.002695
0.000000
0.997305
0.065760 0.000271
0.000000 0.000000
0.087278 0.846691
0.003201 0.000000
0.000000 -0.000000
0.786434 0.210365
0.049338 0.000117
-0.000000 -0.000000
0.259579 0.690966
0.008755 0.000002
-0.000000 -0.000000
0.461832 0.529411
0.619421 0.379450
0.000000 -0.000000
0.000001 0.001128
0.000001
-0.000000
0.999999
0.003055
-0.000000
0.996945
0.031088
0.000000
0.968912
0.112101 0.887899
-0.000000 -0.000000
0.000000 0.000000
0.002822
0.000000
0.997178
0.999964
-0.000000
0.000036
0.008455 0.000000
0.000000 0.000000
0.150975 0.840569
0.000005
0.000000
0.999995
0.093198 0.000297
0.000000 -0.000000
0.065058 0.841447
0.002519
0.000000
0.997481
0.003269 0.000000
0.000000 -0.000000
0.943800 0.052931
0.879835 0.114814
-0.000000 -0.000000
0.000014 0.005337
0.999966
-0.000000
0.000034
0.147419
-0.000000
0.852581
0.020402 0.000004
0.000000 0.000000
0.374317 0.605277
0.000398 0.000000
-0.000000 0.000000
0.972619 0.026983
0.734615 0.061256
0.000000 -0.000000
0.001723 0.202406
0.065537 0.934463
0.000000 -0.000000
0.000000 0.000000
0.000004
0.000000
0.999996
0.101839
0.000000
0.898161
0.018675 0.000011
0.000000 0.000000
0.260057 0.721257
0.611368 0.000089
0.000000 0.000000
0.009592 0.378952
0.000631 0.000000
-0.000000 0.000000
0.932925 0.066444
0.999999
0.000000
0.000001
0.025721 0.000023
-0.000000 -0.000000
0.492978 0.481278
0.000033
-0.000000
0.999967
0.478382 0.000377
0.000000 -0.000000
0.002191 0.519050
0.095769 0.001322
0.000000 -0.000000
0.105486 0.797424
0.999991
0.000000
0.000009
0.973833
-0.000000
0.026167
1.000000
0.000000
0.000000
0.007615 0.000000
0.000000 -0.000000
0.229243 0.763142
0.000002
0.000000
0.999998
0.011811 0.000001
-0.000000 0.000000
0.697722 0.290466
0.999998
0.000000
0.000002
0.004167 0.289418 0.706415
-0.000000 -0.000000 0.000000
0.000000 0.000000 0.000000
0.999998
0.000000
0.000002
0.001269
-0.000000
0.998731
0.001403
-0.000000
0.998597
1.000000
-0.000000
0.000000
0.552937 0.447061
-0.000000 -0.000000
0.000000 0.000002
1.000000
0.000000
0.000000
1.000000
-0.000000
0.000000
1.000000
-0.000000
0.000000
0.999837
0.000000
0.000163
0.000047 0.000000
0.000000 -0.000000
0.994622 0.005331
0.033725 0.000001
-0.000000 0.000000
0.806475 0.159799
0.007679
-0.000000
0.992321
0.001661
0.000000
0.998339
0.000243
0.000000
0.999757
0.000152
0.000000
0.999848
0.000411
-0.000000
0.999589
0.844088 0.122451
0.000000 0.000000
0.000511 0.032950
0.004903 0.000000
0.000000 -0.000000
0.657403 0.337694
1.000000
-0.000000
0.000000
0.894571 0.024374
-0.000000 0.000000
0.001223 0.079832
0.000518 0.000000
0.000000 -0.000000
0.956248 0.043233
0.000001
-0.000000
0.999999
0.177031 0.004204 0.000004
0.000000 -0.000000 0.000000
0.068058 0.338299 0.412405
0.473383 0.024178
-0.000000 0.000000
0.039093 0.463346
0.000076
-0.000000
0.999924
0.064404 0.000003
0.000000 -0.000000
0.754758 0.180835
0.002438 0.000000
-0.000000 -0.000000
0.774260 0.223302
0.000091
0.000000
0.999909
0.534181 0.009351
0.000000 -0.000000
0.006438 0.450030
0.005609 0.000000
-0.000000 0.000000
0.909303 0.085088
0.903086 0.092067
0.000000 0.000000
0.000003 0.004845
0.000443 0.000000
-0.000000 -0.000000
0.986311 0.013246
0.005779
-0.000000
0.994221
0.003126 0.996874
-0.000000 0.000000
0.000000 0.000000
0.022902
0.000000
0.977098
0.026241 0.000022
-0.000000 0.000000
0.190179 0.783558
0.999998
0.000000
0.000002
1.000000
-0.000000
0.000000
0.000003
0.000000
0.999997
0.000271
0.000000
0.999729
0.013046 0.000001
0.000000 0.000000
0.277105 0.709848
0.006991 0.000000
0.000000 -0.000000
0.447454 0.545555
0.000068
0.000000
0.999932
0.552093 0.012647
-0.000000 0.000000
0.007031 0.428229
0.000248
0.000000
0.999752
0.001060
-0.000000
0.998940
0.030118 0.000036
-0.000000 -0.000000
0.163636 0.806210
0.001161
0.000000
0.998839
0.884351 0.029330
-0.000000 0.000000
0.000706 0.085613
0.380667 0.000034
-0.000000 -0.000000
0.036371 0.582928
0.001219
0.000000
0.998781
0.004959
-0.000000
0.995041
0.451589 0.028226 0.000091
-0.000000 -0.000000 0.000000
0.009870 0.147426 0.362798
1.000000
0.000000
0.000000
0.010551
0.000000
0.989449
0.000739 0.000000
-0.000000 0.000000
0.975904 0.023358
0.000541
-0.000000
0.999459
0.921048
0.000000
0.078952
0.000932 0.000000
0.000000 0.000000
0.935259 0.063808
0.127967 0.872033
-0.000000 0.000000
0.000000 0.000000
0.854743 0.038770
-0.000000 -0.000000
0.003606 0.102881
0.867654 0.069862
0.000000 -0.000000
0.001148 0.061336
0.003705 0.000000
-0.000000 0.000000
0.532773 0.463522
0.133491 0.000660
0.000000 -0.000000
0.034250 0.831600
0.050089 0.001592 0.000008
0.000000 0.000000 -0.000000
0.218839 0.467880 0.261593
0.002782
-0.000000
0.997218
0.010906 0.989094
0.000000 0.000000
0.000000 0.000000
0.000085
-0.000000
0.999915
0.006180
0.000000
0.993820
0.123623 0.009737 0.000028
0.000000 -0.000000 0.000000
0.004835 0.162942 0.698834
1.000000
0.000000
0.000000
0.002113
-0.000000
0.997887
0.000280 0.000000
0.000000 -0.000000
0.996372 0.003347
1.000000
-0.000000
0.000000
0.999876
0.000000
0.000124
0.020187 0.000015
0.000000 -0.000000
0.587029 0.392768
0.000076
-0.000000
0.999924
0.009258 0.000002
0.000000 0.000000
0.492860 0.497880
0.003808 0.000000
-0.000000 -0.000000
0.802291 0.193900
0.916455
0.000000
0.083545
0.000326
0.000000
0.999674
0.492206 0.008933
0.000000 -0.000000
0.018496 0.480365
0.003980
-0.000000
0.996020
1.000000
-0.000000
0.000000
0.041851 0.000608 0.000001
-0.000000 0.000000 0.000000
0.173998 0.473188 0.310353
0.697554 0.025272
0.000000 0.000000
0.006297 0.270878
0.011037
-0.000000
0.988963
0.013752
-0.000000
0.986248
0.000503
0.000000
0.999497
0.042311 0.000042
-0.000000 0.000000
0.268307 0.689340
0.061097 0.938903
0.000000 0.000000
0.000000 0.000000
0.030480 0.000390 0.000000
0.000000 -0.000000 -0.000000
0.099532 0.481096 0.388501
0.986890 0.003314
-0.000000 -0.000000
0.000009 0.009787
0.079040 0.012793 0.000179
-0.000000 -0.000000 -0.000000
0.011463 0.204773 0.691751
0.007888
-0.000000
0.992112
0.357966 0.642028
0.000000 0.000000
0.000000 0.000007
0.390503 0.609449
0.000000 -0.000000
0.000000 0.000048
0.747925 0.252074
-0.000000 0.000000
0.000000 0.000001
0.303351 0.696647
-0.000000 0.000000
0.000000 0.000002
0.714707 0.279816
-0.000000 -0.000000
0.000042 0.005436
0.000586
-0.000000
0.999414
0.404497 0.001000
-0.000000 -0.000000
0.082806 0.511697
0.045443 0.000325
-0.000000 -0.000000
0.227061 0.727172
1.000000
0.000000
0.000000
0.055721 0.000071
0.000000 -0.000000
0.137473 0.806735
0.000411
-0.000000
0.999589
0.027670 0.000012
-0.000000 -0.000000
0.296767 0.675552
0.018069 0.000058 0.000000
0.000000 0.000000 -0.000000
0.310440 0.520183 0.151250
0.000714
-0.000000
0.999286
1.000000
-0.000000
0.000000
0.001314
0.000000
0.998686
0.000000
-0.000000
1.000000
0.000374
-0.000000
0.999626
0.999997
-0.000000
0.000003
0.073461 0.000536
0.000000 0.000000
0.079491 0.846512
0.001675
0.000000
0.998325
0.000004
0.000000
0.999996
0.002207
-0.000000
0.997793
0.084396 0.000303
-0.000000 -0.000000
0.092737 0.822564
0.981944 0.017191
-0.000000 0.000000
0.000000 0.000866
0.003022
-0.000000
0.996978
0.351869 0.003550
0.000000 0.000000
0.016607 0.627973
0.000559
0.000000
0.999441
0.002167
0.000000
0.997833
0.097942 0.000238
0.000000 -0.000000
0.078693 0.823127
0.046383 0.807021 0.146592
-0.000000 0.000000 -0.000000
0.000000 0.000000 0.000003
1.000000
0.000000
0.000000
0.279865 0.036658 0.001773
0.000000 0.000000 -0.000000
0.171902 0.276826 0.232977
0.003372
0.000000
0.996628
1.000000
0.000000
-0.000000
1.000000
0.000000
0.000000
0.009532 0.000002
0.000000 0.000000
0.481891 0.508574
0.000662
0.000000
0.999338
0.001102
-0.000000
0.998898
0.851242 0.039658
-0.000000 -0.000000
0.001172 0.107928
0.002200
-0.000000
0.997800
0.000987
-0.000000
0.999013
0.999937
-0.000000
0.000063
0.001927 0.000000
0.000000 -0.000000
0.886081 0.111991
0.017647 0.000009
-0.000000 0.000000
0.267940 0.714404
0.000013
-0.000000
0.999987
0.003227
0.000000
0.996773
0.000329 0.000000
-0.000000 0.000000
0.937695 0.061976
0.000274 0.000000
-0.000000 -0.000000
0.988692 0.011033
0.998182
-0.000000
0.001818
0.190554 0.809436
0.000000 0.000000
0.000000 0.000010
0.562980 0.003878
0.000000 0.000000
0.022709 0.410433
0.930896 0.063570
-0.000000 -0.000000
0.000003 0.005531
0.153656 0.846343
0.000000 0.000000
0.000000 0.000001
0.012207
0.000000
0.987793
0.954757
0.000000
0.045243
0.273569 0.726394
0.000000 -0.000000
0.000000 0.000037
0.005128 0.000000
-0.000000 0.000000
0.776534 0.218338
0.019122 0.000004
0.000000 -0.000000
0.437337 0.543537
0.069338 0.017016 0.000616 0.000005
0.000000 -0.000000 0.000000 0.000000
0.016700 0.143034 0.343988 0.409304
0.038691 0.000105
0.000000 0.000000
0.290646 0.670558
0.000086
0.000000
0.999914
0.000063
-0.000000
0.999937
0.000000
-0.000000
1.000000
0.002170
0.000000
0.997830
0.036505 0.000035
0.000000 0.000000
0.419878 0.543582
1.000000
-0.000000
0.000000
0.000185
-0.000000
0.999815
0.006774
-0.000000
0.993226
1.000000
0.000000
0.000000
0.000074 0.000000
0.000000 0.000000
0.993949 0.005977
0.008394 0.000000
0.000000 -0.000000
0.322124 0.669481
0.013929 0.000034
0.000000 0.000000
0.492257 0.493779
0.000103 0.000000
0.000000 0.000000
0.995443 0.004454
0.015049 0.984951
-0.000000 0.000000
0.000000 0.000000
0.999926
-0.000000
0.000074
0.015516 0.000001
-0.000000 -0.000000
0.169096 0.815387
0.001398
0.000000
0.998602
0.014013
0.000000
0.985987
0.000108
0.000000
0.999892
0.000665
0.000000
0.999335
0.508515
0.000000
0.491485
0.005503
-0.000000
0.994497
0.000899
-0.000000
0.999101
0.001539
0.000000
0.998461
0.001708 0.000000
0.000000 0.000000
0.865174 0.133118
0.000002
-0.000000
0.999998
0.128622 0.000024
-0.000000 0.000000
0.365301 0.506053
0.198435 0.801561
-0.000000 -0.000000
0.000000 0.000004
1.000000
0.000000
0.000000
0.000113
0.000000
0.999887
0.855522 0.141850
-0.000000 -0.000000
0.000006 0.002622
0.316285 0.001166
0.000000 0.000000
0.048304 0.634245
0.028619 0.000047 0.000000
0.000000 0.000000 -0.000000
0.135302 0.558422 0.277610
0.081559 0.000367
0.000000 0.000000
0.043904 0.874171
0.784034 0.214172
0.000000 -0.000000
0.000004 0.001790
0.000002
-0.000000
0.999998
0.999969
-0.000000
0.000031
0.066453 0.004134 0.000031
0.000000 -0.000000 0.000000
0.101674 0.381243 0.446465
0.207783 0.005173
0.000000 0.000000
0.034366 0.752677
0.000570
-0.000000
0.999430
0.000295 0.000000
-0.000000 -0.000000
0.977771 0.021934
0.003825
-0.000000
0.996175
0.001435 0.000000
-0.000000 -0.000000
0.751235 0.247331
0.000207
-0.000000
0.999793
0.999998
0.000000
0.000002
1.000000
0.000000
0.000000
0.013245
0.000000
0.986755
0.035938 0.000014
-0.000000 -0.000000
0.528671 0.435377
0.000003
-0.000000
0.999997
0.814584 0.146529
0.000000 0.000000
0.000663 0.038224
0.127461
-0.000000
0.872539
0.009850 0.000012
-0.000000 0.000000
0.677585 0.312552
0.020074
-0.000000
0.979926
0.000001 0.000702 0.063318 0.935979
0.000000 0.000000 -0.000000 -0.000000
-0.000000 -0.000000 -0.000000 0.000000
1.000000
-0.000000
0.000000
0.083104 0.916896
-0.000000 0.000000
0.000000 0.000000
0.000506
0.000000
0.999494
0.000024
-0.000000
0.999976
0.037708 0.000005 0.000000
0.000000 0.000000 0.000000
0.855030 0.104616 0.002641
1.000000
-0.000000
0.000000
0.041783
-0.000000
0.958217
0.999999
0.000000
0.000001
0.983851 0.003278
-0.000000 0.000000
0.000016 0.012856
0.739434 0.044894
-0.000000 -0.000000
0.011354 0.204317
0.000031
0.000000
0.999969
0.327711 0.672285
-0.000000 -0.000000
0.000000 0.000005
0.038464 0.000073 0.000000
0.000000 -0.000000 0.000000
0.081883 0.534465 0.345114
0.114318
-0.000000
0.885682
0.000066
0.000000
0.999934
0.000138
-0.000000
0.999862
0.000460
-0.000000
0.999540
0.528755 0.356400 0.016503
-0.000000 -0.000000 -0.000000
0.000281 0.011206 0.086855
0.000001
-0.000000
0.999999
1.000000
0.000000
0.000000
0.044869
0.000000
0.955131
0.000001
-0.000000
0.999999
0.000436
0.000000
0.999564
1.000000
0.000000
0.000000
1.000000
-0.000000
0.000000
0.829877 0.074440
-0.000000 -0.000000
0.000595 0.095088
0.601314 0.007840
0.000000 -0.000000
0.007178 0.383668
0.418147 0.581682
0.000000 0.000000
0.000000 0.000170
0.013539 0.000000
-0.000000 -0.000000
0.233549 0.752912
0.049073 0.950927
0.000000 -0.000000
0.000000 0.000000
0.364559 0.635436
-0.000000 0.000000
0.000000 0.000005
0.000042 0.000000
-0.000000 -0.000000
0.998557 0.001401
0.052829 0.000070
0.000000 0.000000
0.545960 0.401140
0.999987
0.000000
0.000013
0.077247 0.922753
0.000000 0.000000
0.000000 0.000000
0.009005
-0.000000
0.990995
0.022004 0.977996
-0.000000 0.000000
0.000000 0.000000
0.000001
-0.000000
0.999999
0.000466
0.000000
0.999534
0.057461 0.942539
0.000000 0.000000
0.000000 0.000000
0.006546 0.000004 0.000000
0.000000 0.000000 -0.000000
0.659854 0.307501 0.026095
0.000001
-0.000000
0.999999
1.000000
0.000000
-0.000000
0.996084
0.000000
0.003916
0.184327 0.000331
0.000000 0.000000
0.145467 0.669875
0.004686 0.995314
0.000000 0.000000
-0.000000 0.000000
0.000970
-0.000000
0.999030
0.001047
0.000000
0.998953
0.057296 0.942704
-0.000000 -0.000000
0.000000 0.000000
0.000595
0.000000
0.999405
1.000000
0.000000
-0.000000
0.002055
0.000000
0.997945
0.000021
-0.000000
0.999979
0.000160 0.999840
0.000000 0.000000
-0.000000 -0.000000
0.999321
0.000000
0.000679
0.300837 0.033854 0.000343
-0.000000 0.000000 0.000000
0.015127 0.188847 0.460991
0.004835 0.000000
0.000000 0.000000
0.948672 0.046492
0.000478
0.000000
0.999522
0.999631
-0.000000
0.000369
1.000000
-0.000000
0.000000
0.002168
-0.000000
0.997832
0.000022
0.000000
0.999978
0.023270 0.000117 0.000000
-0.000000 0.000000 -0.000000
0.184503 0.549296 0.242814
0.000427
-0.000000
0.999573
0.999987
0.000000
0.000013
1.000000
0.000000
0.000000
0.191650 0.007827
-0.000000 -0.000000
0.065166 0.735358
0.010561 0.989439
0.000000 -0.000000
0.000000 0.000000
0.933988
-0.000000
0.066012
0.003120
-0.000000
0.996880
0.019267 0.000015
-0.000000 0.000000
0.242997 0.737721
0.999671
-0.000000
0.000329
0.935512 0.000785
0.000000 0.000000
0.000154 0.063549
0.003454 0.000000
0.000000 -0.000000
0.914294 0.082252
0.014951
-0.000000
0.985049
0.021669 0.978331
0.000000 0.000000
0.000000 0.000000
0.032535
0.000000
0.967465
0.000004
-0.000000
0.999996
0.001450 0.000000
0.000000 -0.000000
0.978955 0.019596
0.010987 0.000000
0.000000 -0.000000
0.848151 0.140863
0.022524 0.000067
-0.000000 0.000000
0.328805 0.648604
0.024683 0.000027
-0.000000 0.000000
0.150660 0.824630
1.000000
-0.000000
0.000000
0.001663
-0.000000
0.998337
0.000329 0.000000
-0.000000 -0.000000
0.996350 0.003321
1.000000
-0.000000
0.000000
0.000001
0.000000
0.999999
0.052538 0.947462
0.000000 0.000000
0.000000 0.000000
0.999993
0.000000
0.000007
0.641310
-0.000000
0.358690
0.022785 0.000013
0.000000 0.000000
0.418126 0.559076
0.999545
0.000000
0.000455
0.001244
0.000000
0.998756
0.948029
-0.000000
0.051971
0.010022 0.000001
-0.000000 -0.000000
0.727574 0.262402
0.008436
0.000000
0.991564
0.038437 0.000005
-0.000000 -0.000000
0.737997 0.223561
0.000445
0.000000
0.999555
0.007514 0.000000
0.000000 -0.000000
0.913413 0.079073
0.000832 0.000000
-0.000000 0.000000
0.929162 0.070006
0.036691 0.963309
0.000000 0.000000
0.000000 0.000000
0.000677 0.000000
-0.000000 0.000000
0.872724 0.126599
1.000000
-0.000000
0.000000
0.020360 0.518898 0.460741
0.000000 -0.000000 0.000000
0.000000 0.000000 0.000001
1.000000
-0.000000
0.000000
0.001196
0.000000
0.998804
0.001141
-0.000000
0.998859
0.055315 0.000171
-0.000000 -0.000000
0.071383 0.873131
0.000393
-0.000000
0.999607
0.115007 0.000349
0.000000 0.000000
0.086102 0.798541
0.975350 0.024338
-0.000000 -0.000000
0.000000 0.000312
0.009382 0.990618
0.000000 -0.000000
0.000000 0.000000
0.000078
-0.000000
0.999922
0.999998
-0.000000
0.000002
0.000573 0.000000
-0.000000 -0.000000
0.994947 0.004480
0.000317
0.000000
0.999683
0.012924 0.000000
0.000000 0.000000
0.256595 0.730481
0.028434
0.000000
0.971566
1.000000
-0.000000
-0.000000
0.000426 0.000000
0.000000 0.000000
0.981827 0.017747
0.370757 0.000866
0.000000 -0.000000
0.048069 0.580308
0.265449 0.000439
0.000000 0.000000
0.266090 0.468021
0.081727
-0.000000
0.918273
0.418859 0.012328
-0.000000 0.000000
0.005661 0.563152
0.000019
-0.000000
0.999981
0.000012 0.004609 0.157982 0.837397
0.000000 0.000000 0.000000 -0.000000
-0.000000 0.000000 0.000000 0.000000
1.000000
0.000000
0.000000
0.000179
-0.000000
0.999821
0.000807 0.000000
-0.000000 -0.000000
0.993384 0.005809
0.000600 0.999400
0.000000 0.000000
0.000000 0.000000
0.021647 0.000000
-0.000000 -0.000000
0.170810 0.807543
0.000006 0.019796 0.980197
-0.000000 -0.000000 -0.000000
-0.000000 0.000000 0.000000
0.000325
0.000000
0.999675
0.014305
0.000000
0.985695
0.309224 0.690776
0.000000 0.000000
0.000000 0.000000
0.000144
-0.000000
0.999856
0.000418
0.000000
0.999582
0.003877 0.000000
-0.000000 -0.000000
0.506352 0.489771
0.000710
-0.000000
0.999290
0.284135 0.655548 0.056912
-0.000000 -0.000000 0.000000
0.000000 0.000066 0.003339
0.997706
0.000000
0.002294
0.028048 0.971952
0.000000 -0.000000
0.000000 0.000000
0.032196 0.000090 0.000000
-0.000000 0.000000 0.000000
0.460138 0.414569 0.093007
0.006189 0.993811
0.000000 -0.000000
-0.000000 0.000000
0.000003
-0.000000
0.999997
0.000000
-0.000000
1.000000
0.004729 0.000002
0.000000 0.000000
0.820347 0.174923
0.140946 0.135379 0.005019 0.000010
0.000000 0.000000 -0.000000 0.000000
0.000018 0.003446 0.087964 0.627219
0.127253 0.003131
0.000000 -0.000000
0.092196 0.777421
0.575378 0.424543
0.000000 -0.000000
0.000000 0.000079
0.999999
-0.000000
0.000001
0.656092 0.343604
-0.000000 -0.000000
0.000000 0.000303
0.000607 0.000000
-0.000000 0.000000
0.942852 0.056541
0.000001
0.000000
0.999999
0.999887
0.000000
0.000113
1.000000
-0.000000
0.000000
0.423331 0.576614
-0.000000 -0.000000
0.000000 0.000055
0.000281
-0.000000
0.999719
0.001885
0.000000
0.998115
1.000000
0.000000
0.000000
0.001933 0.000000
0.000000 -0.000000
0.795594 0.202472
0.000002
0.000000
0.999998
0.001538 0.194214 0.804247
0.000000 0.000000 -0.000000
-0.000000 0.000000 0.000000
0.002461
-0.000000
0.997539
1.000000
0.000000
0.000000
0.001621
-0.000000
0.998379
0.000273
-0.000000
0.999727
0.021957
-0.000000
0.978043
0.194274 0.717640 0.087634
-0.000000 -0.000000 0.000000
0.000000 0.000004 0.000448
0.032108 0.000001
-0.000000 -0.000000
0.105147 0.862745
0.000045
-0.000000
0.999955
0.015389
-0.000000
0.984611
0.000734
0.000000
0.999266
0.723700 0.006209
-0.000000 -0.000000
0.007646 0.262445
0.000073
0.000000
0.999927
0.002305 0.000000
-0.000000 0.000000
0.985756 0.011939
0.000002 0.999998
-0.000000 0.000000
-0.000000 -0.000000
0.023341 0.000033
0.000000 0.000000
0.231144 0.745482
0.137339 0.000508
-0.000000 0.000000
0.168319 0.693834
0.993998
0.000000
0.006002
0.029411 0.000057 0.000000
0.000000 0.000000 0.000000
0.409393 0.468450 0.092689
0.065637
0.000000
0.934363
0.111918
-0.000000
0.888082
0.000015
-0.000000
0.999985
0.003214 0.000000
-0.000000 0.000000
0.663835 0.332951
0.999471
0.000000
0.000529
1.000000
0.000000
0.000000
0.000313
0.000000
0.999687
0.022596 0.000011
-0.000000 -0.000000
0.408861 0.568532
0.986743
-0.000000
0.013257
0.077294 0.000003
-0.000000 -0.000000
0.028326 0.894378
0.002413 0.997587
-0.000000 -0.000000
0.000000 0.000000
0.001454
0.000000
0.998546
0.463078 0.004459 0.000000
0.000000 0.000000 -0.000000
0.004598 0.147206 0.380659
0.000050
0.000000
0.999950
0.007279 0.000017
0.000000 0.000000
0.699929 0.292775
0.509543 0.001241
0.000000 0.000000
0.053269 0.435948
0.006606 0.000000
0.000000 -0.000000
0.228733 0.764660
1.000000
0.000000
0.000000
0.001034 0.000000
-0.000000 0.000000
0.813719 0.185247
0.999999
-0.000000
0.000001
0.949930
0.000000
0.050070
0.001605
-0.000000
0.998395
1.000000
0.000000
0.000000
0.000009
0.000000
0.999991
0.018536 0.515110 0.466354
-0.000000 -0.000000 0.000000
0.000000 0.000000 0.000000
0.047107 0.000342
0.000000 0.000000
0.272278 0.680273
0.999786
0.000000
0.000214
0.874410 0.000695
0.000000 0.000000
0.000359 0.124536
1.000000
-0.000000
0.000000
0.224605 0.775394
-0.000000 -0.000000
0.000000 0.000001
0.000303 0.000000
0.000000 -0.000000
0.968475 0.031222
0.909700
-0.000000
0.090300
1.000000
-0.000000
0.000000
0.999868
0.000000
0.000132
0.014014
-0.000000
0.985986
1.000000
-0.000000
0.000000
0.970350 0.023303
-0.000000 -0.000000
0.000001 0.006346
0.001679
-0.000000
0.998321
0.000004
-0.000000
0.999996
0.808606 0.182849
0.000000 -0.000000
0.000014 0.008531
0.999993
0.000000
0.000007
0.999724
0.000000
0.000276
0.000363 0.000000
0.000000 -0.000000
0.995540 0.004098
1.000000
-0.000000
0.000000
0.007471 0.000000
-0.000000 -0.000000
0.508424 0.484105
0.000000
-0.000000
1.000000
0.060889 0.000012
-0.000000 -0.000000
0.448933 0.490166
0.001718 0.000000
-0.000000 0.000000
0.941173 0.057109
0.000063
0.000000
0.999937
0.004862
0.000000
0.995138
0.013616
-0.000000
0.986384
1.000000
-0.000000
0.000000
0.000013
-0.000000
0.999987
0.999990
0.000000
0.000010
0.000159
0.000000
0.999841
0.322044 0.004781
-0.000000 0.000000
0.019472 0.653703
0.044188 0.000045
0.000000 -0.000000
0.253889 0.701877
0.000824 0.000000
-0.000000 0.000000
0.959217 0.039959
0.000009
0.000000
0.999991
0.044425 0.000101
0.000000 0.000000
0.074447 0.881027
1.000000
0.000000
0.000000
0.007231
0.000000
0.992769
0.000162
0.000000
0.999838
0.003070 0.000000
-0.000000 0.000000
0.914509 0.082421
0.123976 0.000115
-0.000000 0.000000
0.327481 0.548428
0.000053
0.000000
0.999947
0.000298
0.000000
0.999702
0.167996
0.000000
0.832004
0.111555 0.000086 0.000000
0.000000 0.000000 -0.000000
0.548345 0.309436 0.030577
0.000008
-0.000000
0.999992
0.002833
0.000000
0.997167
0.886231 0.039545
0.000000 0.000000
0.000477 0.073747
0.305392 0.694221
-0.000000 -0.000000
0.000003 0.000384
0.026753 0.973247
0.000000 0.000000
0.000000 0.000000
0.005032
0.000000
0.994968
0.924683 0.025408
-0.000000 -0.000000
0.000483 0.049427
0.006176
-0.000000
0.993824
0.000007
0.000000
0.999993
1.000000
-0.000000
0.000000
0.777309 0.221318
0.000000 -0.000000
0.000003 0.001370
0.126787 0.873213
0.000000 0.000000
0.000000 0.000000
0.001057 0.000000
-0.000000 -0.000000
0.984758 0.014185
0.999999
-0.000000
0.000001
0.244653 0.001017
0.000000 0.000000
0.363662 0.390669
0.293949 0.039681
-0.000000 -0.000000
0.029339 0.637031
0.981120
-0.000000
0.018880
0.008547 0.000000
-0.000000 0.000000
0.375866 0.615588
0.988879
0.000000
0.011121
0.000002
-0.000000
0.999998
0.028698 0.000012
0.000000 -0.000000
0.275125 0.696165
0.000640
0.000000
0.999360
0.005070 0.000000
-0.000000 0.000000
0.979102 0.015828
0.686663 0.313009
-0.000000 -0.000000
0.000000 0.000327
0.002747
-0.000000
0.997253
0.002385 0.000000
0.000000 -0.000000
0.640224 0.357391
0.070425 0.929575
-0.000000 0.000000
0.000000 0.000000
0.492127 0.507842
0.000000 -0.000000
0.000000 0.000031
0.311545 0.688129
0.000000 0.000000
0.000002 0.000324
0.000123
-0.000000
0.999877
0.329196 0.558409 0.033986
0.000000 0.000000 0.000000
0.000005 0.001685 0.076719
0.880286
0.000000
0.119714
0.035288 0.000001
-0.000000 0.000000
0.064363 0.900348
0.186524 0.717619 0.095624
0.000000 -0.000000 0.000000
0.000000 0.000002 0.000230
0.000006
-0.000000
0.999994
0.639913 0.012725
-0.000000 0.000000
0.017137 0.330225
0.131122 0.001800
0.000000 -0.000000
0.122849 0.744229
0.999965
0.000000
0.000035
0.999982
-0.000000
0.000018
0.107631 0.000052 0.000000
0.000000 0.000000 0.000000
0.558439 0.291242 0.042635
0.926425 0.073253
0.000000 0.000000
0.000000 0.000322
0.767709 0.133514
-0.000000 0.000000
0.004377 0.094400
0.003686 0.000001 0.000000
-0.000000 0.000000 0.000000
0.869765 0.121550 0.004999
1.000000
0.000000
0.000000
0.042680 0.000205 0.000000
-0.000000 0.000000 -0.000000
0.183541 0.540816 0.232758
1.000000
-0.000000
0.000000
0.972214 0.002952
0.000000 -0.000000
0.000022 0.024813
0.003688
0.000000
0.996312
0.004485
0.000000
0.995515
0.009619
0.000000
0.990381
0.076587
0.000000
0.923413
0.000426
-0.000000
0.999574
0.483005 0.516973
-0.000000 -0.000000
0.000000 0.000021
0.000133
0.000000
0.999867
0.001703 0.000000
0.000000 -0.000000
0.924514 0.073783
0.000850 0.000000
-0.000000 -0.000000
0.981390 0.017761
1.000000
0.000000
0.000000
1.000000
-0.000000
0.000000
0.013323 0.000003
-0.000000 -0.000000
0.622798 0.363875
0.002164 0.000000
0.000000 0.000000
0.888432 0.109404
0.229483 0.003093
-0.000000 -0.000000
0.015904 0.751521
0.000544
-0.000000
0.999456
0.002472 0.997528
0.000000 0.000000
0.000000 0.000000
0.003922 0.000000
0.000000 0.000000
0.737157 0.258920
0.003783 0.996217
-0.000000 0.000000
-0.000000 0.000000
0.001051 0.000000
0.000000 0.000000
0.972544 0.026404
0.069610 0.000460 0.000000
-0.000000 -0.000000 -0.000000
0.009974 0.290622 0.629335
0.000219
-0.000000
0.999781
0.000185
0.000000
0.999815
0.613300 0.000071
-0.000000 0.000000
0.005834 0.380795
0.000109
0.000000
0.999891
0.110324 0.000003
-0.000000 -0.000000
0.335273 0.554400
1.000000
-0.000000
0.000000
0.003865 0.000000
0.000000 0.000000
0.836015 0.160120
0.075080 0.000290
0.000000 0.000000
0.123944 0.800686
0.006450
-0.000000
0.993550
0.123854 0.876146
-0.000000 0.000000
0.000000 0.000000
0.000086
0.000000
0.999914
0.024479 0.000027
0.000000 -0.000000
0.153075 0.822419
0.998864
0.000000
0.001136
0.066109 0.000014
0.000000 0.000000
0.411812 0.522064
0.000679
0.000000
0.999321
0.747667 0.236731
-0.000000 0.000000
0.000165 0.015437
0.670895 0.321939
0.000000 -0.000000
0.000050 0.007116
0.000000
0.000000
1.000000
1.000000
-0.000000
0.000000
0.000006
-0.000000
0.999994
0.035934 0.000031
0.000000 0.000000
0.228463 0.735572
0.553218
0.000000
0.446782
1.000000
-0.000000
0.000000
0.999857
0.000000
0.000143
0.052669 0.000011
-0.000000 0.000000
0.177420 0.769900
0.000678
0.000000
0.999322
0.990380
-0.000000
0.009620
0.015157 0.000000
0.000000 0.000000
0.104925 0.879918
0.029939 0.000064
-0.000000 0.000000
0.377772 0.592225
0.997299
-0.000000
0.002701
0.037831
0.000000
0.962169
0.024933 0.000000
0.000000 0.000000
0.893892 0.081174
0.999611
-0.000000
0.000389
1.000000
0.000000
0.000000
0.999999
0.000000
0.000001
0.762309
0.000000
0.237691
0.002275
0.000000
0.997725
0.999955
0.000000
0.000045
0.581533 0.004422
0.000000 0.000000
0.013499 0.400546
0.005040 0.994960
-0.000000 -0.000000
-0.000000 0.000000
0.999996
-0.000000
0.000004
0.009638 0.000002
-0.000000 0.000000
0.767091 0.223269
0.002316
-0.000000
0.997684
0.006316 0.000000
0.000000 0.000000
0.447596 0.546088
0.000136
-0.000000
0.999864
1.000000
0.000000
0.000000
0.014750
0.000000
0.985250
0.032976 0.000191
0.000000 0.000000
0.397208 0.569625
0.033901
-0.000000
0.966099
0.000505
-0.000000
0.999495
0.000896 0.999104
-0.000000 -0.000000
-0.000000 0.000000
0.803040 0.014899
-0.000000 -0.000000
0.002604 0.179457
0.998471
0.000000
0.001529
0.001176
0.000000
0.998824
0.999594
0.000000
0.000406
1.000000
0.000000
0.000000
1.000000
0.000000
0.000000
0.017738 0.000000
0.000000 -0.000000
0.077235 0.905027
0.911754 0.001568
-0.000000 -0.000000
0.000187 0.086491
0.004004
-0.000000
0.995996
1.000000
-0.000000
0.000000
0.000425 0.000000
0.000000 0.000000
0.996617 0.002958
0.000940
0.000000
0.999060
0.999965
0.000000
0.000035
0.998205
-0.000000
0.001795
0.000074 0.000000
-0.000000 -0.000000
0.996849 0.003077
0.025830 0.000000
-0.000000 -0.000000
0.107088 0.867082
0.000490
0.000000
0.999510
0.000035
0.000000
0.999965
0.003553 0.000000
0.000000 0.000000
0.904264 0.092183
0.202431 0.000469
-0.000000 -0.000000
0.430114 0.366986
0.005191
0.000000
0.994809
0.001454
-0.000000
0.998546
0.999350
0.000000
0.000650
1.000000
-0.000000
0.000000
0.041711 0.000050
-0.000000 -0.000000
0.254028 0.704211
0.018493 0.000000
-0.000000 0.000000
0.127749 0.853758
0.002992 0.000000
-0.000000 0.000000
0.496001 0.501006
0.877263 0.000784
-0.000000 -0.000000
0.000562 0.121391
0.002215
0.000000
0.997785
0.006890 0.000000
-0.000000 -0.000000
0.777391 0.215719
0.999785
-0.000000
0.000215
0.000206
-0.000000
0.999794
0.000398
0.000000
0.999602
0.010804 0.000000
0.000000 -0.000000
0.375740 0.613456
0.254683 0.745312
0.000000 -0.000000
0.000000 0.000005
0.533990 0.003407
-0.000000 -0.000000
0.017277 0.445325
1.000000
0.000000
0.000000
0.191011 0.000451
0.000000 0.000000
0.084066 0.724472
0.000473
0.000000
0.999527
0.365363 0.000631
-0.000000 -0.000000
0.073541 0.560465
0.000008
-0.000000
0.999992
0.999982
0.000000
0.000018
0.997367
0.000000
0.002633
0.279822 0.002955
0.000000 -0.000000
0.015148 0.702076
0.999313
0.000000
0.000687
0.033318 0.966682
0.000000 -0.000000
0.000000 0.000000
1.000000
-0.000000
0.000000
0.000172
-0.000000
0.999828
0.036511 0.000001
-0.000000 -0.000000
0.049234 0.914255
0.999625
-0.000000
0.000375
0.023643 0.343400 0.632935
-0.000000 0.000000 0.000000
0.000000 0.000001 0.000021
0.001105
-0.000000
0.998895
0.000552
0.000000
0.999448
0.009169 0.000012
0.000000 -0.000000
0.623979 0.366841
0.000003
0.000000
0.999997
0.001551
-0.000000
0.998449
0.999999
-0.000000
0.000001
0.006770 0.993230
-0.000000 0.000000
-0.000000 0.000000
0.000309
0.000000
0.999691
0.999976
-0.000000
0.000024
0.006757 0.000000
-0.000000 -0.000000
0.750592 0.242651
0.007572
-0.000000
0.992428
0.598308 0.401315
-0.000000 0.000000
0.000001 0.000376
1.000000
-0.000000
0.000000
0.104512 0.016851 0.000253 0.000001
-0.000000 -0.000000 -0.000000 0.000000
0.007436 0.114297 0.351364 0.405287
0.028908 0.000028
0.000000 0.000000
0.214782 0.756283
0.005001 0.000000
-0.000000 0.000000
0.850566 0.144432
0.000010
0.000000
0.999990
0.184226 0.001770 0.000000
-0.000000 -0.000000 0.000000
0.005071 0.204800 0.604134
0.083695 0.003058 0.000011
-0.000000 -0.000000 0.000000
0.084049 0.414243 0.414944
0.736402 0.019142
0.000000 0.000000
0.026547 0.217909
0.001020
-0.000000
0.998980
0.007618
0.000000
0.992382
0.031564 0.000009
-0.000000 0.000000
0.284162 0.684265
0.013051 0.000061 0.000000
0.000000 -0.000000 0.000000
0.607770 0.321456 0.057661
0.040931 0.000055
0.000000 0.000000
0.548620 0.410394
0.001128
0.000000
0.998872
0.083560 0.916440
0.000000 -0.000000
0.000000 0.000000
0.026821
-0.000000
0.973179
0.503288 0.004809
0.000000 -0.000000
0.038326 0.453577
0.018296 0.000006
0.000000 -0.000000
0.406424 0.575275
0.006625
0.000000
0.993375
0.319095
0.000000
0.680905
0.032803
-0.000000
0.967197
0.703164 0.026490
-0.000000 -0.000000
0.016945 0.253401
0.972411
0.000000
0.027589
0.003841 0.996159
0.000000 -0.000000
0.000000 0.000000
0.092010 0.000023
-0.000000 0.000000
0.013953 0.894014
0.999395
0.000000
0.000605
0.999880
-0.000000
0.000120
0.015162 0.000005
0.000000 -0.000000
0.315779 0.669054
0.001219
-0.000000
0.998781
1.000000
-0.000000
0.000000
0.057076 0.002568 0.000011
-0.000000 0.000000 0.000000
0.074689 0.405102 0.460554
0.054903 0.000001
-0.000000 0.000000
0.262913 0.682184
0.000992 0.000000 0.000000
0.000000 -0.000000 -0.000000
0.956781 0.041828 0.000400
0.089685 0.000077
-0.000000 0.000000
0.569126 0.341111
0.154575 0.004182
0.000000 0.000000
0.104858 0.736385
0.000321
-0.000000
0.999679
0.105276 0.894724
0.000000 0.000000
0.000000 0.000000
0.824248 0.000449
0.000000 -0.000000
0.001001 0.174302
0.932172
0.000000
0.067828
0.076719 0.923281
0.000000 -0.000000
0.000000 0.000000
0.165302 0.000040
-0.000000 0.000000
0.020534 0.814124
0.001596
-0.000000
0.998404
0.012658
0.000000
0.987342
1.000000
-0.000000
0.000000
0.988110
-0.000000
0.011890
0.026010 0.000000
0.000000 0.000000
0.216354 0.757636
0.014760 0.000007 0.000000
-0.000000 0.000000 -0.000000
0.227443 0.606376 0.151414
0.042174 0.957826
-0.000000 0.000000
0.000000 0.000000
1.000000
0.000000
0.000000
0.010361 0.000000
0.000000 -0.000000
0.766055 0.223584
0.001798
0.000000
0.998202
0.999978
0.000000
0.000022
0.000030
-0.000000
0.999970
0.296633 0.703338
0.000000 -0.000000
0.000000 0.000028
0.912515
0.000000
0.087485
0.000729
0.000000
0.999271
0.222743
-0.000000
0.777257
0.226157 0.626128 0.145369
0.000000 0.000000 -0.000000
0.000000 0.000078 0.002268
1.000000
-0.000000
0.000000
0.002662 0.000000
0.000000 -0.000000
0.782740 0.214598
0.620368 0.017799
0.000000 -0.000000
0.003842 0.357991
0.084548 0.008638 0.000101
-0.000000 0.000000 -0.000000
0.059512 0.325808 0.521393
0.000644 0.000000
0.000000 0.000000
0.991694 0.007662
0.000157
0.000000
0.999843
0.036851 0.000001
0.000000 0.000000
0.091214 0.871935
0.006220
-0.000000
0.993780
0.056365 0.000005
0.000000 0.000000
0.057759 0.885871
0.068001 0.000062 0.000000
0.000000 0.000000 0.000000
0.780061 0.143864 0.008012
1.000000
-0.000000
0.000000
0.040287 0.000069
0.000000 -0.000000
0.626885 0.332759
0.015387
0.000000
0.984613
0.256394 0.000431
0.000000 0.000000
0.114466 0.628709
1.000000
0.000000
0.000000
0.000361 0.000000
0.000000 0.000000
0.983035 0.016604
0.002453 0.000000
0.000000 -0.000000
0.943455 0.054093
0.681459 0.004224
0.000000 -0.000000
0.011236 0.303081
0.001012 0.337050 0.661938
0.000000 -0.000000 -0.000000
-0.000000 0.000000 0.000000
0.607119 0.392765
0.000000 0.000000
0.000000 0.000117
0.000075
-0.000000
0.999925
0.999636
0.000000
0.000364
0.002124
0.000000
0.997876
0.000012
-0.000000
0.999988
0.036283 0.000236 0.000000
0.000000 0.000000 0.000000
0.428253 0.429351 0.105877
0.999977
0.000000
0.000023
0.999901
0.000000
0.000099
0.014209
-0.000000
0.985791
0.004162 0.000000
-0.000000 0.000000
0.892273 0.103565
0.000026
-0.000000
0.999974
0.004479 0.000001 0.000000
-0.000000 0.000000 -0.000000
0.934144 0.059656 0.001721
0.116952 0.883048
0.000000 0.000000
0.000000 0.000000
0.995059
-0.000000
0.004941
0.166508
0.000000
0.833492
0.022838 0.977162
0.000000 0.000000
0.000000 0.000000
1.000000
0.000000
0.000000
0.001808 0.000000
0.000000 0.000000
0.994667 0.003525
0.691488 0.308327
0.000000 0.000000
0.000000 0.000184
0.000000
0.000000
1.000000
0.520594 0.014919 0.000016
0.000000 0.000000 0.000000
0.011203 0.158225 0.295043
0.003736
0.000000
0.996264
0.896712 0.069132
0.000000 -0.000000
0.000524 0.033631
0.999553
0.000000
0.000447
0.068650 0.000316
-0.000000 0.000000
0.081423 0.849612
0.999839
0.000000
0.000161
0.119417 0.880583
0.000000 -0.000000
0.000000 0.000000
0.063447 0.000097
0.000000 0.000000
0.101835 0.834621
0.583904 0.038345
-0.000000 0.000000
0.038556 0.339194
0.820091 0.177758
-0.000000 -0.000000
0.000004 0.002148
0.001183
0.000000
0.998817
0.002205
-0.000000
0.997795
0.246774 0.000903
0.000000 -0.000000
0.041187 0.711136
0.001746 0.000000
0.000000 -0.000000
0.926079 0.072176
0.000118
-0.000000
0.999882
0.001714 0.000000
0.000000 0.000000
0.955241 0.043045
0.770883
-0.000000
0.229117
0.020173
0.000000
0.979827
0.802859 0.151105
-0.000000 0.000000
0.001730 0.044306
0.005849 0.000000
0.000000 0.000000
0.740564 0.253587
0.000091
-0.000000
0.999909
0.000400 0.000000
0.000000 0.000000
0.916087 0.083513
0.171586 0.000181
0.000000 -0.000000
0.125869 0.702363
0.103813 0.000301
0.000000 0.000000
0.087558 0.808328
0.220069 0.001216
0.000000 0.000000
0.029392 0.749322
0.372797 0.001333
0.000000 -0.000000
0.133290 0.492580
0.635495 0.012173
-0.000000 -0.000000
0.005909 0.346422
0.005295 0.000000
-0.000000 0.000000
0.855514 0.139192
0.545317 0.016147
0.000000 -0.000000
0.005847 0.432688
0.999992
0.000000
0.000008
0.000239
-0.000000
0.999761
0.491327 0.508645
0.000000 0.000000
0.000000 0.000028
0.009463
-0.000000
0.990537
0.002836
0.000000
0.997164
0.004659
0.000000
0.995341
0.014759 0.000011
0.000000 -0.000000
0.555600 0.429630
0.033445 0.000321 0.000000
-0.000000 0.000000 -0.000000
0.265881 0.474556 0.225796
0.000545
-0.000000
0.999455
0.012206
-0.000000
0.987794
1.000000
-0.000000
0.000000
0.980499 0.010329
0.000000 0.000000
0.000004 0.009168
0.000058
0.000000
0.999942
0.004614
-0.000000
0.995386
0.002668 0.997332
-0.000000 -0.000000
0.000000 -0.000000
0.135924 0.864074
0.000000 -0.000000
0.000000 0.000001
0.015854 0.000098 0.000000
-0.000000 0.000000 0.000000
0.464690 0.421109 0.098250
0.846406 0.015896
0.000000 -0.000000
0.002130 0.135568
1.000000
0.000000
0.000000
0.014125 0.000003
-0.000000 -0.000000
0.479645 0.506228
0.000653
-0.000000
0.999347
0.000361
-0.000000
0.999639
0.015796 0.000014
-0.000000 0.000000
0.708461 0.275729
0.000386
0.000000
0.999614
0.953230
-0.000000
0.046770
0.000000
0.000000
1.000000
0.017030 0.000024 0.000000
-0.000000 -0.000000 -0.000000
0.235018 0.545910 0.202018
0.022677 0.000004
-0.000000 0.000000
0.455535 0.521783
0.000008
-0.000000
0.999992
1.000000
0.000000
0.000000
0.999998
-0.000000
0.000002
0.386843 0.272760 0.015368 0.000118
-0.000000 0.000000 -0.000000 0.000000
0.000083 0.005478 0.064309 0.255042
1.000000
-0.000000
0.000000
0.999937
-0.000000
0.000063
0.757208 0.088209
-0.000000 -0.000000
0.001982 0.152601
0.245786
-0.000000
0.754214
1.000000
-0.000000
0.000000
0.319143 0.680857
0.000000 0.000000
0.000000 0.000000
0.001246
-0.000000
0.998754
0.008181
0.000000
0.991819
0.000818
0.000000
0.999182
0.000669
0.000000
0.999331
0.012770 0.000000
0.000000 0.000000
0.552354 0.434877
0.001883
0.000000
0.998117
0.000001
-0.000000
0.999999
0.969095
0.000000
0.030905
0.052486
0.000000
0.947514
0.331519 0.001402
0.000000 0.000000
0.122373 0.544705
0.035629 0.000677 0.000001
-0.000000 0.000000 -0.000000
0.101884 0.453986 0.407822
0.000810
0.000000
0.999190
0.949126
-0.000000
0.050874
0.064172 0.000010
0.000000 -0.000000
0.644026 0.291792
0.005308 0.994692
-0.000000 -0.000000
0.000000 0.000000
0.102635
-0.000000
0.897365
0.101687 0.006013 0.000013
-0.000000 -0.000000 -0.000000
0.007488 0.200324 0.684474
0.000043
-0.000000
0.999957
0.024539 0.000008
-0.000000 0.000000
0.401831 0.573621
0.000893
-0.000000
0.999107
0.000186
0.000000
0.999814
0.001295
0.000000
0.998705
0.113212
0.000000
0.886788
0.475064 0.046719 0.000236
-0.000000 0.000000 -0.000000
0.005237 0.108113 0.364632
0.089568
-0.000000
0.910432
0.012287 0.000000
-0.000000 0.000000
0.918812 0.068902
0.992579
-0.000000
0.007421
0.000000
0.000000
1.000000
0.182895 0.000389
-0.000000 -0.000000
0.087347 0.729369
0.000053
-0.000000
0.999947
0.000673 0.000000
-0.000000 -0.000000
0.967362 0.031965
0.961077
-0.000000
0.038923
0.026908
0.000000
0.973092
0.003160 0.000000
0.000000 -0.000000
0.721371 0.275470
0.044735 0.000004
0.000000 0.000000
0.636554 0.318707
0.999982
0.000000
0.000018
0.000200
0.000000
0.999800
1.000000
0.000000
-0.000000
1.000000
-0.000000
0.000000
0.696445 0.086318 0.000086
0.000000 0.000000 0.000000
0.000066 0.012906 0.204178
0.000211
-0.000000
0.999789
0.046444 0.000004
-0.000000 -0.000000
0.650695 0.302857
1.000000
0.000000
0.000000
0.000384
-0.000000
0.999616
1.000000
0.000000
-0.000000
0.246781 0.000574
-0.000000 -0.000000
0.077473 0.675172
0.000108
0.000000
0.999892
0.019023
0.000000
0.980977
0.016588 0.000083 0.000000 0.000000
-0.000000 0.000000 0.000000 -0.000000
0.590075 0.325824 0.061044 0.006387
0.999966
-0.000000
0.000034
0.000025
0.000000
0.999975
0.026895 0.000011
0.000000 0.000000
0.254875 0.718219
0.010568
0.000000
0.989432
0.200953 0.012976
0.000000 0.000000
0.051748 0.734323
0.001563
0.000000
0.998437
0.000009
0.000000
0.999991
0.869657 0.031424
0.000000 -0.000000
0.001152 0.097767
0.000349
0.000000
0.999651
0.016454 0.000011
0.000000 -0.000000
0.248159 0.735376
0.000213
-0.000000
0.999787
0.005285 0.000000
0.000000 0.000000
0.593771 0.400944
0.308532 0.000028
-0.000000 -0.000000
0.055158 0.636282
0.000000
-0.000000
1.000000
0.999771
0.000000
0.000229
0.000277
-0.000000
0.999723
0.000080 0.034709 0.965211
0.000000 -0.000000 0.000000
0.000000 0.000000 0.000000
0.016281 0.000001
0.000000 0.000000
0.799989 0.183729
0.001312 0.998688
0.000000 0.000000
0.000000 -0.000000
0.800365
0.000000
0.199635
0.001717
0.000000
0.998283
0.526291 0.473650
-0.000000 -0.000000
0.000000 0.000059
0.118259 0.881734
-0.000000 -0.000000
0.000000 0.000008
0.005548 0.000000
-0.000000 0.000000
0.785009 0.209443
1.000000
-0.000000
0.000000
0.059354 0.000061
-0.000000 -0.000000
0.610379 0.330206
0.000314
0.000000
0.999686
0.054321 0.000407
0.000000 -0.000000
0.157578 0.787694
0.001408 0.000000
-0.000000 0.000000
0.913463 0.085128
0.002156
-0.000000
0.997844
0.009211 0.990789
0.000000 0.000000
0.000000 0.000000
0.046585
-0.000000
0.953415
0.454614
0.000000
0.545386
0.001754
0.000000
0.998246
0.086877 0.000359
-0.000000 0.000000
0.042452 0.870312
0.008877 0.000002 0.000000
-0.000000 -0.000000 -0.000000
0.836844 0.148803 0.005474
0.000136
-0.000000
0.999864
0.000006
-0.000000
0.999994
0.750260 0.176286
0.000000 -0.000000
0.000506 0.072947
0.081249 0.000051
0.000000 -0.000000
0.574912 0.343789
0.999999
0.000000
0.000001
0.000016
-0.000000
0.999984
0.016649 0.000007
-0.000000 -0.000000
0.459301 0.524043
0.998805
-0.000000
0.001195
0.999984
0.000000
0.000016
0.062099 0.000112
0.000000 -0.000000
0.120352 0.817437
0.002469 0.000000
0.000000 0.000000
0.848591 0.148940
0.000000
0.000000
1.000000
0.006340
-0.000000
0.993660
0.000005
-0.000000
0.999995
0.003956
0.000000
0.996044
0.177137 0.000738
-0.000000 0.000000
0.037710 0.784415
0.001464
-0.000000
0.998536
0.100366 0.000084 0.000000
0.000000 0.000000 0.000000
0.719394 0.165025 0.015131
0.017083
-0.000000
0.982917
0.999977
-0.000000
0.000023
0.011671 0.000000
0.000000 -0.000000
0.469316 0.519012
0.000158
0.000000
0.999842
0.073424
0.000000
0.926576
1.000000
0.000000
0.000000
1.000000
-0.000000
0.000000
0.017880 0.000004
-0.000000 0.000000
0.823691 0.158425
0.007047
0.000000
0.992953
0.002545
-0.000000
0.997455
0.009540 0.000003
-0.000000 0.000000
0.424011 0.566445
1.000000
-0.000000
0.000000
0.811911 0.183150
0.000000 -0.000000
0.000020 0.004918
0.533991 0.001204
0.000000 -0.000000
0.039353 0.425452
1.000000
0.000000
0.000000
1.000000
0.000000
0.000000
1.000000
-0.000000
0.000000
1.000000
0.000000
-0.000000
0.043258 0.000001
-0.000000 0.000000
0.053779 0.902962
0.351195 0.005324
-0.000000 0.000000
0.013057 0.630424
1.000000
-0.000000
0.000000
0.002190
0.000000
0.997810
0.717152 0.035482
-0.000000 0.000000
0.002289 0.245077
0.000001
0.000000
0.999999
0.715812 0.148315
0.000000 0.000000
0.004917 0.130956
0.000069 0.999931
-0.000000 0.000000
0.000000 -0.000000
0.955959 0.021356
0.000000 -0.000000
0.000021 0.022664
0.006850
-0.000000
0.993150
0.845963 0.028807
0.000000 0.000000
0.001723 0.123508
0.013701
-0.000000
0.986299
0.057871
0.000000
0.942129
0.063664 0.936336
-0.000000 0.000000
0.000000 0.000000
0.999952
-0.000000
0.000048
0.130183 0.012792 0.000115
-0.000000 -0.000000 0.000000
0.023741 0.262131 0.571038
0.010623
0.000000
0.989377
0.000068
-0.000000
0.999932
0.044005 0.000005
-0.000000 0.000000
0.563155 0.392834
1.000000
-0.000000
0.000000
0.003457
-0.000000
0.996543
0.037711 0.000057
-0.000000 0.000000
0.111478 0.850754
0.000197 0.999803
0.000000 -0.000000
0.000000 0.000000
0.026845 0.000021
-0.000000 0.000000
0.373238 0.599896
0.001363 0.000000
0.000000 0.000000
0.900400 0.098237
0.010619
0.000000
0.989381
0.016392 0.000004
-0.000000 0.000000
0.426471 0.557134
0.011698 0.000000
-0.000000 -0.000000
0.446451 0.541851
0.302817 0.697141
0.000000 -0.000000
0.000000 0.000042
0.015535 0.984465
-0.000000 0.000000
0.000000 0.000000
0.000130
0.000000
0.999870
1.000000
0.000000
0.000000
0.939092 0.001896
-0.000000 0.000000
0.000142 0.058870
0.080227 0.002681 0.000004
0.000000 0.000000 0.000000
0.029992 0.327681 0.559414
0.054608 0.000052
-0.000000 -0.000000
0.215282 0.730057
1.000000
-0.000000
0.000000
0.002163
0.000000
0.997837
0.034856 0.000004
0.000000 0.000000
0.651134 0.314006
0.174164 0.825836
0.000000 -0.000000
0.000000 0.000000
0.028895 0.000020
-0.000000 0.000000
0.371856 0.599229
1.000000
0.000000
0.000000
0.150761 0.849239
0.000000 -0.000000
0.000000 0.000000
0.000002
-0.000000
0.999998
0.007716
-0.000000
0.992284
0.001038
0.000000
0.998962
0.997944
-0.000000
0.002056
0.309673 0.627433 0.015136
0.000000 0.000000 -0.000000
0.000002 0.000876 0.046880
0.301410 0.698573
-0.000000 -0.000000
0.000000 0.000017
0.001282
0.000000
0.998718
0.979703 0.019505
-0.000000 -0.000000
0.000000 0.000792
0.477137 0.001575
0.000000 0.000000
0.028524 0.492763
0.032298 0.000098
0.000000 0.000000
0.371178 0.596426
0.757972 0.001485
-0.000000 -0.000000
0.000459 0.240085
0.999999
0.000000
0.000001
0.996433
0.000000
0.003567
0.009410 0.000002
0.000000 -0.000000
0.451187 0.539401
0.752036 0.247521
0.000000 0.000000
0.000001 0.000442
0.567013 0.432853
-0.000000 0.000000
0.000000 0.000134
0.000159
-0.000000
0.999841
0.999997
0.000000
0.000003
0.989443 0.006063
0.000000 0.000000
0.000002 0.004491
0.909794
0.000000
0.090206
0.018320
-0.000000
0.981680
0.002298
-0.000000
0.997702
0.020521 0.979479
0.000000 -0.000000
0.000000 0.000000
0.313766 0.006349 0.000009
-0.000000 -0.000000 -0.000000
0.072580 0.317902 0.289395
0.656268 0.034977
-0.000000 -0.000000
0.009621 0.299134
0.087350 0.700687 0.211898
0.000000 -0.000000 0.000000
0.000000 0.000001 0.000064
0.005880 0.000000
-0.000000 0.000000
0.910294 0.083826
0.019298
-0.000000
0.980702
0.999684
0.000000
0.000316
0.587560 0.411587
0.000000 -0.000000
0.000002 0.000851
0.000817
-0.000000
0.999183
0.032756 0.000025
0.000000 0.000000
0.255123 0.712095
0.002564 0.230651 0.766784
0.000000 -0.000000 -0.000000
0.000000 0.000000 0.000000
0.085339 0.000011
0.000000 0.000000
0.545957 0.368693
0.153641
0.000000
0.846359
0.839883 0.009020
0.000000 -0.000000
0.003176 0.147921
0.592302 0.407030
-0.000000 -0.000000
0.000002 0.000667
0.009708 0.000000
-0.000000 0.000000
0.830013 0.160278
0.999961
0.000000
0.000039
1.000000
-0.000000
0.000000
0.000234 0.999766
0.000000 0.000000
-0.000000 -0.000000
0.875758 0.107434
0.000000 0.000000
0.000181 0.016627
0.000414
0.000000
0.999586
0.004283 0.000000
0.000000 0.000000
0.860714 0.135003
0.999932
0.000000
0.000068
0.778000 0.000750
0.000000 -0.000000
0.000721 0.220530
1.000000
0.000000
0.000000
0.068901 0.000046
-0.000000 0.000000
0.624189 0.306865
0.966881
-0.000000
0.033119
1.000000
-0.000000
0.000000
0.802044 0.195448
-0.000000 -0.000000
0.000006 0.002502
0.614201 0.336744 0.006285
0.000000 0.000000 -0.000000
0.000011 0.001892 0.040867
0.999993
-0.000000
0.000007
0.001409
-0.000000
0.998591
0.999899
-0.000000
0.000101
0.000452 0.000000
0.000000 -0.000000
0.949718 0.049830
0.096126 0.837124 0.066724
-0.000000 -0.000000 -0.000000
0.000000 0.000000 0.000026
0.000479
-0.000000
0.999521
0.000074 0.999926
-0.000000 -0.000000
-0.000000 -0.000000
0.999132
0.000000
0.000868
0.054075 0.000032
-0.000000 0.000000
0.199164 0.746729
1.000000
0.000000
0.000000
1.000000
0.000000
0.000000
0.035082 0.964918
-0.000000 -0.000000
0.000000 0.000000
0.000001
-0.000000
0.999999
0.000027
0.000000
0.999973
0.785742 0.022857
0.000000 0.000000
0.001974 0.189427
0.014037
0.000000
0.985963
0.412360 0.511670 0.045213
-0.000000 -0.000000 0.000000
0.000051 0.002686 0.028021
0.003135
-0.000000
0.996865
0.099211 0.900788
-0.000000 -0.000000
0.000000 0.000000
0.988932 0.005943
0.000000 0.000000
0.000003 0.005122
0.015852 0.000080
-0.000000 -0.000000
0.467063 0.517005
0.999287
0.000000
0.000713
0.005029
0.000000
0.994971
0.000073
0.000000
0.999927
0.010273 0.000001
-0.000000 -0.000000
0.705124 0.284602
0.016921 0.000020
0.000000 0.000000
0.493135 0.489923
0.022868 0.000057
0.000000 -0.000000
0.487130 0.489944
0.864842 0.120921
-0.000000 -0.000000
0.000073 0.014164
0.002483
-0.000000
0.997517
0.000105
0.000000
0.999895
0.776833 0.218044
0.000000 -0.000000
0.000025 0.005098
0.212114 0.000169
0.000000 0.000000
0.136351 0.651366
1.000000
0.000000
0.000000
0.001980 0.000000
0.000000 0.000000
0.841447 0.156573
0.022821 0.977179
0.000000 -0.000000
0.000000 0.000000
0.033247 0.002535 0.000070 0.000001
0.000000 0.000000 -0.000000 -0.000000
0.280527 0.349774 0.226834 0.107013
0.000846
-0.000000
0.999154
0.014930 0.000003
0.000000 -0.000000
0.544678 0.440389
0.353226 0.031025
-0.000000 0.000000
0.025211 0.590538
0.000081
-0.000000
0.999919
0.000114
-0.000000
0.999886
0.055390 0.944610
-0.000000 0.000000
0.000000 0.000000
0.014383 0.985617
0.000000 0.000000
0.000000 0.000000
0.000150 0.000000
0.000000 -0.000000
0.972463 0.027387
1.000000
0.000000
0.000000
0.000399
-0.000000
0.999601
0.593117 0.049835
-0.000000 0.000000
0.004396 0.352652
0.137648 0.000876
-0.000000 0.000000
0.027444 0.834032
0.000024
0.000000
0.999976
0.012504
-0.000000
0.987496
0.738747 0.067321
0.000000 0.000000
0.006384 0.187548
0.000187 0.000000
0.000000 -0.000000
0.985242 0.014572
0.000000
0.000000
1.000000
0.000597 0.000000
-0.000000 -0.000000
0.995666 0.003737
0.019385
0.000000
0.980615
0.007513 0.377540 0.614947
-0.000000 0.000000 -0.000000
0.000000 0.000000 0.000000
0.999984
-0.000000
0.000016
0.000997 0.000000
0.000000 0.000000
0.929439 0.069563
0.999951
-0.000000
0.000049
0.000023
-0.000000
0.999977
0.001737 0.000000
0.000000 0.000000
0.937362 0.060900
0.000118
0.000000
0.999882
0.363446
-0.000000
0.636554
0.000502
-0.000000
0.999498
0.086284 0.005754 0.000026
0.000000 -0.000000 -0.000000
0.028960 0.292324 0.586653
0.918705
0.000000
0.081295
1.000000
-0.000000
0.000000
1.000000
0.000000
0.000000
0.000039
0.000000
0.999961
0.000196
-0.000000
0.999804
0.673774 0.090525
-0.000000 0.000000
0.002313 0.233388
0.006006 0.000000
0.000000 0.000000
0.776020 0.217974
0.000686
0.000000
0.999314
0.000066
-0.000000
0.999934
1.000000
0.000000
0.000000
0.000004 0.022104 0.977892
-0.000000 -0.000000 -0.000000
0.000000 -0.000000 -0.000000
0.025752 0.000000
0.000000 0.000000
0.131118 0.843129
0.998309
-0.000000
0.001691
0.002428 0.997572
0.000000 -0.000000
-0.000000 0.000000
0.999371
-0.000000
0.000629
0.837011 0.094408
0.000000 0.000000
0.000256 0.068326
0.006128
-0.000000
0.993872
1.000000
0.000000
0.000000
0.999751
0.000000
0.000249
0.055889 0.000017
0.000000 0.000000
0.802766 0.141327
0.102757 0.006386 0.000015
-0.000000 -0.000000 0.000000
0.007928 0.202094 0.680820
0.216963 0.783037
0.000000 -0.000000
0.000000 0.000001
0.648187 0.028372
-0.000000 0.000000
0.002511 0.320930
0.000059
-0.000000
0.999941
0.729053 0.000169
-0.000000 -0.000000
0.002225 0.268554
0.013041 0.000002
-0.000000 -0.000000
0.624449 0.362507
0.011386 0.000004
0.000000 0.000000
0.348737 0.639873
0.022065
0.000000
0.977935
0.996774
0.000000
0.003226
0.007949
0.000000
0.992051
0.006528 0.000000
0.000000 0.000000
0.268740 0.724731
0.993089
-0.000000
0.006911
0.999888
0.000000
0.000112
0.007677
-0.000000
0.992323
0.024012 0.000014
-0.000000 0.000000
0.277239 0.698734
0.043566 0.000222
0.000000 0.000000
0.250029 0.706183
0.009896
-0.000000
0.990104
0.000062
-0.000000
0.999938
0.001135
0.000000
0.998865
1.000000
0.000000
0.000000
0.009171 0.000000
-0.000000 0.000000
0.706473 0.284356
0.022387 0.000045
0.000000 -0.000000
0.330605 0.646964
0.005143 0.000000
0.000000 0.000000
0.917942 0.076915
0.001276
-0.000000
0.998724
0.000002
-0.000000
0.999998
0.008384
0.000000
0.991616
0.158480 0.014065 0.000059
-0.000000 0.000000 -0.000000
0.008321 0.184852 0.634222
0.971257
0.000000
0.028743
0.000156
0.000000
0.999844
0.999521
0.000000
0.000479
1.000000
0.000000
0.000000
0.000623
-0.000000
0.999377
0.008645
-0.000000
0.991355
0.999983
-0.000000
0.000017
0.066283
0.000000
0.933717
0.919196 0.036102
0.000000 0.000000
0.000436 0.044266
0.052029 0.000002
0.000000 -0.000000
0.790342 0.157627
0.999706
0.000000
0.000294
0.001445
0.000000
0.998555
0.999989
-0.000000
0.000011
0.000514
0.000000
0.999486
0.013030 0.000009
0.000000 -0.000000
0.404797 0.582163
0.000425
-0.000000
0.999575
0.000004
0.000000
0.999996
0.666184
-0.000000
0.333816
0.087629 0.002003 0.000002
-0.000000 -0.000000 0.000000
0.053835 0.387725 0.468805
1.000000
-0.000000
0.000000
