2000 3
1 1 1 2 2 1 2 3 3 3 1 2 1 1 2 4 2 1 2 1 1 1 1 2 1 1 1 2 2 2 2 1 1 1 2 1 1 3 1 3 1 2 1 3 1 2 1 2 2 3 1 1 1 2 1 1 3 2 2 2 1 1 1 3 1 1 1 1 4 2 2 2 1 1 2 1 1 1 2 2 2 1 2 1 1 1 2 1 2 2 2 1 1 1 1 1 1 1 1 3 1 2 2 2 1 2 1 2 2 1 1 1 2 2 2 1 1 2 1 1 1 2 2 2 1 1 2 2 1 1 1 3 3 1 1 1 1 1 1 2 3 1 1 2 2 1 3 2 1 1 1 1 2 1 1 2 1 2 1 1 2 1 2 1 2 1 1 1 1 2 1 1 1 2 2 1 2 1 3 1 1 1 1 2 1 2 2 2 2 1 1 2 2 1 1 1 1 1 1 2 1 1 2 2 2 2 2 1 2 1 2 2 1 3 3 2 2 1 2 2 1 1 2 1 2 2 2 2 1 1 2 2 1 2 2 1 1 2 2 1 2 1 1 4 1 2 1 2 2 2 2 2 1 2 1 4 1 2 1 1 2 1 2 2 1 2 1 1 1 1 1 1 2 1 2 2 3 1 3 2 1 1 2 2 1 2 2 1 1 1 1 1 1 1 2 2 1 2 1 2 1 1 1 1 2 1 2 1 1 1 1 2 1 2 2 1 1 2 2 2 3 2 1 2 2 1 2 2 5 1 2 1 1 1 2 1 2 2 1 1 1 2 1 2 3 2 1 2 1 1 1 2 1 2 2 1 1 1 1 1 1 3 1 1 2 2 1 1 1 1 1 1 2 1 1 1 3 3 1 1 1 2 1 2 1 1 1 1 1 2 2 1 2 2 1 2 2 2 1 1 1 1 1 2 1 2 2 2 1 2 2 2 1 2 1 2 2 1 2 2 1 1 1 2 1 1 1 1 2 1 2 2 1 2 2 2 1 2 2 2 2 1 1 1 1 2 1 1 1 2 2 4 2 1 2 2 1 1 1 2 2 2 2 1 1 1 1 1 1 2 2 1 1 2 1 1 2 1 2 1 2 3 1 1 1 2 2 2 2 1 1 1 1 2 2 3 2 2 1 4 2 1 2 2 1 2 2 2 1 2 2 1 2 1 1 2 2 1 3 1 1 1 1 3 1 2 1 2 1 2 1 1 1 2 1 2 1 1 2 1 2 2 1 1 2 1 1 1 1 1 1 1 1 2 1 2 1 1 1 1 1 1 3 1 1 3 2 2 2 2 2 1 1 1 1 1 2 1 1 1 1 1 1 1 2 1 2 1 1 1 1 2 2 1 2 1 1 1 1 2 1 2 1 1 2 1 1 3 2 2 2 1 1 3 2 2 2 1 2 1 1 1 1 3 2 3 1 2 1 1 1 2 1 2 2 1 1 3 2 2 1 2 1 1 2 1 1 1 2 3 2 1 1 2 2 1 1 1 1 1 1 2 2 2 1 2 2 1 2 1 1 2 1 1 1 2 1 1 3 2 1 1 1 2 1 3 1 2 1 1 1 1 1 1 2 3 2 2 1 1 1 1 2 2 2 2 2 2 1 2 2 2 2 1 1 2 1 1 1 1 1 1 2 1 1 1 1 2 2 2 2 2 1 1 2 2 1 1 2 1 1 1 2 1 2 2 1 1 3 1 1 2 2 1 2 2 1 2 2 1 1 1 1 1 2 2 2 2 1 2 1 1 1 2 1 2 1 2 2 2 1 2 1 1 2 1 2 1 1 2 2 1 1 2 1 2 1 1 2 2 2 2 2 1 2 1 1 2 2 2 2 2 1 1 1 2 1 1 2 1 2 1 2 2 1 1 2 2 2 2 1 1 2 2 2 1 2 1 2 2 1 1 1 2 1 2 1 3 1 1 1 1 2 1 1 1 1 2 2 1 1 1 1 1 2 2 1 2 2 1 3 2 1 2 2 1 2 2 2 2 1 2 1 2 1 1 1 1 2 2 1 2 1 1 2 1 2 2 1 1 3 1 1 2 1 1 2 2 2 2 2 2 3 1 2 1 1 3 1 1 2 1 1 2 1 2 2 1 1 2 1 1 3 2 1 1 1 2 2 3 2 3 1 2 2 2 2 2 1 2 2 1 2 1 2 3 1 1 1 1 1 1 2 1 1 1 2 2 1 2 1 1 2 3 1 3 1 1 1 2 1 1 2 1 1 1 2 2 1 1 2 2 1 2 2 2 2 1 1 2 2 2 4 2 1 1 1 1 2 1 1 1 1 2 2 2 2 2 1 2 1 1 1 1 1 1 1 1 2 1 2 2 1 1 2 2 3 2 2 1 1 3 2 1 2 1 2 1 1 1 1 2 1 2 1 2 1 4 1 2 1 1 3 1 1 1 2 2 1 2 3 1 1 1 1 3 1 1 1 1 1 1 1 2 2 2 2 2 2 2 2 1 2 1 2 1 1 2 3 1 1 1 2 2 1 1 2 1 1 1 1 2 1 3 2 1 1 1 1 1 3 1 1 1 2 2 1 1 2 1 2 2 1 2 1 1 2 2 2 2 1 1 2 1 1 2 1 1 2 1 1 1 2 1 2 1 2 2 2 2 1 3 1 1 1 2 1 2 2 2 1 1 2 1 2 1 1 2 2 2 1 2 1 4 1 1 2 2 2 3 1 1 2 1 1 2 1 3 1 2 3 2 1 1 2 4 2 2 1 2 2 1 1 1 2 1 1 1 2 1 3 1 1 1 1 1 3 2 1 1 1 2 1 2 2 2 2 1 3 1 1 1 2 1 1 1 2 1 2 2 1 3 1 2 2 2 1 2 1 1 1 1 1 3 2 1 2 1 2 2 1 1 1 1 1 2 1 1 2 1 1 2 1 2 1 2 2 1 1 1 1 1 1 1 2 2 2 1 2 1 1 1 2 2 1 1 1 3 1 1 2 2 2 1 2 1 1 1 2 2 2 1 2 2 1 2 1 1 2 1 2 2 1 2 2 2 2 1 3 1 2 3 1 2 2 1 1 3 2 2 3 1 3 1 2 1 1 1 1 1 2 1 2 2 1 1 2 2 2 1 2 2 2 2 3 1 1 2 1 2 1 2 2 1 2 1 2 1 2 1 2 2 1 1 1 2 1 1 1 2 1 1 2 2 1 1 2 1 1 1 1 1 1 2 2 1 2 1 2 1 1 1 2 1 1 2 2 1 1 1 1 1 2 2 1 1 2 1 1 1 2 2 1 1 2 2 1 1 1 1 2 2 2 2 1 2 1 1 1 2 2 2 1 2 1 2 1 1 1 2 1 2 1 1 2 1 3 1 1 2 1 1 1 2 1 1 2 1 2 1 4 2 2 1 3 3 2 1 1 2 3 2 1 2 1 2 2 1 1 1 2 1 2 2 1 1 2 1 1 3 2 3 2 2 1 2 2 1 2 2 1 1 1 1 2 3 2 1 2 1 1 1 2 1 1 1 3 1 2 2 3 2 1 2 1 2 3 1 2 1 2 1 2 2 2 3 2 1 1 1 1 3 1 1 1 2 1 3 2 1 1 2 1 2 2 1 3 1 2 1 2 1 2 2 2 2 1 1 2 2 1 2 1 1 2 2 1 2 2 2 2 2 2 2 2 1 1 2 1 1 1 2 3 1 1 1 2 1 1 2 2 3 2 1 2 1 1 2 1 1 1 3 2 1 1 1 4 1 1 2 1 1 2 1 1 1 1 2 1 1 1 1 2 3 1 1 2 2 1 3 1 2 1 1 1 1 3 1 2 1 1 2 1 2 1 1 2 2 1 1 1 1 3 1 2 1 1 1 2 1 1 4 1 1 2 1 2 1 1 2 1 2 1 2 2 1 1 1 3 2 2 1 1 2 2 2 1 2 1 2 2 1 2 1 1 1 2 3 1 1 2 2 1 1 2 1 1 2 2 1 1 1 1 2 1 3 1 1 2 1 1 1 1 2 1 1 2 1 2 2 1 1 1 1 2 2 1 1 2 1 2 2 2 1 2 1 1 2 1 3 1 1 2 1 1 2 2 2 2 1 2 2 2 2 1 1 2 3 2 1 1 2 2 2 1 2 1 1 1 1 3 2 1 2 2 2 2 1 1 2 2 2 1 1 2 1 1 1 2 3 2 3 2 1 1 2 1 2 3 2 1 2 2 2 1 1 2 2 1 2 1 2 1 2 1 1 2 3 1 1 1 2 3 1 2 1 2 1 1 2 1 1 2 1 3 1 2 2 2 1 1 1 2 2 2 2 1 1 2 2 1 2 2 4 1 2 2 1 1 2 2 2 1 1 2 2 1 1 2 2 1 2 1 3 1 2 1 1 2 1 1 1 3 1 1 1 1 1 2 2 1 1 1 3 2 1 2 1 2 1 1 1 2 3 2 2 1 2 2 2 1 1 1 2 1 1 1 2 2 1 1 1 1 2 2 2 1 1 1 3 1 1 1 1 1 1 1 1 2 2 1 1 1 1 2 1 1 1 3 1
0.862591
0.137247
0.000162
0.000346
0.000008
0.999647
0.003262
0.000012
0.996726
0.049615 0.000200
0.011350 0.000001
0.097171 0.841663
0.345962 0.005053
0.272720 0.000075
0.011703 0.364486
0.740661
0.259334
0.000005
0.035500 0.000001
0.000322 0.000000
0.894066 0.070112
0.140519 0.034475 0.000751
0.151770 0.005803 0.000008
0.010257 0.160017 0.496399
0.043709 0.000029 0.000000
0.001443 0.000000 0.000000
0.859081 0.091910 0.003830
0.069561 0.044524 0.001877
0.208397 0.023617 0.000055
0.002706 0.090636 0.558627
0.131247
0.868753
0.000000
0.002146 0.000001
0.000440 0.000000
0.901055 0.096358
0.774361
0.225638
0.000001
0.499983
0.500001
0.000016
0.007397 0.000002
0.000603 0.000000
0.575702 0.416297
0.000007 0.005402 0.181843 0.491570
0.000030 0.026556 0.261892 0.032700
0.000000 0.000000 0.000000 0.000000
0.009577 0.000004
0.003561 0.000000
0.411957 0.574902
0.000018
0.000000
0.999982
0.109958 0.000882
0.026720 0.000004
0.044756 0.817681
0.051547
0.948453
0.000000
0.000036
0.000000
0.999964
0.611117
0.388850
0.000032
0.019130
0.000839
0.980031
0.005171 0.000000
0.000057 0.000000
0.899601 0.095172
0.662268
0.329018
0.008713
0.001481
0.000130
0.998389
0.589570
0.410392
0.000038
0.000183 0.000000
0.000009 0.000000
0.995683 0.004124
0.002953 0.000000
0.000119 0.000000
0.857472 0.139455
0.182735 0.000482
0.087054 0.000003
0.082994 0.646732
0.216194 0.476936
0.217945 0.073483
0.000109 0.015334
0.026940
0.000668
0.972392
0.004828
0.000737
0.994435
0.000000
0.000000
1.000000
0.144143 0.003058
0.047660 0.000024
0.025114 0.780000
0.005560
0.000111
0.994329
0.001408
0.000175
0.998416
0.345798 0.030778 0.000129
0.057979 0.000419 0.000000
0.009726 0.159634 0.395536
0.595919
0.403684
0.000397
0.007617 0.176875 0.155850
0.063181 0.553544 0.042800
0.000000 0.000001 0.000132
0.887434
0.112566
0.000000
0.110058 0.000086
0.010641 0.000000
0.242890 0.636326
0.877572
0.122284
0.000144
0.001498 0.083085 0.461009
0.003265 0.149911 0.301232
0.000000 0.000000 0.000001
0.232356
0.767643
0.000001
0.593567 0.020679
0.084749 0.000108
0.013806 0.287091
0.644297
0.355703
0.000000
0.056615 0.001131
0.014009 0.000017
0.173136 0.755093
0.001282 0.000000
0.000091 0.000000
0.820034 0.178594
0.001346 0.000000 0.000000
0.000250 0.000000 0.000000
0.940634 0.056437 0.001332
0.004688
0.000143
0.995169
0.079696
0.920304
0.000000
0.814602
0.151805
0.033594
0.302321 0.057262
0.616566 0.004539
0.000087 0.019225
0.943182
0.056818
0.000000
0.948805
0.043488
0.007707
0.008942 0.000008 0.000000
0.001443 0.000000 0.000000
0.839966 0.142585 0.007056
0.000020 0.169137
0.000680 0.830162
0.000000 0.000000
0.007264 0.000001
0.000639 0.000000
0.524646 0.467449
0.333769 0.015929
0.135160 0.000177
0.007428 0.507538
0.903000
0.096998
0.000002
0.341915
0.648811
0.009274
0.000941
0.000030
0.999029
0.032753 0.002193 0.000010
0.059154 0.000364 0.000000
0.041106 0.337105 0.527315
0.414946
0.585054
0.000000
0.155019
0.844981
0.000000
0.111678
0.006119
0.882203
0.648373
0.325465
0.026162
0.031554 0.120188 0.089938 0.022805
0.177205 0.370816 0.094417 0.005110
0.000098 0.002371 0.017669 0.067830
0.000313 0.000000
0.000011 0.000000
0.957416 0.042261
0.215552 0.160343
0.620772 0.003306
0.000000 0.000027
0.018012 0.000001
0.002409 0.000000
0.804200 0.175378
0.719081
0.279572
0.001347
0.000902
0.000060
0.999039
0.069929 0.000266
0.027807 0.000004
0.357776 0.544218
0.253307
0.746222
0.000471
0.000271
0.000009
0.999720
0.000366
0.000016
0.999618
0.002924 0.000002
0.000261 0.000000
0.820344 0.176468
0.009070 0.000015
0.005076 0.000000
0.498400 0.487439
0.015042 0.000061
0.009034 0.000001
0.340977 0.634884
0.348706
0.651294
0.000000
0.324308 0.009145
0.288730 0.000211
0.010117 0.367489
0.002292
0.000110
0.997597
0.003927
0.000162
0.995910
0.001022
0.000090
0.998888
0.016162 0.000000
0.003736 0.000000
0.825704 0.154397
0.448737
0.551263
0.000000
0.203752 0.006759
0.070455 0.000076
0.027015 0.691941
0.003411 0.000001
0.000229 0.000000
0.875789 0.120571
0.109951 0.804888
0.047134 0.038026
0.000000 0.000001
0.003050
0.000092
0.996858
0.006195
0.000077
0.993728
0.002008
0.000032
0.997960
0.629175
0.370825
0.000000
0.000309
0.000011
0.999680
0.058177
0.941823
0.000000
0.000269
0.000013
0.999718
0.000332
0.000014
0.999653
0.035252 0.001804 0.000004
0.013497 0.000045 0.000000
0.025736 0.327835 0.595827
0.178850
0.821150
0.000000
0.001759 0.000000
0.000009 0.000000
0.966124 0.032108
0.776637 0.085558
0.100070 0.000465
0.000503 0.036767
0.150428 0.139020
0.608773 0.093751
0.000110 0.007919
0.000616
0.000011
0.999373
0.005298 0.000003
0.001748 0.000000
0.798294 0.194657
0.952221
0.047779
0.000000
0.143307 0.230302
0.476111 0.134320
0.000101 0.015858
0.005377 0.000001
0.003350 0.000000
0.571602 0.419670
0.005770
0.000052
0.994178
0.638329
0.361646
0.000025
0.562440
0.437034
0.000525
0.018980 0.000001
0.001493 0.000000
0.102601 0.876926
0.001256 0.000000
0.000044 0.000000
0.827225 0.171475
0.397360 0.180027
0.242980 0.012914
0.002302 0.164416
0.465785
0.534214
0.000000
0.000895
0.000073
0.999032
0.407250 0.001162
0.110436 0.000000
0.001415 0.479736
0.002239
0.000045
0.997716
0.002445
0.000046
0.997509
0.001450
0.000125
0.998425
0.138258 0.069531
0.789251 0.002875
0.000000 0.000086
0.018189 0.000015
0.001913 0.000000
0.447831 0.532051
0.079101 0.002137
0.071531 0.000101
0.110142 0.736987
0.864802
0.135108
0.000090
0.084572
0.915428
0.000000
0.022270 0.747695
0.027567 0.202469
0.000000 0.000000
0.479787 0.126700
0.291787 0.003631
0.000475 0.097620
0.000128
0.000004
0.999868
0.218318
0.781682
0.000000
0.000381
0.000027
0.999592
0.087476 0.000383 0.000000
0.029216 0.000009 0.000000
0.572849 0.269325 0.040742
0.002486 0.000001 0.000000
0.000202 0.000000 0.000000
0.877195 0.114798 0.005318
0.384165
0.615835
0.000000
0.590110
0.409646
0.000244
0.964413
0.035581
0.000006
0.000000
0.000000
1.000000
0.879217
0.118792
0.001991
0.000111
0.000001
0.999888
0.000208 0.516825
0.002259 0.480708
0.000000 0.000000
0.132323 0.059898 0.000861
0.503777 0.025546 0.000005
0.001033 0.039178 0.237380
0.017310
0.001184
0.981506
0.000073
0.000000
0.999927
0.000235 0.000000
0.000003 0.000000
0.961767 0.037995
0.034701 0.805858
0.111060 0.048380
0.000000 0.000000
0.244814
0.755186
0.000000
0.000166 0.025464 0.278032
0.001044 0.150899 0.544395
0.000000 0.000000 0.000000
0.000704 0.000000
0.000019 0.000000
0.977006 0.022271
0.046175
0.953825
0.000000
0.946213
0.048592
0.005196
0.000313
0.000000
0.999686
0.000363
0.000021
0.999617
0.102617 0.000139
0.071896 0.000001
0.255869 0.569479
0.000078
0.000004
0.999917
0.038600
0.006984
0.954416
0.058458 0.000036
0.004649 0.000000
0.527513 0.409344
0.000003
0.000000
0.999997
0.034401 0.861070
0.020161 0.084367
0.000000 0.000000
0.001012
0.000001
0.998987
0.382010
0.617990
0.000000
0.046670 0.000311
0.047163 0.000005
0.060437 0.845414
0.149006
0.015212
0.835783
0.038228 0.000010
0.008684 0.000000
0.442927 0.510151
0.731433
0.268564
0.000003
0.394332 0.066828
0.453925 0.003197
0.000547 0.081172
0.000324
0.000004
0.999672
0.000022
0.000000
0.999978
0.461598
0.538391
0.000011
0.447472
0.552528
0.000000
0.007321 0.692680
0.031871 0.268128
0.000000 0.000000
0.010017
0.000595
0.989388
0.701492
0.111840
0.186668
0.861208
0.138792
0.000000
0.287574 0.066036
0.645648 0.000640
0.000000 0.000102
0.010096 0.000017
0.001128 0.000000
0.658154 0.330605
0.020849
0.002208
0.976943
0.254763 0.001693
0.263024 0.000005
0.003139 0.477376
0.000325
0.000003
0.999672
0.002664 0.333058 0.341747
0.008911 0.308459 0.005161
0.000000 0.000000 0.000001
0.007970
0.000005
0.992025
0.843602
0.145418
0.010980
0.000212
0.000008
0.999780
0.044559
0.955441
0.000000
0.476336 0.000340
0.199252 0.000000
0.005226 0.318846
0.026732
0.000745
0.972523
0.207272 0.004519
0.130652 0.000106
0.055299 0.602152
0.000832 0.000000
0.000019 0.000000
0.973353 0.025795
0.017941 0.000021
0.009466 0.000000
0.284593 0.687978
0.017966 0.415722
0.084852 0.481460
0.000000 0.000001
0.352170
0.647766
0.000064
0.000122
0.000001
0.999877
0.061522 0.000045
0.013402 0.000000
0.595561 0.329470
0.800380 0.056998
0.093270 0.000220
0.000652 0.048479
0.809458
0.190542
0.000001
0.001387
0.000026
0.998587
0.000003
0.000000
0.999997
0.004547
0.000119
0.995334
0.008760
0.000289
0.990951
0.000063
0.000000
0.999937
0.002778 0.000000
0.000143 0.000000
0.845728 0.151351
0.023269
0.002086
0.974645
0.972940
0.027059
0.000001
0.014536 0.000014
0.014433 0.000000
0.224216 0.746801
0.018658 0.648006
0.126134 0.207201
0.000000 0.000000
0.144621 0.000175
0.032680 0.000000
0.006846 0.815678
0.000015 0.110116
0.001081 0.888789
-0.000000 -0.000000
0.063669 0.738976
0.170680 0.026675
0.000000 0.000000
0.000048
0.000000
0.999951
0.000027 0.146273
0.000762 0.852938
-0.000000 0.000000
0.848685
0.151274
0.000041
0.001590 0.000000
0.000436 0.000000
0.872751 0.125223
0.014760 0.472888
0.078801 0.433552
0.000000 0.000000
0.300333
0.699667
0.000000
0.107639 0.173190 0.013531
0.507356 0.159578 0.000653
0.000022 0.002261 0.035770
0.020631 0.000123 0.000000
0.003443 0.000001 0.000000
0.359741 0.473004 0.143057
0.008962 0.000000
0.002619 0.000000
0.175340 0.813079
0.068679 0.466363
0.427569 0.037388
0.000000 0.000000
0.000006
0.000000
0.999994
0.188632 0.649455
0.085680 0.075529
0.000005 0.000699
0.013908 0.475208
0.074095 0.436790
0.000000 0.000000
0.003271
0.000017
0.996711
0.175708
0.824292
0.000000
0.023197 0.000222
0.017761 0.000007
0.226252 0.732560
0.953629
0.032849
0.013522
0.132900 0.343703
0.409653 0.113381
0.000001 0.000362
0.185439 0.000172
0.009744 0.000000
0.208561 0.596084
0.000022 0.062374
0.000499 0.937106
-0.000000 0.000000
0.327544 0.001048
0.192930 0.000003
0.030248 0.448227
0.007063
0.000026
0.992911
0.000157
0.000002
0.999841
0.002873 0.000000
0.000552 0.000000
0.837986 0.158589
0.002601 0.000000
0.000402 0.000000
0.738959 0.258038
0.000400
0.000018
0.999581
0.000002 0.056420
0.000265 0.943313
-0.000000 0.000000
0.296160 0.031797
0.655377 0.000377
0.000012 0.016277
0.000190
0.000033
0.999778
0.001108
0.000016
0.998876
0.210881 0.461250
0.255311 0.064750
0.000024 0.007784
0.050405 0.000251
0.011175 0.000001
0.068480 0.869689
0.910767
0.086682
0.002550
0.663579 0.017214
0.092226 0.000054
0.004937 0.221990
0.929722
0.070278
0.000000
0.532892
0.467069
0.000038
0.000243 0.034034 0.350743 0.505016
0.000168 0.021965 0.075482 0.012349
0.000000 0.000000 0.000000 0.000000
0.057740
0.000738
0.941522
0.010400 0.000002
0.001031 0.000000
0.488114 0.500453
0.000002
0.000000
0.999998
0.024205 0.841562
0.014758 0.119475
0.000000 0.000000
0.008890 0.000001
0.000560 0.000000
0.632029 0.358520
0.000016 0.191075
0.000595 0.808314
0.000000 0.000000
0.001372 0.171061
0.024467 0.803100
0.000000 0.000000
0.460259 0.008217
0.145655 0.000060
0.014529 0.371282
0.024911
0.975089
0.000000
0.003973 0.000002
0.002045 0.000000
0.702762 0.291217
0.000167
0.000002
0.999831
0.121490 0.001573 0.000003 0.000000
0.053898 0.000063 0.000000 0.000000
0.334889 0.357254 0.112734 0.018094
0.294681
0.705319
0.000000
0.001791 0.000000
0.000288 0.000000
0.862941 0.134981
0.000294
0.000006
0.999700
0.486407
0.510374
0.003219
0.032220 0.852706
0.018653 0.096422
0.000000 0.000000
0.012532
0.000752
0.986717
0.000243 0.000000
0.000010 0.000000
0.952597 0.047150
0.066341 0.000013
0.011601 0.000000
0.508182 0.413862
0.000955
0.000037
0.999008
0.001298 0.000000
0.000103 0.000000
0.825031 0.173567
0.001928
0.000053
0.998018
0.865533
0.134467
0.000000
0.770023
0.227109
0.002868
0.698721
0.301279
0.000000
0.194254
0.020331
0.785415
0.636227
0.363770
0.000003
0.022746 0.000058
0.016805 0.000001
0.162472 0.797918
0.000003
0.000000
0.999997
0.000019 0.000000
0.000000 0.000000
0.999115 0.000866
0.055677 0.000007
0.008744 0.000000
0.687968 0.247605
0.112025 0.362847 0.039331
0.293208 0.186103 0.000845
0.000000 0.000117 0.005523
0.435925
0.113664
0.450410
0.043533 0.001314 0.000003
0.011496 0.000027 0.000000
0.100558 0.443731 0.399338
0.302579 0.593596
0.089289 0.014438
0.000000 0.000097
0.246447
0.753553
0.000000
0.612705
0.384349
0.002946
0.007439 0.000003
0.002749 0.000000
0.596624 0.393185
0.075037 0.002662
0.078365 0.000165
0.080019 0.763752
0.024980
0.000194
0.974826
0.020812 0.000012
0.002253 0.000000
0.298684 0.678238
0.000867 0.000000
0.000027 0.000000
0.965599 0.033507
0.017060
0.002768
0.980173
0.003993
0.000002
0.996005
0.425127
0.571850
0.003022
0.627158
0.248031
0.124811
0.016724
0.003481
0.979795
0.030979
0.969021
0.000000
0.232065
0.767935
0.000000
0.033161 0.000227
0.007454 0.000001
0.180843 0.778314
0.011115 0.000009
0.007577 0.000000
0.324213 0.657085
0.517657
0.482343
0.000000
0.025633 0.000055
0.003635 0.000000
0.374906 0.595771
0.842210
0.157765
0.000025
0.000000 0.039806
0.000012 0.960182
-0.000000 0.000000
0.843114
0.049595
0.107291
0.168725
0.831275
0.000000
0.154065
0.845935
0.000000
0.000143
0.000006
0.999851
0.044186 0.000148
0.009624 0.000000
0.116611 0.829430
0.004640
0.001478
0.993882
0.011115 0.918837
0.011067 0.058981
0.000000 0.000000
0.001488
0.000024
0.998488
0.007883
0.000115
0.992001
0.000001
0.000000
0.999999
0.000125
0.000001
0.999875
0.022577 0.000002
0.001040 0.000000
0.778388 0.197992
0.000053
0.000001
0.999946
0.366545 0.449425
0.179648 0.004037
0.000000 0.000345
0.397354 0.025185
0.473053 0.000885
0.001188 0.102334
0.000638
0.000010
0.999352
0.447791
0.552207
0.000002
0.037141 0.709937
0.025965 0.226952
0.000000 0.000006
0.019878 0.000005
0.006967 0.000000
0.862945 0.110205
0.120061 0.598022
0.179429 0.102349
0.000000 0.000140
0.153320 0.007353 0.000015
0.275631 0.000843 0.000000
0.016132 0.198893 0.347813
0.124587 0.000095
0.033261 0.000000
0.300567 0.541490
0.457543
0.405352
0.137106
0.031022 0.495111
0.144245 0.329622
0.000000 0.000000
0.112590 0.003047
0.036219 0.000034
0.046700 0.801410
0.000061
0.000001
0.999938
0.887113 0.009136
0.090074 0.000002
0.000016 0.013660
0.003840 0.000005
0.001684 0.000000
0.802135 0.192337
0.147531 0.024427 0.001125 0.000023 0.000000
0.126294 0.005579 0.000049 0.000000 0.000000
0.096638 0.231219 0.211781 0.113245 0.042089
0.200063
0.799937
0.000000
0.001859 0.342475
0.047206 0.608459
0.000000 0.000000
0.401289
0.598025
0.000686
0.104416
0.895584
0.000000
0.439774
0.560226
0.000000
0.002201 0.000000
0.000084 0.000000
0.915947 0.081768
0.000001
0.000000
0.999999
0.634352 0.121328
0.135328 0.002321
0.002595 0.104075
0.043922 0.000015
0.010300 0.000000
0.395282 0.550482
0.778810
0.214155
0.007035
0.024247
0.001276
0.974478
0.000026
0.000000
0.999974
0.866983 0.019322
0.105272 0.000006
0.000010 0.008407
0.021322
0.001006
0.977671
0.003204 0.000000
0.000106 0.000000
0.541631 0.455059
0.013336 0.000037 0.000000
0.009961 0.000001 0.000000
0.368742 0.500825 0.107099
0.032608 0.000169
0.005898 0.000001
0.338468 0.622854
0.000069
0.000000
0.999931
0.053136 0.000466
0.063015 0.000013
0.081180 0.802190
0.240316
0.759684
0.000000
0.000784
0.000012
0.999204
0.061436
0.004857
0.933707
0.172500 0.097137
0.697597 0.027800
0.000026 0.004941
0.489698
0.510302
0.000000
0.155530 0.329265
0.443263 0.071890
0.000000 0.000052
0.001895 0.000000
0.000056 0.000000
0.925547 0.072502
0.000008
0.000000
0.999992
0.000014
0.000000
0.999986
0.009348
0.002710
0.987942
0.000618
0.000045
0.999336
0.236921
0.763079
0.000000
0.000978
0.000061
0.998961
0.074722 0.001561 0.000004
0.045842 0.000090 0.000000
0.247382 0.432586 0.197813
0.213549
0.028440
0.758011
0.000011
0.000000
0.999989
0.195491 0.000410
0.011427 0.000000
0.248945 0.543726
0.249702 0.001081
0.134999 0.000008
0.047809 0.566401
0.001868
0.000264
0.997868
0.000000
0.000000
1.000000
0.093829
0.008337
0.897834
0.001416
0.000171
0.998413
0.000106
0.000003
0.999891
0.002546
0.000220
0.997234
0.002451 0.000000
0.000120 0.000000
0.854129 0.143299
0.920597
0.079402
0.000000
0.392352
0.607648
0.000000
0.001222
0.000030
0.998747
0.149107 0.156564 0.001682
0.601381 0.047612 0.000003
0.000003 0.001206 0.042444
0.011410 0.237991 0.162570
0.070050 0.493821 0.024061
0.000000 0.000001 0.000096
0.537152
0.462382
0.000465
0.888660
0.111006
0.000334
0.000138
0.000001
0.999861
0.009405 0.000007
0.000883 0.000000
0.642859 0.346846
0.000210
0.000002
0.999789
0.316313 0.299171
0.382134 0.002368
0.000000 0.000014
0.252407
0.051124
0.696469
0.001579
0.000005
0.998416
0.000002
0.000000
0.999998
0.000219
0.000001
0.999781
0.851235
0.147932
0.000833
0.017005 0.000001
0.001224 0.000000
0.134506 0.847265
0.029710 0.000002
0.004050 0.000000
0.732409 0.233829
0.000030
0.000000
0.999970
0.001345 0.000000
0.000098 0.000000
0.907503 0.091054
0.019328 0.856128
0.013218 0.111326
0.000000 0.000000
0.005779
0.000864
0.993356
0.007962 0.000022
0.006220 0.000001
0.575645 0.410151
0.002330 0.000001
0.000119 0.000000
0.950016 0.047534
0.002228 0.000000
0.000130 0.000000
0.839415 0.158227
0.678723
0.316920
0.004357
0.001011
0.000001
0.998988
0.085452
0.914548
0.000000
0.000001
0.000000
0.999999
0.333921
0.666079
0.000000
0.024019 0.000060
0.004383 0.000000
0.238074 0.733464
0.000264
0.000000
0.999736
0.013880 0.602570
0.037455 0.346095
0.000000 0.000000
0.324908 0.131905
0.526711 0.011147
0.000018 0.005311
0.019659 0.000044
0.003073 0.000000
0.249912 0.727311
0.001497
0.000041
0.998462
0.028325 0.000350
0.031763 0.000017
0.168493 0.771052
0.141565 0.002578
0.099575 0.000042
0.027665 0.728575
0.106277 0.001760
0.071250 0.000063
0.177565 0.643085
0.114042
0.013712
0.872247
0.293176 0.000065
0.080660 0.000000
0.019825 0.606275
0.537895
0.461941
0.000164
0.003238 0.000000
0.000189 0.000000
0.809914 0.186659
0.276351 0.001973
0.176832 0.000020
0.029252 0.515573
0.905751
0.093666
0.000583
0.000084 0.040419
0.002739 0.956758
0.000000 0.000000
0.048920 0.000008
0.005725 0.000000
0.026368 0.918979
0.000002
0.000000
0.999998
0.614760
0.031037
0.354204
0.000151
0.000001
0.999848
0.016196 0.330278
0.079564 0.573962
0.000000 0.000000
0.000119
0.000001
0.999880
0.328125
0.671875
0.000000
0.603042
0.395045
0.001913
0.009280
0.001243
0.989477
0.004350 0.000001
0.001136 0.000000
0.657777 0.336736
0.166204
0.833796
0.000000
0.000076 0.075197
0.001649 0.923078
0.000000 0.000000
0.016351 0.850128
0.011622 0.121899
0.000000 0.000000
0.903848
0.095088
0.001064
0.088410 0.014048
0.229058 0.004577
0.050812 0.613095
0.747047 0.022664
0.187092 0.000024
0.000108 0.043066
0.114655 0.002429
0.138961 0.000078
0.030789 0.713089
0.667832
0.270844
0.061324
0.119346 0.152416
0.595073 0.128087
0.000042 0.005036
0.158696 0.000119
0.007684 0.000000
0.271370 0.562131
0.022112 0.000000
0.000187 0.000000
0.747530 0.230171
0.003052 0.000001
0.000220 0.000000
0.856887 0.139840
0.477753
0.522247
0.000000
0.243148
0.756696
0.000157
0.959817
0.040183
0.000000
0.716304
0.277878
0.005818
0.017934 0.000001
0.005527 0.000000
0.074135 0.902402
0.441250
0.557699
0.001051
0.000198
0.000001
0.999801
0.000014
0.000000
0.999986
0.039885 0.000027
0.003091 0.000000
0.774880 0.182117
0.010470 0.000007
0.001309 0.000000
0.397916 0.590298
0.006063 0.000036 0.000000 0.000000
0.002978 0.000002 0.000000 0.000000
0.824746 0.148752 0.016070 0.001352
0.003465 0.000000
0.000545 0.000000
0.559918 0.436072
0.386687
0.613309
0.000004
0.008210 0.000002
0.000725 0.000000
0.460757 0.530306
0.007221 0.000002
0.002233 0.000000
0.469453 0.521092
0.225786
0.774214
0.000000
0.549177
0.433805
0.017019
0.000072
0.000001
0.999928
0.000432 0.000000
0.000025 0.000000
0.961209 0.038334
0.423269 0.365034
0.209708 0.001866
0.000000 0.000123
0.186592 0.489310
0.202110 0.114127
0.000045 0.007814
0.362333 0.210145
0.425653 0.001534
0.000000 0.000336
0.000685
0.000016
0.999299
0.000030
0.000001
0.999970
0.165328
0.834672
0.000000
0.001241
0.000004
0.998756
0.000221
0.000001
0.999778
0.915540
0.084182
0.000278
0.189724 0.000787
0.195538 0.000012
0.063382 0.550555
0.118889 0.000010
0.027660 0.000000
0.145393 0.708048
0.371334
0.628666
0.000000
0.063550
0.936450
0.000000
0.010613 0.000004
0.003045 0.000000
0.530209 0.456129
0.093819
0.906181
0.000000
0.000000
0.000000
1.000000
0.012717 0.000004
0.003678 0.000000
0.436508 0.547093
0.006461
0.000199
0.993341
0.038024 0.000539
0.010109 0.000006
0.153420 0.797901
0.027351
0.000013
0.972636
0.001890 0.000000
0.000078 0.000000
0.880582 0.117450
0.107476 0.000360 0.000000
0.005995 0.000001 0.000000
0.533464 0.298060 0.054644
0.611431
0.388094
0.000475
0.000075
0.000002
0.999923
0.679434
0.320566
0.000000
0.007682 0.000023
0.001099 0.000000
0.678700 0.312496
0.000015 0.058583
0.000317 0.941085
0.000000 -0.000000
0.038221 0.451883
0.194801 0.315094
0.000000 0.000001
0.308260 0.141039
0.196120 0.012727
0.008449 0.333405
0.020589
0.979411
0.000000
0.917924
0.029433
0.052643
0.933710
0.066042
0.000248
0.246097
0.753903
0.000000
0.212661 0.093696
0.618411 0.017828
0.000345 0.057060
0.105283 0.000106
0.041141 0.000000
0.124779 0.728691
0.022510 0.000406 0.000001
0.005489 0.000008 0.000000
0.237531 0.503034 0.231021
0.007130 0.383180
0.052305 0.557385
0.000000 0.000000
0.000104 0.258858
0.004193 0.736845
-0.000000 0.000000
0.046605
0.010951
0.942443
0.031050 0.023609 0.000668 0.000001
0.134390 0.013771 0.000012 0.000000
0.000106 0.011515 0.161997 0.622881
0.061816 0.000206
0.010852 0.000000
0.093824 0.833302
0.000000
0.000000
1.000000
0.110623 0.624007
0.159559 0.105702
0.000000 0.000108
0.037237 0.628075
0.235417 0.099271
0.000000 0.000000
0.000071
0.000000
0.999929
0.007968 0.000004
0.006039 0.000000
0.441728 0.544260
0.583151 0.041085
0.280433 0.000582
0.000918 0.093832
0.328322 0.469936
0.183303 0.017991
0.000000 0.000448
0.000029
0.000000
0.999971
0.003660 0.000000
0.000143 0.000000
0.540206 0.455991
0.053229 0.000316
0.012264 0.000001
0.068801 0.865389
0.458606
0.031485
0.509909
0.011533 0.000005
0.001538 0.000000
0.377097 0.609827
0.000012
0.000000
0.999988
0.977376
0.022621
0.000002
0.025952 0.000002
0.003207 0.000000
0.051810 0.919029
0.012001 0.224446
0.106767 0.656785
0.000000 0.000001
0.003234
0.000019
0.996747
0.006759 0.000002 0.000000
0.000510 0.000000 0.000000
0.808330 0.176770 0.007629
0.600651
0.394391
0.004958
0.000128
0.000000
0.999871
0.069047
0.006132
0.924821
0.008719
0.000483
0.990797
0.001347 0.099626 0.245981
0.013735 0.506048 0.133262
0.000000 0.000000 0.000000
0.187969
0.812031
0.000000
0.025226 0.000048
0.003278 0.000000
0.369094 0.602353
0.000039
0.000000
0.999961
0.000025 0.000000
0.000000 0.000000
0.998518 0.001456
0.000403
0.000027
0.999569
0.000195 0.000000
0.000013 0.000000
0.993521 0.006270
0.719106
0.280894
0.000000
0.050633
0.949367
0.000000
0.008067
0.000136
0.991797
0.185069 0.000237
0.060774 0.000001
0.141488 0.612431
0.000515
0.000028
0.999457
0.006162 0.000005
0.000663 0.000000
0.708975 0.284196
0.002606
0.000066
0.997328
0.421468
0.578532
0.000000
0.021610 0.000002
0.000418 0.000000
0.887608 0.090362
0.000002
0.000000
0.999998
0.487137 0.293024
0.218358 0.001225
0.000000 0.000255
0.057976 0.000697
0.073736 0.000025
0.080976 0.786590
0.111022
0.888978
-0.000000
0.007451
0.000039
0.992510
0.021014 0.000032
0.003436 0.000000
0.247197 0.728321
0.326663
0.673311
0.000026
0.000113
0.000000
0.999886
0.012951
0.000756
0.986293
0.001076
0.000019
0.998905
0.713332
0.284639
0.002029
0.000193
0.000015
0.999792
0.157279
0.842721
0.000000
0.695050
0.304950
0.000000
0.000137 0.127191
0.002025 0.870648
0.000000 0.000000
0.002086
0.000027
0.997887
0.000168 0.000000
0.000001 -0.000000
0.978367 0.021464
0.125130
0.874870
0.000000
0.608713
0.391287
0.000000
0.000205
0.000002
0.999793
0.196854
0.803144
0.000002
0.273556
0.726443
0.000001
0.033441
0.004931
0.961628
0.052527 0.013932 0.000135
0.227679 0.005886 0.000001
0.001687 0.089489 0.608664
0.517703
0.481956
0.000341
0.580490
0.414804
0.004705
0.023424 0.000324 0.000000
0.005827 0.000004 0.000000
0.112371 0.508864 0.349185
0.074517 0.000037
0.060283 0.000000
0.012767 0.852397
0.009171 0.000004
0.004106 0.000000
0.398919 0.587800
0.130721 0.582922
0.187340 0.098733
0.000000 0.000284
0.297521 0.000694
0.334033 0.000002
0.010865 0.356884
0.003625 0.000002
0.000233 0.000000
0.913184 0.082956
0.117443
0.882557
0.000000
0.000251
0.000000
0.999748
0.002364
0.000260
0.997376
0.927843
0.072157
0.000000
0.226498
0.773502
0.000000
0.044691 0.000014
0.010272 0.000000
0.572205 0.372817
0.026509
0.003698
0.969793
0.000004
0.000000
0.999996
0.000010
0.000000
0.999990
0.003402
0.000139
0.996459
0.122965
0.003153
0.873882
0.000079
0.000000
0.999921
0.020216
0.000118
0.979667
0.039926 0.000006
0.012975 0.000000
0.532467 0.414626
0.406430
0.593569
0.000001
0.129733 0.149138
0.667823 0.052857
0.000001 0.000449
0.000001
0.000000
0.999999
0.000452
0.000001
0.999547
0.830169
0.169566
0.000265
0.257714
0.742285
0.000000
0.000012 0.034397
0.000446 0.965146
0.000000 -0.000000
0.059492 0.000000
0.001018 0.000000
0.472888 0.466601
0.000363
0.000035
0.999602
0.144004 0.001984
0.037753 0.000011
0.034620 0.781628
0.000003
0.000000
0.999997
0.000310
0.000003
0.999687
0.001386
0.000005
0.998609
0.000331
0.000004
0.999665
0.001735 0.000000
0.000093 0.000000
0.936945 0.061227
0.002434
0.000060
0.997506
0.294782 0.000384
0.144400 0.000000
0.023882 0.536551
0.130140
0.036814
0.833046
0.071767
0.928233
0.000000
0.000290 0.000000
0.000023 0.000000
0.984353 0.015335
0.001264
0.000032
0.998704
0.549795
0.448650
0.001555
0.097115 0.608327 0.197155
0.032571 0.061706 0.001697
0.000000 0.000042 0.001387
0.004008 0.000000
0.000192 0.000000
0.830783 0.165017
0.023610 0.675968
0.051979 0.248444
0.000000 0.000000
0.004020 0.000001
0.000262 0.000000
0.849516 0.146201
0.006925
0.000350
0.992726
0.000015
0.000000
0.999985
0.009300 0.000032 0.000000
0.001165 0.000000 0.000000
0.743328 0.212467 0.033709
0.045275 0.000136
0.009702 0.000000
0.098800 0.846086
0.159352 0.000606
0.059075 0.000010
0.381596 0.399361
0.097558 0.001073
0.024025 0.000006
0.057981 0.819358
0.002346
0.000657
0.996997
0.000132 0.342606
0.000367 0.656895
-0.000000 0.000000
0.004291
0.000138
0.995571
0.050139
0.949861
0.000000
0.000459
0.000002
0.999539
0.001157
0.000147
0.998696
0.009377 0.452997 0.350113
0.011978 0.171888 0.003628
0.000000 0.000000 0.000019
0.010485 0.000002
0.000717 0.000000
0.578442 0.410354
0.044934 0.002522 0.000015
0.014425 0.000091 0.000000
0.099848 0.425237 0.412926
0.001362
0.000035
0.998603
0.166184 0.013096
0.278754 0.000988
0.013916 0.527061
0.004196
0.000211
0.995593
0.850341
0.149641
0.000018
0.388211
0.611789
0.000000
0.004783 0.000000
0.000755 0.000000
0.408949 0.585512
0.008849
0.000635
0.990516
0.000993 0.000000
0.000095 0.000000
0.948722 0.050190
0.247683 0.413420
0.285003 0.045259
0.000021 0.008614
0.668578
0.305956
0.025466
0.476239
0.523752
0.000009
0.025891 0.000101 0.000000
0.004386 0.000001 0.000000
0.282281 0.496402 0.190938
0.003945 0.000001
0.000945 0.000000
0.817049 0.178060
0.227243 0.673310
0.068106 0.030982
0.000002 0.000357
0.003327
0.000113
0.996560
0.001933 0.000000
0.000396 0.000000
0.835223 0.162449
0.000838
0.000001
0.999161
0.002405
0.000070
0.997525
0.019767 0.000029
0.011014 0.000000
0.259582 0.709608
0.309858
0.690139
0.000003
0.275753
0.724247
0.000000
0.619156
0.380844
0.000000
0.005151 0.000000
0.001106 0.000000
0.741635 0.252107
0.115587 0.205537 0.016535
0.463151 0.159415 0.000639
0.000015 0.001985 0.037137
0.000197 0.074551
0.006881 0.918371
0.000000 0.000000
0.837353
0.162647
0.000000
0.000000
0.000000
1.000000
0.235673 0.003793
0.336755 0.000169
0.035461 0.388149
0.330402 0.045070
0.623253 0.000384
0.000000 0.000891
0.004633
0.000117
0.995250
0.005322
0.000025
0.994653
0.001532
0.000071
0.998398
0.332862
0.667138
0.000000
0.924712
0.073183
0.002105
0.000007
0.000000
0.999993
0.027591 0.000079
0.018414 0.000001
0.141945 0.811971
0.001928 0.000000
0.000098 0.000000
0.845353 0.152621
0.000007 0.047071
0.000133 0.952789
0.000000 -0.000000
0.027446
0.002250
0.970305
0.222022 0.000055
0.058605 0.000000
0.071430 0.647887
0.016772 0.000001
0.002124 0.000000
0.817189 0.163913
0.416650
0.583349
0.000001
0.008385 0.000005
0.000851 0.000000
0.502684 0.488076
0.063716
0.002313
0.933971
0.000069
0.000000
0.999931
0.025421 0.000046
0.003760 0.000000
0.210337 0.760436
0.017751
0.002869
0.979380
0.791160
0.208837
0.000003
0.016843
0.002209
0.980947
0.011798 0.000000
0.000771 0.000000
0.169622 0.817809
0.000895
0.000015
0.999090
0.690497
0.171674
0.137830
0.054496 0.614785 0.234687
0.022287 0.071964 0.001695
0.000000 0.000001 0.000086
0.023673 0.000003
0.003692 0.000000
0.590353 0.382279
0.000123
0.000000
0.999877
0.974737
0.025255
0.000008
0.000012
0.000000
0.999988
0.054817 0.327190
0.376888 0.241067
0.000000 0.000039
0.000006
0.000000
0.999994
0.000050 0.012252 0.224800
0.000333 0.090239 0.672326
0.000000 0.000000 0.000000
0.012702
0.000336
0.986961
0.001459 0.000000
0.000575 0.000000
0.877885 0.120081
0.281066
0.718934
0.000000
0.012963
0.000529
0.986509
0.000001
0.000000
0.999999
0.000001
0.000000
0.999999
0.863926
0.136049
0.000025
0.189874
0.024613
0.785513
0.011533 0.000000
0.000233 0.000000
0.895635 0.092599
0.000000 0.000486 0.167412
0.000000 0.024222 0.807880
0.000000 -0.000000 -0.000000
0.000015 0.030761
0.000766 0.968459
-0.000000 -0.000000
0.002093 0.000000
0.000469 0.000000
0.819139 0.178298
0.224178
0.002505
0.773317
0.312811
0.687176
0.000012
0.050332
0.015908
0.933760
0.000092
0.000002
0.999907
0.005592 0.000000
0.000309 0.000000
0.728802 0.265296
0.003166 0.592733
0.047174 0.356926
0.000000 0.000000
0.139159 0.171373
0.683656 0.005799
0.000000 0.000012
0.007919 0.000006
0.000725 0.000000
0.788771 0.202580
0.070245 0.000806
0.021137 0.000005
0.046764 0.861044
0.103924 0.409040
0.336568 0.150434
0.000000 0.000033
0.008967
0.001225
0.989809
0.006487 0.000000
0.000389 0.000000
0.774874 0.218250
0.267809 0.000099
0.016425 0.000000
0.054605 0.661062
0.012097 0.000033
0.013734 0.000001
0.397258 0.576877
0.256178 0.587964
0.108135 0.046966
0.000003 0.000755
0.000031
0.000000
0.999969
0.003275
0.000132
0.996593
0.000557 0.105580
0.011568 0.882296
0.000000 0.000000
0.025427
0.974573
0.000000
0.000017
0.000000
0.999983
0.537993
0.461962
0.000046
0.006984
0.002187
0.990829
0.014235
0.001577
0.984188
0.023338
0.002093
0.974568
0.673278 0.000206
0.024987 0.000000
0.005035 0.296494
0.000160
0.000001
0.999839
0.351354
0.648619
0.000028
0.445690
0.061240
0.493070
0.099619
0.001349
0.899032
0.563958 0.061558
0.329857 0.000384
0.000193 0.044050
0.187019 0.118362
0.555030 0.038285
0.001563 0.099742
0.015121 0.000011
0.006731 0.000000
0.368699 0.609437
0.002192 0.000000
0.000136 0.000000
0.890773 0.106900
0.073821 0.000040
0.034422 0.000000
0.298731 0.592987
0.000002
0.000000
0.999998
0.000285
0.000002
0.999714
0.040940 0.000126
0.008591 0.000000
0.125514 0.824829
0.002956 0.000000
0.000534 0.000000
0.665721 0.330788
0.783044
0.216954
0.000001
0.000003
0.000000
0.999997
0.012924 0.000000
0.000847 0.000000
0.551054 0.435175
0.175001
0.824999
0.000000
0.000003
0.000000
0.999997
0.001818
0.000126
0.998055
0.021183 0.305500
0.214319 0.458998
0.000000 0.000000
0.000011
0.000000
0.999989
0.043252 0.000273
0.036224 0.000004
0.086519 0.833728
0.003582 0.000004
0.000391 0.000000
0.829338 0.166685
0.000700
0.000000
0.999300
0.000028
0.000000
0.999972
0.020916 0.000517 0.000001
0.028179 0.000046 0.000000
0.098234 0.457639 0.394468
0.000756
0.000010
0.999234
0.400672
0.599326
0.000002
0.000018 0.132904
0.000133 0.866945
0.000000 -0.000000
0.019430 0.000036
0.003332 0.000000
0.218763 0.758438
0.490720
0.509279
0.000000
0.012935 0.000009
0.007081 0.000000
0.399445 0.580530
0.072770 0.000005
0.001893 0.000000
0.502793 0.422539
0.000097
0.000003
0.999900
0.045029 0.001599
0.106408 0.000247
0.097911 0.748805
0.123751 0.000095
0.002887 0.000000
0.709962 0.163304
0.003970
0.000965
0.995065
0.018342
0.000995
0.980663
0.818233
0.181763
0.000004
0.013168
0.001087
0.985744
0.000008
0.000000
0.999992
0.015483 0.000009
0.001545 0.000000
0.434028 0.548935
0.001330 0.000000
0.000059 0.000000
0.962523 0.036088
0.008834 0.307516
0.093304 0.590347
0.000000 0.000000
0.000729 0.000000
0.000020 0.000000
0.968830 0.030420
0.009451
0.000470
0.990079
0.011939 0.000009
0.001222 0.000000
0.677610 0.309221
0.005005
0.000121
0.994873
0.682436
0.316278
0.001286
0.000853
0.000015
0.999131
0.419920 0.062412
0.259305 0.001412
0.001440 0.255512
0.000505
0.000001
0.999495
0.004747 0.000004
0.000477 0.000000
0.720365 0.274406
0.448216
0.551773
0.000011
0.011893 0.000006
0.001288 0.000000
0.370714 0.616100
0.333078 0.001382
0.159951 0.000010
0.047833 0.457745
0.001727 0.000000
0.000395 0.000000
0.698528 0.299350
0.080419
0.006590
0.912991
0.004282 0.000000
0.000101 0.000000
0.972224 0.023393
0.017454
0.001423
0.981123
0.000155
0.000000
0.999845
0.000000 0.006338
0.000002 0.993660
-0.000000 -0.000000
0.000455
0.000006
0.999539
0.177601 0.171721
0.608853 0.036268
0.000007 0.005550
0.000011
0.000000
0.999989
0.012980
0.000488
0.986532
0.017890 0.467174
0.345408 0.169529
0.000000 0.000000
0.001330 0.000000
0.000279 0.000000
0.757354 0.241038
0.715513
0.284021
0.000466
0.931028
0.068747
0.000225
0.007053 0.658791
0.089516 0.244640
0.000000 0.000000
0.560530
0.439468
0.000001
0.006038 0.564015
0.017799 0.412148
0.000000 0.000000
0.000156
0.000000
0.999844
0.000010
0.000000
0.999990
0.396698 0.059928
0.242100 0.001467
0.002162 0.297645
0.027898 0.000086
0.039192 0.000002
0.101152 0.831671
0.000645 0.000000
0.000009 0.000000
0.991205 0.008141
0.190666 0.263805
0.306229 0.125263
0.004856 0.109182
0.000016 0.089557
0.000376 0.910051
0.000000 0.000000
0.000104
0.000001
0.999895
0.034072 0.000081
0.017173 0.000001
0.170003 0.778670
0.096220
0.038384
0.865396
0.002070
0.000110
0.997820
0.060480 0.000501
0.014593 0.000003
0.087772 0.836652
0.003372 0.000000
0.000186 0.000000
0.783853 0.212588
0.019527 0.000088
0.017230 0.000002
0.263979 0.699174
0.008998 0.000003
0.000911 0.000000
0.461005 0.529083
0.100412 0.175399
0.638901 0.084064
0.000001 0.001224
0.000001
0.000000
0.999999
0.003715
0.000199
0.996087
0.013464
0.006384
0.980152
0.024732 0.649690
0.059411 0.266167
0.000000 0.000000
0.004413
0.000021
0.995566
0.310879
0.689081
0.000040
0.010233 0.000000
0.000695 0.000000
0.152522 0.836550
0.000014
0.000000
0.999986
0.087191 0.000557
0.018283 0.000002
0.065498 0.828470
0.003103
0.000138
0.996759
0.002391 0.000000
0.000081 0.000000
0.943248 0.054280
0.321075 0.108959
0.555948 0.008536
0.000015 0.005466
0.461785
0.538175
0.000040
0.169003
0.012279
0.818719
0.011333 0.000007
0.004675 0.000000
0.376284 0.607701
0.000143 0.000000
0.000011 0.000000
0.972070 0.027776
0.450166 0.089900
0.263561 0.002609
0.001703 0.192060
0.016071 0.787206
0.017800 0.178923
0.000000 0.000000
0.000008
0.000000
0.999992
0.049050
0.012213
0.938737
0.019237 0.000021
0.002536 0.000000
0.260570 0.717636
0.673682 0.000373
0.027519 0.000000
0.007595 0.290832
0.000377 0.000000
0.000018 0.000000
0.931514 0.068091
0.352595
0.647405
0.000001
0.010414 0.000017
0.006634 0.000000
0.496931 0.486003
0.000036
0.000000
0.999964
0.214434 0.000724
0.225654 0.000001
0.002472 0.556715
0.082480 0.001810
0.022707 0.000025
0.105959 0.787020
0.605274
0.394715
0.000010
0.926655
0.053836
0.019509
0.487394
0.512606
0.000000
0.009315 0.000000
0.000584 0.000000
0.230312 0.759790
0.000004
0.000000
0.999996
0.005174 0.000000
0.001556 0.000000
0.699160 0.294109
0.661032
0.338965
0.000002
0.000198 0.037528 0.253080
0.002695 0.348507 0.357992
0.000000 0.000000 0.000000
0.267305
0.732693
0.000002
0.000629
0.000117
0.999254
0.000825
0.000058
0.999118
0.107628
0.892372
0.000000
0.074732 0.378911
0.509698 0.036657
0.000000 0.000002
0.195201
0.804799
0.000000
0.633350
0.366650
0.000000
0.184573
0.815427
0.000000
0.616741
0.383087
0.000172
0.000055 0.000000
0.000000 0.000000
0.994357 0.005588
0.020071 0.000001
0.002563 0.000000
0.813354 0.164012
0.013336
0.000092
0.986572
0.001114
0.000094
0.998791
0.000242
0.000002
0.999756
0.000177
0.000002
0.999821
0.000519
0.000006
0.999475
0.316809 0.104573
0.530877 0.013824
0.000533 0.033384
0.001850 0.000000
0.000379 0.000000
0.657350 0.340421
0.050793
0.949207
0.000000
0.274939 0.017097
0.616796 0.001254
0.001408 0.088506
0.000265 0.000000
0.000014 0.000000
0.955234 0.044488
0.000001
0.000000
0.999999
0.091697 0.004229 0.000011
0.077918 0.000291 0.000000
0.069104 0.341096 0.415654
0.231406 0.019919
0.237722 0.001871
0.040308 0.468774
0.000090
0.000001
0.999910
0.041123 0.000003
0.005618 0.000000
0.766993 0.186262
0.001651 0.000000
0.000111 0.000000
0.772342 0.225896
0.000113
0.000001
0.999886
0.129927 0.005153
0.386279 0.000381
0.007023 0.471237
0.004033 0.000000
0.000285 0.000000
0.908617 0.087065
0.192919 0.096873
0.701604 0.003893
0.000003 0.004708
0.000387 0.000000
0.000009 0.000000
0.985950 0.013654
0.007438
0.000230
0.992332
0.000037 0.049134
0.001319 0.949510
-0.000000 0.000000
0.027819
0.001765
0.970416
0.026231 0.000041
0.004024 0.000000
0.191073 0.778632
0.368889
0.631109
0.000003
0.165255
0.834745
0.000000
0.000003
0.000000
0.999997
0.000144
0.000005
0.999851
0.015252 0.000002
0.001393 0.000000
0.277051 0.706301
0.003853 0.000000
0.000646 0.000000
0.448548 0.546953
0.000081
0.000000
0.999919
0.129936 0.006746
0.410291 0.000647
0.007579 0.444801
0.000407
0.000001
0.999592
0.001305
0.000009
0.998686
0.027010 0.000060
0.005861 0.000000
0.164863 0.802205
0.000432
0.000043
0.999525
0.591994 0.046487
0.279230 0.000657
0.000699 0.080932
0.274888 0.000089
0.081331 0.000000
0.038570 0.605122
0.000917
0.000016
0.999067
0.003131
0.000275
0.996594
0.211793 0.022640 0.000133
0.234584 0.002360 0.000000
0.010288 0.150411 0.367790
0.741992
0.258008
0.000000
0.012715
0.000423
0.986862
0.000710 0.000000
0.000014 0.000000
0.975111 0.024165
0.000670
0.000016
0.999314
0.908600
0.036293
0.055107
0.000915 0.000000
0.000033 0.000000
0.933646 0.065406
0.020424 0.475754
0.110597 0.393225
0.000000 0.000000
0.255257 0.025171
0.599576 0.003382
0.004039 0.112575
0.355134 0.064703
0.510738 0.005790
0.001203 0.062431
0.004760 0.000000
0.000195 0.000000
0.531431 0.463614
0.119109 0.001225
0.030156 0.000005
0.034583 0.814922
0.017163 0.000685 0.000004
0.023816 0.000116 0.000000
0.221416 0.471365 0.265436
0.001701
0.000133
0.998166
0.001486 0.546002
0.003521 0.448992
-0.000000 0.000000
0.000268
0.000000
0.999732
0.004095
0.000603
0.995302
0.090705 0.012784 0.000067
0.042805 0.000492 0.000000
0.004973 0.162105 0.686069
0.292746
0.707254
0.000000
0.001292
0.000212
0.998496
0.000101 0.000000
0.000005 0.000000
0.996434 0.003460
0.733252
0.266748
0.000000
0.199022
0.800843
0.000135
0.009818 0.000014
0.004469 0.000000
0.589677 0.396022
0.000025
0.000001
0.999975
0.009239 0.000003
0.000958 0.000000
0.491826 0.497974
0.003703 0.000000
0.000244 0.000000
0.800027 0.196027
0.394334
0.482901
0.122765
0.000296
0.000003
0.999701
0.217447 0.008525
0.259470 0.000366
0.019536 0.494655
0.002522
0.000231
0.997247
0.163903
0.836097
0.000000
0.018440 0.000417 0.000001
0.016740 0.000031 0.000000
0.175773 0.475542 0.313057
0.319665 0.025890
0.374265 0.001332
0.006521 0.272326
0.006551
0.000782
0.992667
0.016962
0.000815
0.982223
0.000626
0.000008
0.999366
0.030486 0.000056
0.009013 0.000000
0.270184 0.690261
0.004449 0.229201
0.062450 0.703900
0.000000 0.000000
0.027422 0.000551 0.000001
0.007165 0.000008 0.000000
0.100019 0.477813 0.387021
0.877045 0.014116
0.099904 0.000003
0.000009 0.008923
0.058448 0.014778 0.000315
0.029870 0.001152 0.000001
0.011692 0.203487 0.680257
0.010212
0.000364
0.989424
0.132375 0.723549
0.091303 0.052767
0.000000 0.000007
0.125018 0.604409
0.184850 0.085673
0.000000 0.000050
0.253803 0.561471
0.181332 0.003393
0.000000 0.000001
0.062109 0.737450
0.144038 0.056402
0.000000 0.000002
0.250451 0.231796
0.467173 0.044943
0.000045 0.005593
0.000760
0.000011
0.999229
0.257460 0.001243
0.117121 0.000011
0.087948 0.536217
0.041627 0.000452
0.008723 0.000005
0.227256 0.721937
0.370625
0.629375
0.000000
0.026472 0.000064
0.017038 0.000001
0.140981 0.815445
0.000490
0.000007
0.999503
0.012389 0.000010
0.006512 0.000000
0.300541 0.680549
0.015270 0.000072 0.000000
0.003465 0.000001 0.000000
0.310085 0.518518 0.152590
0.000916
0.000011
0.999073
0.112898
0.887102
0.000000
0.001649
0.000052
0.998299
0.000000
0.000000
1.000000
0.000476
0.000010
0.999514
0.269375
0.730622
0.000004
0.064609 0.000963
0.018895 0.000009
0.079824 0.835701
0.002190
0.000048
0.997762
0.000011
0.000000
0.999989
0.002785
0.000078
0.997138
0.039517 0.000284
0.031696 0.000005
0.095508 0.832991
0.372146 0.035012
0.591724 0.000191
0.000000 0.000927
0.001742
0.000295
0.997963
0.091936 0.002013
0.228090 0.000112
0.018045 0.659804
0.000273
0.000005
0.999722
0.003283
0.000031
0.996686
0.063334 0.000304
0.028800 0.000002
0.080670 0.826890
0.005500 0.279171 0.194050
0.034031 0.479578 0.007667
0.000000 0.000000 0.000004
0.384089
0.615911
0.000000
0.133204 0.022513 0.001472
0.134425 0.007611 0.000125
0.176673 0.284348 0.239629
0.004190
0.000171
0.995639
0.060431
0.939569
0.000000
0.117772
0.882228
0.000000
0.010023 0.000004
0.000966 0.000000
0.480737 0.508270
0.000302
0.000021
0.999677
0.001389
0.000028
0.998583
0.377792 0.041306
0.468973 0.002012
0.001228 0.108688
0.003454
0.000022
0.996524
0.001193
0.000029
0.998778
0.850991
0.148946
0.000063
0.001964 0.000000
0.000083 0.000000
0.883916 0.114037
0.018254 0.000017
0.002313 0.000000
0.268458 0.710957
0.000033
0.000000
0.999967
0.002395
0.000052
0.997553
0.000421 0.000000
0.000005 0.000000
0.936032 0.063542
0.000246 0.000000
0.000005 0.000000
0.988315 0.011434
0.950675
0.048058
0.001266
0.049777 0.647508
0.102083 0.200622
0.000000 0.000011
0.307529 0.004416
0.230583 0.000078
0.024535 0.432860
0.294758 0.099989
0.597961 0.001835
0.000003 0.005453
0.021316 0.386825
0.160361 0.431497
0.000000 0.000001
0.010904
0.000938
0.988158
0.911230
0.054909
0.033861
0.068259 0.395747
0.215286 0.320664
0.000000 0.000043
0.005379 0.000000
0.000286 0.000000
0.773869 0.220466
0.008016 0.000003
0.003774 0.000000
0.440502 0.547705
0.048928 0.017971 0.001009 0.000015
0.025676 0.002273 0.000016 0.000000
0.016822 0.142185 0.340344 0.404762
0.037805 0.000195
0.006367 0.000001
0.289712 0.665920
0.000135
0.000000
0.999865
0.000076
0.000000
0.999924
0.000000
0.000000
1.000000
0.001693
0.000055
0.998252
0.018418 0.000033
0.009081 0.000000
0.423801 0.548667
0.319713
0.680287
0.000000
0.000307
0.000001
0.999692
0.008485
0.000321
0.991195
0.191912
0.808088
0.000000
0.000086 0.000000
0.000000 -0.000000
0.993698 0.006215
0.010486 0.000000
0.000438 0.000000
0.322407 0.666670
0.013477 0.000062
0.002347 0.000001
0.490984 0.493130
0.000036 0.000000
0.000001 -0.000000
0.995286 0.004678
0.001453 0.849905
0.005203 0.143438
-0.000000 0.000000
0.461273
0.538643
0.000084
0.018194 0.000004
0.001895 0.000000
0.169662 0.810244
0.000517
0.000096
0.999387
0.017841
0.000790
0.981370
0.000266
0.000000
0.999733
0.000832
0.000011
0.999157
0.262586
0.156961
0.580452
0.006989
0.000333
0.992678
0.000601
0.000026
0.999374
0.002367
0.000011
0.997623
0.001720 0.000000
0.000081 0.000000
0.862749 0.135450
0.000006
0.000000
0.999994
0.078867 0.000025
0.020286 0.000000
0.377785 0.523037
0.074728 0.825519
0.033255 0.066493
0.000000 0.000004
0.725146
0.274854
0.000000
0.000285
0.000000
0.999714
0.181222 0.079141
0.721336 0.015537
0.000007 0.002758
0.323884 0.002412
0.038595 0.000005
0.045872 0.589231
0.028205 0.000088 0.000000
0.004646 0.000000 0.000000
0.135596 0.554195 0.277270
0.072718 0.000674
0.020143 0.000003
0.044489 0.861973
0.269440 0.194965
0.510518 0.023219
0.000004 0.001853
0.000002
0.000000
0.999998
0.912106
0.087865
0.000029
0.026802 0.002633 0.000036
0.035128 0.000555 0.000001
0.102801 0.383259 0.448786
0.164936 0.008801
0.061907 0.000151
0.034079 0.730127
0.000443
0.000006
0.999551
0.000143 0.000000
0.000008 0.000000
0.977380 0.022468
0.004963
0.000126
0.994911
0.001838 0.000000
0.000042 0.000000
0.748559 0.249561
0.000253
0.000003
0.999744
0.170753
0.829245
0.000002
0.187630
0.812370
0.000000
0.010274
0.000719
0.989007
0.019539 0.000013
0.006655 0.000000
0.533219 0.440573
0.000004
0.000000
0.999996
0.573865 0.231201
0.153452 0.005624
0.000628 0.035231
0.077463
0.019828
0.902708
0.009976 0.000023
0.001186 0.000000
0.675778 0.313037
0.024215
0.001607
0.974178
0.000000 0.000024 0.004820 0.170158
0.000000 0.000277 0.054396 0.770325
0.000000 -0.000000 0.000000 0.000000
0.481781
0.518219
0.000000
0.011964 0.433995
0.067863 0.486177
0.000000 0.000000
0.000639
0.000014
0.999347
0.000062
0.000000
0.999938
0.041780 0.000007 0.000000
0.001158 0.000000 0.000000
0.848192 0.106094 0.002769
0.149822
0.850178
0.000000
0.049306
0.003030
0.947664
0.167993
0.832006
0.000001
0.877192 0.013770
0.097439 0.000004
0.000015 0.011581
0.339938 0.035606
0.397247 0.003607
0.012046 0.211557
0.000043
0.000000
0.999957
0.098500 0.624848
0.163619 0.113027
0.000000 0.000005
0.018513 0.000068 0.000000
0.012416 0.000001 0.000000
0.083505 0.537059 0.348439
0.090520
0.006649
0.902831
0.000096
0.000000
0.999904
0.000158
0.000001
0.999841
0.000230
0.000011
0.999759
0.196988 0.238939 0.021769
0.344831 0.096261 0.000683
0.000298 0.011583 0.088648
0.000001
0.000000
0.999999
0.122105
0.877895
0.000000
0.053924
0.002588
0.943488
0.000001
0.000000
0.999999
0.000531
0.000007
0.999462
0.519905
0.480095
0.000000
0.425806
0.574194
0.000000
0.258687 0.056762
0.584348 0.006036
0.000612 0.093555
0.305316 0.008833
0.285835 0.000190
0.007621 0.392205
0.090514 0.364594
0.382169 0.162527
0.000000 0.000195
0.007338 0.000000
0.001717 0.000000
0.236242 0.754704
0.012600 0.833036
0.009379 0.144984
0.000000 0.000000
0.082522 0.443536
0.306302 0.167633
0.000000 0.000006
0.000024 0.000000
0.000000 0.000000
0.998501 0.001474
0.030478 0.000056
0.010181 0.000001
0.551732 0.407551
0.236522
0.763465
0.000013
0.006980 0.289838
0.079908 0.623274
0.000000 0.000000
0.011253
0.000444
0.988303
0.003024 0.495116
0.010253 0.491607
0.000000 0.000000
0.000002
0.000000
0.999998
0.000586
0.000015
0.999399
0.011306 0.606167
0.028417 0.354109
0.000000 0.000000
0.006045 0.000005 0.000000
0.000700 0.000000 0.000000
0.657116 0.309273 0.026861
0.000001
0.000000
0.999999
0.113423
0.886577
0.000000
0.711257
0.284903
0.003840
0.182507 0.000629
0.025842 0.000002
0.142383 0.648638
0.000082 0.069810
0.002253 0.927856
-0.000000 0.000000
0.000586
0.000033
0.999381
0.001260
0.000037
0.998703
0.006909 0.291449
0.037272 0.664369
0.000000 0.000000
0.000403
0.000007
0.999591
0.058749
0.941251
-0.000000
0.001301
0.000093
0.998606
0.000053
0.000000
0.999947
0.000001 0.067014
0.000061 0.932924
0.000000 0.000000
0.923145
0.076283
0.000573
0.140281 0.024014 0.000364
0.164825 0.003940 0.000003
0.015570 0.190139 0.460864
0.002885 0.000000
0.000262 0.000000
0.949384 0.047469
0.000607
0.000007
0.999386
0.343678
0.655851
0.000471
0.131420
0.868580
0.000000
0.002680
0.000072
0.997247
0.000024
0.000000
0.999976
0.020590 0.000154 0.000000
0.004738 0.000001 0.000000
0.184868 0.546063 0.243585
0.000556
0.000008
0.999436
0.853871
0.146117
0.000012
0.291598
0.708401
0.000000
0.148868 0.010178
0.056807 0.000318
0.064939 0.718889
0.000527 0.199957
0.005948 0.793568
0.000000 0.000000
0.568607
0.354556
0.076838
0.004039
0.000168
0.995793
0.019539 0.000028
0.002862 0.000000
0.243613 0.733958
0.926931
0.072791
0.000277
0.364099 0.001346
0.555001 0.000003
0.000204 0.079348
0.001022 0.000000
0.000307 0.000000
0.914681 0.083990
0.014361
0.000998
0.984640
0.001941 0.267972
0.014167 0.715920
0.000000 0.000000
0.024975
0.002586
0.972439
0.000006
0.000000
0.999994
0.000896 0.000000
0.000022 0.000000
0.978723 0.020359
0.007615 0.000000
0.000729 0.000000
0.848164 0.143491
0.021450 0.000092
0.003582 0.000001
0.328785 0.646089
0.024007 0.000050
0.004401 0.000000
0.151857 0.819685
0.179100
0.820899
0.000001
0.002175
0.000046
0.997779
0.000127 0.000000
0.000003 -0.000000
0.996396 0.003473
0.060482
0.939518
0.000000
0.000003
0.000000
0.999997
0.006017 0.326397
0.042704 0.624882
0.000000 0.000000
0.580503
0.419489
0.000008
0.736831
0.012532
0.250636
0.011114 0.000011
0.005075 0.000000
0.421006 0.562794
0.891367
0.108227
0.000406
0.000754
0.000047
0.999199
0.700068
0.243383
0.056549
0.005700 0.000001
0.001341 0.000000
0.728004 0.264953
0.010803
0.000373
0.988824
0.049342 0.000010
0.001406 0.000000
0.726847 0.222394
0.000640
0.000002
0.999358
0.005103 0.000000
0.000438 0.000000
0.913753 0.080706
0.000578 0.000000
0.000026 0.000000
0.927855 0.071541
0.003586 0.352394
0.026892 0.617128
0.000000 0.000000
0.000877 0.000000
0.000017 0.000000
0.870577 0.128530
0.331831
0.668169
0.000000
0.003164 0.208458 0.483793
0.007265 0.236942 0.060377
0.000000 0.000000 0.000001
0.239453
0.760546
0.000000
0.000606
0.000082
0.999312
0.001764
0.000010
0.998226
0.051072 0.000316
0.012386 0.000001
0.072183 0.864042
0.000493
0.000009
0.999498
0.052802 0.000318
0.044357 0.000005
0.089273 0.813244
0.186823 0.025789
0.786657 0.000407
0.000000 0.000324
0.001409 0.590746
0.002574 0.405271
0.000000 0.000000
0.000036
0.000001
0.999964
0.132454
0.867545
0.000001
0.000379 0.000000
0.000009 0.000000
0.994933 0.004679
0.000389
0.000005
0.999606
0.007003 0.000000
0.001628 0.000000
0.259187 0.732181
0.023169
0.001308
0.975523
0.057658
0.942342
0.000000
0.000406 0.000000
0.000009 0.000000
0.981380 0.018204
0.397865 0.001837
0.033515 0.000002
0.044263 0.522517
0.106190 0.000330
0.086750 0.000008
0.292785 0.513938
0.064100
0.005109
0.930791
0.301979 0.020771
0.138596 0.000284
0.005596 0.532773
0.000049
0.000000
0.999950
0.000000 0.000185 0.014078 0.178844
0.000002 0.003349 0.179682 0.623860
-0.000000 -0.000000 0.000000 0.000000
0.225422
0.774577
0.000000
0.000117
0.000002
0.999881
0.000586 0.000000
0.000006 0.000000
0.993310 0.006097
0.000004 0.068014
0.000387 0.931595
0.000000 0.000000
0.025069 0.000001
0.002009 0.000000
0.171433 0.801488
0.000000 0.000368 0.066734
0.000002 0.026161 0.906735
-0.000000 0.000000 0.000000
0.000409
0.000005
0.999586
0.013594
0.001114
0.985292
0.049942 0.779988
0.133715 0.036355
0.000000 0.000000
0.000051
0.000001
0.999948
0.000246
0.000011
0.999743
0.004435 0.000000
0.000243 0.000000
0.505454 0.489867
0.000260
0.000021
0.999719
0.042764 0.215836 0.041919
0.311644 0.379683 0.004164
0.000000 0.000080 0.003911
0.911684
0.086546
0.001769
0.001377 0.177232
0.023549 0.797842
0.000000 0.000000
0.008945 0.000036 0.000000
0.010446 0.000002 0.000000
0.464990 0.420215 0.095366
0.000451 0.304741
0.002463 0.692345
0.000000 0.000000
0.000005
0.000000
0.999995
0.000000
0.000000
1.000000
0.004449 0.000002
0.000353 0.000000
0.818008 0.177188
0.064220 0.127546 0.010036 0.000057
0.072268 0.026671 0.000093 0.000000
0.000019 0.003504 0.086869 0.608716
0.053958 0.002167
0.062117 0.000170
0.094896 0.786692
0.153829 0.330411
0.441635 0.074037
0.000000 0.000088
0.826386
0.173613
0.000001
0.335596 0.500058
0.148516 0.015536
0.000000 0.000295
0.000746 0.000000
0.000024 0.000000
0.942242 0.056988
0.000001
0.000000
0.999999
0.874197
0.125696
0.000107
0.610710
0.389290
0.000000
0.099277 0.396679
0.358431 0.145550
0.000000 0.000063
0.000352
0.000006
0.999642
0.002404
0.000100
0.997496
0.190750
0.809250
0.000000
0.001213 0.000000
0.000124 0.000000
0.794250 0.204414
0.000006
0.000000
0.999994
0.000044 0.016255 0.198533
0.000858 0.255231 0.529078
0.000000 0.000000 0.000000
0.003228
0.000102
0.996670
0.200589
0.799411
0.000000
0.001969
0.000050
0.997982
0.000338
0.000004
0.999658
0.016496
0.001148
0.982357
0.070969 0.613065 0.175862
0.042374 0.095768 0.001530
0.000000 0.000004 0.000427
0.013989 0.000001
0.006589 0.000000
0.108045 0.871376
0.000033
0.000000
0.999966
0.017345
0.000706
0.981949
0.000726
0.000006
0.999267
0.422382 0.007791
0.287576 0.000111
0.008246 0.273893
0.000076
0.000001
0.999923
0.001275 0.000000
0.000060 0.000000
0.986335 0.012330
0.000000 0.006708
0.000000 0.993291
-0.000000 0.000000
0.023221 0.000061
0.003911 0.000000
0.231550 0.741257
0.093253 0.000672
0.038631 0.000009
0.170489 0.696946
0.894430
0.096964
0.008606
0.012863 0.000035 0.000000
0.007460 0.000001 0.000000
0.412259 0.472432 0.094950
0.045501
0.007131
0.947368
0.091138
0.007879
0.900984
0.000023
0.000000
0.999977
0.004060 0.000000
0.000120 0.000000
0.661486 0.334334
0.897401
0.102134
0.000466
0.299311
0.700689
0.000000
0.000154
0.000007
0.999839
0.011053 0.000010
0.004913 0.000000
0.411769 0.572255
0.705550
0.279291
0.015159
0.048777 0.000007
0.016785 0.000000
0.029614 0.904817
0.000128 0.200551
0.000789 0.798531
0.000000 0.000000
0.000674
0.000067
0.999259
0.258619 0.005359 0.000001
0.188665 0.000090 0.000000
0.004902 0.152108 0.390255
0.000053
0.000000
0.999947
0.006650 0.000022
0.000999 0.000000
0.698300 0.294029
0.558959 0.002673
0.029362 0.000002
0.045212 0.363791
0.008422 0.000000
0.000462 0.000000
0.229862 0.761254
0.318912
0.681088
0.000000
0.001323 0.000000
0.000025 0.000000
0.810982 0.187670
0.313454
0.686545
0.000001
0.978130
0.002714
0.019156
0.000589
0.000161
0.999250
0.185065
0.814935
0.000000
0.000023
0.000000
0.999976
0.001051 0.078270 0.190227
0.015530 0.570661 0.144260
0.000000 0.000000 0.000000
0.021395 0.000236
0.016420 0.000010
0.276008 0.685931
0.924841
0.074975
0.000183
0.799010 0.002770
0.092087 0.000000
0.000323 0.105810
0.158059
0.841941
0.000000
0.056961 0.629091
0.130074 0.183873
0.000000 0.000001
0.000363 0.000000
0.000003 0.000000
0.967377 0.032256
0.880855
0.051721
0.067424
0.313139
0.686860
0.000000
0.624585
0.375256
0.000159
0.017824
0.000701
0.981474
0.257611
0.742389
0.000000
0.484797 0.063998
0.444522 0.000220
0.000001 0.006462
0.002180
0.000039
0.997781
0.000004
0.000000
0.999996
0.120210 0.073603
0.772687 0.025073
0.000014 0.008412
0.679072
0.320921
0.000007
0.619654
0.380026
0.000320
0.000124 0.000000
0.000007 0.000000
0.995589 0.004281
0.706637
0.293363
0.000000
0.003422 0.000000
0.000831 0.000000
0.509566 0.486181
0.000000
0.000000
1.000000
0.038698 0.000013
0.009247 0.000000
0.454741 0.497301
0.001664 0.000000
0.000052 0.000000
0.939692 0.058593
0.000092
0.000000
0.999908
0.004466
0.000246
0.995288
0.017556
0.000744
0.981700
0.119336
0.880664
0.000000
0.000013
0.000000
0.999987
0.451892
0.548096
0.000012
0.000194
0.000001
0.999805
0.109902 0.003558
0.191603 0.000181
0.020689 0.674066
0.031790 0.000060
0.009550 0.000000
0.255825 0.702774
0.000808 0.000000
0.000033 0.000000
0.958670 0.040489
0.000013
0.000000
0.999987
0.043215 0.000194
0.009013 0.000001
0.075359 0.872218
0.059886
0.940114
0.000000
0.008806
0.000148
0.991045
0.000405
0.000001
0.999595
0.001232 0.000000
0.000229 0.000000
0.914290 0.084250
0.124699 0.000214
0.014948 0.000001
0.321966 0.538172
0.000133
0.000000
0.999867
0.000377
0.000005
0.999618
0.171329
0.020001
0.808670
0.066663 0.000068 0.000000
0.017603 0.000000 0.000000
0.562983 0.320320 0.032362
0.000019
0.000000
0.999981
0.003593
0.000170
0.996237
0.386990 0.041707
0.494622 0.001749
0.000506 0.074427
0.088289 0.389753
0.223954 0.297575
0.000004 0.000426
0.001458 0.132728
0.021465 0.844349
0.000000 0.000000
0.006493
0.000208
0.993299
0.810742 0.052045
0.093923 0.000171
0.000436 0.042684
0.003771
0.000414
0.995816
0.000017
0.000000
0.999983
0.139233
0.860767
0.000000
0.153549 0.115567
0.695601 0.033815
0.000004 0.001464
0.035190 0.814186
0.032401 0.118223
0.000000 0.000000
0.000485 0.000000
0.000031 0.000000
0.984724 0.014760
0.393929
0.606070
0.000001
0.091500 0.000561
0.081486 0.000030
0.398086 0.428338
0.198740 0.047193
0.113065 0.003369
0.028710 0.608923
0.412114
0.563210
0.024677
0.010567 0.000000
0.000504 0.000000
0.375477 0.613452
0.811247
0.178517
0.010236
0.000004
0.000000
0.999996
0.012861 0.000009
0.006775 0.000000
0.278981 0.701373
0.000840
0.000014
0.999146
0.002783 0.000000
0.000167 0.000000
0.980810 0.016240
0.186668 0.239148
0.527948 0.045883
0.000000 0.000352
0.001605
0.000212
0.998183
0.003099 0.000000
0.000098 0.000000
0.638190 0.358613
0.005365 0.251546
0.075131 0.667959
0.000000 0.000000
0.089868 0.275360
0.500994 0.133741
0.000000 0.000037
0.066659 0.337990
0.292702 0.302278
0.000002 0.000368
0.000235
0.000000
0.999765
0.122348 0.451611 0.060783
0.162515 0.128095 0.000832
0.000005 0.001644 0.072167
0.644597
0.219049
0.136354
0.019989 0.000001
0.006587 0.000000
0.066418 0.907005
0.071499 0.635661 0.197901
0.027385 0.066110 0.001232
0.000000 0.000002 0.000210
0.000007
0.000000
0.999993
0.480616 0.020322
0.171634 0.000308
0.016466 0.310655
0.034960 0.000759
0.072340 0.000085
0.127938 0.763917
0.338899
0.661056
0.000044
0.907727
0.092256
0.000017
0.042497 0.000037 0.000000
0.022628 0.000001 0.000000
0.583592 0.305975 0.045270
0.383753 0.181405
0.433408 0.001094
0.000000 0.000340
0.181850 0.064325
0.622952 0.027484
0.004652 0.098737
0.003429 0.000001 0.000000
0.000237 0.000000 0.000000
0.867732 0.123403 0.005198
0.722012
0.277988
0.000000
0.018025 0.000128 0.000000
0.015055 0.000004 0.000000
0.186146 0.544206 0.236435
0.758429
0.241571
0.000000
0.492901 0.007170
0.473712 0.000014
0.000024 0.026180
0.001450
0.000239
0.998311
0.007749
0.000020
0.992230
0.005874
0.000683
0.993443
0.086846
0.008803
0.904351
0.000377
0.000007
0.999615
0.087078 0.280895
0.495299 0.136702
0.000000 0.000026
0.000157
0.000001
0.999842
0.001726 0.000000
0.000054 0.000000
0.922676 0.075544
0.000320 0.000000
0.000031 0.000000
0.981274 0.018375
0.592601
0.407399
0.000000
0.154209
0.845791
0.000000
0.009292 0.000004
0.001841 0.000000
0.622865 0.365997
0.002089 0.000000
0.000105 0.000000
0.886552 0.111254
0.185701 0.005531
0.066007 0.000048
0.015940 0.726773
0.000337
0.000014
0.999649
0.000039 0.069257
0.000927 0.929778
0.000000 0.000000
0.004146 0.000000
0.000247 0.000000
0.734525 0.261082
0.000114 0.283222
0.003743 0.712920
-0.000000 0.000000
0.000437 0.000000
0.000043 0.000000
0.972225 0.027296
0.060461 0.000845 0.000000
0.017263 0.000005 0.000000
0.010240 0.289133 0.622053
0.000261
0.000001
0.999738
0.000227
0.000002
0.999772
0.288785 0.000129
0.235925 0.000000
0.007452 0.467709
0.000131
0.000001
0.999868
0.086538 0.000009
0.014684 0.000000
0.339095 0.559675
0.299115
0.700885
0.000000
0.004028 0.000000
0.000201 0.000000
0.833738 0.162032
0.069118 0.000529
0.015107 0.000003
0.124063 0.791181
0.004671
0.000238
0.995091
0.038016 0.856834
0.021398 0.083752
0.000000 0.000000
0.000128
0.000000
0.999872
0.023815 0.000049
0.004356 0.000000
0.154262 0.817518
0.375453
0.623099
0.001448
0.070910 0.000026
0.005375 0.000000
0.407263 0.516425
0.000781
0.000005
0.999214
0.266335 0.164359
0.512641 0.040605
0.000178 0.015882
0.357484 0.345382
0.254930 0.035256
0.000051 0.006896
0.000001
0.000000
0.999999
0.335173
0.664827
0.000000
0.000014
0.000000
0.999986
0.035034 0.000055
0.005198 0.000000
0.228858 0.730855
0.395733
0.103163
0.501104
0.750368
0.249632
0.000000
0.874737
0.125128
0.000134
0.026826 0.000019
0.014347 0.000000
0.180648 0.778160
0.000880
0.000016
0.999104
0.723383
0.265696
0.010921
0.018109 0.000001
0.001542 0.000000
0.106100 0.874248
0.029027 0.000117
0.004721 0.000001
0.376527 0.589608
0.734982
0.262427
0.002592
0.017389
0.004810
0.977801
0.009416 0.000000
0.001716 0.000000
0.904714 0.084153
0.291894
0.707698
0.000409
0.342990
0.657010
0.000000
0.179096
0.820903
0.000001
0.340238
0.379914
0.279847
0.001756
0.000108
0.998136
0.759513
0.240436
0.000051
0.342931 0.005554
0.228219 0.000076
0.014219 0.409001
0.000162 0.130655
0.002324 0.866859
0.000000 0.000000
0.160626
0.839370
0.000004
0.002933 0.000001
0.001691 0.000000
0.769379 0.225997
0.002539
0.000060
0.997402
0.007816 0.000000
0.000290 0.000000
0.446757 0.545137
0.000063
0.000002
0.999935
0.285943
0.714057
0.000000
0.007538
0.001478
0.990984
0.030663 0.000266
0.005443 0.000003
0.396009 0.567617
0.016987
0.007638
0.975376
0.000310
0.000011
0.999679
0.000027 0.315817
0.000494 0.683662
-0.000000 0.000000
0.568581 0.023923
0.235476 0.000256
0.002556 0.169207
0.797259
0.200407
0.002335
0.000740
0.000043
0.999217
0.430482
0.568954
0.000564
0.080053
0.919947
0.000000
0.174302
0.825698
0.000000
0.021377 0.000001
0.001747 0.000000
0.078394 0.898481
0.634085 0.004916
0.276149 0.000004
0.000193 0.084653
0.005182
0.000143
0.994675
0.355831
0.644169
0.000000
0.000175 0.000000
0.000006 0.000000
0.996726 0.003093
0.000392
0.000020
0.999587
0.896715
0.103252
0.000034
0.523061
0.474952
0.001987
0.000033 0.000000
0.000001 0.000000
0.996720 0.003247
0.014868 0.000001
0.004269 0.000000
0.109557 0.871305
0.000335
0.000012
0.999653
0.000080
0.000000
0.999920
0.002731 0.000000
0.000173 0.000000
0.902853 0.094243
0.075847 0.000252
0.057660 0.000009
0.466647 0.399585
0.006534
0.000129
0.993337
0.002924
0.000046
0.997030
0.276650
0.722540
0.000810
0.704758
0.295242
0.000000
0.016881 0.000038
0.012831 0.000001
0.258374 0.711876
0.022703 0.000001
0.001423 0.000000
0.128839 0.847034
0.003781 0.000000
0.000138 0.000000
0.495059 0.501021
0.486225 0.001858
0.376317 0.000003
0.000656 0.134942
0.002720
0.000093
0.997187
0.003779 0.000000
0.000710 0.000000
0.777018 0.218493
0.978749
0.021127
0.000124
0.000073
0.000006
0.999921
0.000455
0.000008
0.999537
0.013069 0.000001
0.000911 0.000000
0.374965 0.611054
0.057114 0.484404
0.206600 0.251876
0.000000 0.000006
0.449368 0.006038
0.111239 0.000029
0.016653 0.416672
0.392737
0.607263
0.000000
0.113044 0.000524
0.060158 0.000005
0.087283 0.738985
0.000677
0.000001
0.999322
0.229720 0.000766
0.103294 0.000005
0.078447 0.587768
0.000019
0.000000
0.999981
0.456664
0.543316
0.000020
0.849515
0.148007
0.002479
0.229600 0.005311
0.071485 0.000035
0.015184 0.678385
0.605366
0.393812
0.000821
0.007462 0.880434
0.007429 0.104675
0.000000 0.000000
0.078587
0.921413
0.000000
0.000209
0.000002
0.999789
0.021213 0.000001
0.007019 0.000000
0.050965 0.920801
0.294792
0.704773
0.000435
0.002219 0.054389 0.170466
0.019117 0.346927 0.406857
0.000000 0.000001 0.000024
0.002625
0.000010
0.997365
0.000692
0.000022
0.999287
0.009387 0.000022
0.001181 0.000000
0.622245 0.367166
0.000005
0.000000
0.999995
0.001927
0.000026
0.998047
0.133907
0.866092
0.000001
0.000269 0.147241
0.003434 0.849056
0.000000 0.000000
0.000380
0.000012
0.999607
0.619790
0.380185
0.000026
0.003340 0.000000
0.000785 0.000000
0.750428 0.245447
0.012053
0.000082
0.987865
0.297693 0.547667
0.132990 0.021290
0.000001 0.000359
0.351797
0.648203
0.000000
0.038395 0.009596 0.000220 0.000001
0.071262 0.002842 0.000004 0.000000
0.007666 0.115100 0.350649 0.404265
0.027324 0.000049
0.004781 0.000000
0.215564 0.752282
0.002712 0.000000
0.000545 0.000000
0.850551 0.146192
0.000024
0.000000
0.999976
0.112071 0.002338 0.000000
0.072254 0.000032 0.000000
0.005283 0.206037 0.601985
0.042522 0.002198 0.000011
0.037036 0.000193 0.000000
0.085414 0.415659 0.416967
0.390745 0.020399
0.328281 0.001178
0.028450 0.230947
0.001446
0.000017
0.998537
0.002831
0.000887
0.996282
0.033367 0.000031
0.004554 0.000000
0.282932 0.679117
0.011497 0.000068 0.000000
0.001869 0.000001 0.000000
0.605404 0.322539 0.058623
0.029284 0.000073
0.007854 0.000001
0.550119 0.412670
0.001413
0.000046
0.998541
0.021909 0.729744
0.029630 0.218717
0.000000 0.000000
0.015763
0.004575
0.979662
0.491091 0.009675
0.058487 0.000039
0.034896 0.405812
0.009341 0.000005
0.003536 0.000000
0.408849 0.578269
0.010579
0.000082
0.989339
0.337491
0.033488
0.629021
0.019914
0.003205
0.976880
0.373862 0.023798
0.321152 0.001437
0.017929 0.261823
0.748023
0.220836
0.031141
0.000107 0.115510
0.001625 0.882758
0.000000 0.000000
0.089025 0.000088
0.018903 0.000000
0.014200 0.877783
0.492197
0.507084
0.000719
0.762514
0.237345
0.000141
0.015878 0.000010
0.001757 0.000000
0.315989 0.666366
0.001774
0.000012
0.998215
0.483309
0.516691
0.000000
0.047827 0.003079 0.000019
0.015155 0.000108 0.000000
0.075076 0.401813 0.456922
0.077188 0.000003
0.002629 0.000000
0.257065 0.663114
0.000922 0.000000 0.000000
0.000031 0.000000 -0.000000
0.955738 0.042885 0.000424
0.030543 0.000035
0.019845 0.000001
0.592039 0.357537
0.070086 0.003085
0.074754 0.000256
0.107508 0.744312
0.000386
0.000004
0.999610
0.010262 0.261479
0.116873 0.611386
0.000000 0.000000
0.506598 0.001156
0.301376 0.000001
0.001142 0.189727
0.695855
0.241947
0.062198
0.009728 0.824520
0.042035 0.123717
0.000000 0.000000
0.080227 0.000076
0.056960 0.000000
0.021846 0.840891
0.002070
0.000038
0.997891
0.005999
0.000498
0.993503
0.366695
0.633305
0.000000
0.671558
0.314604
0.013839
0.014966 0.000001
0.004386 0.000000
0.219232 0.761414
0.015269 0.000013 0.000000
0.001910 0.000000 0.000000
0.227598 0.602654 0.152556
0.006344 0.740052
0.025958 0.227647
0.000000 0.000000
0.269179
0.730821
0.000000
0.013460 0.000000
0.000258 0.000000
0.761178 0.225104
0.002167
0.000060
0.997773
0.882917
0.117060
0.000023
0.000022
0.000000
0.999978
0.077357 0.408808
0.228820 0.284982
0.000000 0.000033
0.933006
0.016748
0.050246
0.000376
0.000023
0.999602
0.111338
0.032648
0.856014
0.060908 0.313894 0.131739
0.163283 0.309414 0.018202
0.000001 0.000088 0.002472
0.442668
0.557332
0.000000
0.002835 0.000000
0.000148 0.000000
0.779977 0.217040
0.247967 0.016560
0.368044 0.000737
0.004063 0.362628
0.065601 0.010735 0.000229
0.026041 0.000759 0.000001
0.059354 0.322320 0.514960
0.000168 0.000000
0.000020 0.000000
0.991890 0.007922
0.000196
0.000003
0.999801
0.024334 0.000001
0.006107 0.000000
0.093440 0.876117
0.004407
0.000367
0.995226
0.060648 0.000020
0.007724 0.000000
0.058147 0.873462
0.030637 0.000032 0.000000
0.009932 0.000000 0.000000
0.800560 0.150258 0.008581
0.311359
0.688641
0.000000
0.023817 0.000075
0.008738 0.000002
0.631150 0.336218
0.024464
0.000286
0.975251
0.290957 0.000938
0.020604 0.000001
0.107057 0.580443
0.306615
0.693385
0.000000
0.000346 0.000000
0.000007 0.000000
0.982448 0.017199
0.000718 0.000000
0.000234 0.000000
0.944118 0.054931
0.402201 0.005252
0.260573 0.000064
0.012219 0.319690
0.000032 0.045293 0.470685
0.000482 0.370838 0.112669
-0.000000 0.000000 0.000000
0.316689 0.577989
0.091879 0.013335
0.000000 0.000108
0.000089
0.000001
0.999911
0.912889
0.086731
0.000380
0.002558
0.000161
0.997281
0.000029
0.000000
0.999971
0.017883 0.000148 0.000000
0.010054 0.000006 0.000000
0.430666 0.433009 0.108233
0.644486
0.355490
0.000025
0.925140
0.074775
0.000085
0.011528
0.000475
0.987997
0.001247 0.000000
0.000369 0.000000
0.892524 0.105861
0.000066
0.000000
0.999934
0.001821 0.000000 0.000000
0.000406 0.000000 0.000000
0.935107 0.060871 0.001795
0.036417 0.853893
0.020491 0.089199
0.000000 0.000000
0.863864
0.131666
0.004470
0.095811
0.018036
0.886153
0.001587 0.187970
0.011960 0.798483
0.000000 0.000000
0.758376
0.241623
0.000001
0.001913 0.000000
0.000008 0.000000
0.994401 0.003678
0.391630 0.495103
0.104453 0.008640
0.000000 0.000174
0.000001
0.000000
0.999999
0.273826 0.013103 0.000025
0.229293 0.000668 0.000000
0.011966 0.164975 0.306145
0.002019
0.000268
0.997713
0.734307 0.129914
0.104484 0.001060
0.000479 0.029757
0.447719
0.551711
0.000569
0.063884 0.000594
0.015060 0.000003
0.081842 0.838617
0.318609
0.681190
0.000200
0.017619 0.438112
0.108627 0.435642
0.000000 0.000000
0.059838 0.000176
0.011180 0.000000
0.102668 0.826139
0.515389 0.056282
0.086126 0.001106
0.035262 0.305835
0.191313 0.110794
0.674486 0.021178
0.000005 0.002225
0.001370
0.000011
0.998618
0.000830
0.000111
0.999058
0.163356 0.001216
0.077891 0.000009
0.042502 0.715025
0.001153 0.000000
0.000083 0.000000
0.925507 0.073257
0.000148
0.000000
0.999852
0.001505 0.000000
0.000066 0.000000
0.954258 0.044170
0.692265
0.107460
0.200274
0.024370
0.000839
0.974791
0.200574 0.077865
0.642057 0.030406
0.001877 0.047221
0.006153 0.000000
0.000331 0.000000
0.737749 0.255767
0.000101
0.000001
0.999898
0.000510 0.000000
0.000007 0.000000
0.914047 0.085436
0.105792 0.000210
0.043913 0.000001
0.130761 0.719323
0.070652 0.000406
0.030589 0.000003
0.089235 0.809114
0.109936 0.001272
0.095165 0.000020
0.030837 0.762770
0.234347 0.001627
0.109767 0.000024
0.140140 0.514095
0.271846 0.011730
0.352464 0.000423
0.006326 0.357211
0.003434 0.000000
0.000407 0.000000
0.854683 0.141475
0.181667 0.012379
0.355618 0.000796
0.006229 0.443310
0.295574
0.704417
0.000009
0.000089
0.000001
0.999910
0.102939 0.320283
0.456364 0.120381
0.000000 0.000032
0.011949
0.000381
0.987670
0.003676
0.000099
0.996225
0.002976
0.000244
0.996781
0.015147 0.000021
0.001673 0.000000
0.553679 0.429479
0.015019 0.000220 0.000000
0.011823 0.000014 0.000000
0.267763 0.476958 0.228203
0.000198
0.000015
0.999787
0.005682
0.001077
0.993241
0.407024
0.592976
0.000000
0.420813 0.022464
0.547039 0.000096
0.000005 0.009583
0.000024
0.000001
0.999976
0.003527
0.000292
0.996181
0.000047 0.077765
0.001018 0.921171
0.000000 0.000000
0.016294 0.320811
0.149620 0.513272
0.000000 0.000002
0.014282 0.000112 0.000000
0.002554 0.000001 0.000000
0.462679 0.420840 0.099532
0.427051 0.018129
0.410380 0.000466
0.002314 0.141660
0.044214
0.955786
0.000000
0.007261 0.000002
0.002336 0.000000
0.481366 0.509034
0.000239
0.000019
0.999742
0.000444
0.000005
0.999551
0.006730 0.000011
0.003585 0.000000
0.711398 0.278276
0.000488
0.000005
0.999507
0.917455
0.048128
0.034417
0.000000
0.000000
1.000000
0.017139 0.000045 0.000000
0.002674 0.000000 0.000000
0.234760 0.542940 0.202441
0.009489 0.000003
0.004380 0.000000
0.459348 0.526779
0.000020
0.000000
0.999980
0.571774
0.428226
0.000000
0.327960
0.672038
0.000002
0.131396 0.160645 0.015145 0.000208
0.281886 0.080068 0.000645 0.000000
0.000091 0.005751 0.065952 0.258212
0.121367
0.878633
0.000000
0.545201
0.454723
0.000076
0.286025 0.077234
0.476607 0.008604
0.002006 0.149524
0.136028
0.045287
0.818684
0.473247
0.526753
0.000000
0.046347 0.599381
0.273038 0.081233
0.000000 0.000000
0.004372
0.000001
0.995627
0.003700
0.000303
0.995997
0.001050
0.000015
0.998935
0.000851
0.000030
0.999119
0.009909 0.000000
0.000776 0.000000
0.552452 0.436864
0.001348
0.000031
0.998621
0.000002
0.000000
0.999998
0.918247
0.058416
0.023337
0.032174
0.006666
0.961161
0.190234 0.001577
0.110546 0.000030
0.128901 0.568713
0.030921 0.000933 0.000002
0.009096 0.000021 0.000000
0.102200 0.450972 0.405855
0.000444
0.000025
0.999531
0.882930
0.076781
0.040289
0.039790 0.000010
0.008136 0.000000
0.653587 0.298476
0.000203 0.117522
0.002579 0.879697
0.000000 0.000000
0.076563
0.012217
0.911219
0.079109 0.008212 0.000032
0.032092 0.000249 0.000000
0.007683 0.199255 0.673369
0.000047
0.000000
0.999953
0.013435 0.000008
0.004762 0.000000
0.404640 0.577154
0.000582
0.000024
0.999394
0.000230
0.000002
0.999768
0.000717
0.000052
0.999231
0.056062
0.009985
0.933954
0.410077 0.070605 0.000664
0.077484 0.001439 0.000000
0.004968 0.100115 0.334648
0.045321
0.013455
0.941224
0.015460 0.000000
0.000211 0.000000
0.914091 0.070238
0.742663
0.250156
0.007180
0.000001
0.000000
0.999999
0.106060 0.000440
0.056518 0.000004
0.090932 0.746045
0.000133
0.000000
0.999867
0.000628 0.000000
0.000021 0.000000
0.966661 0.032690
0.785607
0.178662
0.035731
0.019074
0.001657
0.979269
0.003937 0.000000
0.000155 0.000000
0.719233 0.276676
0.045230 0.000006
0.003071 0.000000
0.632339 0.319354
0.283208
0.716773
0.000019
0.000246
0.000002
0.999751
0.105630
0.894370
-0.000000
0.028932
0.971068
-0.000000
0.148960 0.045855 0.000146
0.578426 0.009375 0.000000
0.000071 0.013203 0.203963
0.000524
0.000001
0.999475
0.059477 0.000008
0.001674 0.000000
0.638814 0.300027
0.061927
0.938073
-0.000000
0.000486
0.000006
0.999509
0.097756
0.902244
-0.000000
0.150703 0.000688
0.074924 0.000006
0.080926 0.692753
0.000129
0.000001
0.999870
0.011880
0.002050
0.986070
0.014749 0.000093 0.000000 0.000000
0.002259 0.000001 0.000000 0.000000
0.587601 0.326708 0.061999 0.006589
0.512939
0.487021
0.000040
0.000019
0.000000
0.999981
0.027167 0.000020
0.003281 0.000000
0.255380 0.714151
0.016948
0.000127
0.982925
0.143221 0.018881
0.073877 0.000865
0.050916 0.712239
0.001973
0.000054
0.997973
0.000011
0.000000
0.999989
0.711847 0.059856
0.138180 0.000408
0.001087 0.088623
0.000447
0.000009
0.999544
0.016344 0.000020
0.002508 0.000000
0.248961 0.732167
0.000499
0.000001
0.999500
0.005662 0.000001
0.000417 0.000000
0.591790 0.402130
0.216590 0.000072
0.066055 0.000000
0.058152 0.659132
0.000000
0.000000
1.000000
0.899366
0.100422
0.000213
0.000346
0.000005
0.999649
0.000004 0.003813 0.231519
0.000017 0.023470 0.741177
0.000000 0.000000 0.000000
0.011339 0.000001
0.001406 0.000000
0.800833 0.186421
0.000030 0.212210
0.000944 0.786817
0.000000 0.000000
0.467801
0.274627
0.257571
0.002226
0.000066
0.997708
0.128231 0.335205
0.437843 0.098654
0.000000 0.000067
0.013317 0.228593
0.124544 0.633538
0.000000 0.000009
0.002496 0.000000
0.000562 0.000000
0.784457 0.212485
0.173671
0.826329
0.000000
0.064934 0.000091
0.003921 0.000000
0.602547 0.328507
0.000394
0.000004
0.999602
0.049969 0.000741
0.012466 0.000008
0.157334 0.779482
0.001447 0.000000
0.000052 0.000000
0.911563 0.086938
0.001461
0.000089
0.998450
0.000245 0.097735
0.005542 0.896478
0.000000 0.000000
0.026961
0.005815
0.967223
0.379259
0.048048
0.572693
0.000924
0.000039
0.999037
0.079716 0.000678
0.019932 0.000003
0.042978 0.856693
0.003779 0.000001 0.000000
0.001077 0.000000 0.000000
0.837679 0.151715 0.005749
0.000171
0.000002
0.999827
0.000016
0.000000
0.999984
0.402563 0.228648
0.286326 0.012804
0.000499 0.069160
0.101750 0.000115
0.004387 0.000000
0.558368 0.335380
0.204334
0.795665
0.000001
0.000019
0.000000
0.999980
0.017276 0.000012
0.001743 0.000000
0.457942 0.523026
0.684528
0.314292
0.001180
0.872707
0.127277
0.000017
0.058328 0.000203
0.011113 0.000001
0.121010 0.809346
0.002536 0.000000
0.000117 0.000000
0.846070 0.151277
0.000000
0.000000
1.000000
0.004225
0.000574
0.995201
0.000009
0.000000
0.999991
0.002427
0.000202
0.997372
0.066420 0.000569
0.083433 0.000012
0.040034 0.809533
0.000750
0.000069
0.999181
0.125197 0.000146 0.000000
0.003173 0.000000 0.000000
0.695274 0.161218 0.014992
0.024683
0.000656
0.974661
0.676655
0.323321
0.000025
0.005164 0.000000
0.001938 0.000000
0.471329 0.521569
0.000187
0.000001
0.999811
0.118962
0.001807
0.879232
0.093945
0.906055
0.000000
0.910864
0.089136
0.000000
0.008696 0.000002
0.002082 0.000000
0.827211 0.162009
0.003920
0.000525
0.995555
0.001367
0.000112
0.998521
0.010089 0.000006
0.001074 0.000000
0.423375 0.565457
0.174792
0.825208
0.000000
0.280183 0.159578
0.534789 0.020394
0.000022 0.005034
0.580778 0.002578
0.030779 0.000002
0.033301 0.352562
0.773870
0.226130
0.000001
0.100660
0.899340
0.000000
0.766401
0.233599
0.000001
0.144355
0.855645
0.000000
0.018687 0.000001
0.009628 0.000000
0.055983 0.915701
0.268281 0.009026
0.100891 0.000088
0.013062 0.608652
0.654250
0.345750
0.000000
0.002876
0.000028
0.997096
0.265454 0.031125
0.453579 0.002058
0.002391 0.245394
0.000001
0.000000
0.999999
0.303230 0.129487
0.410677 0.022111
0.004951 0.129543
0.000000 0.021927
0.000020 0.978053
0.000000 -0.000000
0.215363 0.023234
0.738535 0.000475
0.000022 0.022371
0.008408
0.000455
0.991137
0.574574 0.045056
0.261759 0.000736
0.001683 0.116192
0.015760
0.001308
0.982932
0.048817
0.005143
0.946040
0.004859 0.246709
0.065216 0.683217
0.000000 0.000000
0.385765
0.614175
0.000060
0.030081 0.004455 0.000059
0.100028 0.001996 0.000001
0.024504 0.265008 0.573867
0.009165
0.000554
0.990281
0.000090
0.000000
0.999910
0.047599 0.000009
0.002947 0.000000
0.557999 0.391447
0.139690
0.860310
0.000000
0.001913
0.000255
0.997832
0.037268 0.000109
0.006724 0.000000
0.112461 0.843438
0.000008 0.307994
0.000060 0.691938
0.000000 -0.000000
0.013010 0.000018
0.006484 0.000000
0.376439 0.604049
0.001422 0.000000
0.000070 0.000000
0.898915 0.099592
0.013659
0.000539
0.985802
0.016794 0.000006
0.001599 0.000000
0.425610 0.555990
0.004326 0.000000
0.001575 0.000000
0.449047 0.545052
0.052328 0.353610
0.319507 0.274504
0.000000 0.000050
0.001785 0.437084
0.007115 0.554017
0.000000 0.000000
0.000157
0.000001
0.999842
0.654810
0.345190
0.000001
0.472857 0.004290
0.458408 0.000009
0.000164 0.064271
0.029095 0.001617 0.000005
0.045244 0.000185 0.000000
0.030855 0.330594 0.562405
0.027145 0.000048
0.015463 0.000000
0.219456 0.737886
0.334893
0.665107
0.000000
0.002746
0.000060
0.997195
0.037685 0.000007
0.002198 0.000000
0.646013 0.314096
0.018265 0.669600
0.180860 0.131276
0.000000 0.000000
0.010744 0.000013
0.007801 0.000000
0.376215 0.605226
0.081425
0.918575
0.000000
0.016831 0.293274
0.176926 0.512968
0.000000 0.000000
0.000002
0.000000
0.999998
0.004246
0.000294
0.995460
0.000528
0.000056
0.999416
0.755848
0.242139
0.002014
0.104080 0.547116 0.045800
0.142411 0.115948 0.000133
0.000002 0.000839 0.043671
0.068714 0.444591
0.254632 0.232043
0.000000 0.000020
0.001659
0.000029
0.998311
0.364149 0.038952
0.595818 0.000236
0.000000 0.000846
0.243814 0.001630
0.191554 0.000019
0.031584 0.531398
0.031611 0.000181
0.005227 0.000001
0.369671 0.593309
0.261759 0.002332
0.471847 0.000008
0.000534 0.263519
0.337956
0.662043
0.000001
0.751414
0.245155
0.003431
0.009817 0.000004
0.000991 0.000000
0.450363 0.538824
0.461409 0.419906
0.112105 0.006160
0.000001 0.000420
0.252056 0.565665
0.155198 0.026950
0.000000 0.000131
0.000177
0.000003
0.999820
0.798690
0.201307
0.000003
0.263718 0.008061
0.723137 0.000056
0.000003 0.005025
0.678905
0.213227
0.107868
0.026860
0.000197
0.972944
0.001171
0.000178
0.998651
0.000933 0.123920
0.015552 0.859595
0.000000 0.000000
0.124069 0.003991 0.000010
0.152492 0.000393 0.000000
0.077354 0.335637 0.306055
0.255912 0.029782
0.398868 0.002803
0.009969 0.302666
0.019452 0.365756 0.264988
0.043044 0.289123 0.017570
0.000000 0.000001 0.000067
0.004559 0.000000
0.000154 0.000000
0.909521 0.085765
0.011323
0.003284
0.985394
0.864795
0.134906
0.000299
0.298586 0.544527
0.131731 0.024348
0.000002 0.000805
0.000415
0.000026
0.999559
0.032078 0.000045
0.004571 0.000000
0.255362 0.707944
0.000348 0.084451 0.770781
0.000303 0.055429 0.088688
0.000000 0.000000 0.000000
0.055844 0.000011
0.010594 0.000000
0.555928 0.377622
0.058744
0.028106
0.913151
0.788288 0.018559
0.068613 0.000035
0.002712 0.121793
0.181084 0.321590
0.420167 0.076446
0.000002 0.000712
0.007122 0.000000
0.000663 0.000000
0.829264 0.162950
0.853159
0.146802
0.000039
0.218542
0.781458
0.000000
0.000005 0.171447
0.000091 0.828458
-0.000000 -0.000000
0.677015 0.195070
0.110682 0.002075
0.000169 0.014990
0.000255
0.000010
0.999736
0.001595 0.000000
0.000470 0.000000
0.860850 0.137085
0.459970
0.539954
0.000076
0.469780 0.001973
0.297180 0.000002
0.000794 0.230271
0.196127
0.803873
0.000000
0.043671 0.000038
0.010123 0.000000
0.632336 0.313832
0.624497
0.335526
0.039977
0.179649
0.820351
0.000000
0.248103 0.158525
0.568490 0.022289
0.000007 0.002587
0.130173 0.146347 0.005652
0.577242 0.094031 0.000114
0.000012 0.002114 0.044314
0.555002
0.444990
0.000008
0.001106
0.000022
0.998872
0.354235
0.645648
0.000117
0.000550 0.000000
0.000006 0.000000
0.948241 0.051202
0.009223 0.237935 0.073014
0.105041 0.571979 0.002775
0.000000 0.000000 0.000031
0.000594
0.000007
0.999400
0.000000 0.042033
0.000022 0.957945
0.000000 0.000000
0.987118
0.012435
0.000446
0.027575 0.000030
0.013759 0.000000
0.203527 0.755108
0.233707
0.766293
0.000000
0.155266
0.844734
0.000000
0.005068 0.514226
0.018787 0.461920
0.000000 0.000000
0.000002
0.000000
0.999998
0.000085
0.000000
0.999915
0.357364 0.024242
0.424376 0.000862
0.002080 0.191077
0.010278
0.000644
0.989078
0.082679 0.185760 0.032519
0.404659 0.255618 0.004383
0.000059 0.003042 0.031282
0.001180
0.000175
0.998645
0.033576 0.741698
0.025302 0.199424
0.000000 0.000000
0.266183 0.007921
0.720098 0.000056
0.000004 0.005738
0.015555 0.000146
0.002980 0.000002
0.465585 0.515732
0.987582
0.012052
0.000365
0.005898
0.000062
0.994040
0.000045
0.000001
0.999955
0.004252 0.000001
0.001500 0.000000
0.706442 0.287806
0.017100 0.000038
0.002224 0.000000
0.491536 0.489102
0.021652 0.000078
0.003053 0.000000
0.485626 0.489591
0.604316 0.209849
0.169047 0.003291
0.000073 0.013425
0.007769
0.000004
0.992227
0.000126
0.000000
0.999874
0.250626 0.174684
0.540025 0.029409
0.000027 0.005229
0.249244 0.000366
0.014949 0.000000
0.128671 0.606770
0.053832
0.946168
0.000000
0.002094 0.000000
0.000095 0.000000
0.838841 0.158970
0.001733 0.282333
0.015470 0.700463
0.000000 0.000000
0.027342 0.002679 0.000099 0.000002
0.008420 0.000233 0.000002 0.000000
0.279199 0.348333 0.226482 0.107209
0.001079
0.000022
0.998899
0.006248 0.000002
0.002759 0.000000
0.546981 0.444010
0.242894 0.045034
0.122486 0.001960
0.024497 0.563130
0.000101
0.000001
0.999898
0.000053
0.000002
0.999945
0.014479 0.839815
0.010440 0.135266
0.000000 0.000000
0.000965 0.228022
0.008694 0.762319
0.000000 0.000000
0.000186 0.000000
0.000002 0.000000
0.971509 0.028304
0.233018
0.766982
0.000000
0.000492
0.000011
0.999497
0.337389 0.066094
0.257436 0.002818
0.004285 0.331978
0.118909 0.001602
0.035277 0.000009
0.027748 0.816454
0.000011
0.000000
0.999989
0.015358
0.000797
0.983844
0.301465 0.048992
0.446768 0.006703
0.006646 0.189426
0.000090 0.000000
0.000003 0.000000
0.984745 0.015162
0.000000
0.000000
1.000000
0.000238 0.000000
0.000005 0.000000
0.995822 0.003935
0.016805
0.000372
0.982822
0.000854 0.119750 0.544908
0.002539 0.211691 0.120258
0.000000 0.000000 0.000000
0.316369
0.683612
0.000019
0.001028 0.000000
0.000035 0.000000
0.927815 0.071122
0.831462
0.168489
0.000050
0.000057
0.000000
0.999943
0.001717 0.000000
0.000086 0.000000
0.936668 0.061529
0.000068
0.000001
0.999930
0.367945
0.041808
0.590247
0.000331
0.000013
0.999656
0.068192 0.007622 0.000062
0.026155 0.000329 0.000000
0.029150 0.289614 0.578876
0.847760
0.086537
0.065703
0.037587
0.962413
0.000000
0.413338
0.586662
0.000000
0.000029
0.000000
0.999971
0.000239
0.000003
0.999758
0.393879 0.125126
0.256867 0.005399
0.002225 0.216503
0.002702 0.000000
0.000700 0.000000
0.775880 0.220718
0.000428
0.000021
0.999551
0.000163
0.000000
0.999836
0.427167
0.572833
0.000000
0.000000 0.000389 0.095172
0.000001 0.035884 0.868554
0.000000 0.000000 -0.000000
0.013423 0.000001
0.004694 0.000000
0.133820 0.848062
0.477028
0.520550
0.002423
0.000071 0.294938
0.002027 0.702964
-0.000000 -0.000000
0.342417
0.656840
0.000743
0.216934 0.062053
0.644182 0.008482
0.000269 0.068080
0.003730
0.000446
0.995824
0.500424
0.499576
0.000000
0.340960
0.658731
0.000310
0.077460 0.000041
0.001582 0.000000
0.782136 0.138781
0.079655 0.008685 0.000037
0.032577 0.000277 0.000000
0.008121 0.200919 0.669729
0.043808 0.517616
0.177012 0.261564
0.000000 0.000001
0.435163 0.045509
0.212146 0.000762
0.002490 0.303931
0.000142
0.000000
0.999858
0.489238 0.000455
0.218906 0.000000
0.002505 0.288896
0.006280 0.000001
0.001967 0.000000
0.625932 0.365819
0.012015 0.000007
0.001352 0.000000
0.348757 0.637869
0.017991
0.000830
0.981179
0.889981
0.107266
0.002753
0.010261
0.000313
0.989426
0.008019 0.000000
0.000447 0.000000
0.269640 0.721894
0.694704
0.297355
0.007940
0.489612
0.510255
0.000133
0.009804
0.000432
0.989765
0.024538 0.000027
0.003051 0.000000
0.277408 0.694976
0.038411 0.000377
0.009667 0.000004
0.249667 0.701875
0.015779
0.000113
0.984108
0.000067
0.000000
0.999933
0.000490
0.000015
0.999495
0.816484
0.183516
0.000000
0.004421 0.000000
0.001049 0.000000
0.706803 0.287727
0.022374 0.000085
0.003635 0.000000
0.329954 0.643952
0.003790 0.000000
0.000232 0.000000
0.917905 0.078074
0.001543
0.000065
0.998392
0.000002
0.000000
0.999998
0.010394
0.000362
0.989244
0.065725 0.010242 0.000080
0.095448 0.001482 0.000000
0.008595 0.186073 0.632355
0.935331
0.044107
0.020562
0.000099
0.000001
0.999901
0.548186
0.451279
0.000534
0.152972
0.847028
0.000000
0.001621
0.000002
0.998376
0.011097
0.000380
0.988522
0.902493
0.097492
0.000016
0.031649
0.007102
0.961249
0.261786 0.024201
0.663280 0.002129
0.000495 0.048110
0.073096 0.000003
0.000932 0.000000
0.769899 0.156070
0.440689
0.558986
0.000325
0.001870
0.000033
0.998097
0.229060
0.770927
0.000013
0.000655
0.000009
0.999336
0.013307 0.000018
0.001760 0.000000
0.404143 0.580772
0.000212
0.000010
0.999778
0.000010
0.000000
0.999990
0.590543
0.108375
0.301082
0.030370 0.001125 0.000002
0.047285 0.000122 0.000000
0.055263 0.392033 0.473799
0.312389
0.687611
0.000000
