2000 3
1 1 1 2 2 1 2 3 3 3 1 2 1 1 2 4 2 1 2 1 1 1 1 2 1 1 1 2 2 2 2 1 1 1 2 1 1 3 1 3 1 2 1 3 1 2 1 2 2 3 1 1 1 2 1 1 3 2 2 2 1 1 1 3 1 1 1 1 4 2 2 2 1 1 2 1 1 1 2 2 2 1 2 1 1 1 2 1 2 2 2 1 1 1 1 1 1 1 1 3 1 2 2 2 1 2 1 2 2 1 1 1 2 2 2 1 1 2 1 1 1 2 2 2 1 1 2 2 1 1 1 3 3 1 1 1 1 1 1 2 3 1 1 2 2 1 3 2 1 1 1 1 2 1 1 2 1 2 1 1 2 1 2 1 2 1 1 1 1 2 1 1 1 2 2 1 2 1 3 1 1 1 1 2 1 2 2 2 2 1 1 2 2 1 1 1 1 1 1 2 1 1 2 2 2 2 2 1 2 1 2 2 1 3 3 2 2 1 2 2 1 1 2 1 2 2 2 2 1 1 2 2 1 2 2 1 1 2 2 1 2 1 1 4 1 2 1 2 2 2 2 2 1 2 1 4 1 2 1 1 2 1 2 2 1 2 1 1 1 1 1 1 2 1 2 2 3 1 3 2 1 1 2 2 1 2 2 1 1 1 1 1 1 1 2 2 1 2 1 2 1 1 1 1 2 1 2 1 1 1 1 2 1 2 2 1 1 2 2 2 3 2 1 2 2 1 2 2 5 1 2 1 1 1 2 1 2 2 1 1 1 2 1 2 3 2 1 2 1 1 1 2 1 2 2 1 1 1 1 1 1 3 1 1 2 2 1 1 1 1 1 1 2 1 1 1 3 3 1 1 1 2 1 2 1 1 1 1 1 2 2 1 2 2 1 2 2 2 1 1 1 1 1 2 1 2 2 2 1 2 2 2 1 2 1 2 2 1 2 2 1 1 1 2 1 1 1 1 2 1 2 2 1 2 2 2 1 2 2 2 2 1 1 1 1 2 1 1 1 2 2 4 2 1 2 2 1 1 1 2 2 2 2 1 1 1 1 1 1 2 2 1 1 2 1 1 2 1 2 1 2 3 1 1 1 2 2 2 2 1 1 1 1 2 2 3 2 2 1 4 2 1 2 2 1 2 2 2 1 2 2 1 2 1 1 2 2 1 3 1 1 1 1 3 1 2 1 2 1 2 1 1 1 2 1 2 1 1 2 1 2 2 1 1 2 1 1 1 1 1 1 1 1 2 1 2 1 1 1 1 1 1 3 1 1 3 2 2 2 2 2 1 1 1 1 1 2 1 1 1 1 1 1 1 2 1 2 1 1 1 1 2 2 1 2 1 1 1 1 2 1 2 1 1 2 1 1 3 2 2 2 1 1 3 2 2 2 1 2 1 1 1 1 3 2 3 1 2 1 1 1 2 1 2 2 1 1 3 2 2 1 2 1 1 2 1 1 1 2 3 2 1 1 2 2 1 1 1 1 1 1 2 2 2 1 2 2 1 2 1 1 2 1 1 1 2 1 1 3 2 1 1 1 2 1 3 1 2 1 1 1 1 1 1 2 3 2 2 1 1 1 1 2 2 2 2 2 2 1 2 2 2 2 1 1 2 1 1 1 1 1 1 2 1 1 1 1 2 2 2 2 2 1 1 2 2 1 1 2 1 1 1 2 1 2 2 1 1 3 1 1 2 2 1 2 2 1 2 2 1 1 1 1 1 2 2 2 2 1 2 1 1 1 2 1 2 1 2 2 2 1 2 1 1 2 1 2 1 1 2 2 1 1 2 1 2 1 1 2 2 2 2 2 1 2 1 1 2 2 2 2 2 1 1 1 2 1 1 2 1 2 1 2 2 1 1 2 2 2 2 1 1 2 2 2 1 2 1 2 2 1 1 1 2 1 2 1 3 1 1 1 1 2 1 1 1 1 2 2 1 1 1 1 1 2 2 1 2 2 1 3 2 1 2 2 1 2 2 2 2 1 2 1 2 1 1 1 1 2 2 1 2 1 1 2 1 2 2 1 1 3 1 1 2 1 1 2 2 2 2 2 2 3 1 2 1 1 3 1 1 2 1 1 2 1 2 2 1 1 2 1 1 3 2 1 1 1 2 2 3 2 3 1 2 2 2 2 2 1 2 2 1 2 1 2 3 1 1 1 1 1 1 2 1 1 1 2 2 1 2 1 1 2 3 1 3 1 1 1 2 1 1 2 1 1 1 2 2 1 1 2 2 1 2 2 2 2 1 1 2 2 2 4 2 1 1 1 1 2 1 1 1 1 2 2 2 2 2 1 2 1 1 1 1 1 1 1 1 2 1 2 2 1 1 2 2 3 2 2 1 1 3 2 1 2 1 2 1 1 1 1 2 1 2 1 2 1 4 1 2 1 1 3 1 1 1 2 2 1 2 3 1 1 1 1 3 1 1 1 1 1 1 1 2 2 2 2 2 2 2 2 1 2 1 2 1 1 2 3 1 1 1 2 2 1 1 2 1 1 1 1 2 1 3 2 1 1 1 1 1 3 1 1 1 2 2 1 1 2 1 2 2 1 2 1 1 2 2 2 2 1 1 2 1 1 2 1 1 2 1 1 1 2 1 2 1 2 2 2 2 1 3 1 1 1 2 1 2 2 2 1 1 2 1 2 1 1 2 2 2 1 2 1 4 1 1 2 2 2 3 1 1 2 1 1 2 1 3 1 2 3 2 1 1 2 4 2 2 1 2 2 1 1 1 2 1 1 1 2 1 3 1 1 1 1 1 3 2 1 1 1 2 1 2 2 2 2 1 3 1 1 1 2 1 1 1 2 1 2 2 1 3 1 2 2 2 1 2 1 1 1 1 1 3 2 1 2 1 2 2 1 1 1 1 1 2 1 1 2 1 1 2 1 2 1 2 2 1 1 1 1 1 1 1 2 2 2 1 2 1 1 1 2 2 1 1 1 3 1 1 2 2 2 1 2 1 1 1 2 2 2 1 2 2 1 2 1 1 2 1 2 2 1 2 2 2 2 1 3 1 2 3 1 2 2 1 1 3 2 2 3 1 3 1 2 1 1 1 1 1 2 1 2 2 1 1 2 2 2 1 2 2 2 2 3 1 1 2 1 2 1 2 2 1 2 1 2 1 2 1 2 2 1 1 1 2 1 1 1 2 1 1 2 2 1 1 2 1 1 1 1 1 1 2 2 1 2 1 2 1 1 1 2 1 1 2 2 1 1 1 1 1 2 2 1 1 2 1 1 1 2 2 1 1 2 2 1 1 1 1 2 2 2 2 1 2 1 1 1 2 2 2 1 2 1 2 1 1 1 2 1 2 1 1 2 1 3 1 1 2 1 1 1 2 1 1 2 1 2 1 4 2 2 1 3 3 2 1 1 2 3 2 1 2 1 2 2 1 1 1 2 1 2 2 1 1 2 1 1 3 2 3 2 2 1 2 2 1 2 2 1 1 1 1 2 3 2 1 2 1 1 1 2 1 1 1 3 1 2 2 3 2 1 2 1 2 3 1 2 1 2 1 2 2 2 3 2 1 1 1 1 3 1 1 1 2 1 3 2 1 1 2 1 2 2 1 3 1 2 1 2 1 2 2 2 2 1 1 2 2 1 2 1 1 2 2 1 2 2 2 2 2 2 2 2 1 1 2 1 1 1 2 3 1 1 1 2 1 1 2 2 3 2 1 2 1 1 2 1 1 1 3 2 1 1 1 4 1 1 2 1 1 2 1 1 1 1 2 1 1 1 1 2 3 1 1 2 2 1 3 1 2 1 1 1 1 3 1 2 1 1 2 1 2 1 1 2 2 1 1 1 1 3 1 2 1 1 1 2 1 1 4 1 1 2 1 2 1 1 2 1 2 1 2 2 1 1 1 3 2 2 1 1 2 2 2 1 2 1 2 2 1 2 1 1 1 2 3 1 1 2 2 1 1 2 1 1 2 2 1 1 1 1 2 1 3 1 1 2 1 1 1 1 2 1 1 2 1 2 2 1 1 1 1 2 2 1 1 2 1 2 2 2 1 2 1 1 2 1 3 1 1 2 1 1 2 2 2 2 1 2 2 2 2 1 1 2 3 2 1 1 2 2 2 1 2 1 1 1 1 3 2 1 2 2 2 2 1 1 2 2 2 1 1 2 1 1 1 2 3 2 3 2 1 1 2 1 2 3 2 1 2 2 2 1 1 2 2 1 2 1 2 1 2 1 1 2 3 1 1 1 2 3 1 2 1 2 1 1 2 1 1 2 1 3 1 2 2 2 1 1 1 2 2 2 2 1 1 2 2 1 2 2 4 1 2 2 1 1 2 2 2 1 1 2 2 1 1 2 2 1 2 1 3 1 2 1 1 2 1 1 1 3 1 1 1 1 1 2 2 1 1 1 3 2 1 2 1 2 1 1 1 2 3 2 2 1 2 2 2 1 1 1 2 1 1 1 2 2 1 1 1 1 2 2 2 1 1 1 3 1 1 1 1 1 1 1 1 2 2 1 1 1 1 2 1 1 1 3 1
-0.000000
0.999837
0.000163
0.000000
0.000474
0.999526
-0.000000
0.001366
0.998634
0.000000 0.000000
0.054594 0.000111
0.098218 0.847076
0.000000 0.000000
0.638791 0.004342
0.011160 0.345706
0.000000
0.999995
0.000005
-0.000000 -0.000000
0.025372 0.000000
0.903866 0.070762
-0.000000 -0.000000 -0.000000
0.283309 0.044582 0.000633
0.010386 0.161472 0.499618
-0.000000 0.000000 0.000000
0.041659 0.000024 0.000000
0.862287 0.092191 0.003840
-0.000000 0.000000 0.000000
0.255132 0.090172 0.001931
0.002724 0.090938 0.559102
-0.000000
1.000000
0.000000
0.000000 0.000000
0.003814 0.000001
0.900060 0.096125
0.000000
0.999999
0.000001
-0.000000
0.999984
0.000016
0.000000 0.000000
0.006962 0.000001
0.576967 0.416070
0.000000 -0.000000 -0.000000 -0.000000
0.000149 0.043963 0.541482 0.414406
0.000000 0.000000 0.000000 0.000000
0.000000 0.000000
0.019259 0.000004
0.410188 0.570549
-0.000000
0.000013
0.999987
0.000000 0.000000
0.122273 0.000474
0.045740 0.831513
-0.000000
1.000000
0.000000
0.000000
0.000014
0.999986
-0.000000
0.999968
0.000032
-0.000000
0.015029
0.984971
0.000000 -0.000000
0.003417 0.000000
0.901470 0.095113
0.000000
0.992254
0.007746
0.000000
0.002640
0.997360
0.000000
0.999959
0.000041
0.000000 0.000000
0.000502 0.000000
0.995377 0.004121
-0.000000 -0.000000
0.002837 0.000000
0.857930 0.139233
0.000000 0.000000
0.304431 0.000415
0.079377 0.615777
-0.000000 0.000000
0.503149 0.480024
0.000119 0.016707
-0.000000
0.020202
0.979798
0.000000
0.008198
0.991802
0.000000
0.000000
1.000000
0.000000 -0.000000
0.171683 0.001676
0.025911 0.800730
-0.000000
0.004888
0.995112
-0.000000
0.002725
0.997275
0.000000 0.000000 -0.000000
0.374993 0.019361 0.000045
0.010487 0.171466 0.423648
-0.000000
0.999613
0.000387
0.000000 -0.000000 0.000000
0.069941 0.683049 0.246880
0.000000 0.000001 0.000130
0.000000
1.000000
0.000000
-0.000000 -0.000000
0.104589 0.000045
0.248015 0.647351
0.000000
0.999829
0.000171
0.000000 0.000000 -0.000000
0.008662 0.251918 0.739420
0.000000 0.000000 0.000000
0.000000
0.999999
0.000001
0.000000 0.000000
0.649111 0.010510
0.015676 0.324704
0.000000
1.000000
0.000000
-0.000000 0.000000
0.063478 0.000803
0.174940 0.760779
0.000000 0.000000
0.002087 0.000000
0.820010 0.177903
-0.000000 0.000000 -0.000000
0.003079 0.000000 0.000000
0.939286 0.056306 0.001328
0.000000
0.003653
0.996347
-0.000000
1.000000
0.000000
-0.000000
0.960210
0.039790
-0.000000 -0.000000
0.911555 0.068660
0.000090 0.019695
-0.000000
1.000000
0.000000
-0.000000
0.988767
0.011233
-0.000000 -0.000000 -0.000000
0.013663 0.000010 0.000000
0.837294 0.142008 0.007025
-0.000000 -0.000000
0.001008 0.998992
-0.000000 0.000000
-0.000000 0.000000
0.006996 0.000001
0.525889 0.467114
0.000000 -0.000000
0.448083 0.009307
0.007871 0.534739
-0.000000
0.999998
0.000002
-0.000000
0.991427
0.008573
-0.000000
0.000913
0.999087
-0.000000 -0.000000 0.000000
0.099136 0.003996 0.000010
0.040876 0.334263 0.521719
0.000000
1.000000
0.000000
0.000000
1.000000
-0.000000
-0.000000
0.095912
0.904088
-0.000000
0.972746
0.027254
-0.000000 -0.000000 -0.000000 0.000000
0.179915 0.464338 0.235643 0.038324
0.000091 0.002210 0.016442 0.063037
-0.000000 -0.000000
0.000472 0.000000
0.957391 0.042137
0.000000 0.000000
0.888288 0.111683
0.000000 0.000029
-0.000000 -0.000000
0.029522 0.000001
0.797042 0.173435
0.000000
0.998500
0.001500
0.000000
0.001506
0.998494
-0.000000 0.000000
0.112438 0.000226
0.352409 0.534928
-0.000000
0.999566
0.000434
0.000000
0.000441
0.999559
0.000000
0.000609
0.999391
0.000000 0.000000
0.002778 0.000001
0.820878 0.176343
-0.000000 -0.000000
0.020521 0.000018
0.495690 0.483771
0.000000 -0.000000
0.032297 0.000091
0.338703 0.628910
0.000000
1.000000
0.000000
-0.000000 0.000000
0.623466 0.007978
0.009923 0.358634
-0.000000
0.001865
0.998135
0.000000
0.004535
0.995465
0.000000
0.001676
0.998324
0.000000 -0.000000
0.041441 0.000001
0.807836 0.150722
0.000000
1.000000
0.000000
-0.000000 -0.000000
0.254032 0.003876
0.028000 0.714092
-0.000000 0.000000
0.003721 0.000001
0.875848 0.120431
-0.000000 -0.000000
0.301624 0.698374
0.000000 0.000001
0.000000
0.004233
0.995767
0.000000
0.004626
0.995374
-0.000000
0.001537
0.998463
0.000000
1.000000
0.000000
0.000000
0.000743
0.999257
-0.000000
1.000000
0.000000
-0.000000
0.000405
0.999595
0.000000
0.000572
0.999428
0.000000 0.000000 0.000000
0.042897 0.001306 0.000002
0.026052 0.330599 0.599144
0.000000
1.000000
0.000000
-0.000000 0.000000
0.001202 0.000000
0.966756 0.032043
-0.000000 -0.000000
0.913400 0.043094
0.000590 0.042916
0.000000 -0.000000
0.670400 0.321997
0.000105 0.007499
-0.000000
0.000878
0.999122
0.000000 0.000000
0.011883 0.000005
0.794630 0.193483
-0.000000
1.000000
0.000000
-0.000000 0.000000
0.551174 0.433219
0.000100 0.015507
0.000000 -0.000000
0.017448 0.000002
0.567238 0.415312
0.000000
0.002555
0.997445
-0.000000
0.999974
0.000026
-0.000000
0.999522
0.000478
-0.000000 0.000000
0.015608 0.000000
0.103639 0.880753
-0.000000 -0.000000
0.000994 0.000000
0.827859 0.171147
0.000000 0.000000
0.661881 0.156093
0.002525 0.179501
-0.000000
1.000000
0.000000
-0.000000
0.001468
0.998532
-0.000000 0.000000
0.486548 0.000315
0.001522 0.511615
0.000000
0.001754
0.998246
-0.000000
0.001944
0.998056
0.000000
0.002284
0.997716
0.000000 -0.000000
0.917391 0.082514
0.000000 0.000095
0.000000 -0.000000
0.017523 0.000008
0.449654 0.532814
0.000000 0.000000
0.161720 0.002165
0.108954 0.727161
-0.000000
0.999909
0.000091
-0.000000
1.000000
0.000000
0.000000 -0.000000
0.083530 0.916470
0.000000 0.000000
0.000000 -0.000000
0.808202 0.084915
0.000520 0.106363
-0.000000
0.000219
0.999781
-0.000000
1.000000
0.000000
-0.000000
0.000692
0.999308
0.000000 0.000000 -0.000000
0.150679 0.000525 0.000000
0.550981 0.258714 0.039100
-0.000000 0.000000 0.000000
0.002758 0.000001 0.000000
0.877258 0.114676 0.005307
-0.000000
1.000000
0.000000
0.000000
0.999777
0.000223
-0.000000
0.999989
0.000011
0.000000
0.000000
1.000000
-0.000000
0.998193
0.001807
-0.000000
0.000090
0.999910
0.000000 -0.000000
0.003532 0.996468
0.000000 0.000000
0.000000 -0.000000 -0.000000
0.599913 0.126326 0.000594
0.001022 0.038628 0.233517
0.000000
0.014064
0.985936
-0.000000
0.000030
0.999970
-0.000000 -0.000000
0.000188 0.000000
0.961909 0.037903
0.000000 -0.000000
0.238970 0.761030
0.000000 0.000000
-0.000000
1.000000
0.000000
-0.000000 0.000000 -0.000000
0.002638 0.171232 0.826130
0.000000 0.000000 0.000000
0.000000 -0.000000
0.000717 0.000000
0.977040 0.022243
0.000000
1.000000
0.000000
0.000000
0.992605
0.007395
-0.000000
0.000225
0.999775
0.000000
0.000660
0.999340
0.000000 -0.000000
0.250126 0.000183
0.232913 0.516777
-0.000000
0.000221
0.999779
-0.000000
0.060636
0.939364
-0.000000 0.000000
0.054661 0.000019
0.532824 0.412496
0.000000
0.000001
0.999999
-0.000000 -0.000000
0.116952 0.883048
0.000000 0.000000
0.000000
0.000634
0.999366
-0.000000
1.000000
0.000000
-0.000000 -0.000000
0.112639 0.000368
0.059438 0.827555
-0.000000
0.136330
0.863670
0.000000 -0.000000
0.059777 0.000009
0.437712 0.502501
-0.000000
0.999997
0.000003
-0.000000 -0.000000
0.854746 0.059107
0.000580 0.085567
-0.000000
0.000262
0.999738
-0.000000
0.000009
0.999991
-0.000000
0.999989
0.000011
0.000000
1.000000
0.000000
-0.000000 -0.000000
0.045950 0.954050
0.000000 0.000000
-0.000000
0.008347
0.991653
0.000000
0.781861
0.218139
-0.000000
1.000000
0.000000
-0.000000 -0.000000
0.961622 0.038273
0.000000 0.000105
-0.000000 -0.000000
0.009861 0.000009
0.659414 0.330716
-0.000000
0.029472
0.970528
0.000000 -0.000000
0.537871 0.000832
0.003032 0.458265
-0.000000
0.000258
0.999742
-0.000000 0.000000 -0.000000
0.022684 0.795713 0.181603
0.000000 0.000000 0.000001
0.000000
0.002495
0.997505
-0.000000
0.987156
0.012844
-0.000000
0.000344
0.999656
0.000000
1.000000
0.000000
-0.000000 0.000000
0.702358 0.000127
0.004829 0.292686
-0.000000
0.018768
0.981232
0.000000 0.000000
0.346439 0.003642
0.054833 0.595086
-0.000000 0.000000
0.000867 0.000000
0.973369 0.025764
0.000000 0.000000
0.037867 0.000025
0.282190 0.679919
-0.000000 0.000000
0.103794 0.896205
0.000000 0.000001
-0.000000
0.999938
0.000062
-0.000000
0.000102
0.999898
0.000000 0.000000
0.090397 0.000037
0.586014 0.323552
-0.000000 -0.000000
0.913839 0.027979
0.000776 0.057406
0.000000
1.000000
0.000000
-0.000000
0.001056
0.998944
-0.000000
0.000001
0.999999
0.000000
0.003560
0.996440
-0.000000
0.006674
0.993326
-0.000000
0.000038
0.999962
-0.000000 0.000000
0.002857 0.000000
0.846063 0.151080
0.000000
0.019851
0.980149
0.000000
0.999999
0.000001
-0.000000 0.000000
0.047575 0.000025
0.220582 0.731818
0.000000 -0.000000
0.131049 0.868951
0.000000 0.000000
-0.000000 -0.000000
0.153285 0.000045
0.007098 0.839571
0.000000 -0.000000
0.001307 0.998693
0.000000 -0.000000
-0.000000 -0.000000
0.388077 0.611923
0.000000 0.000000
0.000000
0.000045
0.999955
-0.000000 -0.000000
0.001131 0.998869
0.000000 0.000000
-0.000000
0.999955
0.000045
-0.000000 -0.000000
0.003846 0.000000
0.871339 0.124815
-0.000000 0.000000
0.097022 0.902978
0.000000 0.000000
-0.000000
1.000000
0.000000
-0.000000 -0.000000 0.000000
0.522775 0.426027 0.015986
0.000020 0.002099 0.033093
0.000000 0.000000 -0.000000
0.022013 0.000089 0.000000
0.361069 0.473769 0.143060
-0.000000 -0.000000
0.017903 0.000000
0.175014 0.807083
-0.000000 -0.000000
0.501662 0.498338
0.000000 0.000000
-0.000000
0.000005
0.999995
-0.000000 0.000000
0.367408 0.631839
0.000005 0.000748
0.000000 0.000000
0.092471 0.907529
0.000000 0.000000
0.000000
0.002238
0.997762
-0.000000
1.000000
0.000000
0.000000 -0.000000
0.050846 0.000320
0.224407 0.724428
-0.000000
0.979229
0.020771
-0.000000 -0.000000
0.510021 0.489620
0.000001 0.000359
-0.000000 -0.000000
0.153310 0.000078
0.220042 0.626570
-0.000000 0.000000
0.001560 0.998440
0.000000 -0.000000
-0.000000 -0.000000
0.552137 0.000475
0.028378 0.419010
0.000000
0.002891
0.997109
-0.000000
0.000128
0.999872
0.000000 0.000000
0.005253 0.000000
0.836690 0.158057
-0.000000 0.000000
0.004310 0.000000
0.738527 0.257163
-0.000000
0.000477
0.999523
0.000000 0.000000
0.000451 0.999549
-0.000000 0.000000
-0.000000 0.000000
0.961903 0.020683
0.000013 0.017401
0.000000
0.000515
0.999485
-0.000000
0.000857
0.999143
-0.000000 -0.000000
0.534075 0.457147
0.000027 0.008752
-0.000000 -0.000000
0.052940 0.000131
0.069425 0.877504
0.000000
0.996713
0.003287
0.000000 0.000000
0.730446 0.008539
0.005709 0.255306
-0.000000
1.000000
0.000000
0.000000
0.999964
0.000036
0.000000 -0.000000 0.000000 -0.000000
0.001948 0.118214 0.547740 0.332098
0.000000 0.000000 0.000000 0.000000
0.000000
0.036708
0.963292
0.000000 0.000000
0.010501 0.000001
0.489357 0.500141
0.000000
0.000001
0.999999
-0.000000 0.000000
0.078921 0.921079
0.000000 0.000000
0.000000 0.000000
0.008378 0.000001
0.633363 0.358258
0.000000 0.000000
0.000899 0.999101
0.000000 0.000000
0.000000 0.000000
0.028634 0.971366
0.000000 0.000000
0.000000 -0.000000
0.586114 0.004874
0.015474 0.393538
0.000000
1.000000
0.000000
-0.000000 -0.000000
0.010576 0.000003
0.699916 0.289504
-0.000000
0.000137
0.999863
0.000000 0.000000 -0.000000 0.000000
0.204236 0.002004 0.000003 0.000000
0.323379 0.344420 0.108554 0.017405
0.000000
1.000000
0.000000
-0.000000 -0.000000
0.003654 0.000000
0.861822 0.134524
0.000000
0.000257
0.999743
-0.000000
0.996869
0.003131
0.000000 -0.000000
0.104777 0.895223
0.000000 0.000000
0.000000
0.010311
0.989689
0.000000 -0.000000
0.000392 0.000000
0.952596 0.047012
-0.000000 -0.000000
0.095648 0.000011
0.499090 0.405251
0.000000
0.001288
0.998712
-0.000000 -0.000000
0.002115 0.000000
0.824948 0.172936
-0.000000
0.002449
0.997551
-0.000000
1.000000
0.000000
-0.000000
0.996676
0.003324
-0.000000
1.000000
0.000000
0.000000
0.235761
0.764239
0.000000
0.999998
0.000002
-0.000000 0.000000
0.052397 0.000069
0.160802 0.786732
-0.000000
0.000001
0.999999
-0.000000 0.000000
0.000018 0.000000
0.999117 0.000865
0.000000 -0.000000
0.086102 0.000007
0.672433 0.241458
-0.000000 -0.000000 -0.000000
0.391094 0.575427 0.028025
0.000000 0.000114 0.005340
0.000000
0.612308
0.387692
-0.000000 0.000000 -0.000000
0.049535 0.000935 0.000001
0.101505 0.446756 0.401267
0.000000 -0.000000
0.590323 0.409561
0.000000 0.000115
0.000000
1.000000
0.000000
0.000000
0.997336
0.002664
-0.000000 0.000000
0.015487 0.000004
0.593975 0.390534
0.000000 -0.000000
0.163628 0.003529
0.079244 0.753598
0.000000
0.015438
0.984562
-0.000000 0.000000
0.020031 0.000007
0.300381 0.679581
0.000000 -0.000000
0.000870 0.000000
0.965666 0.033464
-0.000000
0.026906
0.973094
0.000000
0.001272
0.998728
0.000000
0.997053
0.002947
-0.000000
0.886905
0.113095
0.000000
0.030189
0.969811
-0.000000
1.000000
-0.000000
-0.000000
1.000000
0.000000
0.000000 -0.000000
0.035262 0.000122
0.182302 0.782314
0.000000 0.000000
0.029563 0.000013
0.321331 0.649093
-0.000000
1.000000
0.000000
0.000000 -0.000000
0.025863 0.000030
0.376797 0.597311
0.000000
0.999973
0.000027
0.000000 0.000000
0.000047 0.999953
0.000000 0.000000
0.000000
0.855319
0.144681
-0.000000
1.000000
0.000000
-0.000000
1.000000
0.000000
0.000000
0.000294
0.999706
-0.000000 0.000000
0.048432 0.000083
0.117708 0.833776
-0.000000
0.009298
0.990702
-0.000000 0.000000
0.059431 0.940569
0.000000 0.000000
0.000000
0.001170
0.998830
-0.000000
0.003848
0.996152
0.000000
0.000001
0.999999
0.000000
0.000112
0.999888
0.000000 0.000000
0.020843 0.000001
0.780934 0.198221
0.000000
0.000103
0.999897
-0.000000 0.000000
0.793803 0.205808
0.000000 0.000388
-0.000000 0.000000
0.874310 0.023693
0.001177 0.100819
0.000000
0.000912
0.999088
-0.000000
0.999998
0.000002
-0.000000 0.000000
0.095947 0.904047
0.000000 0.000005
-0.000000 -0.000000
0.057116 0.000012
0.836206 0.106667
0.000000 -0.000000
0.368857 0.630992
0.000000 0.000151
-0.000000 0.000000 -0.000000
0.464338 0.013290 0.000016
0.015054 0.184891 0.322411
-0.000000 -0.000000
0.185655 0.000079
0.291245 0.523021
0.000000
0.879619
0.120381
0.000000 -0.000000
0.169851 0.830149
0.000000 0.000000
-0.000000 -0.000000
0.131743 0.001678
0.047890 0.818689
-0.000000
0.000114
0.999886
-0.000000 -0.000000
0.981653 0.002121
0.000019 0.016207
-0.000000 0.000000
0.009492 0.000008
0.799122 0.191378
-0.000000 -0.000000 0.000000 0.000000 0.000000
0.280522 0.038313 0.001484 0.000025 0.000000
0.094699 0.226254 0.207018 0.110606 0.041078
-0.000000
1.000000
0.000000
-0.000000 0.000000
0.030382 0.969618
0.000000 0.000000
-0.000000
0.999357
0.000643
0.000000
1.000000
-0.000000
-0.000000
1.000000
0.000000
-0.000000 0.000000
0.002224 0.000000
0.916131 0.081645
0.000000
0.000001
0.999999
-0.000000 0.000000
0.796348 0.083168
0.002945 0.117540
0.000000 0.000000
0.067106 0.000013
0.390660 0.542220
0.000000
0.992175
0.007825
-0.000000
0.019382
0.980618
0.000000
0.000010
0.999990
-0.000000 0.000000
0.985950 0.004554
0.000011 0.009484
-0.000000
0.016632
0.983368
-0.000000 -0.000000
0.002423 0.000000
0.543203 0.454374
0.000000 -0.000000 -0.000000
0.034997 0.000068 0.000000
0.364962 0.494422 0.105550
0.000000 -0.000000
0.035961 0.000127
0.339948 0.623964
0.000000
0.000059
0.999941
0.000000 0.000000
0.139469 0.000601
0.079305 0.780625
-0.000000
1.000000
0.000000
0.000000
0.000606
0.999394
0.000000
0.051704
0.948296
-0.000000 -0.000000
0.811883 0.183197
0.000026 0.004894
0.000000
1.000000
0.000000
-0.000000 0.000000
0.580591 0.419357
0.000000 0.000052
-0.000000 0.000000
0.001852 0.000000
0.925756 0.072392
0.000000
0.000007
0.999993
0.000000
0.000012
0.999988
0.000000
0.015884
0.984116
0.000000
0.001114
0.998886
-0.000000
1.000000
0.000000
-0.000000
0.001540
0.998460
0.000000 -0.000000 0.000000
0.138447 0.002143 0.000004
0.242617 0.423433 0.193356
-0.000000
0.280890
0.719110
0.000000
0.000004
0.999996
0.000000 -0.000000
0.163752 0.000182
0.263082 0.572984
-0.000000 0.000000
0.419328 0.000911
0.045327 0.534435
-0.000000
0.002996
0.997004
0.000000
0.000000
1.000000
-0.000000
0.085620
0.914380
-0.000000
0.002052
0.997948
-0.000000
0.000177
0.999823
-0.000000
0.003740
0.996260
-0.000000 -0.000000
0.002374 0.000000
0.854543 0.143083
0.000000
1.000000
0.000000
-0.000000
1.000000
0.000000
0.000000
0.000937
0.999063
-0.000000 0.000000 -0.000000
0.684794 0.270627 0.000844
0.000003 0.001213 0.042519
-0.000000 -0.000000 0.000000
0.085167 0.718051 0.196685
0.000000 0.000001 0.000096
0.000000
0.999573
0.000427
-0.000000
0.999596
0.000404
0.000000
0.000113
0.999887
-0.000000 -0.000000
0.009053 0.000004
0.644105 0.346838
0.000000
0.000166
0.999834
0.000000 0.000000
0.869138 0.130847
0.000000 0.000015
-0.000000
0.339148
0.660852
0.000000
0.000664
0.999336
-0.000000
0.000002
0.999998
-0.000000
0.000089
0.999911
0.000000
0.999076
0.000924
-0.000000 -0.000000
0.013821 0.000000
0.135738 0.850441
-0.000000 -0.000000
0.045986 0.000002
0.723573 0.230440
0.000000
0.000025
0.999975
0.000000 0.000000
0.001340 0.000000
0.907705 0.090955
-0.000000 0.000000
0.073194 0.926806
0.000000 0.000000
0.000000
0.009784
0.990216
-0.000000 0.000000
0.023166 0.000044
0.570814 0.405975
0.000000 -0.000000
0.002611 0.000000
0.949905 0.047484
0.000000 -0.000000
0.003303 0.000000
0.839112 0.157586
0.000000
0.995991
0.004009
-0.000000
0.000320
0.999680
0.000000
1.000000
0.000000
-0.000000
0.000001
0.999999
-0.000000
1.000000
0.000000
-0.000000 -0.000000
0.025171 0.000033
0.239440 0.735357
-0.000000
0.000087
0.999913
-0.000000 0.000000
0.070163 0.929837
0.000000 0.000000
0.000000 0.000000
0.859684 0.134825
0.000018 0.005473
-0.000000 0.000000
0.019215 0.000023
0.251402 0.729360
0.000000
0.001163
0.998837
-0.000000 -0.000000
0.075134 0.000601
0.166205 0.758060
0.000000 0.000000
0.242919 0.002057
0.027751 0.727273
0.000000 -0.000000
0.193940 0.001638
0.174352 0.630070
0.000000
0.150138
0.849862
0.000000 0.000000
0.393683 0.000023
0.019318 0.586975
-0.000000
0.999847
0.000153
0.000000 0.000000
0.003058 0.000000
0.810511 0.186431
-0.000000 0.000000
0.483062 0.001678
0.027796 0.487464
0.000000
0.999260
0.000740
-0.000000 -0.000000
0.005139 0.994861
0.000000 0.000000
-0.000000 0.000000
0.043213 0.000002
0.026867 0.929917
0.000000
0.000001
0.999999
0.000000
0.528839
0.471161
-0.000000
0.000127
0.999873
-0.000000 -0.000000
0.105203 0.894797
0.000000 0.000000
0.000000
0.000096
0.999904
-0.000000
1.000000
0.000000
-0.000000
0.998056
0.001944
-0.000000
0.015529
0.984471
-0.000000 0.000000
0.008430 0.000001
0.656389 0.335180
-0.000000
1.000000
0.000000
0.000000 -0.000000
0.003703 0.996297
0.000000 0.000000
0.000000 0.000000
0.063217 0.936783
0.000000 0.000000
-0.000000
0.998657
0.001343
-0.000000 0.000000
0.315517 0.029423
0.050263 0.604797
0.000000 0.000000
0.947447 0.006272
0.000116 0.046165
0.000000 0.000000
0.271190 0.002675
0.030185 0.695950
-0.000000
0.945475
0.054525
-0.000000 0.000000
0.607702 0.387436
0.000040 0.004822
0.000000 -0.000000
0.129385 0.000054
0.284086 0.586475
0.000000 0.000000
0.013660 0.000000
0.754835 0.231505
-0.000000 0.000000
0.003218 0.000001
0.857089 0.139693
0.000000
1.000000
0.000000
0.000000
0.999834
0.000166
0.000000
1.000000
0.000000
-0.000000
0.994585
0.005415
0.000000 0.000000
0.031313 0.000000
0.073969 0.894718
0.000000
0.998952
0.001048
-0.000000
0.000164
0.999836
0.000000
0.000005
0.999995
-0.000000 -0.000000
0.042168 0.000021
0.775740 0.182071
0.000000 0.000000
0.010330 0.000004
0.399222 0.590444
-0.000000 0.000000 -0.000000 0.000000
0.015468 0.000082 0.000000 0.000000
0.819427 0.147728 0.015953 0.001341
-0.000000 0.000000
0.005979 0.000000
0.559776 0.434244
-0.000000
0.999996
0.000004
-0.000000 0.000000
0.007641 0.000001
0.462169 0.530189
0.000000 -0.000000
0.013955 0.000002
0.468122 0.517922
-0.000000
1.000000
0.000000
-0.000000
0.984348
0.015652
0.000000
0.000058
0.999942
0.000000 -0.000000
0.000573 0.000000
0.961172 0.038255
-0.000000 0.000000
0.862599 0.137270
0.000000 0.000131
-0.000000 -0.000000
0.435265 0.556128
0.000050 0.008557
0.000000 -0.000000
0.910833 0.088804
0.000000 0.000363
-0.000000
0.000770
0.999230
0.000000
0.000056
0.999944
-0.000000
1.000000
0.000000
-0.000000
0.000815
0.999185
-0.000000
0.000104
0.999896
0.000000
0.999689
0.000311
0.000000 -0.000000
0.466482 0.000979
0.055190 0.477349
0.000000 -0.000000
0.170790 0.000004
0.141793 0.687413
0.000000
1.000000
0.000000
-0.000000
1.000000
-0.000000
0.000000 -0.000000
0.018523 0.000004
0.528261 0.453212
-0.000000
1.000000
0.000000
-0.000000
0.000000
1.000000
0.000000 -0.000000
0.022106 0.000004
0.434773 0.543117
-0.000000
0.005002
0.994998
0.000000 -0.000000
0.042979 0.000391
0.154720 0.801911
0.000000
0.007913
0.992087
-0.000000 -0.000000
0.001808 0.000000
0.880926 0.117266
-0.000000 0.000000 -0.000000
0.093571 0.000215 0.000000
0.545902 0.304551 0.055761
-0.000000
0.999569
0.000431
-0.000000
0.000144
0.999856
-0.000000
1.000000
0.000000
0.000000 -0.000000
0.008282 0.000017
0.679344 0.312356
0.000000 -0.000000
0.001116 0.998884
-0.000000 0.000000
0.000000 0.000000
0.210268 0.789731
0.000000 0.000001
0.000000 0.000000
0.502420 0.124712
0.009249 0.363619
0.000000
1.000000
0.000000
-0.000000
0.920018
0.079982
-0.000000
0.999672
0.000328
0.000000
1.000000
0.000000
-0.000000 0.000000
0.798108 0.142195
0.000360 0.059337
-0.000000 0.000000
0.160712 0.000045
0.123040 0.716203
-0.000000 0.000000 0.000000
0.025664 0.000346 0.000000
0.238621 0.504182 0.231186
-0.000000 -0.000000
0.062261 0.937739
0.000000 0.000000
-0.000000 0.000000
0.003944 0.996056
-0.000000 0.000000
0.000000
0.077552
0.922448
-0.000000 -0.000000 0.000000 0.000000
0.144598 0.055361 0.000770 0.000001
0.000107 0.011633 0.162990 0.624539
0.000000 -0.000000
0.063382 0.000108
0.095159 0.841351
0.000000
0.000000
1.000000
-0.000000 -0.000000
0.342855 0.657026
0.000000 0.000119
-0.000000 -0.000000
0.266741 0.733259
0.000000 0.000000
-0.000000
0.000022
0.999978
-0.000000 -0.000000
0.025826 0.000007
0.437162 0.537005
-0.000000 0.000000
0.871770 0.025971
0.000996 0.101263
0.000000 -0.000000
0.666002 0.333496
0.000000 0.000501
-0.000000
0.000012
0.999988
0.000000 0.000000
0.002900 0.000000
0.541729 0.455371
-0.000000 -0.000000
0.056393 0.000165
0.069779 0.873662
-0.000000
0.424231
0.575769
0.000000 0.000000
0.012230 0.000003
0.378227 0.609540
0.000000
0.000005
0.999995
0.000000
0.999996
0.000004
-0.000000 0.000000
0.024507 0.000000
0.052382 0.923110
-0.000000 -0.000000
0.115845 0.884154
0.000000 0.000001
-0.000000
0.002049
0.997951
0.000000 -0.000000 -0.000000
0.007343 0.000002 0.000000
0.808498 0.176545 0.007612
0.000000
0.995358
0.004642
0.000000
0.000083
0.999917
-0.000000
0.089722
0.910278
-0.000000
0.006938
0.993062
0.000000 -0.000000 -0.000000
0.018273 0.510393 0.471334
0.000000 0.000000 0.000000
0.000000
1.000000
0.000000
0.000000 0.000000
0.024810 0.000025
0.371091 0.604074
-0.000000
0.000015
0.999985
0.000000 -0.000000
0.000024 0.000000
0.998521 0.001455
-0.000000
0.000752
0.999248
0.000000 -0.000000
0.000545 0.000000
0.993191 0.006264
0.000000
1.000000
0.000000
-0.000000
1.000000
0.000000
0.000000
0.006597
0.993403
-0.000000 -0.000000
0.277853 0.000192
0.135942 0.586013
0.000000
0.000878
0.999122
0.000000 -0.000000
0.006599 0.000004
0.709493 0.283905
0.000000
0.002082
0.997918
0.000000
1.000000
0.000000
0.000000 -0.000000
0.016823 0.000001
0.892459 0.090716
-0.000000
0.000001
0.999999
0.000000 0.000000
0.898300 0.101437
0.000000 0.000263
-0.000000 0.000000
0.154718 0.000908
0.079070 0.765303
0.000000
1.000000
-0.000000
-0.000000
0.004661
0.995339
0.000000 -0.000000
0.021692 0.000018
0.248530 0.729760
-0.000000
0.999977
0.000023
-0.000000
0.000036
0.999964
0.000000
0.010456
0.989544
0.000000
0.000820
0.999180
-0.000000
0.997712
0.002288
0.000000
0.000529
0.999471
0.000000
1.000000
0.000000
-0.000000
1.000000
0.000000
0.000000 -0.000000
0.004532 0.995468
0.000000 0.000000
0.000000
0.001470
0.998530
-0.000000 -0.000000
0.000134 0.000000
0.978455 0.021411
0.000000
1.000000
0.000000
-0.000000
1.000000
0.000000
0.000000
0.000169
0.999831
0.000000
0.999998
0.000002
-0.000000
0.999999
0.000001
-0.000000
0.046830
0.953170
-0.000000 -0.000000 -0.000000
0.258072 0.036571 0.000185
0.001714 0.090466 0.612992
0.000000
0.999681
0.000319
0.000000
0.995295
0.004705
0.000000 -0.000000 0.000000
0.025784 0.000229 0.000000
0.113198 0.510964 0.349824
-0.000000 0.000000
0.171175 0.000022
0.012316 0.816487
0.000000 -0.000000
0.020258 0.000005
0.396865 0.582872
0.000000 -0.000000
0.387631 0.612061
0.000000 0.000307
0.000000 0.000000
0.695042 0.000414
0.009040 0.295504
0.000000 -0.000000
0.003955 0.000001
0.913172 0.082871
-0.000000
1.000000
0.000000
-0.000000
0.000099
0.999901
-0.000000
0.003114
0.996886
-0.000000
1.000000
0.000000
0.000000
1.000000
0.000000
0.000000 0.000000
0.072363 0.000013
0.562219 0.365404
-0.000000
0.054195
0.945805
0.000000
0.000002
0.999998
-0.000000
0.000004
0.999996
0.000000
0.002708
0.997292
-0.000000
0.084082
0.915918
0.000000
0.000033
0.999967
-0.000000
0.011441
0.988559
0.000000 -0.000000
0.085433 0.000008
0.514858 0.399700
-0.000000
0.999999
0.000001
-0.000000 0.000000
0.705984 0.293575
0.000001 0.000441
0.000000
0.000001
0.999999
0.000000
0.000329
0.999671
0.000000
0.999723
0.000277
0.000000
1.000000
0.000000
0.000000 -0.000000
0.001387 0.998613
-0.000000 0.000000
0.000000 0.000000
0.038194 0.000000
0.485075 0.476732
-0.000000
0.000624
0.999376
0.000000 -0.000000
0.163221 0.001060
0.035611 0.800108
0.000000
0.000001
0.999999
0.000000
0.000247
0.999753
-0.000000
0.000908
0.999092
-0.000000
0.000264
0.999736
-0.000000 -0.000000
0.001979 0.000000
0.936854 0.061167
-0.000000
0.002000
0.998000
0.000000 -0.000000
0.470052 0.000160
0.022678 0.507111
0.000000
0.217269
0.782731
-0.000000
1.000000
0.000000
0.000000 -0.000000
0.000709 0.000000
0.983977 0.015314
-0.000000
0.001303
0.998697
-0.000000
0.998516
0.001484
0.000000 -0.000000 -0.000000
0.221768 0.675917 0.100628
0.000000 0.000049 0.001637
-0.000000 0.000000
0.003908 0.000000
0.831322 0.164770
0.000000 -0.000000
0.106449 0.893551
0.000000 0.000000
-0.000000 0.000000
0.003858 0.000001
0.850065 0.146076
0.000000
0.009170
0.990830
0.000000
0.000034
0.999966
-0.000000 -0.000000 0.000000
0.010127 0.000024 0.000000
0.743815 0.212377 0.033657
0.000000 -0.000000
0.049202 0.000076
0.099814 0.850908
0.000000 0.000000
0.264311 0.000692
0.359516 0.375481
0.000000 -0.000000
0.107709 0.000571
0.059167 0.832552
-0.000000
0.006255
0.993745
-0.000000 -0.000000
0.001599 0.998401
-0.000000 0.000000
0.000000
0.003278
0.996722
0.000000
1.000000
-0.000000
-0.000000
0.000343
0.999657
0.000000
0.002474
0.997526
-0.000000 0.000000 -0.000000
0.045306 0.789634 0.165039
0.000000 0.000000 0.000021
-0.000000 -0.000000
0.009883 0.000001
0.579929 0.410187
-0.000000 -0.000000 -0.000000
0.054292 0.002139 0.000009
0.100745 0.427982 0.414833
0.000000
0.001050
0.998950
-0.000000 -0.000000
0.449937 0.015853
0.013798 0.520412
-0.000000
0.005374
0.994626
-0.000000
0.999980
0.000020
0.000000
1.000000
0.000000
-0.000000 0.000000
0.008025 0.000000
0.409077 0.582898
0.000000
0.007312
0.992688
0.000000 0.000000
0.001885 0.000000
0.948036 0.050079
-0.000000 -0.000000
0.606086 0.384123
0.000024 0.009767
-0.000000
0.976837
0.023163
0.000000
0.999991
0.000009
0.000000 0.000000 -0.000000
0.027073 0.000055 0.000000
0.283783 0.497931 0.191157
-0.000000 0.000000
0.007670 0.000001
0.815025 0.177304
-0.000000 -0.000000
0.447257 0.552328
0.000002 0.000413
0.000000
0.002571
0.997429
-0.000000 0.000000
0.004302 0.000000
0.833867 0.161831
0.000000
0.000326
0.999674
0.000000
0.001937
0.998063
0.000000 -0.000000
0.041922 0.000033
0.257225 0.700820
0.000000
0.999997
0.000003
0.000000
1.000000
0.000000
0.000000
1.000000
0.000000
0.000000 0.000000
0.009917 0.000000
0.739364 0.250719
-0.000000 0.000000 -0.000000
0.501810 0.444021 0.016981
0.000015 0.001893 0.035280
-0.000000 -0.000000
0.010513 0.989487
0.000000 0.000000
-0.000000
1.000000
0.000000
-0.000000
0.000000
1.000000
-0.000000 -0.000000
0.626836 0.004878
0.030931 0.337355
-0.000000 0.000000
0.974212 0.024874
0.000000 0.000914
0.000000
0.003623
0.996377
0.000000
0.003351
0.996649
-0.000000
0.003337
0.996663
-0.000000
1.000000
0.000000
-0.000000
0.997022
0.002978
0.000000
0.000003
0.999997
0.000000 -0.000000
0.058318 0.000086
0.140581 0.801016
-0.000000 -0.000000
0.001895 0.000000
0.845743 0.152362
0.000000 0.000000
0.000566 0.999434
-0.000000 -0.000000
-0.000000
0.023135
0.976865
0.000000 -0.000000
0.302293 0.000021
0.069570 0.628116
-0.000000 0.000000
0.027544 0.000001
0.810284 0.162171
-0.000000
0.999999
0.000001
0.000000 -0.000000
0.007884 0.000002
0.504025 0.488088
0.000000
0.050136
0.949864
-0.000000
0.000064
0.999936
0.000000 0.000000
0.024936 0.000024
0.211854 0.763186
0.000000
0.028136
0.971864
-0.000000
0.999997
0.000003
-0.000000
0.034813
0.965187
-0.000000 0.000000
0.009510 0.000000
0.170911 0.819578
0.000000
0.000698
0.999302
-0.000000
0.845264
0.154736
0.000000 -0.000000 0.000000
0.153026 0.730338 0.116533
0.000000 0.000001 0.000102
0.000000 0.000000
0.033423 0.000003
0.587345 0.379229
0.000000
0.000047
0.999953
0.000000
0.999986
0.000014
-0.000000
0.000005
0.999995
0.000000 0.000000
0.340605 0.659359
0.000000 0.000036
0.000000
0.000002
0.999998
0.000000 0.000000 -0.000000
0.001060 0.109708 0.889233
0.000000 0.000000 0.000000
-0.000000
0.010289
0.989711
-0.000000 -0.000000
0.004816 0.000000
0.875616 0.119568
0.000000
1.000000
0.000000
-0.000000
0.010317
0.989683
-0.000000
0.000000
1.000000
0.000000
0.000001
0.999999
-0.000000
0.999975
0.000025
0.000000
0.226749
0.773251
0.000000 -0.000000
0.009542 0.000000
0.897798 0.092659
0.000000 -0.000000 0.000000
0.000002 0.017127 0.982871
0.000000 -0.000000 -0.000000
-0.000000 -0.000000
0.002078 0.997922
-0.000000 0.000000
0.000000 0.000000
0.004923 0.000000
0.817537 0.177539
0.000000
0.141237
0.858763
-0.000000
0.999988
0.000012
0.000000
0.092828
0.907172
0.000000
0.000146
0.999854
0.000000 0.000000
0.005302 0.000000
0.729741 0.264957
-0.000000 0.000000
0.039139 0.960861
-0.000000 0.000000
0.000000 -0.000000
0.839392 0.160593
0.000000 0.000015
0.000000 -0.000000
0.008573 0.000005
0.789051 0.202371
-0.000000 -0.000000
0.079847 0.000437
0.047588 0.872128
0.000000 -0.000000
0.416644 0.583325
0.000000 0.000031
0.000000
0.012839
0.987161
0.000000 0.000000
0.008118 0.000000
0.774509 0.217374
0.000000 0.000000
0.219489 0.000022
0.059810 0.720678
0.000000 0.000000
0.040629 0.000058
0.391730 0.567582
0.000000 0.000000
0.478091 0.521072
0.000004 0.000833
0.000000
0.000012
0.999988
-0.000000
0.002584
0.997416
-0.000000 -0.000000
0.015989 0.984011
0.000000 0.000000
0.000000
1.000000
-0.000000
-0.000000
0.000006
0.999994
-0.000000
0.999957
0.000043
-0.000000
0.018492
0.981508
-0.000000
0.029417
0.970583
0.000000
0.019957
0.980043
0.000000 -0.000000
0.601811 0.000048
0.006697 0.391445
-0.000000
0.000135
0.999865
-0.000000
0.999972
0.000028
-0.000000
0.453429
0.546571
0.000000
0.064370
0.935630
0.000000 0.000000
0.930188 0.023918
0.000202 0.045693
0.000000 0.000000
0.699538 0.197592
0.001592 0.101278
0.000000 0.000000
0.030598 0.000013
0.366109 0.603281
0.000000 -0.000000
0.002919 0.000000
0.890503 0.106578
0.000000 0.000000
0.156821 0.000048
0.283123 0.560008
0.000000
0.000001
0.999999
0.000000
0.000303
0.999697
0.000000 0.000000
0.044357 0.000070
0.126653 0.828920
0.000000 0.000000
0.005716 0.000000
0.664981 0.329303
0.000000
0.999999
0.000001
-0.000000
0.000003
0.999997
0.000000 0.000000
0.014901 0.000000
0.551524 0.433575
0.000000
1.000000
0.000000
-0.000000
0.000001
0.999999
0.000000
0.002563
0.997437
-0.000000 0.000000
0.179185 0.820815
0.000000 0.000000
0.000000
0.000010
0.999990
-0.000000 0.000000
0.094802 0.000297
0.085394 0.819507
0.000000 0.000000
0.003927 0.000003
0.829537 0.166533
-0.000000
0.000197
0.999803
-0.000000
0.000027
0.999973
0.000000 -0.000000 0.000000
0.058585 0.000909 0.000001
0.097547 0.453167 0.389792
-0.000000
0.000601
0.999399
0.000000
0.999998
0.000002
-0.000000 -0.000000
0.000632 0.999368
-0.000000 -0.000000
0.000000 0.000000
0.019761 0.000020
0.220035 0.760185
-0.000000
1.000000
0.000000
-0.000000 0.000000
0.030667 0.000012
0.395801 0.573520
-0.000000 -0.000000
0.048692 0.000001
0.517569 0.433738
0.000000
0.000168
0.999832
0.000000 -0.000000
0.173414 0.003768
0.095424 0.727394
0.000000 -0.000000
0.098532 0.000055
0.733026 0.168386
0.000000
0.010437
0.989563
0.000000
0.014700
0.985300
0.000000
0.999996
0.000004
0.000000
0.016576
0.983424
-0.000000
0.000007
0.999993
0.000000 -0.000000
0.014856 0.000005
0.435703 0.549436
0.000000 0.000000
0.001504 0.000000
0.962441 0.036055
-0.000000 -0.000000
0.089024 0.910976
0.000000 0.000000
-0.000000 0.000000
0.000794 0.000000
0.968824 0.030382
0.000000
0.007582
0.992418
-0.000000 -0.000000
0.012993 0.000007
0.678130 0.308869
-0.000000
0.006974
0.993026
0.000000
0.998658
0.001342
0.000000
0.001120
0.998880
-0.000000 -0.000000
0.676374 0.040650
0.001596 0.281380
0.000000
0.000195
0.999805
-0.000000 0.000000
0.004505 0.000002
0.721206 0.274287
0.000000
0.999989
0.000011
-0.000000 -0.000000
0.011376 0.000003
0.372179 0.616442
-0.000000 0.000000
0.530560 0.001111
0.044488 0.423841
0.000000 0.000000
0.004564 0.000000
0.697578 0.297858
0.000000
0.067495
0.932505
0.000000 -0.000000
0.004548 0.000000
0.972091 0.023361
0.000000
0.014648
0.985352
-0.000000
0.000049
0.999951
0.000000 -0.000000
0.000011 0.999989
0.000000 0.000000
0.000000
0.000354
0.999646
0.000000 -0.000000
0.738003 0.256232
0.000007 0.005758
-0.000000
0.000010
0.999990
-0.000000
0.010275
0.989725
0.000000 0.000000
0.221753 0.778247
0.000000 0.000000
0.000000 -0.000000
0.003529 0.000000
0.756527 0.239943
-0.000000
0.999585
0.000415
0.000000
0.999706
0.000294
-0.000000 0.000000
0.076802 0.923198
0.000000 0.000000
-0.000000
0.999999
0.000001
-0.000000 0.000000
0.036713 0.963287
0.000000 0.000000
-0.000000
0.000062
0.999938
0.000000
0.000007
0.999993
0.000000 0.000000
0.632470 0.039219
0.002381 0.325930
0.000000 -0.000000
0.094463 0.000149
0.098566 0.806821
-0.000000 0.000000
0.000834 0.000000
0.991042 0.008123
-0.000000 0.000000
0.483755 0.398623
0.005018 0.112604
-0.000000 -0.000000
0.000683 0.999317
-0.000000 0.000000
0.000000
0.000084
0.999916
-0.000000 -0.000000
0.061667 0.000077
0.168651 0.769605
0.000000
0.200644
0.799356
-0.000000
0.002679
0.997321
0.000000 0.000000
0.065522 0.000267
0.089013 0.845198
-0.000000 -0.000000
0.003182 0.000000
0.784530 0.212288
-0.000000 0.000000
0.049247 0.000116
0.261038 0.689599
-0.000000 0.000000
0.008712 0.000002
0.462329 0.528958
-0.000000 -0.000000
0.620106 0.378650
0.000001 0.001243
0.000000
0.000001
0.999999
0.000000
0.003038
0.996962
-0.000000
0.030934
0.969066
0.000000 0.000000
0.112042 0.887958
0.000000 0.000000
0.000000
0.002804
0.997196
-0.000000
0.999960
0.000040
-0.000000 0.000000
0.008414 0.000000
0.153663 0.837923
0.000000
0.000005
0.999995
-0.000000 0.000000
0.092871 0.000293
0.066721 0.840116
-0.000000
0.002505
0.997495
0.000000 0.000000
0.003244 0.000000
0.942667 0.054090
0.000000 -0.000000
0.880128 0.114215
0.000016 0.005641
0.000000
0.999962
0.000038
0.000000
0.144756
0.855244
0.000000 0.000000
0.020333 0.000004
0.375173 0.604490
0.000000 0.000000
0.000394 0.000000
0.971905 0.027701
-0.000000 -0.000000
0.730113 0.060526
0.001850 0.207510
0.000000 -0.000000
0.065447 0.934553
0.000000 0.000000
-0.000000
0.000003
0.999997
-0.000000
0.101360
0.898640
0.000000 0.000000
0.018616 0.000011
0.262092 0.719281
0.000000 -0.000000
0.609746 0.000087
0.009989 0.380178
0.000000 0.000000
0.000626 0.000000
0.931499 0.067875
0.000000
0.999999
0.000001
0.000000 -0.000000
0.025658 0.000023
0.493087 0.481232
-0.000000
0.000032
0.999968
-0.000000 -0.000000
0.472972 0.000367
0.002346 0.524315
-0.000000 -0.000000
0.095552 0.001308
0.107510 0.795630
-0.000000
0.999989
0.000011
0.000000
0.972546
0.027454
-0.000000
1.000000
0.000000
0.000000 0.000000
0.007572 0.000000
0.231744 0.760684
0.000000
0.000002
0.999998
-0.000000 0.000000
0.011760 0.000001
0.696148 0.292092
0.000000
0.999998
0.000002
0.000000 -0.000000 -0.000000
0.004151 0.289578 0.706271
0.000000 0.000000 0.000000
-0.000000
0.999998
0.000002
-0.000000
0.001257
0.998743
0.000000
0.001395
0.998605
-0.000000
1.000000
0.000000
0.000000 -0.000000
0.553991 0.446006
0.000000 0.000002
0.000000
1.000000
0.000000
0.000000
1.000000
0.000000
-0.000000
1.000000
0.000000
0.000000
0.999824
0.000176
-0.000000 0.000000
0.000046 0.000000
0.994376 0.005578
-0.000000 0.000000
0.033579 0.000001
0.804545 0.161875
-0.000000
0.007595
0.992405
0.000000
0.001651
0.998349
-0.000000
0.000240
0.999760
0.000000
0.000149
0.999851
-0.000000
0.000408
0.999592
-0.000000 0.000000
0.843907 0.121865
0.000540 0.033688
0.000000 -0.000000
0.004865 0.000000
0.656547 0.338588
-0.000000
1.000000
0.000000
0.000000 -0.000000
0.893353 0.024156
0.001298 0.081192
-0.000000 -0.000000
0.000514 0.000000
0.955132 0.044354
0.000000
0.000001
0.999999
-0.000000 0.000000 -0.000000
0.176909 0.004177 0.000004
0.068703 0.338459 0.411748
0.000000 0.000000
0.472112 0.023974
0.040017 0.463897
-0.000000
0.000074
0.999926
-0.000000 -0.000000
0.064153 0.000003
0.753292 0.182551
0.000000 -0.000000
0.002418 0.000000
0.772535 0.225047
-0.000000
0.000090
0.999910
0.000000 0.000000
0.529708 0.009194
0.006810 0.454288
-0.000000 -0.000000
0.005573 0.000000
0.907616 0.086811
0.000000 -0.000000
0.903349 0.091475
0.000003 0.005174
0.000000 0.000000
0.000434 0.000000
0.985926 0.013640
-0.000000
0.005735
0.994265
0.000000 0.000000
0.003107 0.996893
0.000000 0.000000
-0.000000
0.022664
0.977336
0.000000 0.000000
0.026176 0.000022
0.192476 0.781326
-0.000000
0.999997
0.000003
-0.000000
1.000000
0.000000
0.000000
0.000003
0.999997
0.000000
0.000269
0.999731
-0.000000 -0.000000
0.012987 0.000001
0.278772 0.708241
0.000000 -0.000000
0.006941 0.000000
0.448574 0.544485
-0.000000
0.000067
0.999933
-0.000000 -0.000000
0.547863 0.012452
0.007405 0.432280
-0.000000
0.000245
0.999755
0.000000
0.001049
0.998951
0.000000 -0.000000
0.030043 0.000035
0.165880 0.804042
0.000000
0.001154
0.998846
0.000000 -0.000000
0.882402 0.029044
0.000763 0.087791
-0.000000 0.000000
0.379995 0.000033
0.037329 0.582642
-0.000000
0.001201
0.998799
0.000000
0.004928
0.995072
-0.000000 0.000000 0.000000
0.451626 0.028071 0.000090
0.010179 0.148313 0.361722
0.000000
1.000000
0.000000
-0.000000
0.010500
0.989500
0.000000 -0.000000
0.000728 0.000000
0.975134 0.024137
-0.000000
0.000535
0.999465
0.000000
0.919448
0.080552
0.000000 0.000000
0.000924 0.000000
0.933770 0.065307
-0.000000 0.000000
0.127925 0.872075
0.000000 0.000000
0.000000 0.000000
0.853846 0.038496
0.003741 0.103917
0.000000 -0.000000
0.866944 0.069424
0.001208 0.062424
-0.000000 -0.000000
0.003678 0.000000
0.533061 0.463261
0.000000 -0.000000
0.132661 0.000649
0.035459 0.831230
0.000000 0.000000 0.000000
0.050073 0.001581 0.000008
0.219552 0.466463 0.262324
0.000000
0.002766
0.997234
0.000000 0.000000
0.010860 0.989140
-0.000000 0.000000
0.000000
0.000084
0.999916
-0.000000
0.006154
0.993846
-0.000000 -0.000000 0.000000
0.123277 0.009655 0.000027
0.005092 0.165203 0.696745
-0.000000
1.000000
0.000000
0.000000
0.002100
0.997900
-0.000000 -0.000000
0.000270 0.000000
0.996274 0.003456
-0.000000
1.000000
0.000000
0.000000
0.999863
0.000137
0.000000 -0.000000
0.020130 0.000015
0.586616 0.393238
0.000000
0.000074
0.999926
-0.000000 -0.000000
0.009214 0.000002
0.493053 0.497731
-0.000000 0.000000
0.003787 0.000000
0.800490 0.195723
-0.000000
0.912677
0.087323
-0.000000
0.000322
0.999678
0.000000 0.000000
0.489998 0.008825
0.019118 0.482059
0.000000
0.003954
0.996046
0.000000
1.000000
0.000000
-0.000000 0.000000 -0.000000
0.041803 0.000604 0.000001
0.174937 0.472275 0.310381
-0.000000 0.000000
0.694732 0.025000
0.006582 0.273687
-0.000000
0.010944
0.989056
-0.000000
0.013554
0.986446
0.000000
0.000500
0.999500
0.000000 -0.000000
0.042231 0.000041
0.270019 0.687708
0.000000 -0.000000
0.061007 0.938993
0.000000 0.000000
-0.000000 0.000000 0.000000
0.030431 0.000387 0.000000
0.100827 0.480233 0.388123
0.000000 0.000000
0.986471 0.003271
0.000010 0.010249
0.000000 0.000000 -0.000000
0.078790 0.012699 0.000176
0.011928 0.206836 0.689572
-0.000000
0.007809
0.992191
-0.000000 0.000000
0.358336 0.641656
0.000000 0.000008
-0.000000 0.000000
0.390942 0.609002
0.000000 0.000056
-0.000000 -0.000000
0.749013 0.250985
0.000000 0.000002
0.000000 -0.000000
0.303868 0.696131
0.000000 0.000002
0.000000 0.000000
0.715222 0.279092
0.000045 0.005641
-0.000000
0.000582
0.999418
0.000000 -0.000000
0.404216 0.000989
0.084071 0.510724
-0.000000 -0.000000
0.045378 0.000322
0.228974 0.725326
-0.000000
1.000000
0.000000
0.000000 -0.000000
0.055638 0.000070
0.139677 0.804615
-0.000000
0.000408
0.999592
-0.000000 0.000000
0.027602 0.000012
0.298599 0.673787
-0.000000 -0.000000 0.000000
0.018006 0.000058 0.000000
0.310940 0.518640 0.152356
-0.000000
0.000709
0.999291
-0.000000
1.000000
0.000000
0.000000
0.001305
0.998695
-0.000000
0.000000
1.000000
-0.000000
0.000371
0.999629
0.000000
0.999996
0.000004
-0.000000 0.000000
0.073110 0.000528
0.081032 0.845329
-0.000000
0.001664
0.998336
-0.000000
0.000004
0.999996
-0.000000
0.002195
0.997805
0.000000 0.000000
0.084176 0.000300
0.094499 0.821026
0.000000 -0.000000
0.982045 0.017018
0.000000 0.000937
0.000000
0.003006
0.996994
-0.000000 -0.000000
0.349395 0.003493
0.017316 0.629796
0.000000
0.000549
0.999451
0.000000
0.002134
0.997866
-0.000000 -0.000000
0.097713 0.000235
0.080505 0.821547
-0.000000 0.000000 -0.000000
0.046346 0.807710 0.145940
0.000000 0.000000 0.000004
-0.000000
1.000000
0.000000
0.000000 -0.000000 0.000000
0.279988 0.036571 0.001762
0.172036 0.276661 0.232982
-0.000000
0.003355
0.996645
0.000000
1.000000
-0.000000
0.000000
1.000000
0.000000
-0.000000 -0.000000
0.009489 0.000002
0.482179 0.508330
-0.000000
0.000657
0.999343
-0.000000
0.001095
0.998905
-0.000000 0.000000
0.849160 0.039294
0.001253 0.110293
0.000000
0.002178
0.997822
0.000000
0.000981
0.999019
0.000000
0.999930
0.000070
-0.000000 -0.000000
0.001914 0.000000
0.884230 0.113856
0.000000 0.000000
0.017590 0.000009
0.269980 0.712422
-0.000000
0.000013
0.999987
-0.000000
0.003196
0.996804
-0.000000 -0.000000
0.000326 0.000000
0.936311 0.063363
0.000000 0.000000
0.000269 0.000000
0.988308 0.011424
-0.000000
0.997983
0.002017
-0.000000 -0.000000
0.190601 0.809387
0.000000 0.000012
0.000000 0.000000
0.561791 0.003834
0.023397 0.410978
-0.000000 -0.000000
0.930991 0.063108
0.000004 0.005898
-0.000000 -0.000000
0.153649 0.846351
0.000000 0.000001
-0.000000
0.012156
0.987844
-0.000000
0.952980
0.047020
0.000000 0.000000
0.273651 0.726308
0.000000 0.000041
-0.000000 0.000000
0.005100 0.000000
0.774698 0.220202
-0.000000 -0.000000
0.019055 0.000004
0.438030 0.542912
-0.000000 0.000000 -0.000000 0.000000
0.069294 0.016954 0.000611 0.000005
0.017057 0.143876 0.343847 0.408356
-0.000000 0.000000
0.038597 0.000104
0.291909 0.669391
0.000000
0.000085
0.999915
0.000000
0.000062
0.999938
-0.000000
0.000000
1.000000
-0.000000
0.002156
0.997844
-0.000000 0.000000
0.036427 0.000035
0.420462 0.543077
-0.000000
1.000000
0.000000
-0.000000
0.000182
0.999818
-0.000000
0.006731
0.993269
-0.000000
1.000000
0.000000
0.000000 -0.000000
0.000073 0.000000
0.993724 0.006203
0.000000 0.000000
0.008337 0.000000
0.324380 0.667283
0.000000 0.000000
0.013883 0.000034
0.492376 0.493707
0.000000 -0.000000
0.000101 0.000000
0.995230 0.004669
-0.000000 -0.000000
0.015017 0.984983
0.000000 0.000000
-0.000000
0.999919
0.000081
-0.000000 -0.000000
0.015444 0.000001
0.171019 0.813535
0.000000
0.001388
0.998612
-0.000000
0.013844
0.986156
-0.000000
0.000105
0.999895
-0.000000
0.000661
0.999339
-0.000000
0.502171
0.497829
0.000000
0.005469
0.994531
-0.000000
0.000894
0.999106
-0.000000
0.001523
0.998477
0.000000 -0.000000
0.001696 0.000000
0.863087 0.135217
-0.000000
0.000002
0.999998
-0.000000 0.000000
0.128308 0.000024
0.366281 0.505388
0.000000 0.000000
0.198488 0.801508
0.000000 0.000004
0.000000
1.000000
0.000000
0.000000
0.000112
0.999888
-0.000000 0.000000
0.856010 0.141196
0.000007 0.002787
0.000000 0.000000
0.315672 0.001152
0.049548 0.633628
-0.000000 -0.000000 -0.000000
0.028540 0.000046 0.000000
0.136703 0.556838 0.277872
-0.000000 -0.000000
0.081065 0.000361
0.045296 0.873278
-0.000000 0.000000
0.784668 0.213420
0.000004 0.001908
0.000000
0.000002
0.999998
-0.000000
0.999965
0.000035
0.000000 -0.000000 -0.000000
0.066398 0.004112 0.000031
0.102422 0.381230 0.445807
-0.000000 0.000000
0.206123 0.005096
0.035297 0.753484
-0.000000
0.000561
0.999439
-0.000000 0.000000
0.000291 0.000000
0.977294 0.022415
0.000000
0.003801
0.996199
-0.000000 -0.000000
0.001422 0.000000
0.749657 0.248921
0.000000
0.000205
0.999795
-0.000000
0.999998
0.000002
-0.000000
1.000000
0.000000
0.000000
0.013178
0.986822
-0.000000 0.000000
0.035846 0.000014
0.528497 0.435643
-0.000000
0.000003
0.999997
0.000000 -0.000000
0.814375 0.145881
0.000699 0.039045
0.000000
0.125160
0.874840
0.000000 -0.000000
0.009810 0.000012
0.677012 0.313166
-0.000000
0.019850
0.980150
0.000000 -0.000000 -0.000000 0.000000
0.000001 0.000698 0.063200 0.936101
0.000000 -0.000000 0.000000 0.000000
0.000000
1.000000
0.000000
0.000000 -0.000000
0.083022 0.916978
0.000000 0.000000
-0.000000
0.000501
0.999499
-0.000000
0.000024
0.999976
0.000000 0.000000 0.000000
0.037480 0.000005 0.000000
0.853148 0.106587 0.002781
-0.000000
1.000000
0.000000
-0.000000
0.041303
0.958697
0.000000
0.999999
0.000001
0.000000 -0.000000
0.983351 0.003236
0.000017 0.013396
0.000000 0.000000
0.738201 0.044561
0.011745 0.205493
-0.000000
0.000030
0.999970
-0.000000 -0.000000
0.328023 0.671972
0.000000 0.000006
-0.000000 0.000000 -0.000000
0.038399 0.000072 0.000000
0.083244 0.533295 0.344989
-0.000000
0.113488
0.886512
-0.000000
0.000065
0.999935
0.000000
0.000136
0.999864
0.000000
0.000457
0.999543
-0.000000 0.000000 -0.000000
0.528549 0.355534 0.016374
0.000297 0.011492 0.087754
-0.000000
0.000001
0.999999
-0.000000
1.000000
0.000000
0.000000
0.044672
0.955328
-0.000000
0.000001
0.999999
0.000000
0.000432
0.999568
-0.000000
1.000000
0.000000
0.000000
1.000000
0.000000
0.000000 0.000000
0.827323 0.073777
0.000647 0.098253
0.000000 0.000000
0.597945 0.007727
0.007558 0.386770
-0.000000 -0.000000
0.418610 0.581201
0.000000 0.000190
-0.000000 -0.000000
0.013475 0.000000
0.236123 0.750402
0.000000 -0.000000
0.048984 0.951016
0.000000 0.000000
0.000000 0.000000
0.364946 0.635048
0.000000 0.000006
0.000000 0.000000
0.000041 0.000000
0.998487 0.001472
0.000000 -0.000000
0.052726 0.000069
0.545256 0.401949
0.000000
0.999986
0.000014
0.000000 0.000000
0.077160 0.922840
0.000000 0.000000
-0.000000
0.008941
0.991059
-0.000000 -0.000000
0.021937 0.978063
0.000000 0.000000
0.000000
0.000001
0.999999
0.000000
0.000462
0.999538
-0.000000 -0.000000
0.057372 0.942628
0.000000 0.000000
0.000000 0.000000 0.000000
0.006511 0.000004 0.000000
0.657714 0.308969 0.026803
-0.000000
0.000001
0.999999
0.000000
1.000000
0.000000
-0.000000
0.995722
0.004278
0.000000 -0.000000
0.184169 0.000327
0.147206 0.668299
-0.000000 0.000000
0.004660 0.995340
0.000000 0.000000
-0.000000
0.000964
0.999036
0.000000
0.001040
0.998960
0.000000 -0.000000
0.057171 0.942829
0.000000 0.000000
-0.000000
0.000584
0.999416
-0.000000
1.000000
-0.000000
-0.000000
0.002043
0.997957
0.000000
0.000021
0.999979
-0.000000 -0.000000
0.000158 0.999842
0.000000 0.000000
-0.000000
0.999278
0.000722
0.000000 -0.000000 0.000000
0.300909 0.033702 0.000339
0.015611 0.190016 0.459423
0.000000 -0.000000
0.004782 0.000000
0.947891 0.047327
-0.000000
0.000474
0.999526
0.000000
0.999600
0.000400
0.000000
1.000000
0.000000
-0.000000
0.002152
0.997848
0.000000
0.000021
0.999979
0.000000 -0.000000 0.000000
0.023208 0.000116 0.000000
0.185828 0.547246 0.243603
-0.000000
0.000423
0.999577
-0.000000
0.999985
0.000015
0.000000
1.000000
0.000000
-0.000000 -0.000000
0.190735 0.007741
0.066608 0.734916
-0.000000 0.000000
0.010516 0.989484
0.000000 0.000000
0.000000
0.931226
0.068774
-0.000000
0.003100
0.996900
-0.000000 0.000000
0.019206 0.000015
0.245052 0.735727
-0.000000
0.999644
0.000356
-0.000000 -0.000000
0.933857 0.000773
0.000169 0.065202
0.000000 0.000000
0.003428 0.000000
0.912888 0.083684
0.000000
0.014846
0.985154
0.000000 0.000000
0.021607 0.978393
0.000000 0.000000
-0.000000
0.032343
0.967657
0.000000
0.000004
0.999996
0.000000 -0.000000
0.001435 0.000000
0.978268 0.020298
-0.000000 0.000000
0.010934 0.000000
0.846205 0.142861
-0.000000 0.000000
0.022476 0.000067
0.330269 0.647189
0.000000 0.000000
0.024610 0.000027
0.152981 0.822383
0.000000
0.999999
0.000001
0.000000
0.001651
0.998349
-0.000000 0.000000
0.000321 0.000000
0.996212 0.003467
-0.000000
1.000000
0.000000
0.000000
0.000001
0.999999
-0.000000 -0.000000
0.052453 0.947547
0.000000 0.000000
-0.000000
0.999992
0.000008
0.000000
0.636268
0.363732
-0.000000 0.000000
0.022723 0.000013
0.418845 0.558420
-0.000000
0.999504
0.000496
-0.000000
0.001237
0.998763
-0.000000
0.945814
0.054186
-0.000000 -0.000000
0.009981 0.000001
0.726249 0.263769
0.000000
0.008363
0.991637
-0.000000 0.000000
0.038297 0.000005
0.736725 0.224974
0.000000
0.000439
0.999561
0.000000 0.000000
0.007461 0.000000
0.912111 0.080429
-0.000000 -0.000000
0.000825 0.000000
0.927848 0.071326
-0.000000 0.000000
0.036605 0.963395
0.000000 0.000000
-0.000000 0.000000
0.000671 0.000000
0.871135 0.128194
-0.000000
1.000000
0.000000
0.000000 -0.000000 -0.000000
0.020323 0.519469 0.460207
0.000000 0.000000 0.000001
0.000000
1.000000
0.000000
0.000000
0.001188
0.998812
0.000000
0.001118
0.998882
0.000000 0.000000
0.055086 0.000168
0.073142 0.871604
-0.000000
0.000390
0.999610
0.000000 -0.000000
0.114758 0.000345
0.087851 0.797047
-0.000000 -0.000000
0.975550 0.024108
0.000000 0.000342
-0.000000 0.000000
0.009341 0.990659
0.000000 0.000000
-0.000000
0.000077
0.999923
-0.000000
0.999998
0.000002
0.000000 0.000000
0.000553 0.000000
0.994769 0.004679
0.000000
0.000313
0.999687
-0.000000 -0.000000
0.012860 0.000000
0.259040 0.728100
-0.000000
0.028303
0.971697
0.000000
1.000000
-0.000000
0.000000 0.000000
0.000417 0.000000
0.981399 0.018183
0.000000 -0.000000
0.370308 0.000856
0.049323 0.579514
0.000000 0.000000
0.265097 0.000434
0.266961 0.467508
0.000000
0.081316
0.918684
0.000000 0.000000
0.412631 0.012052
0.006016 0.569301
0.000000
0.000019
0.999981
-0.000000 0.000000 0.000000 -0.000000
0.000012 0.004590 0.157905 0.837492
-0.000000 0.000000 0.000000 0.000000
-0.000000
1.000000
0.000000
0.000000
0.000176
0.999824
0.000000 -0.000000
0.000794 0.000000
0.993121 0.006085
-0.000000 0.000000
0.000595 0.999405
0.000000 0.000000
0.000000 -0.000000
0.021565 0.000000
0.173070 0.805365
0.000000 0.000000 -0.000000
0.000006 0.019753 0.980241
0.000000 -0.000000 0.000000
-0.000000
0.000322
0.999678
0.000000
0.014225
0.985775
-0.000000 0.000000
0.309836 0.690164
0.000000 0.000000
-0.000000
0.000139
0.999861
0.000000
0.000413
0.999587
0.000000 -0.000000
0.003848 0.000000
0.506875 0.489278
-0.000000
0.000705
0.999295
0.000000 -0.000000 0.000000
0.284294 0.655502 0.056591
0.000000 0.000072 0.003541
-0.000000
0.997515
0.002485
-0.000000 -0.000000
0.027971 0.972029
0.000000 0.000000
0.000000 -0.000000 -0.000000
0.032110 0.000089 0.000000
0.459450 0.414435 0.093916
-0.000000 0.000000
0.006158 0.993842
-0.000000 0.000000
-0.000000
0.000003
0.999997
0.000000
0.000000
1.000000
0.000000 -0.000000
0.004701 0.000001
0.818299 0.176999
0.000000 0.000000 -0.000000 -0.000000
0.139286 0.133530 0.004917 0.000010
0.000020 0.003647 0.090020 0.628571
0.000000 0.000000
0.126873 0.003100
0.093929 0.776098
-0.000000 -0.000000
0.576096 0.423816
0.000000 0.000088
0.000000
0.999999
0.000001
-0.000000 -0.000000
0.656856 0.342811
0.000000 0.000333
0.000000 -0.000000
0.000600 0.000000
0.942501 0.056899
-0.000000
0.000001
0.999999
-0.000000
0.999874
0.000126
0.000000
1.000000
0.000000
0.000000 0.000000
0.423814 0.576125
0.000000 0.000062
0.000000
0.000277
0.999723
0.000000
0.001874
0.998126
0.000000
1.000000
0.000000
-0.000000 0.000000
0.001920 0.000000
0.794292 0.203787
0.000000
0.000002
0.999998
-0.000000 -0.000000 -0.000000
0.001530 0.194213 0.804257
0.000000 0.000000 0.000000
-0.000000
0.002443
0.997557
0.000000
1.000000
0.000000
-0.000000
0.001611
0.998389
0.000000
0.000270
0.999730
-0.000000
0.021855
0.978145
0.000000 -0.000000 -0.000000
0.194347 0.717949 0.087209
0.000000 0.000005 0.000489
0.000000 -0.000000
0.032022 0.000001
0.107300 0.860677
-0.000000
0.000045
0.999955
-0.000000
0.015322
0.984678
0.000000
0.000719
0.999281
0.000000 0.000000
0.721946 0.006135
0.007988 0.263930
0.000000
0.000072
0.999928
0.000000 -0.000000
0.002259 0.000000
0.985435 0.012306
0.000000 0.000000
0.000002 0.999998
-0.000000 0.000000
-0.000000 0.000000
0.023270 0.000032
0.233035 0.743663
-0.000000 -0.000000
0.137137 0.000502
0.169875 0.692486
0.000000
0.993493
0.006507
0.000000 -0.000000 -0.000000
0.029325 0.000056 0.000000
0.409083 0.467689 0.093846
0.000000
0.064669
0.935331
0.000000
0.111111
0.888889
-0.000000
0.000015
0.999985
-0.000000 0.000000
0.003189 0.000000
0.663009 0.333803
-0.000000
0.999424
0.000576
0.000000
1.000000
0.000000
-0.000000
0.000310
0.999690
0.000000 -0.000000
0.022533 0.000011
0.409683 0.567773
0.000000
0.986135
0.013865
-0.000000 0.000000
0.077024 0.000003
0.029448 0.893525
0.000000 0.000000
0.002398 0.997602
0.000000 0.000000
-0.000000
0.001446
0.998554
-0.000000 -0.000000 -0.000000
0.463148 0.004419 0.000000
0.004806 0.148383 0.379244
-0.000000
0.000049
0.999951
0.000000 0.000000
0.007245 0.000017
0.698857 0.293882
0.000000 -0.000000
0.508899 0.001226
0.054347 0.435528
-0.000000 -0.000000
0.006567 0.000000
0.231323 0.762111
-0.000000
1.000000
0.000000
-0.000000 -0.000000
0.001025 0.000000
0.811838 0.187137
-0.000000
0.999999
0.000001
-0.000000
0.946458
0.053542
0.000000
0.001592
0.998408
0.000000
0.999999
0.000001
0.000000
0.000009
0.999991
-0.000000 -0.000000 -0.000000
0.018499 0.515687 0.465814
0.000000 0.000000 0.000000
-0.000000 -0.000000
0.047061 0.000339
0.273814 0.678786
-0.000000
0.999767
0.000233
-0.000000 -0.000000
0.871663 0.000683
0.000392 0.127263
-0.000000
1.000000
0.000000
0.000000 0.000000
0.224716 0.775283
0.000000 0.000001
0.000000 -0.000000
0.000300 0.000000
0.967529 0.032172
-0.000000
0.907265
0.092735
0.000000
1.000000
0.000000
0.000000
0.999859
0.000141
-0.000000
0.013887
0.986113
0.000000
1.000000
0.000000
0.000000 -0.000000
0.969995 0.023069
0.000001 0.006935
-0.000000
0.001669
0.998331
-0.000000
0.000004
0.999996
-0.000000 0.000000
0.808795 0.182023
0.000016 0.009166
-0.000000
0.999993
0.000007
0.000000
0.999697
0.000303
-0.000000 -0.000000
0.000352 0.000000
0.995370 0.004278
-0.000000
1.000000
0.000000
0.000000 -0.000000
0.007424 0.000000
0.508911 0.483665
0.000000
0.000000
1.000000
0.000000 -0.000000
0.060720 0.000012
0.449352 0.489916
0.000000 -0.000000
0.001703 0.000000
0.939791 0.058506
0.000000
0.000063
0.999937
-0.000000
0.004835
0.995165
-0.000000
0.013419
0.986581
0.000000
1.000000
0.000000
-0.000000
0.000012
0.999988
-0.000000
0.999988
0.000012
-0.000000
0.000157
0.999843
0.000000 -0.000000
0.319641 0.004706
0.020212 0.655441
0.000000 0.000000
0.044107 0.000045
0.255684 0.700165
-0.000000 -0.000000
0.000810 0.000000
0.958751 0.040438
-0.000000
0.000009
0.999991
-0.000000 0.000000
0.044250 0.000100
0.076331 0.879319
-0.000000
1.000000
0.000000
-0.000000
0.007194
0.992806
-0.000000
0.000160
0.999840
0.000000 -0.000000
0.003049 0.000000
0.912969 0.083982
0.000000 -0.000000
0.123758 0.000114
0.328491 0.547638
0.000000
0.000052
0.999948
-0.000000
0.000296
0.999704
0.000000
0.164498
0.835502
-0.000000 -0.000000 0.000000
0.111260 0.000085 0.000000
0.546825 0.310500 0.031330
-0.000000
0.000007
0.999993
0.000000
0.002817
0.997183
-0.000000 0.000000
0.884314 0.039178
0.000520 0.075988
-0.000000 -0.000000
0.305502 0.694088
0.000003 0.000406
-0.000000 0.000000
0.026690 0.973310
0.000000 0.000000
0.000000
0.004982
0.995018
0.000000 0.000000
0.923679 0.025181
0.000520 0.050620
-0.000000
0.006134
0.993866
-0.000000
0.000007
0.999993
0.000000
1.000000
0.000000
0.000000 0.000000
0.777969 0.220567
0.000004 0.001460
0.000000 0.000000
0.126743 0.873257
0.000000 0.000000
-0.000000 -0.000000
0.001040 0.000000
0.984221 0.014739
0.000000
0.999999
0.000001
0.000000 -0.000000
0.244430 0.001007
0.363817 0.390746
0.000000 0.000000
0.291056 0.039119
0.030255 0.639570
0.000000
0.979987
0.020013
-0.000000 -0.000000
0.008492 0.000000
0.377482 0.614025
-0.000000
0.987969
0.012031
0.000000
0.000002
0.999998
-0.000000 -0.000000
0.028631 0.000012
0.277150 0.694207
-0.000000
0.000635
0.999365
-0.000000 0.000000
0.004968 0.000000
0.978843 0.016188
-0.000000 -0.000000
0.687431 0.312211
0.000000 0.000358
0.000000
0.002734
0.997266
-0.000000 0.000000
0.002366 0.000000
0.639606 0.358028
-0.000000 0.000000
0.070335 0.929665
0.000000 0.000000
-0.000000 -0.000000
0.492738 0.507227
0.000000 0.000035
-0.000000 -0.000000
0.311751 0.687907
0.000002 0.000341
0.000000
0.000121
0.999879
0.000000 -0.000000 0.000000
0.328006 0.555781 0.033617
0.000005 0.001848 0.080742
-0.000000
0.875994
0.124006
-0.000000 -0.000000
0.035203 0.000001
0.066215 0.898581
-0.000000 -0.000000 -0.000000
0.186593 0.717969 0.095185
0.000000 0.000003 0.000250
0.000000
0.000006
0.999994
0.000000 -0.000000
0.638286 0.012601
0.017633 0.331480
0.000000 -0.000000
0.130957 0.001783
0.124761 0.742499
0.000000
0.999961
0.000039
-0.000000
0.999980
0.000020
-0.000000 0.000000 0.000000
0.107282 0.000052 0.000000
0.557700 0.291859 0.043108
0.000000 0.000000
0.926926 0.072710
0.000000 0.000364
-0.000000 -0.000000
0.767186 0.132932
0.004504 0.095378
0.000000 -0.000000 -0.000000
0.003657 0.000001 0.000000
0.867878 0.123276 0.005188
0.000000
1.000000
0.000000
-0.000000 -0.000000 -0.000000
0.042607 0.000203 0.000000
0.184845 0.538764 0.233581
-0.000000
1.000000
0.000000
0.000000 -0.000000
0.971120 0.002911
0.000024 0.025945
0.000000
0.003669
0.996331
-0.000000
0.004446
0.995554
0.000000
0.009535
0.990465
0.000000
0.075534
0.924466
-0.000000
0.000423
0.999577
-0.000000 -0.000000
0.483609 0.516367
0.000000 0.000024
-0.000000
0.000130
0.999870
-0.000000 0.000000
0.001690 0.000000
0.922882 0.075428
-0.000000 -0.000000
0.000836 0.000000
0.980817 0.018347
-0.000000
1.000000
0.000000
0.000000
1.000000
0.000000
-0.000000 0.000000
0.013275 0.000003
0.622029 0.364693
-0.000000 0.000000
0.002149 0.000000
0.886774 0.111077
0.000000 0.000000
0.226875 0.003031
0.016615 0.753479
-0.000000
0.000540
0.999460
0.000000 -0.000000
0.002456 0.997544
0.000000 0.000000
-0.000000 0.000000
0.003899 0.000000
0.735365 0.260735
0.000000 -0.000000
0.003767 0.996233
-0.000000 0.000000
0.000000 -0.000000
0.001038 0.000000
0.971713 0.027248
-0.000000 -0.000000 -0.000000
0.069556 0.000455 0.000000
0.010417 0.292578 0.626995
0.000000
0.000214
0.999786
-0.000000
0.000183
0.999817
0.000000 0.000000
0.611426 0.000070
0.006136 0.382369
-0.000000
0.000108
0.999892
-0.000000 0.000000
0.109989 0.000003
0.336458 0.553550
-0.000000
1.000000
0.000000
0.000000 -0.000000
0.003842 0.000000
0.834328 0.161830
-0.000000 -0.000000
0.074881 0.000287
0.125726 0.799106
0.000000
0.006411
0.993589
0.000000 -0.000000
0.123807 0.876193
0.000000 0.000000
0.000000
0.000085
0.999915
0.000000 0.000000
0.024406 0.000026
0.155392 0.820175
0.000000
0.998800
0.001200
0.000000 0.000000
0.065935 0.000014
0.412568 0.521484
-0.000000
0.000670
0.999330
0.000000 -0.000000
0.747814 0.235933
0.000181 0.016073
-0.000000 0.000000
0.671272 0.321160
0.000056 0.007511
-0.000000
0.000000
1.000000
-0.000000
1.000000
0.000000
0.000000
0.000006
0.999994
-0.000000 -0.000000
0.035852 0.000030
0.230522 0.733596
-0.000000
0.547904
0.452096
-0.000000
1.000000
0.000000
-0.000000
0.999843
0.000157
0.000000 -0.000000
0.052518 0.000011
0.178965 0.768507
0.000000
0.000674
0.999326
-0.000000
0.989853
0.010147
-0.000000 0.000000
0.015097 0.000000
0.107117 0.877786
0.000000 -0.000000
0.029864 0.000063
0.378546 0.591527
0.000000
0.997059
0.002941
-0.000000
0.037378
0.962622
-0.000000 0.000000
0.024776 0.000000
0.892369 0.082856
-0.000000
0.999582
0.000418
0.000000
1.000000
0.000000
-0.000000
0.999998
0.000002
-0.000000
0.758128
0.241872
-0.000000
0.002253
0.997747
0.000000
0.999950
0.000050
-0.000000 -0.000000
0.579587 0.004365
0.014048 0.401999
-0.000000 -0.000000
0.005013 0.994987
0.000000 0.000000
-0.000000
0.999995
0.000005
-0.000000 0.000000
0.009596 0.000002
0.765850 0.224553
-0.000000
0.002303
0.997697
0.000000 0.000000
0.006267 0.000000
0.448750 0.544983
-0.000000
0.000134
0.999866
0.000000
1.000000
0.000000
0.000000
0.014629
0.985371
-0.000000 -0.000000
0.032919 0.000189
0.397810 0.569082
0.000000
0.033756
0.966244
0.000000
0.000501
0.999499
0.000000 -0.000000
0.000890 0.999110
0.000000 -0.000000
0.000000 0.000000
0.800456 0.014726
0.002766 0.182051
0.000000
0.998360
0.001640
-0.000000
0.001169
0.998831
-0.000000
0.999557
0.000443
-0.000000
1.000000
0.000000
-0.000000
1.000000
0.000000
-0.000000 0.000000
0.017676 0.000000
0.079277 0.903047
-0.000000 -0.000000
0.909294 0.001543
0.000205 0.088958
-0.000000
0.003979
0.996021
0.000000
1.000000
0.000000
0.000000 -0.000000
0.000411 0.000000
0.996498 0.003091
-0.000000
0.000926
0.999074
-0.000000
0.999962
0.000038
0.000000
0.998124
0.001876
0.000000 -0.000000
0.000072 0.000000
0.996686 0.003242
-0.000000 0.000000
0.025760 0.000000
0.109373 0.864867
0.000000
0.000486
0.999514
0.000000
0.000034
0.999966
-0.000000 -0.000000
0.003531 0.000000
0.902445 0.094024
0.000000 0.000000
0.202161 0.000464
0.429930 0.367444
0.000000
0.005164
0.994836
0.000000
0.001438
0.998562
-0.000000
0.999284
0.000716
0.000000
1.000000
0.000000
-0.000000 -0.000000
0.041631 0.000050
0.255770 0.702549
0.000000 0.000000
0.018427 0.000000
0.130240 0.851333
0.000000 -0.000000
0.002966 0.000000
0.496688 0.500347
-0.000000 0.000000
0.875087 0.000771
0.000605 0.123537
0.000000
0.002202
0.997798
0.000000 -0.000000
0.006857 0.000000
0.775555 0.217588
0.000000
0.999761
0.000239
0.000000
0.000203
0.999797
-0.000000
0.000395
0.999605
-0.000000 -0.000000
0.010749 0.000000
0.376969 0.612282
-0.000000 0.000000
0.254839 0.745156
0.000000 0.000005
0.000000 0.000000
0.532275 0.003363
0.017933 0.446429
-0.000000
1.000000
0.000000
-0.000000 -0.000000
0.190728 0.000446
0.085759 0.723068
-0.000000
0.000465
0.999535
0.000000 -0.000000
0.365141 0.000624
0.074960 0.559276
0.000000
0.000008
0.999992
0.000000
0.999980
0.000020
-0.000000
0.997261
0.002739
0.000000 0.000000
0.277126 0.002899
0.015849 0.704125
-0.000000
0.999253
0.000747
-0.000000 0.000000
0.033289 0.966711
0.000000 0.000000
0.000000
1.000000
0.000000
0.000000
0.000170
0.999830
-0.000000 0.000000
0.036412 0.000001
0.050853 0.912735
-0.000000
0.999604
0.000396
-0.000000 -0.000000 0.000000
0.023604 0.343522 0.632850
0.000000 0.000001 0.000023
-0.000000
0.001085
0.998915
-0.000000
0.000545
0.999455
0.000000 -0.000000
0.009133 0.000011
0.623513 0.367342
-0.000000
0.000003
0.999997
0.000000
0.001525
0.998475
0.000000
0.999999
0.000001
0.000000 -0.000000
0.006738 0.993262
0.000000 0.000000
0.000000
0.000305
0.999695
-0.000000
0.999973
0.000027
-0.000000 0.000000
0.006726 0.000000
0.748891 0.244383
-0.000000
0.007536
0.992464
-0.000000 0.000000
0.599000 0.400591
0.000001 0.000408
-0.000000
1.000000
0.000000
0.000000 -0.000000 0.000000 -0.000000
0.104605 0.016795 0.000250 0.000001
0.007722 0.115545 0.351117 0.403966
0.000000 -0.000000
0.028836 0.000028
0.216891 0.754245
-0.000000 0.000000
0.004971 0.000000
0.849296 0.145732
0.000000
0.000010
0.999990
0.000000 -0.000000 0.000000
0.184182 0.001753 0.000000
0.005332 0.206852 0.601880
0.000000 0.000000 -0.000000
0.083742 0.003041 0.000010
0.085257 0.413738 0.414212
0.000000 0.000000
0.735833 0.019012
0.026945 0.218210
-0.000000
0.001005
0.998995
0.000000
0.007584
0.992416
0.000000 -0.000000
0.031455 0.000009
0.285336 0.683201
-0.000000 -0.000000 -0.000000
0.012999 0.000060 0.000000
0.605968 0.322428 0.058545
0.000000 -0.000000
0.040838 0.000055
0.548414 0.410693
0.000000
0.001121
0.998879
0.000000 0.000000
0.083480 0.916520
0.000000 0.000000
0.000000
0.026670
0.973330
-0.000000 -0.000000
0.502356 0.004760
0.039153 0.453730
-0.000000 0.000000
0.018236 0.000006
0.407363 0.574395
-0.000000
0.006592
0.993408
0.000000
0.311852
0.688148
0.000000
0.032416
0.967584
0.000000 0.000000
0.702099 0.026276
0.017471 0.254154
-0.000000
0.971159
0.028841
-0.000000 0.000000
0.003819 0.996181
-0.000000 0.000000
-0.000000 -0.000000
0.091102 0.000023
0.014560 0.894315
-0.000000
0.999335
0.000665
0.000000
0.999870
0.000130
0.000000 -0.000000
0.015106 0.000005
0.317568 0.667320
-0.000000
0.001207
0.998793
-0.000000
1.000000
0.000000
-0.000000 0.000000 -0.000000
0.057069 0.002552 0.000011
0.075870 0.404941 0.459557
0.000000 0.000000
0.054713 0.000001
0.264876 0.680411
-0.000000 -0.000000 -0.000000
0.000980 0.000000 0.000000
0.955771 0.042825 0.000423
-0.000000 -0.000000
0.089500 0.000076
0.568062 0.342363
0.000000 -0.000000
0.154216 0.004144
0.106497 0.735142
-0.000000
0.000318
0.999682
0.000000 0.000000
0.105212 0.894788
0.000000 0.000000
0.000000 -0.000000
0.821766 0.000441
0.001072 0.176722
-0.000000
0.929723
0.070277
-0.000000 0.000000
0.076744 0.923256
0.000000 0.000000
-0.000000 -0.000000
0.164344 0.000040
0.021276 0.814340
0.000000
0.001587
0.998413
-0.000000
0.012592
0.987408
0.000000
1.000000
0.000000
-0.000000
0.987669
0.012331
0.000000 -0.000000
0.025916 0.000000
0.218494 0.755590
0.000000 -0.000000 0.000000
0.014693 0.000007 0.000000
0.228905 0.603915 0.152479
-0.000000 0.000000
0.042151 0.957849
0.000000 0.000000
-0.000000
1.000000
0.000000
-0.000000 0.000000
0.010285 0.000000
0.764498 0.225217
0.000000
0.001787
0.998213
0.000000
0.999975
0.000025
0.000000
0.000029
0.999971
-0.000000 0.000000
0.296758 0.703211
0.000000 0.000031
0.000000
0.905588
0.094412
-0.000000
0.000724
0.999276
0.000000
0.221305
0.778695
-0.000000 0.000000 -0.000000
0.226257 0.626368 0.144894
0.000001 0.000085 0.002395
-0.000000
1.000000
0.000000
0.000000 0.000000
0.002645 0.000000
0.780655 0.216701
0.000000 0.000000
0.615097 0.017512
0.004094 0.363296
0.000000 0.000000 -0.000000
0.084419 0.008592 0.000100
0.060177 0.326233 0.520478
0.000000 0.000000
0.000627 0.000000
0.991462 0.007911
-0.000000
0.000154
0.999846
0.000000 -0.000000
0.036764 0.000001
0.093314 0.869921
-0.000000
0.006182
0.993818
-0.000000 0.000000
0.056145 0.000005
0.059192 0.884658
0.000000 -0.000000 -0.000000
0.067659 0.000061 0.000000
0.778052 0.145900 0.008327
-0.000000
1.000000
0.000000
-0.000000 0.000000
0.040196 0.000069
0.626471 0.333264
0.000000
0.015324
0.984676
0.000000 -0.000000
0.256203 0.000426
0.116124 0.627247
0.000000
1.000000
0.000000
0.000000 0.000000
0.000354 0.000000
0.982464 0.017182
-0.000000 0.000000
0.002423 0.000000
0.942799 0.054778
0.000000 -0.000000
0.680035 0.004173
0.011684 0.304107
-0.000000 0.000000 0.000000
0.001007 0.337581 0.661412
-0.000000 0.000000 0.000000
0.000000 0.000000
0.607850 0.392022
0.000000 0.000128
0.000000
0.000074
0.999926
-0.000000
0.999594
0.000406
-0.000000
0.002111
0.997889
-0.000000
0.000012
0.999988
-0.000000 -0.000000 0.000000
0.036207 0.000234 0.000000
0.427446 0.429008 0.107104
0.000000
0.999974
0.000026
-0.000000
0.999891
0.000109
-0.000000
0.014144
0.985856
-0.000000 -0.000000
0.004137 0.000000
0.890450 0.105413
-0.000000
0.000025
0.999975
-0.000000 -0.000000 -0.000000
0.004425 0.000001 0.000000
0.933102 0.060684 0.001788
0.000000 -0.000000
0.116898 0.883102
0.000000 0.000000
-0.000000
0.994876
0.005124
-0.000000
0.164960
0.835040
0.000000 -0.000000
0.022754 0.977246
0.000000 0.000000
0.000000
0.999999
0.000001
0.000000 0.000000
0.001754 0.000000
0.994569 0.003677
-0.000000 -0.000000
0.692272 0.307525
0.000000 0.000203
-0.000000
0.000000
1.000000
-0.000000 0.000000 -0.000000
0.520898 0.014821 0.000016
0.011567 0.158831 0.293867
-0.000000
0.003718
0.996282
-0.000000 -0.000000
0.896367 0.068716
0.000555 0.034361
0.000000
0.999515
0.000485
0.000000 -0.000000
0.068373 0.000312
0.083102 0.848214
-0.000000
0.999824
0.000176
0.000000 -0.000000
0.119364 0.880635
0.000000 0.000000
0.000000 -0.000000
0.063316 0.000096
0.103938 0.832650
0.000000 0.000000
0.583032 0.038096
0.039258 0.339615
0.000000 0.000000
0.820665 0.177035
0.000005 0.002295
-0.000000
0.001172
0.998828
-0.000000
0.002194
0.997806
-0.000000 -0.000000
0.246015 0.000890
0.042449 0.710645
0.000000 0.000000
0.001732 0.000000
0.925213 0.073056
0.000000
0.000115
0.999885
-0.000000 -0.000000
0.001690 0.000000
0.954176 0.044133
0.000000
0.761947
0.238053
-0.000000
0.020084
0.979916
-0.000000 0.000000
0.802793 0.150540
0.001788 0.044878
0.000000 0.000000
0.005818 0.000000
0.738718 0.255464
0.000000
0.000090
0.999910
-0.000000 0.000000
0.000396 0.000000
0.914421 0.085182
-0.000000 -0.000000
0.171477 0.000179
0.127865 0.700479
-0.000000 -0.000000
0.103588 0.000297
0.089341 0.806773
-0.000000 -0.000000
0.218893 0.001197
0.030457 0.749453
-0.000000 0.000000
0.372532 0.001320
0.134409 0.491739
-0.000000 0.000000
0.631881 0.012005
0.006230 0.349885
0.000000 0.000000
0.005265 0.000000
0.853703 0.141032
0.000000 0.000000
0.540344 0.015880
0.006182 0.437594
0.000000
0.999991
0.000009
-0.000000
0.000231
0.999769
0.000000 -0.000000
0.491943 0.508026
0.000000 0.000031
0.000000
0.009375
0.990625
0.000000
0.002812
0.997188
0.000000
0.004633
0.995367
0.000000 -0.000000
0.014709 0.000011
0.555354 0.429927
-0.000000 0.000000 0.000000
0.033387 0.000318 0.000000
0.266402 0.473631 0.226260
0.000000
0.000540
0.999460
0.000000
0.012101
0.987899
0.000000
1.000000
0.000000
-0.000000 -0.000000
0.980047 0.010214
0.000005 0.009734
-0.000000
0.000057
0.999943
0.000000
0.004593
0.995407
-0.000000 0.000000
0.002650 0.997350
-0.000000 0.000000
-0.000000 0.000000
0.135892 0.864106
0.000000 0.000002
0.000000 -0.000000 0.000000
0.015799 0.000096 0.000000
0.463643 0.421006 0.099456
0.000000 0.000000
0.844535 0.015730
0.002258 0.137477
0.000000
1.000000
0.000000
-0.000000 -0.000000
0.014070 0.000002
0.479949 0.505979
-0.000000
0.000649
0.999351
0.000000
0.000357
0.999643
0.000000 -0.000000
0.015740 0.000014
0.707783 0.276464
-0.000000
0.000383
0.999617
-0.000000
0.951157
0.048843
-0.000000
0.000000
1.000000
0.000000 -0.000000 0.000000
0.016966 0.000023 0.000000
0.236048 0.544420 0.202542
-0.000000 0.000000
0.022599 0.000004
0.456042 0.521355
0.000000
0.000008
0.999992
-0.000000
1.000000
0.000000
-0.000000
0.999998
0.000002
-0.000000 0.000000 -0.000000 0.000000
0.386166 0.271708 0.015219 0.000116
0.000091 0.005729 0.065458 0.255514
0.000000
1.000000
0.000000
-0.000000
0.999930
0.000070
-0.000000 0.000000
0.754549 0.087458
0.002101 0.155893
0.000000
0.240665
0.759335
-0.000000
1.000000
0.000000
0.000000 -0.000000
0.319741 0.680259
0.000000 0.000000
-0.000000
0.001225
0.998775
-0.000000
0.008136
0.991864
0.000000
0.000813
0.999187
-0.000000
0.000662
0.999338
0.000000 -0.000000
0.012671 0.000000
0.552455 0.434874
0.000000
0.001868
0.998132
-0.000000
0.000001
0.999999
-0.000000
0.967738
0.032262
0.000000
0.051746
0.948254
-0.000000 0.000000
0.331236 0.001389
0.123597 0.543778
0.000000 -0.000000 0.000000
0.035581 0.000672 0.000001
0.103025 0.453445 0.407276
-0.000000
0.000805
0.999195
0.000000
0.947199
0.052801
0.000000 0.000000
0.063979 0.000010
0.643017 0.292994
-0.000000 0.000000
0.005282 0.994718
0.000000 0.000000
0.000000
0.102354
0.897646
0.000000 -0.000000 -0.000000
0.101510 0.005966 0.000013
0.007844 0.202531 0.682137
0.000000
0.000042
0.999958
-0.000000 0.000000
0.024467 0.000008
0.402777 0.572747
-0.000000
0.000885
0.999115
-0.000000
0.000184
0.999816
0.000000
0.001288
0.998712
0.000000
0.112328
0.887672
0.000000 -0.000000 -0.000000
0.474650 0.046449 0.000232
0.005438 0.109199 0.364032
-0.000000
0.088109
0.911891
-0.000000 -0.000000
0.012203 0.000000
0.917421 0.070376
-0.000000
0.991909
0.008091
0.000000
0.000000
1.000000
0.000000 0.000000
0.182692 0.000384
0.089086 0.727839
0.000000
0.000053
0.999947
0.000000 0.000000
0.000663 0.000000
0.966689 0.032648
-0.000000
0.958525
0.041475
-0.000000
0.026742
0.973258
-0.000000 -0.000000
0.003140 0.000000
0.720504 0.276356
-0.000000 0.000000
0.044559 0.000003
0.635390 0.320047
-0.000000
0.999980
0.000020
0.000000
0.000197
0.999803
0.000000
1.000000
0.000000
0.000000
1.000000
-0.000000
-0.000000 0.000000 -0.000000
0.694663 0.085635 0.000084
0.000073 0.013404 0.206141
-0.000000
0.000207
0.999793
-0.000000 -0.000000
0.046279 0.000004
0.649463 0.304254
-0.000000
1.000000
-0.000000
-0.000000
0.000381
0.999619
-0.000000
1.000000
-0.000000
0.000000 0.000000
0.246505 0.000567
0.079051 0.673877
-0.000000
0.000106
0.999894
-0.000000
0.018909
0.981091
-0.000000 -0.000000 0.000000 -0.000000
0.016524 0.000082 0.000000 0.000000
0.588248 0.326647 0.061925 0.006575
0.000000
0.999962
0.000038
-0.000000
0.000025
0.999975
0.000000 -0.000000
0.026823 0.000011
0.257061 0.716105
-0.000000
0.010518
0.989482
0.000000 0.000000
0.199472 0.012817
0.052675 0.735036
0.000000
0.001552
0.998448
-0.000000
0.000008
0.999992
0.000000 0.000000
0.867887 0.031135
0.001230 0.099749
-0.000000
0.000346
0.999654
0.000000 0.000000
0.016397 0.000011
0.250250 0.733341
0.000000
0.000210
0.999790
-0.000000 0.000000
0.005253 0.000000
0.592982 0.401764
0.000000 -0.000000
0.308013 0.000028
0.056342 0.635618
-0.000000
0.000000
1.000000
0.000000
0.999756
0.000244
0.000000
0.000275
0.999725
0.000000 0.000000 -0.000000
0.000079 0.034629 0.965292
0.000000 0.000000 0.000000
0.000000 -0.000000
0.016211 0.000001
0.798330 0.185458
-0.000000 -0.000000
0.001305 0.998695
-0.000000 0.000000
0.000000
0.792962
0.207038
-0.000000
0.001706
0.998294
0.000000 0.000000
0.526942 0.472992
0.000000 0.000066
0.000000 0.000000
0.118209 0.881783
0.000000 0.000008
0.000000 -0.000000
0.005519 0.000000
0.782923 0.211557
0.000000
1.000000
0.000000
0.000000 0.000000
0.059233 0.000060
0.609188 0.331519
0.000000
0.000312
0.999688
-0.000000 -0.000000
0.054139 0.000403
0.159128 0.786330
0.000000 -0.000000
0.001397 0.000000
0.911799 0.086804
-0.000000
0.002145
0.997855
-0.000000 -0.000000
0.009171 0.990829
0.000000 0.000000
0.000000
0.046062
0.953938
0.000000
0.449803
0.550197
-0.000000
0.001734
0.998266
-0.000000 0.000000
0.086369 0.000354
0.043840 0.869437
0.000000 0.000000 -0.000000
0.008831 0.000002 0.000000
0.834518 0.150934 0.005715
-0.000000
0.000134
0.999866
0.000000
0.000006
0.999994
0.000000 -0.000000
0.748654 0.175179
0.000548 0.075620
0.000000 0.000000
0.081028 0.000050
0.574495 0.344428
-0.000000
0.999999
0.000001
-0.000000
0.000016
0.999984
0.000000 -0.000000
0.016589 0.000007
0.459735 0.523669
0.000000
0.998690
0.001310
0.000000
0.999983
0.000017
0.000000 -0.000000
0.061967 0.000110
0.122421 0.815502
0.000000 0.000000
0.002453 0.000000
0.846516 0.151030
-0.000000
0.000000
1.000000
-0.000000
0.006311
0.993689
-0.000000
0.000005
0.999995
-0.000000
0.003933
0.996067
-0.000000 -0.000000
0.176376 0.000728
0.038966 0.783931
0.000000
0.001455
0.998545
0.000000 -0.000000 -0.000000
0.099823 0.000083 0.000000
0.718292 0.166350 0.015451
0.000000
0.017021
0.982979
-0.000000
0.999974
0.000026
-0.000000 -0.000000
0.011618 0.000000
0.469942 0.518440
0.000000
0.000156
0.999844
-0.000000
0.073119
0.926881
-0.000000
1.000000
0.000000
0.000000
1.000000
0.000000
0.000000 -0.000000
0.017805 0.000004
0.821526 0.160665
-0.000000
0.006997
0.993003
0.000000
0.002532
0.997468
0.000000 -0.000000
0.009496 0.000003
0.424815 0.565685
0.000000
1.000000
0.000000
0.000000 -0.000000
0.812375 0.182444
0.000022 0.005158
-0.000000 0.000000
0.533284 0.001189
0.040344 0.425182
0.000000
0.999999
0.000001
0.000000
1.000000
0.000000
0.000000
1.000000
0.000000
0.000000
1.000000
0.000000
-0.000000 0.000000
0.043153 0.000001
0.055466 0.901381
0.000000 -0.000000
0.347874 0.005229
0.013662 0.633235
0.000000
1.000000
0.000000
0.000000
0.002176
0.997824
-0.000000 -0.000000
0.712385 0.035009
0.002451 0.250155
-0.000000
0.000001
0.999999
-0.000000 0.000000
0.714833 0.147589
0.005077 0.132502
-0.000000 0.000000
0.000068 0.999932
0.000000 0.000000
-0.000000 0.000000
0.955012 0.021143
0.000024 0.023822
0.000000
0.006794
0.993206
-0.000000 0.000000
0.843935 0.028531
0.001830 0.125704
-0.000000
0.013644
0.986356
0.000000
0.057463
0.942537
-0.000000 -0.000000
0.063574 0.936426
0.000000 0.000000
0.000000
0.999946
0.000054
0.000000 0.000000 -0.000000
0.130183 0.012729 0.000113
0.024438 0.263439 0.569097
0.000000
0.010574
0.989426
0.000000
0.000067
0.999933
0.000000 -0.000000
0.043858 0.000005
0.562582 0.393555
-0.000000
1.000000
0.000000
-0.000000
0.003439
0.996561
0.000000 0.000000
0.037609 0.000056
0.113652 0.848683
-0.000000 -0.000000
0.000196 0.999804
0.000000 -0.000000
0.000000 -0.000000
0.026780 0.000020
0.374261 0.598939
-0.000000 -0.000000
0.001350 0.000000
0.899187 0.099463
0.000000
0.010504
0.989496
0.000000 -0.000000
0.016326 0.000003
0.427287 0.556384
-0.000000 0.000000
0.011631 0.000000
0.447428 0.540941
0.000000 -0.000000
0.303066 0.696887
0.000000 0.000047
0.000000 0.000000
0.015478 0.984522
0.000000 0.000000
-0.000000
0.000128
0.999872
-0.000000
0.999999
0.000001
-0.000000 0.000000
0.937455 0.001868
0.000156 0.060521
0.000000 -0.000000 0.000000
0.080220 0.002663 0.000004
0.030781 0.328661 0.557671
-0.000000 0.000000
0.054514 0.000052
0.217309 0.728125
-0.000000
1.000000
0.000000
-0.000000
0.002150
0.997850
0.000000 0.000000
0.034738 0.000004
0.649994 0.315264
0.000000 -0.000000
0.174422 0.825578
0.000000 0.000000
0.000000 -0.000000
0.028824 0.000020
0.372906 0.598250
-0.000000
1.000000
0.000000
-0.000000 -0.000000
0.150748 0.849252
0.000000 0.000000
0.000000
0.000002
0.999998
0.000000
0.007675
0.992325
0.000000
0.001031
0.998969
-0.000000
0.997756
0.002244
-0.000000 -0.000000 0.000000
0.309266 0.625835 0.014980
0.000002 0.000945 0.048973
-0.000000 0.000000
0.301646 0.698335
0.000000 0.000019
0.000000
0.001274
0.998726
0.000000 0.000000
0.979828 0.019314
0.000000 0.000858
-0.000000 0.000000
0.476212 0.001555
0.029437 0.492796
0.000000 -0.000000
0.032218 0.000097
0.371924 0.595761
-0.000000 -0.000000
0.751862 0.001453
0.000503 0.246183
-0.000000
0.999999
0.000001
-0.000000
0.996082
0.003918
0.000000 0.000000
0.009365 0.000002
0.451770 0.538862
0.000000 0.000000
0.752785 0.246735
0.000001 0.000480
0.000000 0.000000
0.567723 0.432128
0.000000 0.000149
-0.000000
0.000157
0.999843
-0.000000
0.999997
0.000003
-0.000000 -0.000000
0.989255 0.005991
0.000003 0.004751
-0.000000
0.907044
0.092956
0.000000
0.017780
0.982220
-0.000000
0.002286
0.997714
0.000000 -0.000000
0.020463 0.979537
0.000000 0.000000
0.000000 -0.000000 0.000000
0.313763 0.006307 0.000009
0.073369 0.317550 0.289002
0.000000 0.000000
0.653804 0.034643
0.009969 0.301585
-0.000000 0.000000 0.000000
0.087324 0.701314 0.211290
0.000000 0.000001 0.000071
-0.000000 0.000000
0.005840 0.000000
0.908749 0.085411
0.000000
0.019209
0.980791
0.000000
0.999659
0.000341
-0.000000 -0.000000
0.588194 0.410896
0.000002 0.000908
0.000000
0.000812
0.999188
0.000000 -0.000000
0.032676 0.000025
0.257059 0.710240
0.000000 -0.000000 -0.000000
0.002553 0.230706 0.766742
-0.000000 0.000000 0.000000
0.000000 0.000000
0.085079 0.000010
0.545433 0.369478
-0.000000
0.150945
0.849055
0.000000 0.000000
0.838241 0.008919
0.003348 0.149492
0.000000 -0.000000
0.592943 0.406344
0.000002 0.000710
-0.000000 -0.000000
0.009660 0.000000
0.827994 0.162345
-0.000000
0.999956
0.000044
0.000000
1.000000
0.000000
-0.000000 0.000000
0.000232 0.999768
0.000000 0.000000
-0.000000 -0.000000
0.875803 0.106899
0.000194 0.017104
0.000000
0.000411
0.999589
0.000000 0.000000
0.004258 0.000000
0.859173 0.136569
-0.000000
0.999926
0.000074
-0.000000 0.000000
0.773812 0.000735
0.000780 0.224673
-0.000000
1.000000
0.000000
-0.000000 -0.000000
0.068730 0.000045
0.622749 0.308477
-0.000000
0.964797
0.035203
0.000000
1.000000
0.000000
-0.000000 -0.000000
0.802623 0.194715
0.000007 0.002655
0.000000 0.000000 0.000000
0.614070 0.335724 0.006216
0.000012 0.002011 0.041967
-0.000000
0.999991
0.000009
0.000000
0.001390
0.998610
-0.000000
0.999886
0.000114
0.000000 0.000000
0.000448 0.000000
0.948489 0.051062
-0.000000 -0.000000 -0.000000
0.096106 0.837548 0.066318
0.000000 0.000000 0.000028
-0.000000
0.000475
0.999525
-0.000000 -0.000000
0.000073 0.999927
0.000000 0.000000
-0.000000
0.999035
0.000965
-0.000000 -0.000000
0.053998 0.000032
0.201471 0.744499
0.000000
1.000000
0.000000
-0.000000
1.000000
0.000000
-0.000000 -0.000000
0.034998 0.965002
0.000000 0.000000
0.000000
0.000001
0.999999
-0.000000
0.000027
0.999973
0.000000 -0.000000
0.782252 0.022580
0.002114 0.193054
-0.000000
0.013976
0.986024
0.000000 -0.000000 0.000000
0.412492 0.511192 0.044965
0.000054 0.002779 0.028519
0.000000
0.003118
0.996882
-0.000000 0.000000
0.099086 0.900913
0.000000 0.000000
-0.000000 0.000000
0.988717 0.005873
0.000004 0.005406
-0.000000 0.000000
0.015798 0.000079
0.467268 0.516854
0.000000
0.999204
0.000796
-0.000000
0.004866
0.995134
0.000000
0.000071
0.999929
-0.000000 0.000000
0.010230 0.000001
0.703727 0.286042
0.000000 0.000000
0.016868 0.000020
0.493262 0.489850
0.000000 0.000000
0.022815 0.000057
0.487078 0.490051
0.000000 -0.000000
0.864867 0.120301
0.000080 0.014751
0.000000
0.002432
0.997568
0.000000
0.000103
0.999897
0.000000 0.000000
0.777330 0.217312
0.000028 0.005331
0.000000 0.000000
0.211988 0.000167
0.138310 0.649535
-0.000000
1.000000
0.000000
-0.000000 -0.000000
0.001967 0.000000
0.839323 0.158710
-0.000000 -0.000000
0.022751 0.977249
0.000000 0.000000
-0.000000 -0.000000 0.000000 0.000000
0.033190 0.002522 0.000069 0.000001
0.280338 0.349455 0.227036 0.107388
0.000000
0.000840
0.999160
-0.000000 0.000000
0.014875 0.000003
0.544394 0.440729
-0.000000 -0.000000
0.350461 0.030635
0.025871 0.593033
-0.000000
0.000080
0.999920
-0.000000
0.000112
0.999888
-0.000000 -0.000000
0.055300 0.944700
0.000000 0.000000
-0.000000 -0.000000
0.014331 0.985669
0.000000 0.000000
0.000000 -0.000000
0.000148 0.000000
0.971620 0.028232
0.000000
1.000000
0.000000
-0.000000
0.000394
0.999606
0.000000 0.000000
0.587712 0.049104
0.004649 0.358535
0.000000 -0.000000
0.136555 0.000860
0.028500 0.834084
-0.000000
0.000023
0.999977
0.000000
0.012348
0.987652
-0.000000 -0.000000
0.736772 0.066785
0.006685 0.189758
-0.000000 -0.000000
0.000184 0.000000
0.984691 0.015125
-0.000000
0.000000
1.000000
-0.000000 0.000000
0.000585 0.000000
0.995488 0.003927
-0.000000
0.019049
0.980951
-0.000000 0.000000 -0.000000
0.007490 0.377875 0.614635
0.000000 0.000000 0.000000
0.000000
0.999981
0.000019
0.000000 0.000000
0.000988 0.000000
0.927995 0.071017
0.000000
0.999944
0.000056
-0.000000
0.000023
0.999977
-0.000000 0.000000
0.001715 0.000000
0.936829 0.061456
0.000000
0.000116
0.999884
-0.000000
0.357643
0.642357
-0.000000
0.000498
0.999502
0.000000 0.000000 -0.000000
0.086170 0.005717 0.000025
0.029609 0.293361 0.585117
0.000000
0.917015
0.082985
-0.000000
1.000000
0.000000
0.000000
1.000000
0.000000
-0.000000
0.000038
0.999962
-0.000000
0.000194
0.999806
-0.000000 0.000000
0.669087 0.089453
0.002467 0.238993
-0.000000 0.000000
0.005977 0.000000
0.774255 0.219768
0.000000
0.000682
0.999318
0.000000
0.000065
0.999935
-0.000000
1.000000
0.000000
0.000000 0.000000 -0.000000
0.000004 0.022056 0.977941
-0.000000 -0.000000 0.000000
-0.000000 0.000000
0.025674 0.000000
0.133380 0.840945
0.000000
0.998187
0.001813
0.000000 0.000000
0.002417 0.997583
-0.000000 -0.000000
0.000000
0.999311
0.000689
0.000000 0.000000
0.834674 0.093611
0.000284 0.071432
-0.000000
0.006090
0.993910
0.000000
1.000000
0.000000
-0.000000
0.999733
0.000267
-0.000000 0.000000
0.055513 0.000016
0.802307 0.142164
-0.000000 0.000000 0.000000
0.102570 0.006336 0.000015
0.008291 0.204233 0.678556
0.000000 -0.000000
0.217062 0.782937
0.000000 0.000001
0.000000 0.000000
0.641840 0.027896
0.002699 0.327565
-0.000000
0.000058
0.999942
-0.000000 -0.000000
0.726604 0.000165
0.002366 0.270864
0.000000 -0.000000
0.012991 0.000002
0.623520 0.363488
-0.000000 -0.000000
0.011337 0.000004
0.350232 0.638427
-0.000000
0.021957
0.978043
0.000000
0.996540
0.003460
0.000000
0.007883
0.992117
-0.000000 -0.000000
0.006487 0.000000
0.271168 0.722345
-0.000000
0.992717
0.007283
0.000000
0.999875
0.000125
-0.000000
0.007614
0.992386
0.000000 0.000000
0.023943 0.000014
0.279132 0.696911
0.000000 -0.000000
0.043461 0.000220
0.251330 0.704990
0.000000
0.009848
0.990152
0.000000
0.000062
0.999938
-0.000000
0.001117
0.998883
0.000000
1.000000
0.000000
-0.000000 0.000000
0.009128 0.000000
0.704744 0.286127
0.000000 -0.000000
0.022319 0.000044
0.331734 0.645903
0.000000 -0.000000
0.005104 0.000000
0.917081 0.077814
0.000000
0.001268
0.998732
0.000000
0.000002
0.999998
0.000000
0.008319
0.991681
-0.000000 0.000000 -0.000000
0.158209 0.013969 0.000058
0.008653 0.186638 0.632473
0.000000
0.970425
0.029575
0.000000
0.000151
0.999849
-0.000000
0.999490
0.000510
-0.000000
1.000000
0.000000
0.000000
0.000614
0.999386
0.000000
0.008578
0.991422
0.000000
0.999981
0.000019
-0.000000
0.066003
0.933997
-0.000000 0.000000
0.918359 0.035811
0.000469 0.045361
0.000000 -0.000000
0.051748 0.000002
0.788708 0.159542
0.000000
0.999687
0.000313
0.000000
0.001436
0.998564
-0.000000
0.999987
0.000013
0.000000
0.000510
0.999490
0.000000 0.000000
0.012981 0.000009
0.405624 0.581386
0.000000
0.000422
0.999578
-0.000000
0.000004
0.999996
-0.000000
0.660582
0.339418
0.000000 0.000000 0.000000
0.087637 0.001990 0.000002
0.054846 0.387862 0.467663
-0.000000
1.000000
0.000000
