1.000000
1.000000
1.000000
0.154034 0.845966
0.649084 0.350916
1.000000
0.928312 0.071688
0.293776 0.206891 0.499333
0.902785 0.093271 0.003945
0.256951 0.181575 0.561474
1.000000
0.903477 0.096523
1.000000
1.000000
0.583533 0.416467
0.000149 0.043981 0.541900 0.413970
0.430033 0.569967
1.000000
0.168569 0.831431
1.000000
1.000000
1.000000
1.000000
0.904137 0.095863
1.000000
1.000000
1.000000
0.995748 0.004252
0.859391 0.140609
0.384787 0.615213
0.503323 0.496677
1.000000
1.000000
1.000000
0.197240 0.802760
1.000000
1.000000
0.385727 0.191496 0.422777
1.000000
0.069948 0.683376 0.246676
1.000000
0.353788 0.646212
1.000000
0.008653 0.251957 0.739390
1.000000
0.664056 0.335944
1.000000
0.239604 0.760396
0.820864 0.179136
0.941607 0.057026 0.001367
1.000000
1.000000
1.000000
0.911347 0.088653
1.000000
1.000000
0.849361 0.143422 0.007217
0.001006 0.998994
0.532773 0.467227
0.453110 0.546890
1.000000
1.000000
1.000000
0.140530 0.338653 0.520817
1.000000
1.000000
1.000000
1.000000
0.179944 0.466376 0.251970 0.101709
0.957131 0.042869
0.888658 0.111342
0.825275 0.174725
1.000000
1.000000
0.465234 0.534766
1.000000
1.000000
1.000000
0.823134 0.176866
0.516245 0.483755
0.371843 0.628157
1.000000
0.632061 0.367939
1.000000
1.000000
1.000000
0.847915 0.152085
1.000000
0.281400 0.718600
0.878247 0.121753
0.301822 0.698178
1.000000
1.000000
1.000000
1.000000
1.000000
1.000000
1.000000
1.000000
0.069430 0.332728 0.597842
1.000000
0.967387 0.032613
0.913541 0.086459
0.670696 0.329304
1.000000
0.805215 0.194785
1.000000
0.551222 0.448778
0.584304 0.415696
1.000000
1.000000
1.000000
0.120673 0.879327
0.828118 0.171882
0.661931 0.338069
1.000000
1.000000
0.483948 0.516052
1.000000
1.000000
1.000000
0.917680 0.082320
0.467465 0.532535
0.271256 0.728744
1.000000
1.000000
0.083523 0.916477
0.806498 0.193502
1.000000
1.000000
1.000000
0.700447 0.259973 0.039580
0.878905 0.115672 0.005423
1.000000
1.000000
1.000000
1.000000
1.000000
1.000000
0.003528 0.996472
0.600339 0.164977 0.234684
1.000000
1.000000
0.961555 0.038445
0.239285 0.760715
1.000000
0.002633 0.171223 0.826144
0.977520 0.022480
1.000000
1.000000
1.000000
1.000000
0.483733 0.516267
1.000000
1.000000
0.587243 0.412757
1.000000
0.116969 0.883031
1.000000
1.000000
0.172886 0.827114
1.000000
0.497752 0.502248
1.000000
0.853845 0.146155
1.000000
1.000000
1.000000
1.000000
0.045965 0.954035
1.000000
1.000000
1.000000
0.961784 0.038216
0.668844 0.331156
1.000000
0.537921 0.462079
1.000000
0.022678 0.796156 0.181166
1.000000
1.000000
1.000000
1.000000
0.706300 0.293700
1.000000
0.401422 0.598578
0.973767 0.026233
0.321168 0.678832
0.103797 0.896203
1.000000
1.000000
0.675924 0.324076
0.913975 0.086025
1.000000
1.000000
1.000000
1.000000
1.000000
1.000000
0.847520 0.152480
1.000000
1.000000
0.269589 0.730411
0.131169 0.868831
0.159383 0.840617
0.001305 0.998695
0.388606 0.611394
1.000000
0.001129 0.998871
1.000000
0.874345 0.125655
0.097025 0.902975
1.000000
0.522787 0.427704 0.049509
0.383056 0.473286 0.143658
0.194607 0.805393
0.502282 0.497718
1.000000
0.367556 0.632444
0.092471 0.907529
1.000000
1.000000
0.276514 0.723486
1.000000
0.510358 0.489642
0.374500 0.625500
0.001556 0.998444
0.580234 0.419766
1.000000
1.000000
0.840964 0.159036
0.742233 0.257767
1.000000
0.000450 0.999550
0.961388 0.038612
1.000000
1.000000
0.534249 0.465751
0.123414 0.876586
1.000000
0.734822 0.265178
1.000000
1.000000
0.001945 0.118267 0.548011 0.331777
1.000000
0.499972 0.500028
1.000000
0.078912 0.921088
0.640954 0.359046
0.000897 0.999103
0.028612 0.971388
0.600784 0.399216
1.000000
0.709822 0.290178
1.000000
0.527146 0.346137 0.109082 0.017635
1.000000
0.864132 0.135868
1.000000
1.000000
0.104783 0.895217
1.000000
0.952224 0.047776
0.594463 0.405537
1.000000
0.825955 0.174045
1.000000
1.000000
1.000000
1.000000
1.000000
1.000000
0.214552 0.785448
1.000000
0.999104 0.000896
0.757545 0.242455
0.391254 0.575293 0.033453
1.000000
0.151742 0.447338 0.400921
0.590723 0.409277
1.000000
1.000000
0.609036 0.390964
0.243684 0.756316
1.000000
0.321624 0.678376
0.966176 0.033824
1.000000
1.000000
1.000000
1.000000
1.000000
1.000000
1.000000
0.218645 0.781355
0.351889 0.648111
1.000000
0.403214 0.596786
1.000000
0.000047 0.999953
1.000000
1.000000
1.000000
1.000000
0.167452 0.832548
1.000000
0.059461 0.940539
1.000000
1.000000
1.000000
1.000000
0.800643 0.199357
1.000000
0.794259 0.205741
0.874316 0.125684
1.000000
1.000000
0.095918 0.904082
0.892239 0.107761
0.369104 0.630896
0.479777 0.198538 0.321685
0.477569 0.522431
1.000000
0.169914 0.830086
0.179835 0.820165
1.000000
0.981246 0.018754
0.807676 0.192324
0.375472 0.264046 0.208243 0.110868 0.041372
1.000000
0.030387 0.969613
1.000000
1.000000
1.000000
0.917366 0.082634
1.000000
0.798292 0.201708
0.458305 0.541695
1.000000
1.000000
1.000000
0.985715 0.014285
1.000000
0.545744 0.454256
0.399946 0.493693 0.106361
0.376679 0.623321
1.000000
0.219596 0.780404
1.000000
1.000000
1.000000
0.812129 0.187871
1.000000
0.581001 0.418999
0.926524 0.073476
1.000000
1.000000
1.000000
1.000000
1.000000
1.000000
0.381294 0.424878 0.193828
1.000000
1.000000
0.427582 0.572418
0.465186 0.534814
1.000000
1.000000
1.000000
1.000000
1.000000
1.000000
0.855711 0.144289
1.000000
1.000000
1.000000
0.684582 0.271273 0.044145
0.085180 0.718363 0.196457
1.000000
1.000000
1.000000
0.652633 0.347367
1.000000
0.869561 0.130439
1.000000
1.000000
1.000000
1.000000
1.000000
0.151088 0.848912
0.768328 0.231672
1.000000
0.908650 0.091350
0.073183 0.926817
1.000000
0.593485 0.406515
0.952085 0.047915
0.841198 0.158802
1.000000
1.000000
1.000000
1.000000
1.000000
0.265781 0.734219
1.000000
0.070150 0.929850
0.859844 0.140156
0.271775 0.728225
1.000000
0.242708 0.757292
0.270301 0.729699
0.368924 0.631076
1.000000
0.412965 0.587035
1.000000
0.812508 0.187492
0.510872 0.489128
1.000000
0.005131 0.994869
0.070644 0.929356
1.000000
1.000000
1.000000
0.105176 0.894824
1.000000
1.000000
1.000000
1.000000
0.664021 0.335979
1.000000
0.003695 0.996305
0.063202 0.936798
1.000000
0.365432 0.634568
0.946655 0.053345
0.301021 0.698979
1.000000
0.607956 0.392044
0.414372 0.585628
0.767429 0.232571
0.859003 0.140997
1.000000
1.000000
1.000000
1.000000
0.106558 0.893442
1.000000
1.000000
1.000000
0.816766 0.183234
0.410178 0.589822
0.833562 0.148846 0.016216 0.001377
0.565763 0.434237
1.000000
0.470119 0.529881
0.482321 0.517679
1.000000
1.000000
1.000000
0.961475 0.038525
0.862998 0.137002
0.435365 0.564635
0.911127 0.088873
1.000000
1.000000
1.000000
1.000000
1.000000
1.000000
0.522191 0.477809
0.313643 0.686357
1.000000
1.000000
0.546640 0.453360
1.000000
1.000000
0.457309 0.542691
1.000000
0.199102 0.800898
1.000000
0.881504 0.118496
0.638618 0.305190 0.056192
1.000000
1.000000
1.000000
0.686886 0.313114
0.001113 0.998887
0.210369 0.789631
0.508996 0.491004
1.000000
1.000000
1.000000
1.000000
0.797503 0.202497
0.284449 0.715551
0.264763 0.503454 0.231783
0.062245 0.937755
0.003940 0.996060
1.000000
0.144291 0.067062 0.165155 0.623492
0.159787 0.840213
1.000000
0.343080 0.656920
0.267072 0.732928
1.000000
0.463360 0.536640
0.871415 0.128585
0.666409 0.333591
1.000000
0.544753 0.455247
0.127172 0.872828
1.000000
0.391278 0.608722
1.000000
1.000000
0.077927 0.922073
0.115823 0.884177
1.000000
0.814213 0.177971 0.007815
1.000000
1.000000
1.000000
1.000000
0.018265 0.510721 0.471013
1.000000
0.396502 0.603498
1.000000
0.998490 0.001510
1.000000
0.993575 0.006425
1.000000
1.000000
1.000000
0.414932 0.585068
1.000000
0.714882 0.285118
1.000000
1.000000
0.908571 0.091429
1.000000
0.898617 0.101383
0.234496 0.765504
1.000000
1.000000
0.271480 0.728520
1.000000
1.000000
1.000000
1.000000
1.000000
1.000000
1.000000
1.000000
0.004522 0.995478
1.000000
0.978109 0.021891
1.000000
1.000000
1.000000
1.000000
1.000000
1.000000
0.259023 0.128078 0.612899
1.000000
1.000000
0.139872 0.510318 0.349811
0.183119 0.816881
0.417775 0.582225
0.387885 0.612115
0.703319 0.296681
0.916468 0.083532
1.000000
1.000000
1.000000
1.000000
1.000000
0.634107 0.365893
1.000000
1.000000
1.000000
1.000000
1.000000
1.000000
1.000000
0.599934 0.400066
1.000000
0.706384 0.293616
1.000000
1.000000
1.000000
1.000000
0.001383 0.998617
0.523551 0.476449
1.000000
0.198938 0.801062
1.000000
1.000000
1.000000
1.000000
0.937886 0.062114
1.000000
0.492410 0.507590
1.000000
1.000000
0.984321 0.015679
1.000000
1.000000
0.221862 0.676035 0.102102
0.833927 0.166073
0.106459 0.893541
0.853255 0.146745
1.000000
1.000000
0.753143 0.212962 0.033895
0.150327 0.849673
0.623816 0.376184
0.167526 0.832474
1.000000
0.001595 0.998405
1.000000
1.000000
1.000000
1.000000
0.045310 0.789995 0.164695
0.589336 0.410664
0.155798 0.429758 0.414444
1.000000
0.461833 0.538167
1.000000
1.000000
1.000000
0.418038 0.581962
1.000000
0.949102 0.050898
0.606225 0.393775
1.000000
1.000000
0.311216 0.497357 0.191427
0.821789 0.178211
0.447522 0.552478
1.000000
0.836817 0.163183
1.000000
1.000000
0.300329 0.699671
1.000000
1.000000
1.000000
0.748078 0.251922
0.501764 0.445439 0.052797
0.010498 0.989502
1.000000
1.000000
0.657664 0.342336
0.974283 0.025717
1.000000
1.000000
1.000000
1.000000
1.000000
1.000000
0.200240 0.799760
0.846272 0.153728
0.000564 0.999436
1.000000
0.372476 0.627524
0.836501 0.163499
1.000000
0.511943 0.488057
1.000000
1.000000
0.238144 0.761856
1.000000
1.000000
1.000000
0.182083 0.817917
1.000000
1.000000
0.153080 0.730533 0.116387
0.620166 0.379834
1.000000
1.000000
1.000000
0.340838 0.659162
1.000000
0.001057 0.109669 0.889274
1.000000
0.879532 0.120468
1.000000
1.000000
1.000000
1.000000
1.000000
1.000000
0.906307 0.093693
0.000002 0.017118 0.982880
0.002072 0.997928
0.821040 0.178960
1.000000
1.000000
1.000000
1.000000
0.733826 0.266174
0.039154 0.960846
0.839876 0.160124
0.796471 0.203529
0.128012 0.871988
0.416929 0.583071
1.000000
0.781650 0.218350
0.279887 0.720113
0.432778 0.567222
0.478329 0.521671
1.000000
1.000000
0.015971 0.984029
1.000000
1.000000
1.000000
1.000000
1.000000
1.000000
0.607600 0.392400
1.000000
1.000000
1.000000
1.000000
0.929687 0.070313
0.700237 0.299763
0.397450 0.602550
0.892652 0.107348
0.440788 0.559212
1.000000
1.000000
0.172352 0.827648
0.670220 0.329780
1.000000
1.000000
0.566423 0.433577
1.000000
1.000000
1.000000
0.179255 0.820745
1.000000
0.181206 0.818794
0.832614 0.167386
1.000000
1.000000
0.156889 0.453634 0.389477
1.000000
1.000000
0.000630 0.999370
0.241123 0.758877
1.000000
0.427041 0.572959
0.566318 0.433682
1.000000
0.269697 0.730303
0.830509 0.169491
1.000000
1.000000
1.000000
1.000000
1.000000
0.450964 0.549036
0.963481 0.036519
0.089021 0.910979
0.969031 0.030969
1.000000
0.689948 0.310052
1.000000
1.000000
1.000000
0.673295 0.326705
1.000000
0.725127 0.274873
1.000000
0.384394 0.615606
0.575525 0.424475
0.701464 0.298536
1.000000
0.976241 0.023759
1.000000
1.000000
0.000011 0.999989
1.000000
0.738187 0.261813
1.000000
1.000000
0.222042 0.777958
0.759187 0.240813
1.000000
1.000000
0.076864 0.923136
1.000000
0.036691 0.963309
1.000000
1.000000
0.630382 0.369618
0.194270 0.805730
0.991686 0.008314
0.488349 0.511651
0.000681 0.999319
1.000000
0.231656 0.768344
1.000000
1.000000
0.155523 0.844477
0.786460 0.213540
0.311181 0.688819
0.471332 0.528668
0.620476 0.379524
1.000000
1.000000
1.000000
0.112055 0.887945
1.000000
1.000000
0.163804 0.836196
1.000000
0.160481 0.839519
1.000000
0.945147 0.054853
0.880245 0.119755
1.000000
1.000000
0.396021 0.603979
0.971824 0.028176
0.729036 0.270964
0.065432 0.934568
1.000000
1.000000
0.281991 0.718009
0.619005 0.380995
0.931184 0.068816
1.000000
0.518779 0.481221
1.000000
0.471943 0.528057
0.204247 0.795753
1.000000
1.000000
1.000000
0.240911 0.759089
1.000000
0.706855 0.293145
1.000000
0.004146 0.289720 0.706134
1.000000
1.000000
1.000000
1.000000
0.554617 0.445383
1.000000
1.000000
1.000000
1.000000
0.994257 0.005743
0.836777 0.163223
1.000000
1.000000
1.000000
1.000000
1.000000
0.844270 0.155730
0.660830 0.339170
1.000000
0.893875 0.106125
0.954907 0.045093
1.000000
0.245957 0.342721 0.411321
0.511894 0.488106
1.000000
0.816338 0.183662
0.773819 0.226181
1.000000
0.533865 0.466135
0.912059 0.087941
0.903443 0.096557
0.986099 0.013901
1.000000
0.003101 0.996899
1.000000
0.220107 0.779893
1.000000
1.000000
1.000000
1.000000
0.292805 0.707195
0.456203 0.543797
1.000000
0.552763 0.447237
1.000000
1.000000
0.197339 0.802661
1.000000
0.881885 0.118115
0.417589 0.582411
1.000000
1.000000
0.462007 0.176881 0.361111
1.000000
1.000000
0.975345 0.024655
1.000000
1.000000
0.933707 0.066293
0.127952 0.872048
0.857055 0.142945
0.867668 0.132332
0.536903 0.463097
0.168394 0.831606
0.270076 0.467121 0.262803
1.000000
0.010844 0.989156
1.000000
1.000000
0.128305 0.176281 0.695414
1.000000
1.000000
0.996472 0.003528
1.000000
1.000000
0.606443 0.393557
1.000000
0.502362 0.497638
0.803090 0.196910
1.000000
1.000000
0.508088 0.491912
1.000000
1.000000
0.217322 0.472279 0.310399
0.699635 0.300365
1.000000
1.000000
1.000000
0.313317 0.686683
0.060990 0.939010
0.132071 0.480052 0.387877
0.986193 0.013807
0.090855 0.220815 0.688330
1.000000
0.358586 0.641414
0.391226 0.608774
0.749618 0.250382
0.304221 0.695779
0.715523 0.284477
1.000000
0.488973 0.511027
0.275556 0.724444
1.000000
0.196708 0.803292
1.000000
0.327348 0.672652
0.329226 0.517698 0.153075
1.000000
1.000000
1.000000
1.000000
1.000000
1.000000
0.154929 0.845071
1.000000
1.000000
1.000000
0.179695 0.820305
0.982082 0.017918
1.000000
0.365589 0.634411
1.000000
1.000000
0.179271 0.820729
0.046350 0.808059 0.145592
1.000000
0.452189 0.313076 0.234735
1.000000
1.000000
1.000000
0.491824 0.508176
1.000000
1.000000
0.849056 0.150944
1.000000
1.000000
1.000000
0.884923 0.115077
0.288855 0.711145
1.000000
1.000000
0.935725 0.064275
0.988316 0.011684
1.000000
0.190680 0.809320
0.584885 0.415115
0.930988 0.069012
0.153697 0.846303
1.000000
1.000000
0.273738 0.726262
0.778585 0.221415
0.457490 0.542510
0.086550 0.161343 0.344361 0.407747
0.331270 0.668730
1.000000
1.000000
1.000000
1.000000
0.457222 0.542778
1.000000
1.000000
1.000000
1.000000
0.993646 0.006354
0.334138 0.665862
0.506305 0.493695
0.995187 0.004813
0.015014 0.984986
1.000000
0.187675 0.812325
1.000000
1.000000
1.000000
1.000000
1.000000
1.000000
1.000000
1.000000
0.863412 0.136588
1.000000
0.495056 0.504944
0.198566 0.801434
1.000000
1.000000
0.856240 0.143760
0.365662 0.634338
0.166108 0.555851 0.278041
0.126967 0.873033
0.784987 0.215013
1.000000
1.000000
0.169271 0.385320 0.445410
0.240955 0.759045
1.000000
0.977267 0.022733
1.000000
0.750044 0.249956
1.000000
1.000000
1.000000
1.000000
0.564178 0.435822
1.000000
0.814882 0.185118
1.000000
0.686421 0.313579
1.000000
0.000001 0.000696 0.063166 0.936137
1.000000
0.083016 0.916984
1.000000
1.000000
0.889249 0.107877 0.002874
1.000000
1.000000
1.000000
0.983029 0.016971
0.749362 0.250638
1.000000
0.328245 0.671755
0.122496 0.532598 0.344905
1.000000
1.000000
1.000000
1.000000
0.528664 0.366692 0.104644
1.000000
1.000000
1.000000
1.000000
1.000000
1.000000
1.000000
0.826248 0.173752
0.603568 0.396432
0.418900 0.581100
0.251231 0.748769
0.048963 0.951037
0.365205 0.634795
0.998480 0.001520
0.597469 0.402531
1.000000
0.077151 0.922849
1.000000
0.021916 0.978084
1.000000
1.000000
0.057354 0.942646
0.662810 0.309920 0.027269
1.000000
1.000000
1.000000
0.332433 0.667567
0.004651 0.995349
1.000000
1.000000
0.057133 0.942867
1.000000
1.000000
1.000000
1.000000
0.000158 0.999842
1.000000
0.316861 0.224397 0.458743
0.952123 0.047877
1.000000
1.000000
1.000000
1.000000
1.000000
0.209854 0.546034 0.244112
1.000000
1.000000
1.000000
0.257691 0.742309
0.010500 0.989500
1.000000
1.000000
0.265553 0.734447
1.000000
0.932950 0.067050
0.915376 0.084624
1.000000
0.021587 0.978413
1.000000
1.000000
0.979236 0.020764
0.855835 0.144165
0.353661 0.646339
0.179059 0.820941
1.000000
1.000000
0.996436 0.003564
1.000000
1.000000
0.052433 0.947567
1.000000
1.000000
0.441996 0.558004
1.000000
1.000000
1.000000
0.735341 0.264659
1.000000
0.774108 0.225892
1.000000
0.918682 0.081318
0.927806 0.072194
0.036583 0.963417
0.870763 0.129237
1.000000
0.020316 0.519797 0.459887
1.000000
1.000000
1.000000
0.129240 0.870760
1.000000
0.203605 0.796395
0.975645 0.024355
0.009327 0.990673
1.000000
1.000000
0.995188 0.004812
1.000000
0.273446 0.726554
1.000000
1.000000
0.981528 0.018472
0.420197 0.579803
0.532442 0.467558
1.000000
0.414858 0.585142
1.000000
0.000012 0.004585 0.157912 0.837492
1.000000
1.000000
0.993730 0.006270
0.000594 0.999406
0.196061 0.803939
0.000006 0.019743 0.980250
1.000000
1.000000
0.310251 0.689749
1.000000
1.000000
0.511037 0.488963
1.000000
0.284408 0.655488 0.060104
1.000000
0.027949 0.972051
0.491060 0.414430 0.094510
0.006146 0.993854
1.000000
1.000000
0.821647 0.178353
0.138233 0.136137 0.096222 0.629407
0.221692 0.778308
0.576501 0.423499
1.000000
0.657268 0.342732
0.942865 0.057135
1.000000
1.000000
1.000000
0.424115 0.575885
1.000000
1.000000
1.000000
0.795354 0.204646
1.000000
0.001527 0.194270 0.804203
1.000000
1.000000
1.000000
1.000000
1.000000
0.194426 0.718064 0.087510
0.140688 0.859312
1.000000
1.000000
1.000000
0.729025 0.270975
1.000000
0.987450 0.012550
0.000002 0.999998
0.257489 0.742511
0.307911 0.692089
1.000000
0.438153 0.467246 0.094601
1.000000
1.000000
1.000000
0.665642 0.334358
1.000000
1.000000
1.000000
0.432710 0.567290
1.000000
0.107066 0.892934
0.002393 0.997607
1.000000
0.468136 0.153541 0.378324
1.000000
0.705381 0.294619
0.563581 0.436419
0.239544 0.760456
1.000000
0.811632 0.188368
1.000000
1.000000
1.000000
1.000000
1.000000
0.018492 0.516021 0.465487
0.321846 0.678154
1.000000
0.870280 0.129720
1.000000
0.224834 0.775166
0.967200 0.032800
1.000000
1.000000
1.000000
1.000000
1.000000
0.969707 0.030293
1.000000
1.000000
0.808820 0.191180
1.000000
1.000000
0.995602 0.004398
1.000000
0.516617 0.483383
1.000000
0.510248 0.489752
0.940574 0.059426
1.000000
1.000000
1.000000
1.000000
1.000000
1.000000
1.000000
0.338791 0.661209
0.300911 0.699089
0.959247 0.040753
1.000000
0.121710 0.878290
1.000000
1.000000
1.000000
0.914994 0.085006
0.452789 0.547211
1.000000
1.000000
1.000000
0.656930 0.311246 0.031824
1.000000
1.000000
0.883550 0.116450
0.305601 0.694399
0.026670 0.973330
1.000000
0.923531 0.076469
1.000000
1.000000
1.000000
0.778305 0.221695
0.126768 0.873232
0.984892 0.015108
1.000000
0.608243 0.391757
0.320024 0.679976
1.000000
0.386984 0.613016
1.000000
1.000000
0.307054 0.692946
1.000000
0.983574 0.016426
0.687841 0.312159
1.000000
0.641555 0.358445
0.070323 0.929677
0.493100 0.506900
0.311904 0.688096
1.000000
0.327203 0.555959 0.116838
1.000000
0.102597 0.897403
0.186670 0.718106 0.095225
1.000000
0.655178 0.344822
0.256865 0.743135
1.000000
1.000000
0.664295 0.292290 0.043415
0.927178 0.072822
0.771371 0.228629
0.870280 0.124406 0.005314
1.000000
0.228253 0.537635 0.234112
1.000000
0.970408 0.029592
1.000000
1.000000
1.000000
1.000000
1.000000
0.483969 0.516031
1.000000
0.923491 0.076509
0.981263 0.018737
1.000000
1.000000
0.634772 0.365228
0.887827 0.112173
0.242285 0.757715
1.000000
0.002450 0.997550
0.738085 0.261915
0.003763 0.996237
0.972192 0.027808
0.080233 0.294287 0.625480
1.000000
1.000000
0.616609 0.383391
1.000000
0.447033 0.552967
1.000000
0.837053 0.162947
0.201649 0.798351
1.000000
0.123829 0.876171
1.000000
0.181264 0.818736
1.000000
0.478894 0.521106
1.000000
0.748000 0.252000
0.671488 0.328512
1.000000
1.000000
1.000000
0.267663 0.732337
1.000000
1.000000
1.000000
0.232404 0.767596
1.000000
1.000000
0.123616 0.876384
0.408867 0.591133
1.000000
1.000000
0.916043 0.083957
1.000000
1.000000
1.000000
1.000000
1.000000
1.000000
0.592747 0.407253
0.005004 0.994996
1.000000
0.774609 0.225391
1.000000
0.455727 0.544273
1.000000
1.000000
1.000000
0.431085 0.568915
1.000000
1.000000
0.000888 0.999112
0.801627 0.198373
1.000000
1.000000
1.000000
1.000000
1.000000
0.098261 0.901739
0.907887 0.092113
1.000000
1.000000
0.996820 0.003180
1.000000
1.000000
1.000000
0.996647 0.003353
0.136594 0.863406
1.000000
1.000000
0.904770 0.095230
0.631835 0.368165
1.000000
1.000000
1.000000
1.000000
0.298488 0.701512
0.150259 0.849741
0.500074 0.499926
0.874301 0.125699
1.000000
0.781196 0.218804
1.000000
1.000000
1.000000
0.388480 0.611520
0.254976 0.745024
0.549544 0.450456
1.000000
0.277434 0.722566
1.000000
0.440930 0.559070
1.000000
1.000000
1.000000
0.291709 0.708291
1.000000
0.033293 0.966707
1.000000
1.000000
0.088283 0.911717
1.000000
0.023594 0.343616 0.632790
1.000000
1.000000
0.632319 0.367681
1.000000
1.000000
1.000000
0.006726 0.993274
1.000000
1.000000
0.754491 0.245509
1.000000
0.599385 0.400615
1.000000
0.112565 0.133123 0.351200 0.403112
0.247056 0.752944
0.853418 0.146582
1.000000
0.189659 0.209922 0.600419
0.169818 0.416436 0.413746
0.762658 0.237342
1.000000
1.000000
0.317489 0.682511
0.617762 0.323114 0.059124
0.589064 0.410936
1.000000
0.083474 0.916526
1.000000
0.541455 0.458545
0.426170 0.573830
1.000000
1.000000
1.000000
0.719202 0.280798
1.000000
0.003811 0.996189
0.105495 0.894505
1.000000
1.000000
0.333796 0.666204
1.000000
1.000000
0.133703 0.407375 0.458922
0.320760 0.679240
0.956078 0.043484 0.000439
0.656771 0.343229
0.261553 0.738447
1.000000
0.105218 0.894782
0.821279 0.178721
1.000000
0.076803 0.923197
0.185517 0.814483
1.000000
1.000000
1.000000
1.000000
0.245750 0.754250
0.244501 0.602328 0.153171
0.042164 0.957836
1.000000
0.773723 0.226277
1.000000
1.000000
1.000000
0.296868 0.703132
1.000000
1.000000
1.000000
0.226337 0.626534 0.147129
1.000000
0.781932 0.218068
0.615917 0.384083
0.144944 0.335074 0.519982
0.991923 0.008077
1.000000
0.131414 0.868586
1.000000
0.116153 0.883847
0.844182 0.147280 0.008537
1.000000
0.666344 0.333656
1.000000
0.373322 0.626678
1.000000
0.982434 0.017566
0.944771 0.055229
0.691103 0.308897
0.001006 0.337949 0.661046
0.608256 0.391744
1.000000
1.000000
1.000000
1.000000
0.463085 0.429011 0.107904
1.000000
1.000000
1.000000
0.893377 0.106623
1.000000
0.936806 0.061361 0.001833
0.116913 0.883087
1.000000
1.000000
0.022724 0.977276
1.000000
0.996221 0.003779
0.692691 0.307309
1.000000
0.532892 0.173991 0.293116
1.000000
0.896657 0.103343
1.000000
0.152401 0.847599
1.000000
0.119384 0.880616
0.168555 0.831445
0.622155 0.377845
0.820944 0.179056
1.000000
1.000000
0.288824 0.711176
0.926366 0.073634
1.000000
0.955148 0.044852
1.000000
1.000000
0.804511 0.195489
0.743317 0.256683
1.000000
0.913723 0.086277
0.300605 0.699395
0.193964 0.806036
0.249306 0.750694
0.507537 0.492463
0.635964 0.364036
0.857766 0.142234
0.543508 0.456492
1.000000
1.000000
0.492308 0.507692
1.000000
1.000000
1.000000
0.569870 0.430130
0.300093 0.473345 0.226562
1.000000
1.000000
1.000000
0.979725 0.020275
1.000000
1.000000
0.002644 0.997356
0.135922 0.864078
0.478727 0.421030 0.100243
0.845638 0.154362
1.000000
0.494179 0.505821
1.000000
1.000000
0.723044 0.276956
1.000000
1.000000
1.000000
0.253642 0.543474 0.202883
0.478921 0.521079
1.000000
1.000000
1.000000
0.385779 0.276959 0.081345 0.255916
1.000000
1.000000
0.754918 0.245082
1.000000
1.000000
0.320144 0.679856
1.000000
1.000000
1.000000
1.000000
0.565127 0.434873
1.000000
1.000000
1.000000
1.000000
0.455479 0.544521
0.139320 0.453758 0.406922
1.000000
1.000000
0.706230 0.293770
0.005273 0.994727
1.000000
0.109467 0.209899 0.680634
1.000000
0.427814 0.572186
1.000000
1.000000
1.000000
1.000000
0.479916 0.156213 0.363871
1.000000
0.928656 0.071344
1.000000
1.000000
0.272807 0.727193
1.000000
0.966901 0.033099
1.000000
1.000000
0.723065 0.276935
0.679091 0.320909
1.000000
1.000000
1.000000
1.000000
0.693517 0.098989 0.207493
1.000000
0.694847 0.305153
1.000000
1.000000
1.000000
0.326440 0.673560
1.000000
1.000000
0.603541 0.327256 0.062503 0.006700
1.000000
1.000000
0.285258 0.714742
1.000000
0.251786 0.748214
1.000000
1.000000
0.867969 0.132031
1.000000
0.267969 0.732031
1.000000
0.597703 0.402297
0.364859 0.635141
1.000000
1.000000
1.000000
0.000079 0.034602 0.965319
0.813416 0.186584
0.001303 0.998697
1.000000
1.000000
0.527320 0.472680
0.118217 0.881783
0.787068 0.212932
1.000000
0.667582 0.332418
1.000000
0.214164 0.785836
0.912096 0.087904
1.000000
0.009157 0.990843
1.000000
1.000000
1.000000
0.130804 0.869196
0.841798 0.152325 0.005876
1.000000
1.000000
0.748073 0.251927
0.655122 0.344878
1.000000
1.000000
0.476568 0.523432
1.000000
1.000000
0.185663 0.814337
0.847606 0.152394
1.000000
1.000000
1.000000
1.000000
0.215693 0.784307
1.000000
0.817055 0.167283 0.015662
1.000000
1.000000
0.481932 0.518068
1.000000
1.000000
1.000000
1.000000
0.837873 0.162127
1.000000
1.000000
0.434802 0.565198
1.000000
0.812606 0.187394
0.573866 0.426134
1.000000
1.000000
1.000000
1.000000
0.099679 0.900321
0.359793 0.640207
1.000000
1.000000
0.711790 0.288210
1.000000
0.719313 0.280687
0.000068 0.999932
0.954367 0.045633
1.000000
0.844474 0.155526
1.000000
1.000000
0.063558 0.936442
1.000000
0.155070 0.276978 0.567952
1.000000
1.000000
0.605983 0.394017
1.000000
1.000000
0.152621 0.847379
0.000195 0.999805
0.401664 0.598336
0.899734 0.100266
1.000000
0.444098 0.555902
0.459647 0.540353
0.303253 0.696747
0.015460 0.984540
1.000000
1.000000
0.936536 0.063464
0.111514 0.331941 0.556545
0.273089 0.726911
1.000000
1.000000
0.683923 0.316077
0.174638 0.825362
0.402370 0.597630
1.000000
0.150791 0.849209
1.000000
1.000000
1.000000
1.000000
0.308998 0.625736 0.065266
0.301824 0.698176
1.000000
0.979878 0.020122
0.505682 0.494318
0.404578 0.595422
0.748391 0.251609
1.000000
1.000000
0.461482 0.538518
0.753174 0.246826
0.568124 0.431876
1.000000
1.000000
0.989117 0.010883
1.000000
1.000000
1.000000
0.020444 0.979556
0.387662 0.323593 0.288745
0.662363 0.337637
0.087340 0.701619 0.211041
0.913550 0.086450
1.000000
1.000000
0.588548 0.411452
1.000000
0.290944 0.709056
0.002549 0.230791 0.766660
0.630025 0.369975
1.000000
0.840627 0.159373
0.593302 0.406698
0.836308 0.163692
1.000000
1.000000
0.000231 0.999769
0.875957 0.124043
1.000000
0.862407 0.137593
1.000000
0.771904 0.228096
1.000000
0.690449 0.309551
1.000000
1.000000
0.802908 0.197092
0.613912 0.337222 0.048866
1.000000
1.000000
1.000000
0.948125 0.051875
0.096132 0.837732 0.066136
1.000000
0.000073 0.999927
1.000000
0.256929 0.743071
1.000000
1.000000
0.034976 0.965024
1.000000
1.000000
0.782149 0.217851
1.000000
0.412605 0.513716 0.073679
1.000000
0.099057 0.900943
0.988564 0.011436
0.483165 0.516835
1.000000
1.000000
1.000000
0.713023 0.286977
0.510178 0.489822
0.509825 0.490175
0.864879 0.135121
1.000000
1.000000
0.777590 0.222410
0.351535 0.648465
1.000000
0.839895 0.160105
0.022729 0.977271
0.313369 0.351761 0.227236 0.107634
1.000000
0.559049 0.440951
0.374950 0.625050
1.000000
1.000000
0.055281 0.944719
0.014314 0.985686
0.971209 0.028791
1.000000
1.000000
0.588966 0.411034
0.165057 0.834943
1.000000
1.000000
0.742316 0.257684
0.984506 0.015494
1.000000
0.995945 0.004055
1.000000
0.007484 0.378104 0.614412
1.000000
0.928027 0.071973
1.000000
1.000000
0.938178 0.061822
1.000000
1.000000
1.000000
0.116126 0.299728 0.584146
1.000000
1.000000
1.000000
1.000000
1.000000
0.668518 0.331482
0.779064 0.220936
1.000000
1.000000
1.000000
0.000004 0.022047 0.977949
0.160492 0.839508
1.000000
0.002413 0.997587
1.000000
0.833336 0.166664
1.000000
1.000000
1.000000
0.857279 0.142721
0.110972 0.211927 0.677101
0.217173 0.782827
0.640496 0.359504
1.000000
0.727507 0.272493
0.635875 0.364125
0.362503 0.637497
1.000000
1.000000
1.000000
0.279200 0.720800
1.000000
1.000000
1.000000
0.304259 0.695741
0.295573 0.704427
1.000000
1.000000
1.000000
1.000000
0.712725 0.287275
0.354744 0.645256
0.921596 0.078404
1.000000
1.000000
1.000000
0.166893 0.201713 0.631394
1.000000
1.000000
1.000000
1.000000
1.000000
1.000000
1.000000
1.000000
0.918256 0.081744
0.839216 0.160784
1.000000
1.000000
1.000000
1.000000
0.419108 0.580892
1.000000
1.000000
1.000000
0.143152 0.389925 0.466924
1.000000
