0.999831 0.000000 0.000169 0.000000
0.000469 0.000000 0.999531 -0.000000
0.001352 0.000000 0.998648 -0.000000
0.054620 -0.000000 0.945380 -0.000000
0.641930 0.000000 0.358070 0.000000
0.999995 -0.000000 0.000005 0.000000
0.025277 -0.000000 0.974723 -0.000000
0.328235 0.000000 0.671765 -0.000000
0.041507 -0.000000 0.958493 -0.000000
0.345749 -0.000000 0.654251 0.000000
1.000000 -0.000000 0.000000 -0.000000
0.003795 -0.000000 0.996205 -0.000000
0.999999 -0.000000 0.000001 -0.000000
0.999983 0.000000 0.000017 0.000000
0.006945 -0.000000 0.993055 -0.000000
1.000000 -0.000000 0.000000 -0.000000
0.019232 -0.000000 0.980768 -0.000000
0.000013 -0.000000 0.999987 0.000000
0.122381 -0.000000 0.877619 0.000000
1.000000 0.000000 0.000000 -0.000000
0.000014 0.000000 0.999986 0.000000
0.999965 -0.000000 0.000035 -0.000000
0.014960 -0.000000 0.985040 0.000000
0.003407 -0.000000 0.996593 -0.000000
0.991963 -0.000000 0.008037 0.000000
0.002633 -0.000000 0.997367 0.000000
0.999956 -0.000000 0.000044 -0.000000
0.000494 0.000000 0.999506 0.000000
0.002829 -0.000000 0.997171 0.000000
0.304781 0.000000 0.695219 0.000000
0.982696 -0.000000 0.017304 -0.000000
0.020161 -0.000000 0.979839 -0.000000
0.008179 0.000000 0.991821 0.000000
0.000000 -0.000000 1.000000 0.000000
0.172365 0.000000 0.827635 -0.000000
0.004879 -0.000000 0.995121 -0.000000
0.002720 0.000000 0.997280 0.000000
0.394356 0.000000 0.605644 0.000000
0.999589 -0.000000 0.000411 0.000000
0.999860 -0.000000 0.000140 0.000000
1.000000 0.000000 0.000000 0.000000
0.104582 -0.000000 0.895418 0.000000
0.999818 0.000000 0.000182 -0.000000
0.999999 0.000000 0.000001 0.000000
0.999999 -0.000000 0.000001 0.000000
0.658519 0.000000 0.341481 0.000000
1.000000 -0.000000 0.000000 -0.000000
0.064211 0.000000 0.935789 -0.000000
0.002080 -0.000000 0.997920 -0.000000
0.003060 0.000000 0.996940 0.000000
0.003635 -0.000000 0.996365 -0.000000
1.000000 0.000000 0.000000 -0.000000
0.958672 0.000000 0.041328 0.000000
0.979673 0.000000 0.020327 -0.000000
1.000000 -0.000000 0.000000 0.000000
0.988448 0.000000 0.011552 0.000000
0.013634 -0.000000 0.986366 -0.000000
1.000000 -0.000000 -0.000000 -0.000000
0.006977 -0.000000 0.993023 0.000000
0.454165 -0.000000 0.545835 0.000000
0.999997 -0.000000 0.000003 0.000000
0.991141 -0.000000 0.008859 0.000000
0.000909 0.000000 0.999091 0.000000
0.103120 -0.000000 0.896880 0.000000
1.000000 -0.000000 0.000000 0.000000
1.000000 -0.000000 0.000000 0.000000
0.095576 -0.000000 0.904424 -0.000000
0.972174 0.000000 0.027826 0.000000
0.917491 0.000000 0.082509 0.000000
0.000470 -0.000000 0.999530 -0.000000
0.999968 0.000000 0.000032 0.000000
0.029474 -0.000000 0.970526 0.000000
0.998402 -0.000000 0.001598 -0.000000
0.001503 -0.000000 0.998497 -0.000000
0.112609 -0.000000 0.887391 -0.000000
0.999537 -0.000000 0.000463 -0.000000
0.000439 -0.000000 0.999561 0.000000
0.000608 0.000000 0.999392 0.000000
0.002768 0.000000 0.997232 -0.000000
0.020514 -0.000000 0.979486 -0.000000
0.032371 0.000000 0.967629 -0.000000
1.000000 -0.000000 0.000000 -0.000000
0.629782 -0.000000 0.370218 -0.000000
0.001858 0.000000 0.998142 -0.000000
0.004528 -0.000000 0.995472 0.000000
0.001672 -0.000000 0.998328 0.000000
0.041361 -0.000000 0.958639 0.000000
1.000000 0.000000 0.000000 -0.000000
0.256659 0.000000 0.743341 -0.000000
0.003709 -0.000000 0.996291 -0.000000
0.999999 -0.000000 0.000001 0.000000
0.004225 -0.000000 0.995775 -0.000000
0.004619 -0.000000 0.995381 0.000000
0.001533 -0.000000 0.998467 -0.000000
1.000000 0.000000 0.000000 -0.000000
0.000738 0.000000 0.999262 -0.000000
1.000000 -0.000000 0.000000 -0.000000
0.000403 -0.000000 0.999597 0.000000
0.000571 -0.000000 0.999429 0.000000
0.044167 -0.000000 0.955833 0.000000
1.000000 -0.000000 0.000000 -0.000000
0.001197 -0.000000 0.998803 0.000000
0.955858 0.000000 0.044142 0.000000
0.992205 0.000000 0.007795 -0.000000
0.000872 0.000000 0.999128 0.000000
0.011865 0.000000 0.988135 0.000000
1.000000 -0.000000 0.000000 -0.000000
0.983763 0.000000 0.016237 -0.000000
0.017419 -0.000000 0.982581 -0.000000
0.002530 -0.000000 0.997470 0.000000
0.999971 0.000000 0.000029 0.000000
0.999496 0.000000 0.000504 0.000000
0.015578 -0.000000 0.984422 -0.000000
0.000990 -0.000000 0.999010 -0.000000
0.814451 -0.000000 0.185549 -0.000000
1.000000 -0.000000 0.000000 -0.000000
0.001465 -0.000000 0.998535 -0.000000
0.482656 -0.000000 0.517344 -0.000000
0.001750 -0.000000 0.998250 -0.000000
0.001939 0.000000 0.998061 -0.000000
0.002279 0.000000 0.997721 -0.000000
0.999899 -0.000000 0.000101 0.000000
0.017502 0.000000 0.982498 0.000000
0.163605 0.000000 0.836395 0.000000
0.999905 0.000000 0.000095 0.000000
1.000000 0.000000 0.000000 -0.000000
1.000000 0.000000 0.000000 0.000000
0.890381 0.000000 0.109619 -0.000000
0.000218 0.000000 0.999782 0.000000
1.000000 0.000000 0.000000 0.000000
0.000690 -0.000000 0.999310 -0.000000
0.151064 -0.000000 0.848936 0.000000
0.002745 0.000000 0.997255 0.000000
1.000000 0.000000 0.000000 -0.000000
0.999764 -0.000000 0.000236 0.000000
0.999988 0.000000 0.000012 0.000000
0.000000 -0.000000 1.000000 -0.000000
0.998050 -0.000000 0.001950 -0.000000
0.000090 -0.000000 0.999910 0.000000
1.000000 0.000000 0.000000 -0.000000
0.725833 0.000000 0.274167 -0.000000
0.014000 0.000000 0.986000 -0.000000
0.000030 -0.000000 0.999970 0.000000
0.000187 0.000000 0.999813 0.000000
1.000000 0.000000 0.000000 -0.000000
1.000000 0.000000 0.000000 0.000000
1.000000 0.000000 0.000000 0.000000
0.000709 -0.000000 0.999291 0.000000
1.000000 -0.000000 0.000000 -0.000000
0.992385 0.000000 0.007615 -0.000000
0.000221 -0.000000 0.999779 -0.000000
0.000658 -0.000000 0.999342 0.000000
0.250158 0.000000 0.749842 -0.000000
0.000219 0.000000 0.999781 0.000000
0.060167 0.000000 0.939833 -0.000000
0.054626 -0.000000 0.945374 0.000000
0.000001 0.000000 0.999999 0.000000
1.000000 0.000000 0.000000 0.000000
0.000626 -0.000000 0.999374 -0.000000
1.000000 0.000000 0.000000 0.000000
0.112780 0.000000 0.887220 0.000000
0.135286 0.000000 0.864714 0.000000
0.059710 0.000000 0.940290 0.000000
0.999997 0.000000 0.000003 0.000000
0.912051 -0.000000 0.087949 -0.000000
0.000261 0.000000 0.999739 -0.000000
0.000009 -0.000000 0.999991 -0.000000
0.999988 -0.000000 0.000012 0.000000
1.000000 -0.000000 0.000000 0.000000
1.000000 -0.000000 0.000000 -0.000000
0.008328 0.000000 0.991672 0.000000
0.776047 0.000000 0.223953 0.000000
1.000000 0.000000 0.000000 0.000000
0.999888 -0.000000 0.000112 -0.000000
0.009850 0.000000 0.990150 -0.000000
0.029404 0.000000 0.970596 -0.000000
0.535596 -0.000000 0.464404 -0.000000
0.000257 -0.000000 0.999743 0.000000
0.999999 -0.000000 0.000001 -0.000000
0.002469 -0.000000 0.997531 -0.000000
0.986668 -0.000000 0.013332 -0.000000
0.000343 -0.000000 0.999657 -0.000000
1.000000 -0.000000 -0.000000 -0.000000
0.701444 -0.000000 0.298556 0.000000
0.018742 -0.000000 0.981258 -0.000000
0.349519 -0.000000 0.650481 0.000000
0.000860 -0.000000 0.999140 0.000000
0.037858 -0.000000 0.962142 -0.000000
0.999999 -0.000000 0.000001 -0.000000
0.999932 0.000000 0.000068 -0.000000
0.000101 0.000000 0.999899 -0.000000
0.090349 -0.000000 0.909651 -0.000000
0.941024 -0.000000 0.058976 0.000000
1.000000 0.000000 0.000000 0.000000
0.001053 -0.000000 0.998947 0.000000
0.000001 -0.000000 0.999999 -0.000000
0.003550 0.000000 0.996450 -0.000000
0.006639 0.000000 0.993361 -0.000000
0.000038 -0.000000 0.999962 0.000000
0.002850 -0.000000 0.997150 -0.000000
0.019750 0.000000 0.980250 -0.000000
0.999998 -0.000000 0.000002 0.000000
0.047566 0.000000 0.952434 0.000000
1.000000 -0.000000 0.000000 -0.000000
0.152076 -0.000000 0.847924 -0.000000
1.000000 -0.000000 0.000000 -0.000000
1.000000 -0.000000 0.000000 -0.000000
0.000045 -0.000000 0.999955 0.000000
1.000000 0.000000 0.000000 -0.000000
0.999952 0.000000 0.000048 0.000000
0.003834 -0.000000 0.996166 -0.000000
1.000000 0.000000 0.000000 -0.000000
1.000000 0.000000 0.000000 0.000000
0.964221 0.000000 0.035779 -0.000000
0.022065 -0.000000 0.977935 -0.000000
0.017872 0.000000 0.982128 -0.000000
1.000000 -0.000000 0.000000 0.000000
0.000005 0.000000 0.999995 -0.000000
0.999216 -0.000000 0.000784 0.000000
1.000000 0.000000 0.000000 0.000000
0.002220 0.000000 0.997780 0.000000
1.000000 0.000000 0.000000 -0.000000
0.051148 0.000000 0.948852 -0.000000
0.978620 0.000000 0.021380 -0.000000
0.999622 0.000000 0.000378 0.000000
0.153329 -0.000000 0.846671 0.000000
1.000000 -0.000000 -0.000000 -0.000000
0.551951 -0.000000 0.448049 0.000000
0.002839 0.000000 0.997161 -0.000000
0.000128 0.000000 0.999872 -0.000000
0.005240 -0.000000 0.994760 0.000000
0.004299 0.000000 0.995701 -0.000000
0.000474 0.000000 0.999526 0.000000
1.000000 -0.000000 -0.000000 0.000000
0.981949 -0.000000 0.018051 -0.000000
0.000511 -0.000000 0.999489 0.000000
0.000854 0.000000 0.999146 -0.000000
0.990857 0.000000 0.009143 0.000000
0.052940 0.000000 0.947060 0.000000
0.996578 0.000000 0.003422 0.000000
0.737410 -0.000000 0.262590 -0.000000
1.000000 0.000000 0.000000 -0.000000
0.999961 -0.000000 0.000039 0.000000
1.000000 -0.000000 0.000000 -0.000000
0.036610 -0.000000 0.963390 -0.000000
0.010477 0.000000 0.989523 -0.000000
0.000001 -0.000000 0.999999 -0.000000
1.000000 0.000000 0.000000 -0.000000
0.008357 0.000000 0.991643 0.000000
1.000000 -0.000000 -0.000000 0.000000
1.000000 0.000000 0.000000 -0.000000
0.589781 -0.000000 0.410219 0.000000
1.000000 -0.000000 -0.000000 0.000000
0.010561 0.000000 0.989439 0.000000
0.000137 0.000000 0.999863 -0.000000
0.206122 0.000000 0.793878 -0.000000
1.000000 -0.000000 0.000000 -0.000000
0.003645 -0.000000 0.996355 -0.000000
0.000255 -0.000000 0.999745 -0.000000
0.996766 0.000000 0.003234 0.000000
1.000000 0.000000 0.000000 -0.000000
0.010286 0.000000 0.989714 0.000000
0.000391 0.000000 0.999609 -0.000000
0.095533 -0.000000 0.904467 0.000000
0.001284 0.000000 0.998716 -0.000000
0.002108 -0.000000 0.997892 -0.000000
0.002437 -0.000000 0.997563 -0.000000
0.999999 0.000000 0.000001 -0.000000
0.996470 -0.000000 0.003530 -0.000000
1.000000 -0.000000 0.000000 -0.000000
0.234451 -0.000000 0.765549 -0.000000
0.999998 0.000000 0.000002 0.000000
0.052425 -0.000000 0.947575 0.000000
0.000001 0.000000 0.999999 -0.000000
0.000018 0.000000 0.999982 -0.000000
0.085996 0.000000 0.914004 0.000000
0.994348 0.000000 0.005652 0.000000
0.608920 -0.000000 0.391080 0.000000
0.050438 0.000000 0.949562 0.000000
0.999878 -0.000000 0.000122 -0.000000
1.000000 0.000000 0.000000 0.000000
0.997222 0.000000 0.002778 0.000000
0.015469 -0.000000 0.984531 0.000000
0.166839 -0.000000 0.833161 -0.000000
0.015405 -0.000000 0.984595 0.000000
0.020006 0.000000 0.979994 -0.000000
0.000862 0.000000 0.999138 0.000000
0.026782 0.000000 0.973218 0.000000
0.001260 0.000000 0.998740 0.000000
0.996940 0.000000 0.003060 0.000000
0.885609 0.000000 0.114391 0.000000
0.029987 -0.000000 0.970013 -0.000000
1.000000 -0.000000 -0.000000 -0.000000
1.000000 0.000000 0.000000 0.000000
0.035318 -0.000000 0.964682 0.000000
0.029543 0.000000 0.970457 -0.000000
1.000000 -0.000000 0.000000 0.000000
0.025856 -0.000000 0.974144 0.000000
0.999971 -0.000000 0.000029 -0.000000
1.000000 0.000000 -0.000000 0.000000
0.852365 0.000000 0.147635 -0.000000
1.000000 -0.000000 0.000000 -0.000000
1.000000 0.000000 0.000000 -0.000000
0.000293 -0.000000 0.999707 0.000000
0.048454 0.000000 0.951546 0.000000
0.009282 -0.000000 0.990718 -0.000000
1.000000 0.000000 0.000000 -0.000000
0.001167 0.000000 0.998833 -0.000000
0.003824 -0.000000 0.996176 0.000000
0.000001 -0.000000 0.999999 -0.000000
0.000111 -0.000000 0.999889 0.000000
0.020810 0.000000 0.979190 -0.000000
0.000103 -0.000000 0.999897 0.000000
0.999595 -0.000000 0.000405 0.000000
0.896658 0.000000 0.103342 0.000000
0.000907 0.000000 0.999093 -0.000000
0.999998 -0.000000 0.000002 0.000000
0.999995 0.000000 0.000005 0.000000
0.056958 -0.000000 0.943042 -0.000000
0.999837 0.000000 0.000163 0.000000
0.477698 0.000000 0.522302 -0.000000
0.185624 -0.000000 0.814376 -0.000000
0.877322 0.000000 0.122678 -0.000000
1.000000 0.000000 0.000000 -0.000000
0.132831 -0.000000 0.867169 -0.000000
0.000113 0.000000 0.999887 0.000000
0.983332 -0.000000 0.016668 -0.000000
0.009476 -0.000000 0.990524 -0.000000
0.320349 -0.000000 0.679651 0.000000
1.000000 0.000000 0.000000 0.000000
1.000000 -0.000000 0.000000 -0.000000
0.999315 0.000000 0.000685 -0.000000
1.000000 0.000000 0.000000 -0.000000
1.000000 -0.000000 0.000000 0.000000
0.002216 0.000000 0.997784 0.000000
0.000001 -0.000000 0.999999 -0.000000
0.878078 0.000000 0.121922 -0.000000
0.067044 0.000000 0.932956 0.000000
0.991892 -0.000000 0.008108 -0.000000
0.019249 -0.000000 0.980751 -0.000000
0.000010 -0.000000 0.999990 -0.000000
0.990230 -0.000000 0.009770 0.000000
0.016510 0.000000 0.983490 0.000000
0.002412 0.000000 0.997588 -0.000000
0.035016 0.000000 0.964984 -0.000000
0.036064 -0.000000 0.963936 0.000000
0.000058 -0.000000 0.999942 -0.000000
0.139851 -0.000000 0.860149 -0.000000
1.000000 0.000000 0.000000 -0.000000
0.000604 0.000000 0.999396 -0.000000
0.051288 0.000000 0.948712 0.000000
0.994938 -0.000000 0.005062 -0.000000
1.000000 0.000000 0.000000 0.000000
0.999945 -0.000000 0.000055 0.000000
0.001845 0.000000 0.998155 0.000000
0.000007 -0.000000 0.999993 -0.000000
0.000011 -0.000000 0.999989 -0.000000
0.015851 0.000000 0.984149 0.000000
0.001111 -0.000000 0.998889 0.000000
1.000000 -0.000000 0.000000 -0.000000
0.001536 0.000000 0.998464 0.000000
0.140577 0.000000 0.859423 0.000000
0.279085 -0.000000 0.720915 0.000000
0.000004 0.000000 0.999996 -0.000000
0.163859 -0.000000 0.836141 -0.000000
0.420002 -0.000000 0.579998 0.000000
0.002990 -0.000000 0.997010 0.000000
0.000000 0.000000 1.000000 0.000000
0.084506 0.000000 0.915494 -0.000000
0.002046 -0.000000 0.997954 -0.000000
0.000176 0.000000 0.999824 -0.000000
0.003732 -0.000000 0.996268 0.000000
0.002367 0.000000 0.997633 -0.000000
1.000000 0.000000 0.000000 0.000000
1.000000 -0.000000 0.000000 -0.000000
0.000934 -0.000000 0.999066 0.000000
0.955425 0.000000 0.044575 -0.000000
0.999895 -0.000000 0.000105 0.000000
0.999551 0.000000 0.000449 -0.000000
0.999573 -0.000000 0.000427 0.000000
0.000112 0.000000 0.999888 -0.000000
0.009038 0.000000 0.990962 -0.000000
0.000165 -0.000000 0.999835 -0.000000
0.999984 -0.000000 0.000016 0.000000
0.337811 0.000000 0.662189 0.000000
0.000658 0.000000 0.999342 0.000000
0.000002 0.000000 0.999998 -0.000000
0.000089 0.000000 0.999911 0.000000
0.999043 0.000000 0.000957 0.000000
0.013793 0.000000 0.986207 0.000000
0.045919 -0.000000 0.954081 0.000000
0.000025 0.000000 0.999975 -0.000000
0.001331 -0.000000 0.998669 0.000000
1.000000 -0.000000 0.000000 -0.000000
0.009757 0.000000 0.990243 0.000000
0.023191 0.000000 0.976809 -0.000000
0.002586 0.000000 0.997414 0.000000
0.003293 -0.000000 0.996707 0.000000
0.995837 -0.000000 0.004163 -0.000000
0.000318 0.000000 0.999682 -0.000000
1.000000 0.000000 0.000000 -0.000000
0.000001 -0.000000 0.999999 -0.000000
1.000000 -0.000000 0.000000 -0.000000
0.025165 0.000000 0.974835 -0.000000
0.000086 0.000000 0.999914 -0.000000
1.000000 -0.000000 0.000000 -0.000000
0.994320 -0.000000 0.005680 -0.000000
0.019202 0.000000 0.980798 -0.000000
0.001159 0.000000 0.998841 -0.000000
0.075708 -0.000000 0.924292 0.000000
0.243959 -0.000000 0.756041 -0.000000
0.195446 -0.000000 0.804554 0.000000
0.149347 0.000000 0.850653 0.000000
0.393194 -0.000000 0.606806 0.000000
0.999837 0.000000 0.000163 -0.000000
0.003049 -0.000000 0.996951 -0.000000
0.484167 -0.000000 0.515833 -0.000000
0.999217 0.000000 0.000783 -0.000000
1.000000 0.000000 0.000000 -0.000000
0.043077 0.000000 0.956923 -0.000000
0.000001 0.000000 0.999999 0.000000
0.524214 0.000000 0.475786 -0.000000
0.000126 -0.000000 0.999874 -0.000000
1.000000 0.000000 0.000000 0.000000
0.000095 0.000000 0.999905 0.000000
1.000000 0.000000 0.000000 0.000000
0.997948 0.000000 0.002052 -0.000000
0.015450 0.000000 0.984550 -0.000000
0.008414 -0.000000 0.991586 -0.000000
1.000000 -0.000000 0.000000 -0.000000
1.000000 -0.000000 0.000000 0.000000
1.000000 -0.000000 0.000000 0.000000
0.998592 -0.000000 0.001408 -0.000000
0.343734 0.000000 0.656266 0.000000
0.952765 0.000000 0.047235 0.000000
0.272862 -0.000000 0.727138 -0.000000
0.944744 -0.000000 0.055256 0.000000
0.994970 0.000000 0.005030 0.000000
0.129359 0.000000 0.870641 0.000000
0.013611 0.000000 0.986389 0.000000
0.003207 -0.000000 0.996793 0.000000
1.000000 -0.000000 0.000000 0.000000
0.999826 0.000000 0.000174 0.000000
1.000000 0.000000 0.000000 -0.000000
0.994364 0.000000 0.005636 0.000000
0.031281 -0.000000 0.968719 0.000000
0.998919 -0.000000 0.001081 0.000000
0.000163 -0.000000 0.999837 -0.000000
0.000005 0.000000 0.999995 0.000000
0.042110 0.000000 0.957890 0.000000
0.010310 0.000000 0.989690 0.000000
0.015471 -0.000000 0.984529 0.000000
0.005959 0.000000 0.994041 -0.000000
0.999996 -0.000000 0.000004 -0.000000
0.007621 -0.000000 0.992379 -0.000000
0.013929 0.000000 0.986071 -0.000000
1.000000 0.000000 0.000000 -0.000000
0.984082 -0.000000 0.015918 -0.000000
0.000057 0.000000 0.999943 -0.000000
0.000569 -0.000000 0.999431 0.000000
0.999861 0.000000 0.000139 0.000000
0.991008 -0.000000 0.008992 -0.000000
0.999608 0.000000 0.000392 -0.000000
0.000767 0.000000 0.999233 -0.000000
0.000055 0.000000 0.999945 0.000000
1.000000 -0.000000 0.000000 -0.000000
0.000809 -0.000000 0.999191 0.000000
0.000104 0.000000 0.999896 -0.000000
0.999667 -0.000000 0.000333 0.000000
0.467222 -0.000000 0.532778 -0.000000
0.170641 0.000000 0.829359 -0.000000
1.000000 0.000000 0.000000 -0.000000
1.000000 -0.000000 -0.000000 -0.000000
0.018497 -0.000000 0.981503 0.000000
1.000000 -0.000000 0.000000 -0.000000
0.000000 -0.000000 1.000000 -0.000000
0.022073 0.000000 0.977927 0.000000
0.004979 -0.000000 0.995021 0.000000
0.043315 -0.000000 0.956685 0.000000
0.007821 -0.000000 0.992179 0.000000
0.001802 0.000000 0.998198 0.000000
0.093692 0.000000 0.906308 0.000000
0.999547 0.000000 0.000453 -0.000000
0.000143 0.000000 0.999857 0.000000
1.000000 -0.000000 0.000000 0.000000
0.008282 -0.000000 0.991718 0.000000
1.000000 0.000000 -0.000000 -0.000000
0.999999 -0.000000 0.000001 0.000000
0.623196 0.000000 0.376804 0.000000
1.000000 -0.000000 -0.000000 -0.000000
0.918703 -0.000000 0.081297 0.000000
0.999653 0.000000 0.000347 0.000000
1.000000 -0.000000 0.000000 -0.000000
0.938803 -0.000000 0.061197 0.000000
0.160568 -0.000000 0.839432 -0.000000
0.025981 -0.000000 0.974019 0.000000
1.000000 -0.000000 0.000000 -0.000000
1.000000 -0.000000 0.000000 0.000000
0.076838 0.000000 0.923162 -0.000000
0.200047 0.000000 0.799953 0.000000
0.063404 0.000000 0.936596 -0.000000
0.000000 0.000000 1.000000 0.000000
0.999872 -0.000000 0.000128 0.000000
1.000000 -0.000000 0.000000 -0.000000
0.000022 -0.000000 0.999978 0.000000
0.025795 0.000000 0.974205 -0.000000
0.896204 0.000000 0.103796 0.000000
0.999467 0.000000 0.000533 0.000000
0.000012 -0.000000 0.999988 0.000000
0.002887 -0.000000 0.997113 0.000000
0.056412 0.000000 0.943588 0.000000
0.421619 0.000000 0.578381 0.000000
0.012207 0.000000 0.987793 -0.000000
0.000005 -0.000000 0.999995 -0.000000
0.999995 0.000000 0.000005 -0.000000
0.024462 -0.000000 0.975538 -0.000000
0.999999 0.000000 0.000001 0.000000
0.002039 0.000000 0.997961 -0.000000
0.007326 0.000000 0.992674 -0.000000
0.995153 0.000000 0.004847 -0.000000
0.000082 0.000000 0.999918 -0.000000
0.089329 0.000000 0.910671 -0.000000
0.006914 0.000000 0.993086 0.000000
1.000000 -0.000000 0.000000 0.000000
1.000000 0.000000 0.000000 -0.000000
0.024799 -0.000000 0.975201 0.000000
0.000015 -0.000000 0.999985 -0.000000
0.000024 -0.000000 0.999976 -0.000000
0.000750 -0.000000 0.999250 -0.000000
0.000538 0.000000 0.999462 -0.000000
1.000000 0.000000 0.000000 0.000000
1.000000 -0.000000 -0.000000 -0.000000
0.006585 -0.000000 0.993415 -0.000000
0.278020 -0.000000 0.721980 -0.000000
0.000877 -0.000000 0.999123 -0.000000
0.006588 -0.000000 0.993412 0.000000
0.002077 0.000000 0.997923 0.000000
1.000000 0.000000 0.000000 0.000000
0.016758 0.000000 0.983242 0.000000
0.000001 0.000000 0.999999 -0.000000
0.999722 -0.000000 0.000278 0.000000
0.155357 0.000000 0.844643 0.000000
1.000000 0.000000 -0.000000 -0.000000
0.004653 0.000000 0.995347 -0.000000
0.021677 0.000000 0.978323 0.000000
0.999976 -0.000000 0.000024 -0.000000
0.000035 -0.000000 0.999965 -0.000000
0.010417 -0.000000 0.989583 0.000000
0.000818 -0.000000 0.999182 -0.000000
0.997574 -0.000000 0.002426 0.000000
0.000527 -0.000000 0.999473 -0.000000
1.000000 -0.000000 0.000000 -0.000000
1.000000 -0.000000 0.000000 0.000000
1.000000 0.000000 0.000000 -0.000000
0.001463 -0.000000 0.998537 -0.000000
0.000133 -0.000000 0.999867 0.000000
1.000000 -0.000000 0.000000 -0.000000
1.000000 -0.000000 0.000000 0.000000
0.000168 -0.000000 0.999832 0.000000
0.999998 -0.000000 0.000002 -0.000000
0.999999 0.000000 0.000001 -0.000000
0.046774 0.000000 0.953226 0.000000
0.293787 0.000000 0.706213 0.000000
0.999664 -0.000000 0.000336 -0.000000
0.995135 0.000000 0.004865 -0.000000
0.025982 -0.000000 0.974018 -0.000000
0.170442 -0.000000 0.829558 -0.000000
0.020233 -0.000000 0.979767 0.000000
0.999672 0.000000 0.000328 -0.000000
0.694491 -0.000000 0.305509 0.000000
0.003932 -0.000000 0.996068 0.000000
1.000000 0.000000 0.000000 -0.000000
0.000098 0.000000 0.999902 0.000000
0.003107 0.000000 0.996893 0.000000
1.000000 0.000000 0.000000 0.000000
1.000000 0.000000 0.000000 0.000000
0.072295 0.000000 0.927705 0.000000
0.054043 -0.000000 0.945957 0.000000
0.000002 0.000000 0.999998 0.000000
0.000004 0.000000 0.999996 0.000000
0.002699 0.000000 0.997301 -0.000000
0.083914 -0.000000 0.916086 -0.000000
0.000032 -0.000000 0.999968 -0.000000
0.011405 -0.000000 0.988595 -0.000000
0.085304 -0.000000 0.914696 -0.000000
0.999999 0.000000 0.000001 -0.000000
0.999535 -0.000000 0.000465 -0.000000
0.000001 -0.000000 0.999999 0.000000
0.000326 -0.000000 0.999674 -0.000000
0.999711 0.000000 0.000289 -0.000000
1.000000 0.000000 0.000000 -0.000000
1.000000 -0.000000 0.000000 -0.000000
0.038094 0.000000 0.961906 0.000000
0.000620 0.000000 0.999380 0.000000
0.163620 -0.000000 0.836380 -0.000000
0.000001 -0.000000 0.999999 -0.000000
0.000246 -0.000000 0.999754 0.000000
0.000902 -0.000000 0.999098 0.000000
0.000264 0.000000 0.999736 0.000000
0.001968 -0.000000 0.998032 0.000000
0.001995 0.000000 0.998005 0.000000
0.469481 0.000000 0.530519 -0.000000
0.214639 -0.000000 0.785361 -0.000000
1.000000 0.000000 0.000000 0.000000
0.000703 -0.000000 0.999297 -0.000000
0.001300 0.000000 0.998700 0.000000
0.998452 0.000000 0.001548 0.000000
0.998259 -0.000000 0.001741 -0.000000
0.003898 -0.000000 0.996102 -0.000000
1.000000 -0.000000 0.000000 -0.000000
0.003845 -0.000000 0.996155 -0.000000
0.009157 0.000000 0.990843 -0.000000
0.000034 -0.000000 0.999966 0.000000
0.010120 0.000000 0.989880 0.000000
0.049211 0.000000 0.950789 -0.000000
0.264980 0.000000 0.735020 0.000000
0.107964 -0.000000 0.892036 -0.000000
0.006243 0.000000 0.993757 -0.000000
1.000000 -0.000000 0.000000 -0.000000
0.003268 0.000000 0.996732 0.000000
1.000000 0.000000 0.000000 -0.000000
0.000340 0.000000 0.999660 -0.000000
0.002469 -0.000000 0.997531 -0.000000
0.999977 -0.000000 0.000023 0.000000
0.009859 0.000000 0.990141 0.000000
0.056426 -0.000000 0.943574 0.000000
0.001047 0.000000 0.998953 -0.000000
0.463409 0.000000 0.536591 -0.000000
0.005364 -0.000000 0.994636 0.000000
0.999978 -0.000000 0.000022 -0.000000
1.000000 0.000000 0.000000 -0.000000
0.007996 0.000000 0.992004 -0.000000
0.007294 -0.000000 0.992706 0.000000
0.001877 -0.000000 0.998123 0.000000
0.989770 0.000000 0.010230 0.000000
0.976106 0.000000 0.023894 0.000000
0.999990 0.000000 0.000010 -0.000000
0.027085 0.000000 0.972915 0.000000
0.007653 0.000000 0.992347 -0.000000
0.999571 0.000000 0.000429 -0.000000
0.002563 0.000000 0.997437 -0.000000
0.004292 0.000000 0.995708 -0.000000
0.000321 0.000000 0.999679 -0.000000
0.001932 0.000000 0.998068 0.000000
0.041921 -0.000000 0.958079 0.000000
0.999997 0.000000 0.000003 -0.000000
1.000000 0.000000 0.000000 0.000000
1.000000 -0.000000 0.000000 0.000000
0.009898 0.000000 0.990102 -0.000000
0.962133 -0.000000 0.037867 0.000000
1.000000 -0.000000 0.000000 0.000000
1.000000 0.000000 0.000000 0.000000
0.000000 0.000000 1.000000 -0.000000
0.631154 0.000000 0.368846 0.000000
0.999040 0.000000 0.000960 0.000000
0.003613 0.000000 0.996387 0.000000
0.003344 -0.000000 0.996656 -0.000000
0.003326 0.000000 0.996674 0.000000
1.000000 -0.000000 0.000000 -0.000000
0.996914 -0.000000 0.003086 0.000000
0.000003 -0.000000 0.999997 -0.000000
0.058358 -0.000000 0.941642 0.000000
0.001888 0.000000 0.998112 0.000000
1.000000 -0.000000 0.000000 -0.000000
0.023061 -0.000000 0.976939 -0.000000
0.302076 0.000000 0.697924 -0.000000
0.027498 -0.000000 0.972502 -0.000000
0.999999 0.000000 0.000001 -0.000000
0.007867 0.000000 0.992133 0.000000
0.049991 -0.000000 0.950009 -0.000000
0.000064 -0.000000 0.999936 0.000000
0.024923 -0.000000 0.975077 -0.000000
0.027926 -0.000000 0.972074 0.000000
0.999997 0.000000 0.000003 0.000000
0.034743 0.000000 0.965257 0.000000
0.009487 -0.000000 0.990513 -0.000000
0.000696 0.000000 0.999304 -0.000000
0.842750 0.000000 0.157250 -0.000000
0.999890 0.000000 0.000110 0.000000
0.033371 -0.000000 0.966629 0.000000
0.000046 0.000000 0.999954 -0.000000
0.999984 -0.000000 0.000016 -0.000000
0.000005 -0.000000 0.999995 0.000000
0.999961 -0.000000 0.000039 -0.000000
0.000002 0.000000 0.999998 0.000000
1.000000 -0.000000 0.000000 0.000000
0.010261 -0.000000 0.989739 -0.000000
0.004801 -0.000000 0.995199 -0.000000
1.000000 -0.000000 0.000000 -0.000000
0.010277 0.000000 0.989723 -0.000000
0.000000 0.000000 1.000000 -0.000000
0.000001 -0.000000 0.999999 -0.000000
0.999973 0.000000 0.000027 -0.000000
0.225313 -0.000000 0.774687 0.000000
0.009517 0.000000 0.990483 0.000000
1.000000 0.000000 0.000000 -0.000000
1.000000 0.000000 -0.000000 0.000000
0.004913 -0.000000 0.995087 0.000000
0.140748 -0.000000 0.859252 -0.000000
0.999987 0.000000 0.000013 0.000000
0.092033 -0.000000 0.907967 -0.000000
0.000145 -0.000000 0.999855 0.000000
0.005288 0.000000 0.994712 0.000000
1.000000 0.000000 0.000000 -0.000000
0.999984 0.000000 0.000016 -0.000000
0.008557 -0.000000 0.991443 0.000000
0.079951 -0.000000 0.920049 0.000000
0.999967 0.000000 0.000033 0.000000
0.012804 0.000000 0.987196 0.000000
0.008095 0.000000 0.991905 0.000000
0.219262 0.000000 0.780738 0.000000
0.040649 0.000000 0.959351 0.000000
0.999121 0.000000 0.000879 -0.000000
0.000012 0.000000 0.999988 -0.000000
0.002578 -0.000000 0.997422 -0.000000
1.000000 -0.000000 0.000000 -0.000000
1.000000 0.000000 0.000000 0.000000
0.000006 0.000000 0.999994 0.000000
0.999953 0.000000 0.000047 -0.000000
0.018420 -0.000000 0.981580 0.000000
0.029355 0.000000 0.970645 -0.000000
0.019911 -0.000000 0.980089 -0.000000
0.600729 0.000000 0.399271 0.000000
0.000134 -0.000000 0.999866 0.000000
0.999970 -0.000000 0.000030 -0.000000
0.449384 0.000000 0.550616 -0.000000
0.064084 0.000000 0.935916 -0.000000
0.953279 -0.000000 0.046721 -0.000000
0.895550 0.000000 0.104450 -0.000000
0.030574 0.000000 0.969426 0.000000
0.002910 0.000000 0.997090 0.000000
0.156738 0.000000 0.843262 -0.000000
0.000001 -0.000000 0.999999 -0.000000
0.000302 -0.000000 0.999698 -0.000000
0.044369 -0.000000 0.955631 -0.000000
0.005699 -0.000000 0.994301 -0.000000
0.999999 -0.000000 0.000001 -0.000000
0.000003 0.000000 0.999997 0.000000
0.014848 0.000000 0.985152 0.000000
1.000000 -0.000000 0.000000 -0.000000
0.000001 0.000000 0.999999 0.000000
0.002558 -0.000000 0.997442 -0.000000
1.000000 0.000000 0.000000 -0.000000
0.000010 -0.000000 0.999990 0.000000
0.094959 -0.000000 0.905041 0.000000
0.003914 -0.000000 0.996086 -0.000000
0.000196 0.000000 0.999804 -0.000000
0.000027 0.000000 0.999973 0.000000
0.059478 -0.000000 0.940522 -0.000000
0.000599 -0.000000 0.999401 -0.000000
0.999998 -0.000000 0.000002 -0.000000
1.000000 -0.000000 -0.000000 0.000000
0.019745 0.000000 0.980255 -0.000000
1.000000 0.000000 0.000000 0.000000
0.030643 0.000000 0.969357 0.000000
0.048610 0.000000 0.951390 -0.000000
0.000167 0.000000 0.999833 -0.000000
0.176922 -0.000000 0.823078 -0.000000
0.098360 0.000000 0.901640 -0.000000
0.010403 0.000000 0.989597 -0.000000
0.014622 -0.000000 0.985378 -0.000000
0.999995 -0.000000 0.000005 0.000000
0.016549 0.000000 0.983451 -0.000000
0.000007 0.000000 0.999993 -0.000000
0.014832 -0.000000 0.985168 0.000000
0.001489 -0.000000 0.998511 -0.000000
1.000000 0.000000 0.000000 0.000000
0.000789 -0.000000 0.999211 -0.000000
0.007542 -0.000000 0.992458 0.000000
0.012979 0.000000 0.987021 0.000000
0.006852 -0.000000 0.993148 -0.000000
0.998617 -0.000000 0.001383 -0.000000
0.001111 0.000000 0.998889 0.000000
0.711840 0.000000 0.288160 -0.000000
0.000194 -0.000000 0.999806 0.000000
0.004495 0.000000 0.995505 0.000000
0.999989 -0.000000 0.000011 -0.000000
0.011353 -0.000000 0.988647 -0.000000
0.531494 0.000000 0.468506 -0.000000
0.004549 -0.000000 0.995451 -0.000000
0.066903 -0.000000 0.933097 0.000000
0.004511 -0.000000 0.995489 0.000000
0.014602 0.000000 0.985398 -0.000000
0.000048 0.000000 0.999952 0.000000
1.000000 -0.000000 0.000000 0.000000
0.000353 -0.000000 0.999647 0.000000
0.993919 0.000000 0.006081 -0.000000
0.000010 -0.000000 0.999990 -0.000000
0.010231 0.000000 0.989769 -0.000000
1.000000 0.000000 0.000000 -0.000000
0.003518 -0.000000 0.996482 0.000000
0.999570 0.000000 0.000430 0.000000
0.999690 0.000000 0.000310 0.000000
1.000000 -0.000000 0.000000 -0.000000
0.999999 0.000000 0.000001 -0.000000
1.000000 -0.000000 0.000000 -0.000000
0.000061 0.000000 0.999939 -0.000000
0.000007 -0.000000 0.999993 -0.000000
0.666693 0.000000 0.333307 0.000000
0.094538 0.000000 0.905462 -0.000000
0.000827 -0.000000 0.999173 0.000000
0.881040 0.000000 0.118960 -0.000000
1.000000 -0.000000 0.000000 0.000000
0.000084 -0.000000 0.999916 -0.000000
0.061705 0.000000 0.938295 -0.000000
0.198139 0.000000 0.801861 -0.000000
0.002673 -0.000000 0.997327 0.000000
0.065640 -0.000000 0.934360 0.000000
0.003173 -0.000000 0.996827 -0.000000
0.049317 0.000000 0.950683 0.000000
0.008692 -0.000000 0.991308 -0.000000
0.998676 -0.000000 0.001324 0.000000
0.000001 -0.000000 0.999999 -0.000000
0.003030 -0.000000 0.996970 0.000000
0.030853 0.000000 0.969147 0.000000
1.000000 -0.000000 0.000000 0.000000
0.002798 0.000000 0.997202 -0.000000
0.999956 -0.000000 0.000044 0.000000
0.008393 0.000000 0.991607 0.000000
0.000005 0.000000 0.999995 0.000000
0.092959 -0.000000 0.907041 -0.000000
0.002498 0.000000 0.997502 0.000000
0.003233 0.000000 0.996767 0.000000
0.994136 0.000000 0.005864 0.000000
0.999960 0.000000 0.000040 0.000000
0.143126 0.000000 0.856874 0.000000
0.020301 0.000000 0.979699 -0.000000
0.000392 -0.000000 0.999608 0.000000
0.787202 -0.000000 0.212798 -0.000000
1.000000 0.000000 0.000000 0.000000
0.000003 -0.000000 0.999997 -0.000000
0.101138 -0.000000 0.898862 -0.000000
0.018596 -0.000000 0.981404 0.000000
0.608839 0.000000 0.391161 0.000000
0.000623 0.000000 0.999377 0.000000
0.999999 0.000000 0.000001 -0.000000
0.025653 0.000000 0.974347 -0.000000
0.000032 0.000000 0.999968 -0.000000
0.469854 0.000000 0.530146 -0.000000
0.096719 0.000000 0.903281 -0.000000
0.999988 0.000000 0.000012 0.000000
0.971691 0.000000 0.028309 0.000000
1.000000 -0.000000 0.000000 0.000000
0.007549 -0.000000 0.992451 0.000000
0.000002 -0.000000 0.999998 0.000000
0.011738 -0.000000 0.988262 0.000000
0.999997 -0.000000 0.000003 -0.000000
1.000000 -0.000000 0.000000 0.000000
0.999997 -0.000000 0.000003 0.000000
0.001250 -0.000000 0.998750 0.000000
0.001392 0.000000 0.998608 -0.000000
1.000000 -0.000000 0.000000 -0.000000
0.999998 -0.000000 0.000002 -0.000000
1.000000 0.000000 0.000000 0.000000
1.000000 -0.000000 0.000000 0.000000
1.000000 -0.000000 0.000000 0.000000
0.999815 -0.000000 0.000185 0.000000
0.000046 0.000000 0.999954 -0.000000
0.033525 0.000000 0.966475 0.000000
0.007552 -0.000000 0.992448 -0.000000
0.001648 0.000000 0.998352 -0.000000
0.000238 -0.000000 0.999762 -0.000000
0.000148 0.000000 0.999852 -0.000000
0.000406 0.000000 0.999594 0.000000
0.965266 0.000000 0.034734 0.000000
0.004846 0.000000 0.995154 -0.000000
1.000000 0.000000 0.000000 0.000000
0.916572 -0.000000 0.083428 0.000000
0.000512 -0.000000 0.999488 -0.000000
0.000001 -0.000000 0.999999 0.000000
0.181002 0.000000 0.818998 0.000000
0.495135 0.000000 0.504865 0.000000
0.000073 0.000000 0.999927 -0.000000
0.064059 0.000000 0.935941 0.000000
0.002409 0.000000 0.997591 -0.000000
0.000089 0.000000 0.999911 -0.000000
0.535911 -0.000000 0.464089 0.000000
0.005558 0.000000 0.994442 -0.000000
0.994598 0.000000 0.005402 -0.000000
0.000429 -0.000000 0.999571 -0.000000
0.005713 0.000000 0.994287 -0.000000
1.000000 -0.000000 0.000000 -0.000000
0.022527 -0.000000 0.977473 0.000000
0.026164 0.000000 0.973836 0.000000
0.999997 -0.000000 0.000003 -0.000000
1.000000 0.000000 0.000000 -0.000000
0.000003 -0.000000 0.999997 -0.000000
0.000268 0.000000 0.999732 0.000000
0.012955 -0.000000 0.987045 -0.000000
0.006916 0.000000 0.993084 -0.000000
0.000066 -0.000000 0.999934 -0.000000
0.557449 -0.000000 0.442551 -0.000000
0.000244 -0.000000 0.999756 0.000000
0.001044 -0.000000 0.998956 -0.000000
0.030037 -0.000000 0.969963 0.000000
0.001152 -0.000000 0.998848 0.000000
0.909977 -0.000000 0.090023 -0.000000
0.379666 0.000000 0.620334 -0.000000
0.001192 0.000000 0.998808 -0.000000
0.004915 -0.000000 0.995085 -0.000000
0.479709 0.000000 0.520291 0.000000
1.000000 0.000000 0.000000 0.000000
0.010480 0.000000 0.989520 0.000000
0.000723 -0.000000 0.999277 -0.000000
0.000532 0.000000 0.999468 -0.000000
0.918417 -0.000000 0.081583 0.000000
0.000920 0.000000 0.999080 0.000000
1.000000 0.000000 0.000000 0.000000
0.891578 0.000000 0.108422 0.000000
0.935614 -0.000000 0.064386 -0.000000
0.003664 0.000000 0.996336 -0.000000
0.132777 -0.000000 0.867223 0.000000
0.051654 -0.000000 0.948346 0.000000
0.002759 0.000000 0.997241 -0.000000
1.000000 -0.000000 0.000000 0.000000
0.000084 0.000000 0.999916 -0.000000
0.006142 -0.000000 0.993858 -0.000000
0.132678 -0.000000 0.867322 -0.000000
1.000000 0.000000 0.000000 -0.000000
0.002095 -0.000000 0.997905 0.000000
0.000265 -0.000000 0.999735 -0.000000
1.000000 0.000000 0.000000 0.000000
0.999854 0.000000 0.000146 0.000000
0.020120 0.000000 0.979880 0.000000
0.000073 -0.000000 0.999927 0.000000
0.009194 -0.000000 0.990806 0.000000
0.003778 0.000000 0.996222 -0.000000
0.910178 -0.000000 0.089822 0.000000
0.000320 -0.000000 0.999680 -0.000000
0.497324 0.000000 0.502676 0.000000
0.003942 0.000000 0.996058 0.000000
1.000000 0.000000 0.000000 0.000000
0.042380 -0.000000 0.957620 -0.000000
0.717713 -0.000000 0.282287 -0.000000
0.010897 0.000000 0.989103 0.000000
0.013440 0.000000 0.986560 -0.000000
0.000498 -0.000000 0.999502 0.000000
0.042236 -0.000000 0.957764 0.000000
1.000000 -0.000000 0.000000 0.000000
0.030787 0.000000 0.969213 0.000000
0.989432 -0.000000 0.010568 0.000000
0.091439 0.000000 0.908561 -0.000000
0.007766 -0.000000 0.992234 -0.000000
0.999992 -0.000000 0.000008 -0.000000
0.999939 -0.000000 0.000061 -0.000000
0.999998 -0.000000 0.000002 0.000000
0.999998 -0.000000 0.000002 0.000000
0.994175 -0.000000 0.005825 0.000000
0.000581 -0.000000 0.999419 0.000000
0.405070 0.000000 0.594930 -0.000000
0.045666 -0.000000 0.954334 0.000000
1.000000 0.000000 0.000000 -0.000000
0.055668 0.000000 0.944332 0.000000
0.000407 0.000000 0.999593 -0.000000
0.027582 0.000000 0.972418 -0.000000
0.018029 -0.000000 0.981971 0.000000
0.000707 -0.000000 0.999293 -0.000000
1.000000 -0.000000 0.000000 -0.000000
0.001301 -0.000000 0.998699 -0.000000
0.000000 -0.000000 1.000000 -0.000000
0.000369 -0.000000 0.999631 -0.000000
0.999996 0.000000 0.000004 -0.000000
0.073413 -0.000000 0.926587 0.000000
0.001659 -0.000000 0.998341 0.000000
0.000004 0.000000 0.999996 0.000000
0.002190 -0.000000 0.997810 0.000000
0.084342 0.000000 0.915658 0.000000
0.999013 0.000000 0.000987 0.000000
0.002999 0.000000 0.997001 -0.000000
0.351263 0.000000 0.648737 0.000000
0.000544 0.000000 0.999456 -0.000000
0.002117 0.000000 0.997883 0.000000
0.097814 0.000000 0.902186 -0.000000
0.999996 0.000000 0.000004 -0.000000
1.000000 0.000000 0.000000 -0.000000
0.318365 0.000000 0.681635 0.000000
0.003347 0.000000 0.996653 -0.000000
1.000000 -0.000000 -0.000000 0.000000
1.000000 0.000000 0.000000 -0.000000
0.009469 -0.000000 0.990531 0.000000
0.000655 0.000000 0.999345 0.000000
0.001092 -0.000000 0.998908 -0.000000
0.886847 0.000000 0.113153 0.000000
0.002168 -0.000000 0.997832 0.000000
0.000979 -0.000000 0.999021 0.000000
0.999926 -0.000000 0.000074 -0.000000
0.001908 -0.000000 0.998092 0.000000
0.017569 0.000000 0.982431 -0.000000
0.000013 0.000000 0.999987 -0.000000
0.003183 0.000000 0.996817 0.000000
0.000325 0.000000 0.999675 0.000000
0.000265 0.000000 0.999735 -0.000000
0.997845 -0.000000 0.002155 0.000000
0.999987 0.000000 0.000013 0.000000
0.564845 0.000000 0.435155 0.000000
0.993849 0.000000 0.006151 -0.000000
0.999999 0.000000 0.000001 0.000000
0.012135 0.000000 0.987865 -0.000000
0.951810 -0.000000 0.048190 -0.000000
0.999956 0.000000 0.000044 -0.000000
0.005087 -0.000000 0.994913 0.000000
0.019028 -0.000000 0.980972 -0.000000
0.086790 -0.000000 0.913210 -0.000000
0.038649 -0.000000 0.961351 0.000000
0.000085 0.000000 0.999915 0.000000
0.000062 0.000000 0.999938 -0.000000
0.000000 -0.000000 1.000000 0.000000
0.002151 -0.000000 0.997849 -0.000000
0.036427 -0.000000 0.963573 -0.000000
1.000000 -0.000000 0.000000 0.000000
0.000181 -0.000000 0.999819 -0.000000
0.006711 0.000000 0.993289 -0.000000
1.000000 0.000000 0.000000 0.000000
0.000072 -0.000000 0.999928 -0.000000
0.008308 0.000000 0.991692 0.000000
0.013891 -0.000000 0.986109 -0.000000
0.000100 -0.000000 0.999900 -0.000000
1.000000 0.000000 0.000000 0.000000
0.999914 -0.000000 0.000086 -0.000000
0.015405 -0.000000 0.984595 -0.000000
0.001384 -0.000000 0.998616 -0.000000
0.013748 0.000000 0.986252 -0.000000
0.000104 0.000000 0.999896 -0.000000
0.000659 0.000000 0.999341 -0.000000
0.498160 0.000000 0.501840 0.000000
0.005451 -0.000000 0.994549 0.000000
0.000892 -0.000000 0.999108 0.000000
0.001516 0.000000 0.998484 -0.000000
0.001690 -0.000000 0.998310 0.000000
0.000002 -0.000000 0.999998 -0.000000
0.128202 0.000000 0.871798 -0.000000
0.999996 0.000000 0.000004 0.000000
1.000000 0.000000 0.000000 -0.000000
0.000111 -0.000000 0.999889 0.000000
0.997094 0.000000 0.002906 -0.000000
0.316443 0.000000 0.683557 0.000000
0.028542 0.000000 0.971458 0.000000
0.081111 0.000000 0.918889 0.000000
0.998008 0.000000 0.001992 -0.000000
0.000002 -0.000000 0.999998 -0.000000
0.999963 0.000000 0.000037 -0.000000
0.070495 0.000000 0.929505 -0.000000
0.210097 -0.000000 0.789903 0.000000
0.000557 0.000000 0.999443 -0.000000
0.000289 0.000000 0.999711 -0.000000
0.003789 0.000000 0.996211 0.000000
0.001416 0.000000 0.998584 -0.000000
0.000204 0.000000 0.999796 -0.000000
0.999998 -0.000000 0.000002 -0.000000
1.000000 -0.000000 0.000000 0.000000
0.013151 -0.000000 0.986849 0.000000
0.035822 0.000000 0.964178 -0.000000
0.000003 -0.000000 0.999997 0.000000
0.959691 -0.000000 0.040309 0.000000
0.123762 -0.000000 0.876238 -0.000000
0.009802 0.000000 0.990198 0.000000
0.019721 0.000000 0.980279 -0.000000
1.000000 0.000000 0.000000 0.000000
1.000000 -0.000000 0.000000 0.000000
1.000000 0.000000 0.000000 0.000000
0.000500 0.000000 0.999500 -0.000000
0.000024 0.000000 0.999976 0.000000
0.037381 -0.000000 0.962619 0.000000
1.000000 -0.000000 0.000000 0.000000
0.041025 0.000000 0.958975 -0.000000
0.999999 0.000000 0.000001 -0.000000
0.986225 -0.000000 0.013775 -0.000000
0.781747 -0.000000 0.218253 0.000000
0.000030 0.000000 0.999970 0.000000
0.999994 0.000000 0.000006 0.000000
0.038438 -0.000000 0.961562 -0.000000
0.113072 0.000000 0.886928 0.000000
0.000065 0.000000 0.999935 0.000000
0.000136 -0.000000 0.999864 -0.000000
0.000456 0.000000 0.999544 0.000000
0.899675 0.000000 0.100325 0.000000
0.000001 -0.000000 0.999999 0.000000
1.000000 -0.000000 0.000000 0.000000
0.044584 -0.000000 0.955416 0.000000
0.000001 -0.000000 0.999999 -0.000000
0.000431 -0.000000 0.999569 -0.000000
1.000000 -0.000000 0.000000 0.000000
1.000000 -0.000000 0.000000 -0.000000
0.898971 0.000000 0.101029 -0.000000
0.603420 0.000000 0.396580 -0.000000
0.999797 -0.000000 0.000203 0.000000
0.013444 0.000000 0.986556 0.000000
1.000000 0.000000 0.000000 0.000000
0.999994 -0.000000 0.000006 0.000000
0.000040 -0.000000 0.999960 -0.000000
0.052759 0.000000 0.947241 0.000000
0.999985 0.000000 0.000015 -0.000000
1.000000 -0.000000 0.000000 0.000000
0.008909 0.000000 0.991091 -0.000000
1.000000 -0.000000 0.000000 0.000000
0.000001 -0.000000 0.999999 0.000000
0.000460 0.000000 0.999540 0.000000
1.000000 -0.000000 0.000000 -0.000000
0.006497 -0.000000 0.993503 0.000000
0.000000 0.000000 1.000000 -0.000000
1.000000 0.000000 0.000000 -0.000000
0.995472 0.000000 0.004528 -0.000000
0.184430 0.000000 0.815570 -0.000000
1.000000 0.000000 0.000000 -0.000000
0.000962 0.000000 0.999038 0.000000
0.001037 -0.000000 0.998963 -0.000000
1.000000 0.000000 0.000000 -0.000000
0.000579 -0.000000 0.999421 0.000000
1.000000 0.000000 -0.000000 0.000000
0.002039 -0.000000 0.997961 -0.000000
0.000021 0.000000 0.999979 0.000000
1.000000 0.000000 -0.000000 -0.000000
0.999249 -0.000000 0.000751 0.000000
0.334895 -0.000000 0.665105 -0.000000
0.004755 -0.000000 0.995245 0.000000
0.000473 -0.000000 0.999527 0.000000
0.999578 -0.000000 0.000422 -0.000000
1.000000 0.000000 0.000000 -0.000000
0.002145 -0.000000 0.997855 0.000000
0.000021 0.000000 0.999979 0.000000
0.023289 -0.000000 0.976711 0.000000
0.000422 0.000000 0.999578 -0.000000
0.999984 -0.000000 0.000016 0.000000
1.000000 -0.000000 0.000000 -0.000000
0.197832 0.000000 0.802168 0.000000
1.000000 0.000000 0.000000 -0.000000
0.929394 0.000000 0.070606 -0.000000
0.003090 0.000000 0.996910 -0.000000
0.019188 -0.000000 0.980812 0.000000
0.999626 -0.000000 0.000374 0.000000
0.933537 0.000000 0.066463 0.000000
0.003417 0.000000 0.996583 -0.000000
0.014793 0.000000 0.985207 0.000000
1.000000 -0.000000 0.000000 0.000000
0.032251 0.000000 0.967749 0.000000
0.000004 -0.000000 0.999996 -0.000000
0.001428 -0.000000 0.998572 -0.000000
0.010913 -0.000000 0.989087 -0.000000
0.022519 -0.000000 0.977481 -0.000000
0.024596 0.000000 0.975404 0.000000
0.999999 0.000000 0.000001 0.000000
0.001646 -0.000000 0.998354 -0.000000
0.000317 -0.000000 0.999683 -0.000000
1.000000 -0.000000 0.000000 -0.000000
0.000001 -0.000000 0.999999 -0.000000
1.000000 -0.000000 0.000000 0.000000
0.999991 -0.000000 0.000009 -0.000000
0.633161 -0.000000 0.366839 -0.000000
0.022707 -0.000000 0.977293 -0.000000
0.999475 0.000000 0.000525 0.000000
0.001234 -0.000000 0.998766 -0.000000
0.944350 0.000000 0.055650 -0.000000
0.009964 0.000000 0.990036 0.000000
0.008326 0.000000 0.991674 0.000000
0.038244 -0.000000 0.961756 0.000000
0.000437 -0.000000 0.999563 -0.000000
0.007437 -0.000000 0.992563 -0.000000
0.000823 0.000000 0.999177 0.000000
1.000000 0.000000 0.000000 0.000000
0.000668 0.000000 0.999332 -0.000000
1.000000 0.000000 0.000000 -0.000000
0.999999 0.000000 0.000001 -0.000000
1.000000 0.000000 0.000000 -0.000000
0.001184 0.000000 0.998816 0.000000
0.001105 0.000000 0.998895 -0.000000
0.055112 -0.000000 0.944888 0.000000
0.000389 0.000000 0.999611 0.000000
0.114954 0.000000 0.885046 -0.000000
0.999638 0.000000 0.000362 -0.000000
1.000000 0.000000 0.000000 0.000000
0.000076 -0.000000 0.999924 0.000000
0.999998 0.000000 0.000002 -0.000000
0.000541 -0.000000 0.999459 0.000000
0.000312 -0.000000 0.999688 -0.000000
0.012829 0.000000 0.987171 0.000000
0.028255 0.000000 0.971745 -0.000000
1.000000 0.000000 -0.000000 0.000000
0.000413 0.000000 0.999587 -0.000000
0.370904 -0.000000 0.629096 -0.000000
0.265380 -0.000000 0.734620 -0.000000
0.081137 0.000000 0.918863 -0.000000
0.420492 0.000000 0.579508 0.000000
0.000019 0.000000 0.999981 0.000000
1.000000 0.000000 0.000000 -0.000000
1.000000 -0.000000 0.000000 0.000000
0.000175 0.000000 0.999825 0.000000
0.000788 -0.000000 0.999212 0.000000
1.000000 -0.000000 0.000000 0.000000
0.021523 -0.000000 0.978477 -0.000000
1.000000 0.000000 0.000000 -0.000000
0.000321 0.000000 0.999679 0.000000
0.014187 -0.000000 0.985813 -0.000000
1.000000 -0.000000 0.000000 0.000000
0.000137 0.000000 0.999863 0.000000
0.000411 0.000000 0.999589 0.000000
0.003833 -0.000000 0.996167 0.000000
0.000703 -0.000000 0.999297 0.000000
0.996245 -0.000000 0.003755 -0.000000
0.997383 -0.000000 0.002617 0.000000
1.000000 -0.000000 0.000000 -0.000000
0.032157 -0.000000 0.967843 -0.000000
1.000000 0.000000 0.000000 0.000000
0.000003 0.000000 0.999997 0.000000
0.000000 0.000000 1.000000 -0.000000
0.004689 -0.000000 0.995311 0.000000
0.275435 0.000000 0.724565 0.000000
0.129715 0.000000 0.870285 -0.000000
0.999906 0.000000 0.000094 -0.000000
0.999999 0.000000 0.000001 -0.000000
0.999646 0.000000 0.000354 -0.000000
0.000596 0.000000 0.999404 0.000000
0.000001 0.000000 0.999999 -0.000000
0.999866 0.000000 0.000134 -0.000000
1.000000 0.000000 0.000000 -0.000000
0.999934 0.000000 0.000066 -0.000000
0.000276 0.000000 0.999724 0.000000
0.001869 -0.000000 0.998131 -0.000000
1.000000 -0.000000 0.000000 0.000000
0.001914 -0.000000 0.998086 -0.000000
0.000002 0.000000 0.999998 -0.000000
1.000000 -0.000000 0.000000 -0.000000
0.002435 -0.000000 0.997565 -0.000000
1.000000 0.000000 0.000000 0.000000
0.001607 -0.000000 0.998393 0.000000
0.000269 -0.000000 0.999731 -0.000000
0.021818 0.000000 0.978182 -0.000000
0.999477 -0.000000 0.000523 0.000000
0.031983 0.000000 0.968017 0.000000
0.000044 -0.000000 0.999956 -0.000000
0.015296 0.000000 0.984704 0.000000
0.000711 -0.000000 0.999289 0.000000
0.726907 -0.000000 0.273093 0.000000
0.000072 0.000000 0.999928 0.000000
0.002234 -0.000000 0.997766 -0.000000
1.000000 0.000000 -0.000000 -0.000000
0.023263 0.000000 0.976737 0.000000
0.137529 -0.000000 0.862471 0.000000
0.993150 -0.000000 0.006850 0.000000
0.029339 -0.000000 0.970661 0.000000
0.064101 0.000000 0.935899 0.000000
0.110694 0.000000 0.889306 -0.000000
0.000015 0.000000 0.999985 0.000000
0.003176 -0.000000 0.996824 -0.000000
0.999392 -0.000000 0.000608 -0.000000
1.000000 0.000000 0.000000 0.000000
0.000309 0.000000 0.999691 0.000000
0.022515 -0.000000 0.977485 -0.000000
0.985730 0.000000 0.014270 0.000000
0.076876 -0.000000 0.923124 -0.000000
1.000000 -0.000000 0.000000 -0.000000
0.001444 0.000000 0.998556 0.000000
0.467591 -0.000000 0.532409 -0.000000
0.000049 0.000000 0.999951 -0.000000
0.007243 -0.000000 0.992757 0.000000
0.509754 0.000000 0.490246 0.000000
0.006546 -0.000000 0.993454 -0.000000
1.000000 0.000000 0.000000 0.000000
0.001020 -0.000000 0.998980 -0.000000
0.999999 0.000000 0.000001 0.000000
0.944160 0.000000 0.055840 -0.000000
0.001585 -0.000000 0.998415 0.000000
0.999999 0.000000 0.000001 0.000000
0.000009 0.000000 0.999991 -0.000000
1.000000 -0.000000 0.000000 0.000000
0.047379 -0.000000 0.952621 0.000000
0.999754 0.000000 0.000246 0.000000
0.870542 -0.000000 0.129458 0.000000
1.000000 0.000000 0.000000 0.000000
0.999999 -0.000000 0.000001 -0.000000
0.000298 0.000000 0.999702 0.000000
0.905684 0.000000 0.094316 0.000000
1.000000 -0.000000 0.000000 -0.000000
0.999853 -0.000000 0.000147 0.000000
0.013818 -0.000000 0.986182 -0.000000
1.000000 -0.000000 0.000000 -0.000000
0.992654 -0.000000 0.007346 0.000000
0.001665 0.000000 0.998335 -0.000000
0.000004 0.000000 0.999996 0.000000
0.990383 -0.000000 0.009617 -0.000000
0.999992 0.000000 0.000008 -0.000000
0.999679 0.000000 0.000321 -0.000000
0.000346 0.000000 0.999654 -0.000000
1.000000 0.000000 0.000000 0.000000
0.007401 -0.000000 0.992599 0.000000
0.000000 0.000000 1.000000 -0.000000
0.060661 -0.000000 0.939339 0.000000
0.001696 0.000000 0.998304 -0.000000
0.000062 0.000000 0.999938 -0.000000
0.004824 -0.000000 0.995176 0.000000
0.013305 0.000000 0.986695 -0.000000
1.000000 -0.000000 0.000000 0.000000
0.000012 -0.000000 0.999988 -0.000000
0.999987 0.000000 0.000013 -0.000000
0.000156 -0.000000 0.999844 0.000000
0.322752 -0.000000 0.677248 0.000000
0.044115 -0.000000 0.955885 -0.000000
0.000803 -0.000000 0.999197 0.000000
0.000009 0.000000 0.999991 0.000000
0.044243 -0.000000 0.955757 0.000000
1.000000 0.000000 0.000000 -0.000000
0.007181 -0.000000 0.992819 0.000000
0.000158 0.000000 0.999842 -0.000000
0.003039 -0.000000 0.996961 0.000000
0.123778 -0.000000 0.876222 0.000000
0.000052 0.000000 0.999948 -0.000000
0.000295 -0.000000 0.999705 -0.000000
0.162339 0.000000 0.837661 0.000000
0.111223 0.000000 0.888777 0.000000
0.000007 -0.000000 0.999993 -0.000000
0.002810 0.000000 0.997190 0.000000
0.921985 -0.000000 0.078015 -0.000000
0.999575 0.000000 0.000425 0.000000
1.000000 0.000000 0.000000 0.000000
0.004956 -0.000000 0.995044 0.000000
0.948053 0.000000 0.051947 0.000000
0.006114 0.000000 0.993886 -0.000000
0.000007 -0.000000 0.999993 -0.000000
1.000000 -0.000000 0.000000 -0.000000
0.998475 -0.000000 0.001525 -0.000000
1.000000 0.000000 0.000000 0.000000
0.001032 0.000000 0.998968 0.000000
0.999999 0.000000 0.000001 -0.000000
0.245371 0.000000 0.754629 -0.000000
0.327944 0.000000 0.672056 0.000000
0.979223 0.000000 0.020777 -0.000000
0.008465 -0.000000 0.991535 0.000000
0.987346 -0.000000 0.012654 -0.000000
0.000002 -0.000000 0.999998 -0.000000
0.028612 0.000000 0.971388 0.000000
0.000633 -0.000000 0.999367 -0.000000
0.004913 -0.000000 0.995087 -0.000000
0.999621 0.000000 0.000379 0.000000
0.002728 0.000000 0.997272 -0.000000
0.002356 -0.000000 0.997644 -0.000000
1.000000 -0.000000 0.000000 -0.000000
0.999962 -0.000000 0.000038 0.000000
0.999645 0.000000 0.000355 0.000000
0.000120 -0.000000 0.999880 0.000000
0.914604 0.000000 0.085396 0.000000
0.873191 -0.000000 0.126809 -0.000000
0.035165 0.000000 0.964835 -0.000000
0.999733 -0.000000 0.000267 -0.000000
0.000006 -0.000000 0.999994 0.000000
0.649753 0.000000 0.350247 -0.000000
0.132636 -0.000000 0.867364 -0.000000
0.999959 -0.000000 0.000041 0.000000
0.999979 0.000000 0.000021 -0.000000
0.107174 0.000000 0.892826 0.000000
0.999606 -0.000000 0.000394 0.000000
0.899395 0.000000 0.100605 0.000000
0.003644 0.000000 0.996356 -0.000000
1.000000 0.000000 0.000000 0.000000
0.042772 -0.000000 0.957228 -0.000000
1.000000 -0.000000 0.000000 0.000000
0.973273 0.000000 0.026727 -0.000000
0.003661 -0.000000 0.996339 -0.000000
0.004430 0.000000 0.995570 0.000000
0.009492 0.000000 0.990508 0.000000
0.074891 0.000000 0.925109 0.000000
0.000422 0.000000 0.999578 -0.000000
0.999974 0.000000 0.000026 -0.000000
0.000129 0.000000 0.999871 0.000000
0.001684 0.000000 0.998316 -0.000000
0.000830 0.000000 0.999170 -0.000000
1.000000 0.000000 0.000000 -0.000000
1.000000 0.000000 0.000000 0.000000
0.013256 0.000000 0.986744 0.000000
0.002142 -0.000000 0.997858 -0.000000
0.228192 -0.000000 0.771808 -0.000000
0.000539 -0.000000 0.999461 0.000000
1.000000 -0.000000 0.000000 0.000000
0.003889 0.000000 0.996111 0.000000
1.000000 0.000000 0.000000 0.000000
0.001032 -0.000000 0.998968 0.000000
0.069974 -0.000000 0.930026 -0.000000
0.000212 -0.000000 0.999788 -0.000000
0.000182 -0.000000 0.999818 0.000000
0.610341 -0.000000 0.389659 0.000000
0.000108 0.000000 0.999892 0.000000
0.109836 0.000000 0.890164 -0.000000
1.000000 0.000000 0.000000 -0.000000
0.003831 -0.000000 0.996169 -0.000000
0.075047 0.000000 0.924953 -0.000000
0.006397 -0.000000 0.993603 -0.000000
1.000000 -0.000000 0.000000 -0.000000
0.000085 -0.000000 0.999915 0.000000
0.024393 0.000000 0.975607 -0.000000
0.998757 -0.000000 0.001243 0.000000
0.065875 -0.000000 0.934125 0.000000
0.000665 -0.000000 0.999335 -0.000000
0.983313 0.000000 0.016687 0.000000
0.992163 -0.000000 0.007837 -0.000000
0.000000 -0.000000 1.000000 0.000000
1.000000 -0.000000 0.000000 -0.000000
0.000006 0.000000 0.999994 0.000000
0.035842 -0.000000 0.964158 0.000000
0.544600 0.000000 0.455400 0.000000
1.000000 -0.000000 0.000000 0.000000
0.999833 -0.000000 0.000167 -0.000000
0.052447 -0.000000 0.947553 -0.000000
0.000672 0.000000 0.999328 0.000000
0.989500 0.000000 0.010500 -0.000000
0.015066 -0.000000 0.984934 -0.000000
0.029888 -0.000000 0.970112 -0.000000
0.996892 0.000000 0.003108 0.000000
0.037119 0.000000 0.962881 0.000000
0.024709 0.000000 0.975291 0.000000
0.999561 -0.000000 0.000439 -0.000000
1.000000 -0.000000 0.000000 0.000000
0.999998 0.000000 0.000002 -0.000000
0.755410 0.000000 0.244590 -0.000000
0.002241 0.000000 0.997759 -0.000000
0.999947 0.000000 0.000053 -0.000000
0.582671 -0.000000 0.417329 -0.000000
1.000000 0.000000 0.000000 0.000000
0.999995 0.000000 0.000005 0.000000
0.009578 -0.000000 0.990422 0.000000
0.002299 0.000000 0.997701 -0.000000
0.006242 0.000000 0.993758 0.000000
0.000133 -0.000000 0.999867 0.000000
1.000000 -0.000000 0.000000 0.000000
0.014565 -0.000000 0.985435 0.000000
0.033081 -0.000000 0.966919 0.000000
0.033678 -0.000000 0.966322 -0.000000
0.000499 0.000000 0.999501 0.000000
1.000000 -0.000000 -0.000000 -0.000000
0.813387 -0.000000 0.186613 -0.000000
0.998284 -0.000000 0.001716 -0.000000
0.001167 -0.000000 0.998833 -0.000000
0.999532 -0.000000 0.000468 -0.000000
1.000000 0.000000 0.000000 0.000000
1.000000 -0.000000 0.000000 -0.000000
0.017644 -0.000000 0.982356 -0.000000
0.909199 -0.000000 0.090801 -0.000000
0.003968 0.000000 0.996032 -0.000000
1.000000 -0.000000 0.000000 0.000000
0.000403 -0.000000 0.999597 0.000000
0.000920 0.000000 0.999080 -0.000000
0.999959 0.000000 0.000041 0.000000
0.998069 -0.000000 0.001931 0.000000
0.000072 -0.000000 0.999928 -0.000000
0.025729 0.000000 0.974271 0.000000
0.000484 0.000000 0.999516 0.000000
0.000034 -0.000000 0.999966 0.000000
0.003521 -0.000000 0.996479 0.000000
0.202537 -0.000000 0.797463 -0.000000
0.005154 0.000000 0.994846 0.000000
0.001429 0.000000 0.998571 -0.000000
0.999238 -0.000000 0.000762 0.000000
1.000000 -0.000000 0.000000 0.000000
0.041643 0.000000 0.958357 -0.000000
0.018396 -0.000000 0.981604 0.000000
0.002952 0.000000 0.997048 -0.000000
0.874432 -0.000000 0.125568 -0.000000
0.002196 -0.000000 0.997804 0.000000
0.006843 -0.000000 0.993157 0.000000
0.999744 -0.000000 0.000256 -0.000000
0.000201 0.000000 0.999799 0.000000
0.000394 -0.000000 0.999606 0.000000
0.010721 -0.000000 0.989279 -0.000000
0.999994 -0.000000 0.000006 0.000000
0.534516 0.000000 0.465484 -0.000000
1.000000 -0.000000 0.000000 -0.000000
0.191015 0.000000 0.808985 -0.000000
0.000461 -0.000000 0.999539 -0.000000
0.365670 -0.000000 0.634330 -0.000000
0.000008 0.000000 0.999992 -0.000000
0.999979 0.000000 0.000021 0.000000
0.997190 -0.000000 0.002810 0.000000
0.278260 -0.000000 0.721740 -0.000000
0.999211 0.000000 0.000789 0.000000
1.000000 0.000000 0.000000 -0.000000
1.000000 -0.000000 0.000000 -0.000000
0.000169 0.000000 0.999831 0.000000
0.036364 0.000000 0.963636 -0.000000
0.999590 0.000000 0.000410 0.000000
0.999975 0.000000 0.000025 -0.000000
0.001074 0.000000 0.998926 -0.000000
0.000542 0.000000 0.999458 -0.000000
0.009126 0.000000 0.990874 0.000000
0.000003 0.000000 0.999997 0.000000
0.001512 0.000000 0.998488 0.000000
0.999999 0.000000 0.000001 -0.000000
1.000000 0.000000 0.000000 -0.000000
0.000303 0.000000 0.999697 -0.000000
0.999971 0.000000 0.000029 -0.000000
0.006713 -0.000000 0.993287 -0.000000
0.007525 0.000000 0.992475 0.000000
0.999569 -0.000000 0.000431 -0.000000
1.000000 -0.000000 0.000000 0.000000
0.121672 0.000000 0.878328 -0.000000
0.028827 -0.000000 0.971173 0.000000
0.004958 0.000000 0.995042 0.000000
0.000010 -0.000000 0.999990 -0.000000
0.185895 0.000000 0.814105 -0.000000
0.086819 0.000000 0.913181 -0.000000
0.754399 -0.000000 0.245601 -0.000000
0.000997 -0.000000 0.999003 0.000000
0.007570 -0.000000 0.992430 -0.000000
0.031403 0.000000 0.968597 0.000000
0.013033 -0.000000 0.986967 -0.000000
0.040852 0.000000 0.959148 -0.000000
0.001118 -0.000000 0.998882 -0.000000
1.000000 0.000000 0.000000 -0.000000
0.026588 0.000000 0.973412 -0.000000
0.506496 0.000000 0.493504 -0.000000
0.018214 0.000000 0.981786 0.000000
0.006580 -0.000000 0.993420 0.000000
0.307319 0.000000 0.692681 -0.000000
0.032197 0.000000 0.967803 0.000000
0.727552 -0.000000 0.272448 -0.000000
0.970332 -0.000000 0.029668 0.000000
1.000000 0.000000 0.000000 -0.000000
0.090552 -0.000000 0.909448 0.000000
0.999294 -0.000000 0.000706 0.000000
0.999864 0.000000 0.000136 -0.000000
0.015083 -0.000000 0.984917 0.000000
0.001201 0.000000 0.998799 0.000000
1.000000 -0.000000 0.000000 0.000000
0.059621 -0.000000 0.940379 -0.000000
0.054624 0.000000 0.945376 0.000000
0.000975 0.000000 0.999025 -0.000000
0.089512 0.000000 0.910488 -0.000000
0.158113 0.000000 0.841887 -0.000000
0.000317 0.000000 0.999683 -0.000000
1.000000 0.000000 0.000000 -0.000000
0.820596 -0.000000 0.179404 0.000000
0.928091 -0.000000 0.071909 0.000000
1.000000 0.000000 0.000000 -0.000000
0.163788 -0.000000 0.836212 0.000000
0.001583 -0.000000 0.998417 0.000000
0.012570 0.000000 0.987430 0.000000
1.000000 0.000000 0.000000 -0.000000
0.987377 -0.000000 0.012623 0.000000
0.025871 0.000000 0.974129 -0.000000
0.014663 0.000000 0.985337 -0.000000
1.000000 -0.000000 0.000000 -0.000000
1.000000 -0.000000 0.000000 0.000000
0.010250 0.000000 0.989750 -0.000000
0.001783 -0.000000 0.998217 0.000000
0.999974 0.000000 0.000026 -0.000000
0.000029 -0.000000 0.999971 -0.000000
0.999966 -0.000000 0.000034 0.000000
0.900936 0.000000 0.099064 0.000000
0.000722 0.000000 0.999278 0.000000
0.220520 0.000000 0.779480 0.000000
0.997428 -0.000000 0.002572 -0.000000
1.000000 0.000000 0.000000 -0.000000
0.002636 -0.000000 0.997364 -0.000000
0.629000 -0.000000 0.371000 -0.000000
0.092998 -0.000000 0.907002 0.000000
0.000618 0.000000 0.999382 0.000000
0.000153 -0.000000 0.999847 -0.000000
0.036726 -0.000000 0.963274 0.000000
0.006165 0.000000 0.993835 -0.000000
0.056023 -0.000000 0.943977 -0.000000
0.067559 0.000000 0.932441 0.000000
1.000000 -0.000000 0.000000 -0.000000
0.040226 -0.000000 0.959774 0.000000
0.015302 -0.000000 0.984698 0.000000
0.256549 0.000000 0.743451 -0.000000
1.000000 -0.000000 0.000000 -0.000000
0.000351 -0.000000 0.999649 -0.000000
0.002407 -0.000000 0.997593 -0.000000
0.683270 -0.000000 0.316730 0.000000
1.000000 -0.000000 0.000000 0.000000
0.999864 0.000000 0.000136 -0.000000
0.000074 -0.000000 0.999926 -0.000000
0.999565 -0.000000 0.000435 -0.000000
0.002105 0.000000 0.997895 -0.000000
0.000012 0.000000 0.999988 0.000000
0.036405 0.000000 0.963595 0.000000
0.999973 -0.000000 0.000027 0.000000
0.999884 0.000000 0.000116 0.000000
0.014124 -0.000000 0.985876 0.000000
0.004126 0.000000 0.995874 0.000000
0.000025 -0.000000 0.999975 -0.000000
0.004397 0.000000 0.995603 0.000000
1.000000 0.000000 0.000000 0.000000
0.994753 0.000000 0.005247 0.000000
0.164095 0.000000 0.835905 0.000000
1.000000 -0.000000 0.000000 0.000000
0.999999 0.000000 0.000001 -0.000000
0.001724 0.000000 0.998276 -0.000000
0.999785 -0.000000 0.000215 -0.000000
0.000000 0.000000 1.000000 0.000000
0.535878 0.000000 0.464122 -0.000000
0.003710 -0.000000 0.996290 -0.000000
0.964583 -0.000000 0.035417 -0.000000
0.999489 0.000000 0.000511 0.000000
0.068510 0.000000 0.931490 0.000000
0.999813 0.000000 0.000187 -0.000000
1.000000 0.000000 0.000000 0.000000
0.063339 -0.000000 0.936661 -0.000000
0.620402 0.000000 0.379598 0.000000
0.997599 -0.000000 0.002401 -0.000000
0.001167 0.000000 0.998833 -0.000000
0.002189 -0.000000 0.997811 0.000000
0.246428 0.000000 0.753572 0.000000
0.001725 -0.000000 0.998275 -0.000000
0.000113 0.000000 0.999887 0.000000
0.001678 0.000000 0.998322 0.000000
0.756103 -0.000000 0.243897 -0.000000
0.020050 0.000000 0.979950 0.000000
0.952921 -0.000000 0.047079 0.000000
0.005803 0.000000 0.994197 0.000000
0.000089 -0.000000 0.999911 0.000000
0.000395 0.000000 0.999605 -0.000000
0.171627 0.000000 0.828373 -0.000000
0.103752 -0.000000 0.896248 0.000000
0.219332 0.000000 0.780668 0.000000
0.373726 -0.000000 0.626274 0.000000
0.641431 -0.000000 0.358569 0.000000
0.005252 -0.000000 0.994748 -0.000000
0.552828 0.000000 0.447172 -0.000000
0.999990 0.000000 0.000010 0.000000
0.000227 -0.000000 0.999773 0.000000
0.999966 0.000000 0.000034 -0.000000
0.009328 0.000000 0.990672 0.000000
0.002801 0.000000 0.997199 -0.000000
0.004623 0.000000 0.995377 -0.000000
0.014695 0.000000 0.985305 -0.000000
0.033676 -0.000000 0.966324 -0.000000
0.000539 0.000000 0.999461 0.000000
0.012047 -0.000000 0.987953 -0.000000
1.000000 0.000000 0.000000 0.000000
0.989876 -0.000000 0.010124 0.000000
0.000056 0.000000 0.999944 0.000000
0.004585 -0.000000 0.995415 0.000000
1.000000 0.000000 0.000000 0.000000
0.999998 -0.000000 0.000002 0.000000
0.015865 0.000000 0.984135 0.000000
0.858937 -0.000000 0.141063 -0.000000
1.000000 -0.000000 0.000000 -0.000000
0.014046 0.000000 0.985954 -0.000000
0.000647 0.000000 0.999353 -0.000000
0.000356 -0.000000 0.999644 0.000000
0.015727 -0.000000 0.984273 -0.000000
0.000382 0.000000 0.999618 0.000000
0.949790 -0.000000 0.050210 -0.000000
0.000000 -0.000000 1.000000 -0.000000
0.016954 0.000000 0.983046 0.000000
0.022567 0.000000 0.977433 -0.000000
0.000008 0.000000 0.999992 0.000000
1.000000 0.000000 0.000000 -0.000000
0.999998 -0.000000 0.000002 -0.000000
0.672003 0.000000 0.327997 0.000000
1.000000 -0.000000 0.000000 0.000000
0.999926 0.000000 0.000074 -0.000000
0.839764 -0.000000 0.160236 0.000000
0.237509 -0.000000 0.762491 0.000000
1.000000 0.000000 0.000000 -0.000000
1.000000 -0.000000 0.000000 0.000000
0.001216 -0.000000 0.998784 -0.000000
0.008121 0.000000 0.991879 -0.000000
0.000811 0.000000 0.999189 -0.000000
0.000659 -0.000000 0.999341 -0.000000
0.012623 -0.000000 0.987377 0.000000
0.001862 0.000000 0.998138 -0.000000
0.000001 0.000000 0.999999 -0.000000
0.966840 -0.000000 0.033160 -0.000000
0.051310 -0.000000 0.948690 0.000000
0.332475 -0.000000 0.667525 0.000000
0.036223 -0.000000 0.963777 -0.000000
0.000803 -0.000000 0.999197 -0.000000
0.945929 0.000000 0.054071 0.000000
0.063914 -0.000000 0.936086 -0.000000
1.000000 -0.000000 0.000000 -0.000000
0.102244 -0.000000 0.897756 0.000000
0.107339 -0.000000 0.892661 -0.000000
0.000042 0.000000 0.999958 -0.000000
0.024443 0.000000 0.975557 -0.000000
0.000882 -0.000000 0.999118 -0.000000
0.000182 0.000000 0.999818 -0.000000
0.001286 0.000000 0.998714 0.000000
0.111871 0.000000 0.888129 0.000000
0.520883 -0.000000 0.479117 0.000000
0.087237 -0.000000 0.912763 0.000000
0.012166 -0.000000 0.987834 0.000000
0.991446 0.000000 0.008554 -0.000000
0.000000 0.000000 1.000000 0.000000
0.182970 -0.000000 0.817030 0.000000
0.000052 -0.000000 0.999948 -0.000000
0.000658 0.000000 0.999342 0.000000
0.956802 0.000000 0.043198 -0.000000
0.026667 0.000000 0.973333 -0.000000
0.003130 0.000000 0.996870 0.000000
0.044487 0.000000 0.955513 0.000000
0.999979 -0.000000 0.000021 -0.000000
0.000196 0.000000 0.999804 0.000000
1.000000 0.000000 0.000000 0.000000
1.000000 0.000000 0.000000 -0.000000
0.778778 -0.000000 0.221222 -0.000000
0.000205 0.000000 0.999795 -0.000000
0.046216 -0.000000 0.953784 -0.000000
1.000000 0.000000 -0.000000 -0.000000
0.000380 -0.000000 0.999620 0.000000
1.000000 0.000000 0.000000 -0.000000
0.246923 -0.000000 0.753077 0.000000
0.000105 0.000000 0.999895 -0.000000
0.018852 -0.000000 0.981148 -0.000000
0.016571 0.000000 0.983429 0.000000
0.999959 -0.000000 0.000041 -0.000000
0.000025 -0.000000 0.999975 0.000000
0.026800 0.000000 0.973200 -0.000000
0.010502 -0.000000 0.989498 0.000000
0.211225 0.000000 0.788775 0.000000
0.001548 0.000000 0.998452 -0.000000
0.000008 -0.000000 0.999992 -0.000000
0.897670 0.000000 0.102330 0.000000
0.000344 -0.000000 0.999656 -0.000000
0.016378 0.000000 0.983622 0.000000
0.000208 0.000000 0.999792 0.000000
0.005238 -0.000000 0.994762 -0.000000
0.307773 -0.000000 0.692227 0.000000
0.000000 -0.000000 1.000000 0.000000
0.999746 -0.000000 0.000254 -0.000000
0.000273 0.000000 0.999727 0.000000
1.000000 0.000000 0.000000 0.000000
0.016183 0.000000 0.983817 -0.000000
1.000000 -0.000000 -0.000000 -0.000000
0.788135 0.000000 0.211865 -0.000000
0.001702 -0.000000 0.998298 -0.000000
0.999930 0.000000 0.000070 -0.000000
0.999991 0.000000 0.000009 0.000000
0.005507 -0.000000 0.994493 0.000000
1.000000 -0.000000 0.000000 0.000000
0.059251 0.000000 0.940749 0.000000
0.000311 0.000000 0.999689 0.000000
0.054427 -0.000000 0.945573 0.000000
0.001392 0.000000 0.998608 0.000000
0.002140 0.000000 0.997860 -0.000000
1.000000 0.000000 0.000000 0.000000
0.045763 -0.000000 0.954237 0.000000
0.446892 -0.000000 0.553108 0.000000
0.001725 0.000000 0.998275 -0.000000
0.086399 0.000000 0.913601 0.000000
0.008812 0.000000 0.991188 -0.000000
0.000133 0.000000 0.999867 -0.000000
0.000006 -0.000000 0.999994 0.000000
0.922029 0.000000 0.077971 0.000000
0.080981 0.000000 0.919019 0.000000
0.999999 0.000000 0.000001 0.000000
0.000016 0.000000 0.999984 -0.000000
0.016566 -0.000000 0.983434 0.000000
0.998610 0.000000 0.001390 0.000000
0.999982 0.000000 0.000018 -0.000000
0.062004 -0.000000 0.937996 0.000000
0.002446 -0.000000 0.997554 -0.000000
0.000000 0.000000 1.000000 -0.000000
0.006299 0.000000 0.993701 -0.000000
0.000005 0.000000 0.999995 0.000000
0.003924 -0.000000 0.996076 0.000000
0.176620 0.000000 0.823380 0.000000
0.001453 -0.000000 0.998547 -0.000000
0.099634 -0.000000 0.900366 0.000000
0.016996 0.000000 0.983004 0.000000
0.999972 0.000000 0.000028 0.000000
0.011592 0.000000 0.988408 0.000000
0.000155 0.000000 0.999845 -0.000000
0.072981 0.000000 0.927019 -0.000000
1.000000 -0.000000 0.000000 -0.000000
1.000000 0.000000 0.000000 0.000000
0.017778 -0.000000 0.982222 -0.000000
0.006973 -0.000000 0.993027 -0.000000
0.002527 0.000000 0.997473 -0.000000
0.009476 -0.000000 0.990524 -0.000000
1.000000 -0.000000 0.000000 0.000000
0.994657 0.000000 0.005343 -0.000000
0.534058 -0.000000 0.465942 0.000000
0.999999 0.000000 0.000001 -0.000000
1.000000 -0.000000 0.000000 -0.000000
0.999999 -0.000000 0.000001 0.000000
1.000000 -0.000000 -0.000000 -0.000000
0.043103 -0.000000 0.956897 0.000000
0.350902 0.000000 0.649098 0.000000
1.000000 0.000000 0.000000 0.000000
0.002171 0.000000 0.997829 0.000000
0.743969 0.000000 0.256031 0.000000
0.000001 0.000000 0.999999 -0.000000
0.861304 0.000000 0.138696 0.000000
1.000000 0.000000 -0.000000 -0.000000
0.975372 0.000000 0.024628 -0.000000
0.006763 0.000000 0.993237 0.000000
0.870956 0.000000 0.129044 0.000000
0.013616 0.000000 0.986384 0.000000
0.057249 -0.000000 0.942751 0.000000
1.000000 -0.000000 0.000000 -0.000000
0.999942 -0.000000 0.000058 0.000000
0.142984 0.000000 0.857016 0.000000
0.010556 -0.000000 0.989444 -0.000000
0.000066 -0.000000 0.999934 -0.000000
0.043801 -0.000000 0.956199 -0.000000
1.000000 0.000000 0.000000 -0.000000
0.003432 -0.000000 0.996568 0.000000
0.037607 -0.000000 0.962393 -0.000000
1.000000 -0.000000 0.000000 -0.000000
0.026770 0.000000 0.973230 -0.000000
0.001344 0.000000 0.998656 -0.000000
0.010440 0.000000 0.989560 -0.000000
0.016297 0.000000 0.983703 0.000000
0.011598 0.000000 0.988402 -0.000000
0.999949 0.000000 0.000051 0.000000
1.000000 0.000000 0.000000 -0.000000
0.000127 0.000000 0.999873 0.000000
0.999999 0.000000 0.000001 -0.000000
0.938225 -0.000000 0.061775 0.000000
0.082873 0.000000 0.917127 0.000000
0.054522 0.000000 0.945478 0.000000
1.000000 0.000000 0.000000 0.000000
0.002145 -0.000000 0.997855 -0.000000
0.034694 -0.000000 0.965306 0.000000
1.000000 -0.000000 0.000000 -0.000000
0.028811 -0.000000 0.971189 -0.000000
1.000000 -0.000000 0.000000 0.000000
1.000000 0.000000 0.000000 0.000000
0.000002 0.000000 0.999998 0.000000
0.007661 0.000000 0.992339 -0.000000
0.001028 -0.000000 0.998972 -0.000000
0.997625 0.000000 0.002375 0.000000
0.948634 -0.000000 0.051366 -0.000000
0.999980 0.000000 0.000020 0.000000
0.001271 0.000000 0.998729 -0.000000
0.999097 0.000000 0.000903 0.000000
0.477191 0.000000 0.522809 -0.000000
0.032272 0.000000 0.967728 0.000000
0.749294 0.000000 0.250706 0.000000
0.999999 -0.000000 0.000001 -0.000000
0.995837 0.000000 0.004163 0.000000
0.009345 -0.000000 0.990655 -0.000000
0.999493 -0.000000 0.000507 -0.000000
0.999839 -0.000000 0.000161 0.000000
0.000156 0.000000 0.999844 -0.000000
0.999997 0.000000 0.000003 -0.000000
0.995070 0.000000 0.004930 0.000000
0.905264 -0.000000 0.094736 0.000000
0.017472 -0.000000 0.982528 0.000000
0.002281 0.000000 0.997719 -0.000000
1.000000 0.000000 0.000000 0.000000
0.320079 -0.000000 0.679921 0.000000
0.686620 -0.000000 0.313380 0.000000
0.999923 -0.000000 0.000077 -0.000000
0.005824 -0.000000 0.994176 -0.000000
0.019164 0.000000 0.980836 -0.000000
0.999642 0.000000 0.000358 0.000000
0.999051 -0.000000 0.000949 0.000000
0.000810 -0.000000 0.999190 -0.000000
0.032661 0.000000 0.967339 0.000000
1.000000 0.000000 0.000000 0.000000
0.084984 0.000000 0.915016 0.000000
0.149316 -0.000000 0.850684 0.000000
0.846032 -0.000000 0.153968 0.000000
0.999258 0.000000 0.000742 0.000000
0.009640 0.000000 0.990360 -0.000000
0.999953 0.000000 0.000047 0.000000
1.000000 -0.000000 0.000000 0.000000
1.000000 -0.000000 0.000000 -0.000000
0.982378 0.000000 0.017622 0.000000
0.000410 0.000000 0.999590 0.000000
0.004246 0.000000 0.995754 -0.000000
0.999923 0.000000 0.000077 -0.000000
0.771810 -0.000000 0.228190 0.000000
1.000000 -0.000000 0.000000 -0.000000
0.068711 0.000000 0.931289 -0.000000
0.963395 0.000000 0.036605 -0.000000
1.000000 0.000000 0.000000 -0.000000
0.997233 0.000000 0.002767 -0.000000
0.955211 0.000000 0.044789 -0.000000
0.999990 0.000000 0.000010 -0.000000
0.001381 -0.000000 0.998619 0.000000
0.999877 -0.000000 0.000123 -0.000000
0.000447 0.000000 0.999553 0.000000
0.999970 -0.000000 0.000030 0.000000
0.000474 -0.000000 0.999526 -0.000000
1.000000 -0.000000 0.000000 -0.000000
0.998967 0.000000 0.001033 -0.000000
0.054001 -0.000000 0.945999 0.000000
0.999999 -0.000000 0.000001 0.000000
1.000000 -0.000000 0.000000 0.000000
1.000000 0.000000 0.000000 0.000000
0.000001 0.000000 0.999999 0.000000
0.000027 -0.000000 0.999973 0.000000
0.802370 -0.000000 0.197630 -0.000000
0.013956 0.000000 0.986044 0.000000
0.968260 -0.000000 0.031740 -0.000000
0.003111 0.000000 0.996889 -0.000000
1.000000 -0.000000 0.000000 0.000000
0.994398 0.000000 0.005602 -0.000000
0.015847 -0.000000 0.984153 -0.000000
0.999146 0.000000 0.000854 0.000000
0.004773 0.000000 0.995227 -0.000000
0.000071 0.000000 0.999929 0.000000
0.010213 0.000000 0.989787 -0.000000
0.016861 -0.000000 0.983139 -0.000000
0.022847 0.000000 0.977153 0.000000
0.984772 0.000000 0.015228 -0.000000
0.002405 -0.000000 0.997595 0.000000
0.000102 0.000000 0.999898 0.000000
0.994484 -0.000000 0.005516 -0.000000
0.212128 0.000000 0.787872 -0.000000
1.000000 0.000000 0.000000 0.000000
0.001961 -0.000000 0.998039 -0.000000
1.000000 0.000000 0.000000 -0.000000
0.035742 -0.000000 0.964258 -0.000000
0.000838 0.000000 0.999162 -0.000000
0.014852 -0.000000 0.985148 0.000000
0.379045 -0.000000 0.620955 0.000000
0.000079 0.000000 0.999921 -0.000000
0.000111 0.000000 0.999889 -0.000000
1.000000 0.000000 0.000000 0.000000
1.000000 0.000000 0.000000 0.000000
0.000148 -0.000000 0.999852 0.000000
1.000000 -0.000000 0.000000 -0.000000
0.000391 -0.000000 0.999609 0.000000
0.632815 0.000000 0.367185 -0.000000
0.136709 0.000000 0.863291 -0.000000
0.000023 -0.000000 0.999977 0.000000
0.012259 0.000000 0.987741 0.000000
0.801923 0.000000 0.198077 -0.000000
0.000183 0.000000 0.999817 -0.000000
0.000000 -0.000000 1.000000 -0.000000
0.000580 0.000000 0.999420 0.000000
0.018867 -0.000000 0.981133 0.000000
1.000000 0.000000 0.000000 -0.000000
0.999979 -0.000000 0.000021 -0.000000
0.000984 0.000000 0.999016 -0.000000
0.999940 0.000000 0.000060 0.000000
0.000023 0.000000 0.999977 0.000000
0.001702 0.000000 0.998298 -0.000000
0.000115 0.000000 0.999885 -0.000000
0.353998 0.000000 0.646002 0.000000
0.000496 0.000000 0.999504 0.000000
0.091814 -0.000000 0.908186 0.000000
0.915912 -0.000000 0.084088 0.000000
1.000000 -0.000000 0.000000 0.000000
1.000000 0.000000 0.000000 -0.000000
0.000038 0.000000 0.999962 -0.000000
0.000193 -0.000000 0.999807 0.000000
0.754759 -0.000000 0.245241 0.000000
0.005964 0.000000 0.994036 0.000000
0.000680 0.000000 0.999320 0.000000
0.000064 -0.000000 0.999936 -0.000000
1.000000 0.000000 0.000000 -0.000000
1.000000 0.000000 -0.000000 0.000000
0.025638 0.000000 0.974362 -0.000000
0.998103 -0.000000 0.001897 0.000000
1.000000 0.000000 -0.000000 -0.000000
0.999268 0.000000 0.000732 0.000000
0.926194 -0.000000 0.073806 0.000000
0.006073 -0.000000 0.993927 0.000000
1.000000 -0.000000 0.000000 0.000000
0.999720 -0.000000 0.000280 -0.000000
0.055335 0.000000 0.944665 0.000000
0.108764 -0.000000 0.891236 -0.000000
0.999999 0.000000 0.000001 -0.000000
0.665287 0.000000 0.334713 -0.000000
0.000058 -0.000000 0.999942 -0.000000
0.725209 -0.000000 0.274791 -0.000000
0.012970 -0.000000 0.987030 -0.000000
0.011315 0.000000 0.988685 0.000000
0.021920 -0.000000 0.978080 0.000000
0.996380 -0.000000 0.003620 -0.000000
0.007849 -0.000000 0.992151 0.000000
0.006466 0.000000 0.993534 -0.000000
0.992468 0.000000 0.007532 -0.000000
0.999866 0.000000 0.000134 -0.000000
0.007580 -0.000000 0.992420 0.000000
0.023922 -0.000000 0.976078 0.000000
0.043620 0.000000 0.956380 -0.000000
0.009832 -0.000000 0.990168 0.000000
0.000061 -0.000000 0.999939 -0.000000
0.001109 0.000000 0.998891 -0.000000
1.000000 0.000000 0.000000 0.000000
0.009110 -0.000000 0.990890 0.000000
0.022327 0.000000 0.977673 -0.000000
0.005087 -0.000000 0.994913 0.000000
0.001264 -0.000000 0.998736 0.000000
0.000002 -0.000000 0.999998 0.000000
0.008286 0.000000 0.991714 0.000000
0.171994 -0.000000 0.828006 0.000000
0.969881 -0.000000 0.030119 -0.000000
0.000149 -0.000000 0.999851 -0.000000
0.999468 -0.000000 0.000532 -0.000000
1.000000 -0.000000 0.000000 -0.000000
0.000610 -0.000000 0.999390 0.000000
0.008544 -0.000000 0.991456 0.000000
0.999980 0.000000 0.000020 0.000000
0.065887 0.000000 0.934113 0.000000
0.953429 0.000000 0.046571 -0.000000
0.051627 -0.000000 0.948373 0.000000
0.999673 -0.000000 0.000327 -0.000000
0.001433 -0.000000 0.998567 -0.000000
0.999987 0.000000 0.000013 -0.000000
0.000509 -0.000000 0.999491 -0.000000
0.012964 -0.000000 0.987036 -0.000000
0.000421 -0.000000 0.999579 -0.000000
0.000004 -0.000000 0.999996 0.000000
0.656961 0.000000 0.343039 0.000000
0.089630 -0.000000 0.910370 0.000000
1.000000 0.000000 0.000000 -0.000000
