2000 1
1 1 2 1 1 2 2 1 2 2 1 1 1 1 3 1 1 2 4 1 1 2 1 1 2 1 1 1 1 2 1 1 2 2 1 1 2 2 1 2 1 1 2 1 1 2 1 1 2 1 1 1 1 2 1 1 1 1 3 1 2 1 1 2 1 1 2 1 2 2 2 2 1 3 1 1 2 1 2 1 1 1 2 2 2 2 1 1 1 1 1 1 3 3 2 1 1 1 1 1 3 1 2 2 2 3 2 1 1 2 1 1 1 1 1 2 2 1 1 1 2 1 1 2 2 1 1 2 1 2 2 1 2 1 1 1 1 2 2 2 2 1 1 1 2 2 4 1 1 1 2 1 2 1 2 2 1 2 2 2 1 3 2 1 2 1 3 2 1 2 2 1 1 1 2 2 1 1 2 1 2 1 1 2 1 1 1 1 1 2 1 1 1 1 1 1 1 1 2 3 2 1 2 1 1 2 1 1 1 2 1 2 1 1 1 1 2 2 2 1 2 2 1 3 3 2 2 2 2 1 2 1 1 2 1 1 1 2 2 1 2 1 1 1 2 1 1 1 1 1 2 1 1 1 2 2 2 2 2 1 1 2 1 1 1 1 3 2 2 3 1 2 1 2 2 1 2 1 1 1 2 3 2 1 2 1 2 1 1 1 1 3 2 1 1 1 1 2 1 2 1 2 2 1 1 2 2 2 1 1 2 1 3 1 1 2 1 1 2 1 3 2 1 2 1 1 1 1 2 1 1 2 2 1 2 2 2 1 1 1 1 1 2 1 1 2 1 1 3 2 1 1 1 2 2 1 1 1 1 2 1 3 1 1 2 3 2 1 2 1 1 1 1 1 2 2 2 1 1 2 2 2 2 2 1 1 1 4 2 1 2 1 2 1 1 2 1 3 3 2 2 4 1 2 1 3 2 2 2 2 1 1 1 1 2 1 2 2 1 1 3 1 1 1 1 2 1 2 1 2 1 1 1 2 1 1 1 1 2 1 3 1 1 1 2 1 2 1 1 1 1 2 2 2 2 2 2 1 1 1 1 2 1 1 1 1 3 2 1 2 1 1 2 1 2 1 2 1 2 1 1 1 1 2 1 1 2 2 1 2 1 2 2 1 2 1 1 2 2 2 2 1 1 1 1 1 2 2 1 2 1 3 2 2 3 2 1 1 1 1 1 1 1 1 1 1 2 1 2 1 2 1 1 1 1 1 1 2 1 3 2 1 2 2 2 2 1 2 1 2 1 1 3 1 1 2 1 1 2 1 1 2 1 3 2 2 2 1 1 2 2 2 2 2 1 1 2 2 1 2 1 1 2 2 2 1 1 2 1 2 1 2 1 2 1 1 1 2 2 2 1 2 1 1 1 1 1 2 2 2 1 2 1 1 2 2 1 3 2 2 3 1 2 1 1 1 1 1 2 2 1 1 1 2 3 1 1 1 2 1 1 2 1 1 1 2 1 2 1 1 2 1 1 2 2 1 2 2 2 1 1 1 1 2 1 2 1 2 1 2 1 1 1 1 2 2 1 1 1 1 1 2 1 2 2 1 1 1 2 1 2 2 2 1 2 2 1 2 1 2 2 2 1 1 3 2 2 1 1 2 1 1 2 3 3 1 1 2 1 1 1 2 2 2 3 2 2 1 1 1 1 2 3 2 2 1 2 1 2 1 2 2 1 2 2 1 2 2 2 2 2 1 3 2 1 1 3 1 1 1 4 1 1 1 3 1 3 1 1 2 2 1 2 2 1 1 1 1 2 2 2 3 3 1 1 1 2 1 2 1 1 2 1 1 2 1 1 2 3 1 2 1 2 1 2 1 1 1 3 2 1 3 1 1 2 1 1 2 1 1 2 2 1 1 3 2 1 1 2 2 1 1 2 1 2 1 1 2 1 1 1 2 2 2 1 1 2 2 3 1 2 4 1 1 1 1 2 1 2 1 1 1 1 2 1 1 1 1 1 2 1 2 1 1 1 1 1 2 1 2 2 1 1 2 1 2 1 2 1 1 1 1 1 1 1 1 2 1 2 2 1 1 2 1 2 2 1 2 1 1 2 3 2 1 1 1 1 1 2 1 2 2 2 2 2 1 2 1 1 1 2 1 1 1 1 1 2 2 3 2 2 2 2 2 2 2 1 1 2 1 1 1 2 1 2 2 1 1 1 2 2 1 1 1 2 1 2 2 3 1 2 2 1 1 1 3 3 1 2 2 1 1 1 2 2 1 1 1 1 1 1 1 1 1 1 1 1 1 1 1 1 2 1 1 1 1 2 2 2 1 1 2 2 1 2 2 4 2 2 2 2 1 1 1 2 2 1 1 1 1 2 2 2 1 2 1 1 2 1 1 3 2 1 2 2 1 2 1 2 1 1 2 1 1 3 2 1 2 2 2 1 1 1 1 1 2 1 1 2 1 1 2 2 1 1 2 2 2 1 2 2 1 1 1 2 2 1 1 2 1 2 1 1 2 1 3 1 2 1 1 1 1 2 2 2 1 1 1 4 2 2 3 1 1 1 1 3 2 1 2 2 1 2 1 1 2 1 1 2 1 1 2 2 2 2 2 2 2 2 3 2 1 3 1 1 2 2 1 2 2 1 1 3 2 1 2 2 3 2 2 2 2 1 1 1 1 1 2 1 1 1 1 2 1 2 1 1 1 3 2 1 2 1 1 1 2 2 1 1 2 3 1 2 2 1 1 1 2 1 2 1 2 1 2 2 2 2 2 2 2 1 2 2 1 2 1 2 2 2 1 1 1 3 1 2 1 2 1 1 1 1 1 2 1 1 1 1 2 1 2 2 3 1 1 1 1 1 2 2 2 2 1 1 1 3 1 2 2 1 1 2 2 2 2 1 2 1 2 1 1 1 2 3 3 1 1 2 1 2 2 2 1 1 2 3 1 1 1 2 1 1 2 1 3 1 2 1 2 1 1 1 3 2 3 2 1 3 2 1 1 1 2 2 1 1 2 1 1 1 2 1 2 2 1 1 1 1 1 1 1 1 1 1 2 2 1 2 1 2 2 1 1 1 3 2 1 2 1 1 1 2 3 2 2 2 1 2 1 2 1 1 2 2 2 2 1 2 1 1 1 1 1 2 1 3 1 1 1 1 2 2 1 1 2 1 2 1 1 1 2 1 1 2 2 1 1 1 2 2 2 2 1 1 2 2 2 1 1 1 2 1 2 2 1 1 2 1 1 1 1 2 3 1 2 1 1 3 2 1 2 1 1 2 1 2 2 2 3 2 1 2 2 1 2 1 2 1 1 1 4 2 2 1 2 1 1 2 1 2 1 2 1 1 2 1 3 1 2 2 3 1 2 1 1 1 1 2 2 1 2 3 1 1 1 1 3 2 1 2 2 1 1 1 2 2 2 1 1 1 2 2 1 1 2 1 2 2 1 2 1 2 1 1 1 1 1 2 2 1 1 1 1 1 1 1 1 1 2 1 2 1 2 1 1 1 2 1 1 2 3 1 2 2 1 2 2 1 1 1 2 1 1 2 1 3 1 2 2 2 2 2 1 1 2 1 1 1 1 2 1 2 2 2 2 1 3 3 1 1 2 2 1 2 1 1 2 3 1 1 2 1 1 1 1 1 2 1 2 1 1 4 2 2 1 1 2 1 2 1 1 2 2 1 2 1 2 2 3 2 3 2 3 1 2 1 1 2 1 2 2 2 3 1 2 2 1 2 2 1 2 1 2 1 2 2 1 3 1 1 2 1 2 2 2 1 1 1 2 1 1 1 1 2 1 2 1 2 1 1 2 2 2 2 2 1 1 1 3 1 2 2 2 2 2 2 1 1 1 1 1 2 1 2 1 2 1 2 2 2 1 1 1 2 2 2 2 1 1 3 1 1 3 1 1 2 2 2 1 1 1 2 2 1 2 1 2 1 2 1 1 2 2 2 1 2 2 1 2 1 1 3 1 2 2 1 1 1 3 1 1 2 2 1 1 1 2 2 2 1 1 1 1 1 1 1 1 1 2 1 1 1 2 1 4 2 2 2 1 3 1 2 1 2 1 2 1 1 2 1 1 3 2 3 2 1 2 2 1 2 1 2 1 2 1 2 1 1 3 1 2 1 3 2 2 1 2 1 2 1 1 1 2 1 1 2 2 2 2 1 1 2 3 2 2 2 2 2 2 3 1 1 2 3 1 3 1 2 1 1 1 2 1 2 1 1 1 2 1 1 1 2 1 2 1 2 2 2 1 2 2 2 1 2 2 1 2 2 1 1 2 1 1 1 3 3 3 1 1 1 2 1 1 1 1 2 2 2 2 1 1 2 1 1 1 1 1 1 1 2 1 1 2 1 3 1 1 1 2 1 1 1 1 1 1 2 1 2 1 2 1 1 2 2 1 1 2 2 2 1 2 1 1 1 1 2 1 1 1 1 1 2 1 2 3 1 2 1 1 1 1 1 2 1 1 1 1 1 1 3 2 2 1 1 1 1 2 1 3 1 1 1 1 3 2 2 1 1 1 1 1 2 1 1 1 2 2 1 1 2 2
1.000000
1.000000
0.680561 0.319439
1.000000
1.000000
0.333594 0.666406
0.150446 0.849554
1.000000
0.072254 0.927746
0.789969 0.210031
1.000000
1.000000
1.000000
1.000000
0.936728 0.061591 0.001680
1.000000
1.000000
0.430241 0.569759
0.116241 0.307250 0.347942 0.228567
1.000000
1.000000
0.617734 0.382266
1.000000
1.000000
0.284654 0.715346
1.000000
1.000000
1.000000
1.000000
0.986176 0.013824
1.000000
1.000000
0.511197 0.488803
0.659617 0.340383
1.000000
1.000000
0.647385 0.352615
0.386097 0.613903
1.000000
0.555638 0.444362
1.000000
1.000000
0.087153 0.912847
1.000000
1.000000
0.995293 0.004707
1.000000
1.000000
0.725558 0.274442
1.000000
1.000000
1.000000
1.000000
0.576333 0.423667
1.000000
1.000000
1.000000
1.000000
0.355633 0.427455 0.216912
1.000000
0.819303 0.180697
1.000000
1.000000
0.564184 0.435816
1.000000
1.000000
0.829683 0.170317
1.000000
0.833845 0.166155
0.024555 0.975445
0.369464 0.630536
0.042130 0.957870
1.000000
0.037755 0.268643 0.693602
1.000000
1.000000
0.893386 0.106614
1.000000
0.909124 0.090876
1.000000
1.000000
1.000000
0.963833 0.036167
0.378843 0.621157
0.922265 0.077735
0.503159 0.496841
1.000000
1.000000
1.000000
1.000000
1.000000
1.000000
0.187993 0.468295 0.343712
0.280492 0.455039 0.264470
0.926496 0.073504
1.000000
1.000000
1.000000
1.000000
1.000000
0.110186 0.390360 0.499454
1.000000
0.501397 0.498603
0.167992 0.832008
0.994868 0.005132
0.354076 0.444395 0.201529
0.746973 0.253027
1.000000
1.000000
0.166814 0.833186
1.000000
1.000000
1.000000
1.000000
1.000000
0.890307 0.109693
0.395142 0.604858
1.000000
1.000000
1.000000
0.937156 0.062844
1.000000
1.000000
0.300488 0.699512
0.863868 0.136132
1.000000
1.000000
0.522313 0.477687
1.000000
0.529665 0.470335
0.551864 0.448136
1.000000
0.412985 0.587015
1.000000
1.000000
1.000000
1.000000
0.765158 0.234842
0.450214 0.549786
0.731882 0.268118
0.424020 0.575980
1.000000
1.000000
1.000000
0.593031 0.406969
0.128364 0.871636
0.054508 0.191510 0.343545 0.410437
1.000000
1.000000
1.000000
0.956710 0.043290
1.000000
0.498008 0.501992
1.000000
0.394459 0.605541
0.743783 0.256217
1.000000
0.937438 0.062562
0.619060 0.380940
0.227561 0.772439
1.000000
0.881189 0.111518 0.007293
0.412857 0.587143
1.000000
0.230056 0.769944
1.000000
0.168986 0.469502 0.361512
0.392378 0.607622
1.000000
0.795094 0.204906
0.803233 0.196767
1.000000
1.000000
1.000000
0.616205 0.383795
0.042226 0.957774
1.000000
1.000000
0.548205 0.451795
1.000000
0.094765 0.905235
1.000000
1.000000
0.960992 0.039008
1.000000
1.000000
1.000000
1.000000
1.000000
0.733076 0.266924
1.000000
1.000000
1.000000
1.000000
1.000000
1.000000
1.000000
1.000000
0.907463 0.092537
0.139526 0.413088 0.447386
0.486241 0.513759
1.000000
0.162253 0.837747
1.000000
1.000000
0.404749 0.595251
1.000000
1.000000
1.000000
0.218453 0.781547
1.000000
0.877401 0.122599
1.000000
1.000000
1.000000
1.000000
0.309500 0.690500
0.444791 0.555209
0.403857 0.596143
1.000000
0.407384 0.592616
0.440315 0.559685
1.000000
0.262287 0.428582 0.309130
0.770634 0.200200 0.029166
0.333957 0.666043
0.257520 0.742480
0.969366 0.030634
0.491702 0.508298
1.000000
0.436782 0.563218
1.000000
1.000000
0.061191 0.938809
1.000000
1.000000
1.000000
0.984411 0.015589
0.302251 0.697749
1.000000
0.147886 0.852114
1.000000
1.000000
1.000000
0.116732 0.883268
1.000000
1.000000
1.000000
1.000000
1.000000
0.170811 0.829189
1.000000
1.000000
1.000000
0.157852 0.842148
0.541228 0.458772
0.411530 0.588470
0.959849 0.040151
0.751523 0.248477
1.000000
1.000000
0.334073 0.665927
1.000000
1.000000
1.000000
1.000000
0.452961 0.411810 0.135229
0.460669 0.539331
0.708547 0.291453
0.218603 0.450486 0.330911
1.000000
0.351107 0.648893
1.000000
0.559561 0.440439
0.551981 0.448019
1.000000
0.339312 0.660688
1.000000
1.000000
1.000000
0.444350 0.555650
0.169648 0.469161 0.361191
0.353917 0.646083
1.000000
0.513959 0.486041
1.000000
0.981502 0.018498
1.000000
1.000000
1.000000
1.000000
0.069047 0.329733 0.601220
0.108015 0.891985
1.000000
1.000000
1.000000
1.000000
0.658284 0.341716
1.000000
0.872079 0.127921
1.000000
0.465803 0.534197
0.237270 0.762730
1.000000
1.000000
0.670842 0.329158
0.570317 0.429683
0.324491 0.675509
1.000000
1.000000
0.067606 0.932394
1.000000
0.464400 0.425314 0.110285
1.000000
1.000000
0.458156 0.541844
1.000000
1.000000
0.235572 0.764428
1.000000
0.384619 0.437099 0.178282
0.236083 0.763917
1.000000
0.792470 0.207530
1.000000
1.000000
1.000000
1.000000
0.693187 0.306813
1.000000
1.000000
0.483226 0.516774
0.838995 0.161005
1.000000
0.522641 0.477359
0.035753 0.964247
0.095546 0.904454
1.000000
1.000000
1.000000
1.000000
1.000000
0.368034 0.631966
1.000000
1.000000
0.520615 0.479385
1.000000
1.000000
0.191662 0.436575 0.371763
0.747335 0.252665
1.000000
1.000000
1.000000
0.475101 0.524899
0.047536 0.952464
1.000000
1.000000
1.000000
1.000000
0.143100 0.856900
1.000000
0.450171 0.401840 0.147989
1.000000
1.000000
0.407512 0.592488
0.061362 0.326537 0.612101
0.455714 0.544286
1.000000
0.259525 0.740475
1.000000
1.000000
1.000000
1.000000
1.000000
0.891936 0.108064
0.634776 0.365224
0.797174 0.202826
1.000000
1.000000
0.780529 0.219471
0.941859 0.058141
0.308957 0.691043
0.713126 0.286874
0.655280 0.344720
1.000000
1.000000
1.000000
0.023839 0.137722 0.342359 0.496080
0.277883 0.722117
1.000000
0.180340 0.819660
1.000000
0.873328 0.126672
1.000000
1.000000
0.060696 0.939304
1.000000
0.306113 0.451916 0.241972
0.417903 0.442645 0.139452
0.184210 0.815790
0.755926 0.244074
0.618467 0.307447 0.065863 0.008223
1.000000
0.507887 0.492113
1.000000
0.744210 0.226677 0.029113
0.263983 0.736017
0.062278 0.937722
0.927069 0.072931
0.435114 0.564886
1.000000
1.000000
1.000000
1.000000
0.570227 0.429773
1.000000
0.610135 0.389865
0.300898 0.699102
1.000000
1.000000
0.293754 0.454364 0.251882
1.000000
1.000000
1.000000
1.000000
0.181283 0.818717
1.000000
0.838995 0.161005
1.000000
0.183864 0.816136
1.000000
1.000000
1.000000
0.372948 0.627052
1.000000
1.000000
1.000000
1.000000
0.594683 0.405317
1.000000
0.233304 0.453680 0.313016
1.000000
1.000000
1.000000
0.268606 0.731394
1.000000
0.274012 0.725988
1.000000
1.000000
1.000000
1.000000
0.380260 0.619740
0.318230 0.681770
0.444996 0.555004
0.968087 0.031913
0.581162 0.418838
0.862971 0.137029
1.000000
1.000000
1.000000
1.000000
0.616513 0.383487
1.000000
1.000000
1.000000
1.000000
0.753996 0.216764 0.029240
0.407059 0.592941
1.000000
0.781323 0.218677
1.000000
1.000000
0.407065 0.592935
1.000000
0.358564 0.641436
1.000000
0.308046 0.691954
1.000000
0.698082 0.301918
1.000000
1.000000
1.000000
1.000000
0.433479 0.566521
1.000000
1.000000
0.671606 0.328394
0.558514 0.441486
1.000000
0.335934 0.664066
1.000000
0.648157 0.351843
0.188127 0.811873
1.000000
0.805633 0.194367
1.000000
1.000000
0.472198 0.527802
0.281807 0.718193
0.358526 0.641474
0.181234 0.818766
1.000000
1.000000
1.000000
1.000000
1.000000
0.391250 0.608750
0.794450 0.205550
1.000000
0.050279 0.949721
1.000000
0.875992 0.117724 0.006284
0.264985 0.735015
0.455871 0.544129
0.095915 0.410362 0.493723
0.060312 0.939688
1.000000
1.000000
1.000000
1.000000
1.000000
1.000000
1.000000
1.000000
1.000000
1.000000
0.109924 0.890076
1.000000
0.080250 0.919750
1.000000
0.295025 0.704975
1.000000
1.000000
1.000000
1.000000
1.000000
1.000000
0.382518 0.617482
1.000000
0.790537 0.191640 0.017822
0.829300 0.170700
1.000000
0.605014 0.394986
0.464046 0.535954
0.864392 0.135608
0.454631 0.545369
1.000000
0.437496 0.562504
1.000000
0.829353 0.170647
1.000000
1.000000
0.719427 0.239218 0.041355
1.000000
1.000000
0.662685 0.337315
1.000000
1.000000
0.506469 0.493531
1.000000
1.000000
0.119073 0.880927
1.000000
0.955821 0.043045 0.001134
0.534405 0.465595
0.515129 0.484871
0.738021 0.261979
1.000000
1.000000
0.298610 0.701390
0.942868 0.057132
0.857395 0.142605
0.570156 0.429844
0.194648 0.805352
1.000000
1.000000
0.581158 0.418842
0.382093 0.617907
1.000000
0.557772 0.442228
1.000000
1.000000
0.670591 0.329409
0.418192 0.581808
0.884790 0.115210
1.000000
1.000000
0.743957 0.256043
1.000000
0.296026 0.703974
1.000000
0.436142 0.563858
1.000000
0.385509 0.614491
1.000000
1.000000
1.000000
0.367534 0.632466
0.976871 0.023129
0.350791 0.649209
1.000000
0.656054 0.343946
1.000000
1.000000
1.000000
1.000000
1.000000
0.374490 0.625510
0.503200 0.496800
0.346478 0.653522
1.000000
0.636523 0.363477
1.000000
1.000000
0.419654 0.580346
0.452948 0.547052
1.000000
0.226861 0.449053 0.324085
0.774638 0.225362
0.340019 0.659981
0.145231 0.420021 0.434748
1.000000
0.545682 0.454318
1.000000
1.000000
1.000000
1.000000
1.000000
0.590808 0.409192
0.838557 0.161443
1.000000
1.000000
1.000000
0.791447 0.208553
0.293359 0.475097 0.231544
1.000000
1.000000
1.000000
0.233587 0.766413
1.000000
1.000000
0.728702 0.271298
1.000000
1.000000
1.000000
0.384314 0.615686
1.000000
0.307841 0.692159
1.000000
1.000000
0.068665 0.931335
1.000000
1.000000
0.647402 0.352598
0.982299 0.017701
1.000000
0.485066 0.514934
0.258670 0.741330
0.525216 0.474784
1.000000
1.000000
1.000000
1.000000
0.045654 0.954346
1.000000
0.241584 0.758416
1.000000
0.477368 0.522632
1.000000
0.104893 0.895107
1.000000
1.000000
1.000000
1.000000
0.025711 0.974289
0.139727 0.860273
1.000000
1.000000
1.000000
1.000000
1.000000
0.299796 0.700204
1.000000
0.930099 0.069901
0.463716 0.536284
1.000000
1.000000
1.000000
0.029789 0.970211
1.000000
0.599493 0.400507
0.078215 0.921785
0.086937 0.913063
1.000000
0.619849 0.380151
0.514803 0.485197
1.000000
0.388630 0.611370
1.000000
0.928156 0.071844
0.100460 0.899540
0.496696 0.503304
1.000000
1.000000
0.479495 0.418086 0.102419
0.574229 0.425771
0.771596 0.228404
1.000000
1.000000
0.512550 0.487450
1.000000
1.000000
0.732641 0.267359
0.041161 0.280044 0.678795
0.065996 0.334125 0.599879
1.000000
1.000000
0.295982 0.704018
1.000000
1.000000
1.000000
0.330090 0.669910
0.762813 0.237187
0.961380 0.038620
0.419126 0.421341 0.159532
0.518357 0.481643
0.621478 0.378522
1.000000
1.000000
1.000000
1.000000
0.207023 0.792977
0.222537 0.443518 0.333945
0.287022 0.712978
0.705258 0.294742
1.000000
0.464600 0.535400
1.000000
0.880391 0.119609
1.000000
0.516902 0.483098
0.074898 0.925102
1.000000
0.735159 0.264841
0.762601 0.237399
1.000000
0.428277 0.571723
0.132286 0.867714
0.057494 0.942506
0.327501 0.672499
0.434114 0.565886
1.000000
0.057059 0.349439 0.593502
0.767109 0.232891
1.000000
1.000000
0.012620 0.166187 0.821193
1.000000
1.000000
1.000000
0.090549 0.282588 0.364152 0.262711
1.000000
1.000000
1.000000
0.128342 0.405020 0.466637
1.000000
0.239293 0.430773 0.329934
1.000000
1.000000
0.114554 0.885446
0.950089 0.049911
1.000000
0.846375 0.153625
0.809991 0.190009
1.000000
1.000000
1.000000
1.000000
0.725123 0.274877
0.474901 0.525099
0.454355 0.545645
0.457560 0.378013 0.164427
0.670655 0.284310 0.045036
1.000000
1.000000
1.000000
0.550576 0.449424
1.000000
0.589033 0.410967
1.000000
1.000000
0.289524 0.710476
1.000000
1.000000
0.852329 0.147671
1.000000
1.000000
0.180630 0.819370
0.259262 0.455954 0.284784
1.000000
0.936287 0.063713
1.000000
0.175424 0.824576
1.000000
0.347798 0.652202
1.000000
1.000000
1.000000
0.652178 0.294162 0.053659
0.064113 0.935887
1.000000
0.031855 0.253621 0.714524
1.000000
1.000000
0.678129 0.321871
1.000000
1.000000
0.961923 0.038077
1.000000
1.000000
0.165313 0.834687
0.314722 0.685278
1.000000
1.000000
0.879859 0.114192 0.005948
0.492436 0.507564
1.000000
1.000000
0.374847 0.625153
0.779577 0.220423
1.000000
1.000000
0.405970 0.594030
1.000000
0.829972 0.170028
1.000000
1.000000
0.704563 0.295437
1.000000
1.000000
1.000000
0.085900 0.914100
0.760026 0.239974
0.782256 0.217744
1.000000
1.000000
0.240489 0.759511
0.396615 0.603385
0.010595 0.147565 0.841840
1.000000
0.396857 0.603143
0.224338 0.383753 0.277274 0.114635
1.000000
1.000000
1.000000
1.000000
0.986756 0.013244
1.000000
0.345720 0.654280
1.000000
1.000000
1.000000
1.000000
0.216065 0.783935
1.000000
1.000000
1.000000
1.000000
1.000000
0.976916 0.023084
1.000000
0.793519 0.206481
1.000000
1.000000
1.000000
1.000000
1.000000
0.732168 0.267832
1.000000
0.180542 0.819458
0.085351 0.914649
1.000000
1.000000
0.959929 0.040071
1.000000
0.647310 0.352690
1.000000
0.679246 0.320754
1.000000
1.000000
1.000000
1.000000
1.000000
1.000000
1.000000
1.000000
0.643873 0.356127
1.000000
0.976516 0.023484
0.295974 0.704026
1.000000
1.000000
0.440530 0.559470
1.000000
0.066828 0.933172
0.564434 0.435566
1.000000
0.097216 0.902784
1.000000
1.000000
0.891093 0.108907
0.031577 0.281030 0.687393
0.236792 0.763208
1.000000
1.000000
1.000000
1.000000
1.000000
0.605585 0.394415
1.000000
0.386529 0.613471
0.418820 0.581180
0.168276 0.831724
0.783981 0.216019
0.297808 0.702192
1.000000
0.238627 0.761373
1.000000
1.000000
1.000000
0.413552 0.586448
1.000000
1.000000
1.000000
1.000000
1.000000
0.369561 0.630439
0.706280 0.293720
0.076547 0.344428 0.579025
0.893278 0.106722
0.498002 0.501998
0.771263 0.228737
0.254659 0.745341
0.029110 0.970890
0.455703 0.544297
0.976364 0.023636
1.000000
1.000000
0.378473 0.621527
1.000000
1.000000
1.000000
0.225368 0.774632
1.000000
0.804927 0.195073
0.512206 0.487794
1.000000
1.000000
1.000000
0.162331 0.837669
0.446260 0.553740
1.000000
1.000000
1.000000
0.743228 0.256772
1.000000
0.474469 0.525531
0.125045 0.874955
0.061939 0.304399 0.633662
1.000000
0.337120 0.662880
0.219447 0.780553
1.000000
1.000000
1.000000
0.307347 0.443710 0.248943
0.247973 0.433240 0.318787
1.000000
0.613385 0.386615
0.280192 0.719808
1.000000
1.000000
1.000000
0.383833 0.616167
0.379595 0.620405
1.000000
1.000000
1.000000
1.000000
1.000000
1.000000
1.000000
1.000000
1.000000
1.000000
1.000000
1.000000
1.000000
1.000000
1.000000
1.000000
0.331165 0.668835
1.000000
1.000000
1.000000
1.000000
0.915281 0.084719
0.436881 0.563119
0.224198 0.775802
1.000000
1.000000
0.533026 0.466974
0.315229 0.684771
1.000000
0.391470 0.608530
0.423509 0.576491
0.763503 0.205036 0.028721 0.002741
0.811047 0.188953
0.577849 0.422151
0.507021 0.492979
0.735089 0.264911
1.000000
1.000000
1.000000
0.688631 0.311369
0.889346 0.110654
1.000000
1.000000
1.000000
1.000000
0.358680 0.641320
0.364790 0.635210
0.872365 0.127635
1.000000
0.693553 0.306447
1.000000
1.000000
0.227644 0.772356
1.000000
1.000000
0.455071 0.408731 0.136199
0.135802 0.864198
1.000000
0.860811 0.139189
0.169481 0.830519
1.000000
0.530839 0.469161
1.000000
0.672421 0.327579
1.000000
1.000000
0.610585 0.389415
1.000000
1.000000
0.296431 0.422743 0.280826
0.424334 0.575666
1.000000
0.563648 0.436352
0.118700 0.881300
0.579255 0.420745
1.000000
1.000000
1.000000
1.000000
1.000000
0.959142 0.040858
1.000000
1.000000
0.327509 0.672491
1.000000
1.000000
0.336773 0.663227
0.135675 0.864325
1.000000
1.000000
0.438291 0.561709
0.082272 0.917728
0.595358 0.404642
1.000000
0.395595 0.604405
0.214304 0.785696
1.000000
1.000000
1.000000
0.325560 0.674440
0.516570 0.483430
1.000000
1.000000
0.946654 0.053346
1.000000
0.520139 0.479861
1.000000
1.000000
0.501406 0.498594
1.000000
0.734472 0.235438 0.030090
1.000000
0.120980 0.879020
1.000000
1.000000
1.000000
1.000000
0.541027 0.458973
0.676780 0.323220
0.334699 0.665301
1.000000
1.000000
1.000000
0.674127 0.264392 0.053999 0.007482
0.163154 0.836846
0.230837 0.769163
0.103188 0.360586 0.536226
1.000000
1.000000
1.000000
1.000000
0.066047 0.311827 0.622126
0.053040 0.946960
1.000000
0.640237 0.359763
0.313115 0.686885
1.000000
0.871939 0.128061
1.000000
1.000000
0.074969 0.925031
1.000000
1.000000
0.963005 0.036995
1.000000
1.000000
0.598102 0.401898
0.785958 0.214042
0.199016 0.800984
0.623223 0.376777
0.524936 0.475064
0.332185 0.667815
0.214622 0.785378
0.405476 0.594524
0.089646 0.348648 0.561707
0.479549 0.520451
1.000000
0.532906 0.370155 0.096940
1.000000
1.000000
0.070588 0.929412
0.388188 0.611812
1.000000
0.431774 0.568226
0.450756 0.549244
1.000000
1.000000
0.215308 0.427175 0.357517
0.100250 0.899750
1.000000
0.643718 0.356282
0.903301 0.096699
0.375549 0.463366 0.161085
0.914635 0.085365
0.826289 0.173711
0.267831 0.732169
0.105662 0.894338
1.000000
1.000000
1.000000
1.000000
1.000000
0.509318 0.490682
1.000000
1.000000
1.000000
1.000000
0.610388 0.389612
1.000000
0.689635 0.310365
1.000000
1.000000
1.000000
0.580639 0.326745 0.092616
0.982865 0.017135
1.000000
0.301772 0.698228
1.000000
1.000000
1.000000
0.033253 0.966747
0.452773 0.547227
1.000000
1.000000
0.222193 0.777807
0.538010 0.350696 0.111294
1.000000
0.456215 0.543785
0.167683 0.832317
1.000000
1.000000
1.000000
0.967650 0.032350
1.000000
0.231240 0.768760
1.000000
0.389012 0.610988
1.000000
0.258679 0.741321
0.418287 0.581713
0.545415 0.454585
0.572296 0.427704
0.043197 0.956803
0.253748 0.746252
0.812570 0.187430
1.000000
0.123464 0.876536
0.656962 0.343038
1.000000
0.427454 0.572546
1.000000
0.909743 0.090257
0.823961 0.176039
0.947179 0.052821
1.000000
1.000000
1.000000
0.684090 0.282274 0.033637
1.000000
0.845787 0.154213
1.000000
0.425684 0.574316
1.000000
1.000000
1.000000
1.000000
1.000000
0.714663 0.285337
1.000000
1.000000
1.000000
1.000000
0.039641 0.960359
1.000000
0.600741 0.399259
0.724056 0.275944
0.387959 0.436350 0.175691
1.000000
1.000000
1.000000
1.000000
1.000000
0.373015 0.626985
0.061183 0.938817
0.523144 0.476856
0.325090 0.674910
1.000000
1.000000
1.000000
0.354496 0.443989 0.201515
1.000000
0.092585 0.907415
0.310081 0.689919
1.000000
1.000000
0.057530 0.942470
0.727385 0.272615
0.500412 0.499588
0.915460 0.084540
1.000000
0.257351 0.742649
1.000000
0.330314 0.669686
1.000000
1.000000
1.000000
0.099391 0.900609
0.141139 0.453678 0.405183
0.155419 0.459990 0.384591
1.000000
1.000000
0.450070 0.549930
1.000000
0.494965 0.505035
0.584816 0.415184
0.293300 0.706700
1.000000
1.000000
0.537349 0.462651
0.005611 0.118164 0.876225
1.000000
1.000000
1.000000
0.899966 0.100034
1.000000
1.000000
0.676611 0.323389
1.000000
0.172604 0.471391 0.356006
1.000000
0.454621 0.545379
1.000000
0.101284 0.898716
1.000000
1.000000
1.000000
0.162815 0.466229 0.370956
0.629467 0.370533
0.120409 0.378394 0.501196
0.584906 0.415094
1.000000
0.338248 0.470076 0.191676
0.645331 0.354669
1.000000
1.000000
1.000000
0.966474 0.033526
0.691977 0.308023
1.000000
1.000000
0.768808 0.231192
1.000000
1.000000
1.000000
0.335687 0.664313
1.000000
0.405624 0.594376
0.179498 0.820502
1.000000
1.000000
1.000000
1.000000
1.000000
1.000000
1.000000
1.000000
1.000000
1.000000
0.916429 0.083571
0.824109 0.175891
1.000000
0.358797 0.641203
1.000000
0.902310 0.097690
0.157793 0.842207
1.000000
1.000000
1.000000
0.392924 0.418522 0.188554
0.388822 0.611178
1.000000
0.073271 0.926729
1.000000
1.000000
1.000000
0.229141 0.770859
0.545844 0.362353 0.091803
0.194944 0.805056
0.877968 0.122032
0.982475 0.017525
1.000000
0.738209 0.261791
1.000000
0.054228 0.945772
1.000000
1.000000
0.606854 0.393146
0.025507 0.974493
0.215070 0.784930
0.590570 0.409430
1.000000
0.349486 0.650514
1.000000
1.000000
1.000000
1.000000
1.000000
0.529250 0.470750
1.000000
0.016093 0.190766 0.793141
1.000000
1.000000
1.000000
1.000000
0.518539 0.481461
0.483333 0.516667
1.000000
1.000000
0.266718 0.733282
1.000000
0.050371 0.949629
1.000000
1.000000
1.000000
0.266272 0.733728
1.000000
1.000000
0.900374 0.099626
0.984361 0.015639
1.000000
1.000000
1.000000
0.273127 0.726873
0.574246 0.425754
0.345545 0.654455
0.666395 0.333605
1.000000
1.000000
0.703015 0.296985
0.131833 0.868167
0.073468 0.926532
1.000000
1.000000
1.000000
0.940628 0.059372
1.000000
0.624137 0.375863
0.252418 0.747582
1.000000
1.000000
0.507906 0.492094
1.000000
1.000000
1.000000
1.000000
0.434774 0.565226
0.021140 0.210329 0.768531
1.000000
0.462716 0.537284
1.000000
1.000000
0.305813 0.431067 0.263121
0.412861 0.587139
1.000000
0.208124 0.791876
1.000000
1.000000
0.322319 0.677681
1.000000
0.620866 0.379134
0.742942 0.257058
0.181056 0.818944
0.496717 0.404267 0.099016
0.661193 0.338807
1.000000
0.259586 0.740414
0.436838 0.563162
1.000000
0.932482 0.067518
1.000000
0.436004 0.563996
1.000000
1.000000
1.000000
0.017047 0.132599 0.363188 0.487166
0.666380 0.333620
0.361832 0.638168
1.000000
0.289565 0.710435
1.000000
1.000000
0.276782 0.723218
1.000000
0.183233 0.816767
1.000000
0.089910 0.910090
1.000000
1.000000
0.301666 0.698334
1.000000
0.550718 0.359028 0.090254
1.000000
0.041827 0.958173
0.520746 0.479254
0.148829 0.423542 0.427629
1.000000
0.893554 0.106446
1.000000
1.000000
1.000000
1.000000
0.176977 0.823023
0.699511 0.300489
1.000000
0.348584 0.651416
0.616167 0.321211 0.062622
1.000000
1.000000
1.000000
1.000000
0.212653 0.426495 0.360852
0.440775 0.559225
1.000000
0.770402 0.229598
0.347983 0.652017
1.000000
1.000000
1.000000
0.304445 0.695555
0.406624 0.593376
0.647052 0.352948
1.000000
1.000000
1.000000
0.173570 0.826430
0.507921 0.492079
1.000000
1.000000
0.410438 0.589562
1.000000
0.826498 0.173502
0.431007 0.568993
1.000000
0.713166 0.286834
1.000000
0.980481 0.019519
1.000000
1.000000
1.000000
1.000000
1.000000
0.294233 0.705767
0.372862 0.627138
1.000000
1.000000
1.000000
1.000000
1.000000
1.000000
1.000000
1.000000
1.000000
0.715001 0.284999
1.000000
0.448091 0.551909
1.000000
0.356930 0.643070
1.000000
1.000000
1.000000
0.460604 0.539396
1.000000
1.000000
0.316673 0.683327
0.185382 0.439013 0.375605
1.000000
0.413852 0.586148
0.391734 0.608266
1.000000
0.158814 0.841186
0.422303 0.577697
1.000000
1.000000
1.000000
0.690108 0.309892
1.000000
1.000000
0.792209 0.207791
1.000000
0.240635 0.433218 0.326147
1.000000
0.111417 0.888583
0.662362 0.337638
0.808678 0.191322
0.664210 0.335790
0.602796 0.397204
1.000000
1.000000
0.439417 0.560583
1.000000
1.000000
1.000000
1.000000
0.631114 0.368886
1.000000
0.039665 0.960335
0.112564 0.887436
0.535131 0.464869
0.934396 0.065604
1.000000
0.395182 0.412497 0.192321
0.008325 0.139707 0.851968
1.000000
1.000000
0.356376 0.643624
0.939678 0.060322
1.000000
0.479515 0.520485
1.000000
1.000000
0.514333 0.485667
0.377234 0.417490 0.205276
1.000000
1.000000
0.780389 0.219611
1.000000
1.000000
1.000000
1.000000
1.000000
0.320233 0.679767
1.000000
0.184496 0.815504
1.000000
1.000000
0.000697 0.016069 0.153861 0.829372
0.946804 0.053196
0.635086 0.364914
1.000000
1.000000
0.676067 0.323933
1.000000
0.112630 0.887370
1.000000
1.000000
0.191361 0.808639
0.534861 0.465139
1.000000
0.625469 0.374531
1.000000
0.197537 0.802463
0.354268 0.645732
0.152709 0.425634 0.421658
0.585359 0.414641
0.174463 0.434930 0.390607
0.653447 0.346553
0.120136 0.402668 0.477196
1.000000
0.987194 0.012806
1.000000
1.000000
0.931647 0.068353
1.000000
0.189277 0.810723
0.688210 0.311790
0.979680 0.020320
0.122201 0.400531 0.477268
1.000000
0.810060 0.189940
0.534849 0.465151
1.000000
0.133989 0.866011
0.500518 0.499482
1.000000
0.704309 0.295691
1.000000
0.476543 0.523457
1.000000
0.911084 0.088916
0.475833 0.524167
1.000000
0.428153 0.427755 0.144092
1.000000
1.000000
0.060175 0.939825
1.000000
0.791135 0.208865
0.649016 0.350984
0.500297 0.499703
1.000000
1.000000
1.000000
0.619672 0.380328
1.000000
1.000000
1.000000
1.000000
0.918205 0.081795
1.000000
0.819319 0.180681
1.000000
0.556152 0.443848
1.000000
1.000000
0.862199 0.137801
0.543770 0.456230
0.395436 0.604564
0.108444 0.891556
0.681177 0.318823
1.000000
1.000000
1.000000
0.199511 0.446173 0.354316
1.000000
0.778695 0.221305
0.019605 0.980395
0.432509 0.567491
0.706627 0.293373
0.330372 0.669628
0.717513 0.282487
1.000000
1.000000
1.000000
1.000000
1.000000
0.070997 0.929003
1.000000
0.743441 0.256559
1.000000
0.923842 0.076158
1.000000
0.950139 0.049861
0.912696 0.087304
0.781323 0.218677
1.000000
1.000000
1.000000
0.608546 0.391454
0.918460 0.081540
0.361548 0.638452
0.227881 0.772119
1.000000
1.000000
0.125729 0.442663 0.431608
1.000000
1.000000
0.220203 0.429316 0.350481
1.000000
1.000000
0.464509 0.535491
0.962375 0.037625
0.783099 0.216901
1.000000
1.000000
1.000000
0.734617 0.265383
0.353927 0.646073
1.000000
0.815121 0.184879
1.000000
0.137276 0.862724
1.000000
0.674315 0.325685
1.000000
1.000000
0.223337 0.776663
0.712161 0.287839
0.088052 0.911948
1.000000
0.328241 0.671759
0.658012 0.341988
1.000000
0.993004 0.006996
1.000000
1.000000
0.125018 0.382653 0.492330
1.000000
0.602378 0.397622
0.327237 0.672763
1.000000
1.000000
1.000000
0.338362 0.430509 0.231129
1.000000
1.000000
0.393415 0.606585
0.449245 0.550755
1.000000
1.000000
1.000000
0.697492 0.302508
0.497516 0.502484
0.394720 0.605280
1.000000
1.000000
1.000000
1.000000
1.000000
1.000000
1.000000
1.000000
1.000000
0.974540 0.025460
1.000000
1.000000
1.000000
0.960220 0.039780
1.000000
0.236740 0.385846 0.268917 0.108497
0.405506 0.594494
0.603838 0.396162
0.325982 0.674018
1.000000
0.468228 0.385544 0.146228
1.000000
0.801786 0.198214
1.000000
0.098808 0.901192
1.000000
0.142969 0.857031
1.000000
1.000000
0.144538 0.855462
1.000000
1.000000
0.006560 0.127282 0.866158
0.097676 0.902324
0.431893 0.406416 0.161691
0.681052 0.318948
1.000000
0.232892 0.767108
0.557819 0.442181
1.000000
0.029451 0.970549
1.000000
0.936726 0.063274
1.000000
0.956509 0.043491
1.000000
0.299780 0.700220
1.000000
1.000000
0.033500 0.259192 0.707308
1.000000
0.399415 0.600585
1.000000
0.059059 0.321233 0.619708
0.682463 0.317537
0.140929 0.859071
1.000000
0.894432 0.105568
1.000000
0.469007 0.530993
1.000000
1.000000
1.000000
0.733290 0.266710
1.000000
1.000000
0.975466 0.024534
0.829948 0.170052
0.069716 0.930284
0.439053 0.560947
1.000000
1.000000
0.139325 0.860675
0.222919 0.451111 0.325970
0.449053 0.550947
0.289798 0.710202
0.645700 0.354300
0.443261 0.556739
0.971936 0.028064
0.676150 0.323850
0.398565 0.416953 0.184482
1.000000
1.000000
0.830434 0.169566
0.243007 0.453117 0.303875
1.000000
0.082205 0.358730 0.559064
1.000000
0.538067 0.461933
1.000000
1.000000
1.000000
0.084335 0.915665
1.000000
0.587491 0.412509
1.000000
1.000000
1.000000
0.072813 0.927187
1.000000
1.000000
1.000000
0.641997 0.358003
1.000000
0.845977 0.154023
1.000000
0.869292 0.130708
0.309128 0.690872
0.385959 0.614041
1.000000
0.646005 0.353995
0.373494 0.626506
0.917731 0.082269
1.000000
0.821148 0.178852
0.957167 0.042833
1.000000
0.100580 0.899420
0.342489 0.657511
1.000000
1.000000
0.565293 0.434707
1.000000
1.000000
1.000000
0.555682 0.370422 0.073896
0.465553 0.390562 0.143885
0.989296 0.010632 0.000072
1.000000
1.000000
1.000000
0.933252 0.066748
1.000000
1.000000
1.000000
1.000000
0.356153 0.643847
0.918226 0.081774
0.230056 0.769944
0.489585 0.510415
1.000000
1.000000
0.100904 0.899096
1.000000
1.000000
1.000000
1.000000
1.000000
1.000000
1.000000
0.310452 0.689548
1.000000
1.000000
0.883632 0.116368
1.000000
0.237873 0.415251 0.346876
1.000000
1.000000
1.000000
0.396558 0.603442
1.000000
1.000000
1.000000
1.000000
1.000000
1.000000
0.539670 0.460330
1.000000
0.133241 0.866759
1.000000
0.739133 0.260867
1.000000
1.000000
0.332588 0.667412
0.975903 0.024097
1.000000
1.000000
0.035388 0.964612
0.534365 0.465635
0.306279 0.693721
1.000000
0.228290 0.771710
1.000000
1.000000
1.000000
1.000000
0.689936 0.310064
1.000000
1.000000
1.000000
1.000000
1.000000
0.510723 0.489277
1.000000
0.606178 0.393822
0.073633 0.347743 0.578623
1.000000
0.101491 0.898509
1.000000
1.000000
1.000000
1.000000
1.000000
0.084111 0.915889
1.000000
1.000000
1.000000
1.000000
1.000000
1.000000
0.969775 0.029649 0.000577
0.156411 0.843589
0.887361 0.112639
1.000000
1.000000
1.000000
1.000000
0.444508 0.555492
1.000000
0.558649 0.355904 0.085447
1.000000
1.000000
1.000000
1.000000
0.105841 0.414951 0.479208
0.957934 0.042066
0.488561 0.511439
1.000000
1.000000
1.000000
1.000000
1.000000
0.428502 0.571498
1.000000
1.000000
1.000000
0.778179 0.221821
0.434821 0.565179
1.000000
1.000000
0.390979 0.609021
0.263726 0.736274
