1.000000
1.000000
0.680739 0.319261
1.000000
1.000000
0.333445 0.666555
0.150235 0.849765
1.000000
0.072100 0.927900
0.790168 0.209832
1.000000
1.000000
1.000000
1.000000
0.936860 0.061467 0.001673
1.000000
1.000000
0.430197 0.569803
0.116172 0.307275 0.348007 0.228546
1.000000
1.000000
0.617848 0.382152
1.000000
1.000000
0.284524 0.715476
1.000000
1.000000
1.000000
1.000000
0.986222 0.013778
1.000000
1.000000
0.511222 0.488778
0.659771 0.340229
1.000000
1.000000
0.647488 0.352512
0.386014 0.613986
1.000000
0.555707 0.444293
1.000000
1.000000
0.086983 0.913017
1.000000
1.000000
0.995312 0.004688
1.000000
1.000000
0.725753 0.274247
1.000000
1.000000
1.000000
1.000000
0.576415 0.423585
1.000000
1.000000
1.000000
1.000000
0.355686 0.427508 0.216806
1.000000
0.819504 0.180496
1.000000
1.000000
0.564234 0.435766
1.000000
1.000000
0.829869 0.170131
1.000000
0.834020 0.165980
0.024475 0.975525
0.369348 0.630652
0.042013 0.957987
1.000000
0.037673 0.268494 0.693833
1.000000
1.000000
0.893559 0.106441
1.000000
0.909285 0.090715
1.000000
1.000000
1.000000
0.963931 0.036069
0.378754 0.621246
0.922367 0.077633
0.503181 0.496819
1.000000
1.000000
1.000000
1.000000
1.000000
1.000000
0.187890 0.468382 0.343727
0.280464 0.455131 0.264405
0.926651 0.073349
1.000000
1.000000
1.000000
1.000000
1.000000
0.110072 0.390350 0.499577
1.000000
0.501418 0.498582
0.167779 0.832221
0.994889 0.005111
0.354110 0.444465 0.201425
0.747157 0.252843
1.000000
1.000000
0.166600 0.833400
1.000000
1.000000
1.000000
1.000000
1.000000
0.890466 0.109534
0.395067 0.604933
1.000000
1.000000
1.000000
0.937292 0.062708
1.000000
1.000000
0.300340 0.699660
0.864059 0.135941
1.000000
1.000000
0.522351 0.477649
1.000000
0.529708 0.470292
0.551920 0.448080
1.000000
0.412925 0.587075
1.000000
1.000000
1.000000
1.000000
0.765328 0.234672
0.450191 0.549809
0.732035 0.267965
0.423970 0.576030
1.000000
1.000000
1.000000
0.593094 0.406906
0.128185 0.871815
0.054443 0.191443 0.343575 0.410539
1.000000
1.000000
1.000000
0.956802 0.043198
1.000000
0.498025 0.501975
1.000000
0.394385 0.605615
0.743952 0.256048
1.000000
0.937580 0.062420
0.619193 0.380807
0.227404 0.772596
1.000000
0.881398 0.111336 0.007266
0.412770 0.587230
1.000000
0.229892 0.770108
1.000000
0.168869 0.469590 0.361541
0.392301 0.607699
1.000000
0.795305 0.204695
0.803405 0.196595
1.000000
1.000000
1.000000
0.616342 0.383658
0.042127 0.957873
1.000000
1.000000
0.548269 0.451731
1.000000
0.094593 0.905407
1.000000
1.000000
0.961091 0.038909
1.000000
1.000000
1.000000
1.000000
1.000000
0.733274 0.266726
1.000000
1.000000
1.000000
1.000000
1.000000
1.000000
1.000000
1.000000
0.907625 0.092375
0.139419 0.413114 0.447467
0.486247 0.513753
1.000000
0.162072 0.837928
1.000000
1.000000
0.404693 0.595307
1.000000
1.000000
1.000000
0.218245 0.781755
1.000000
0.877565 0.122435
1.000000
1.000000
1.000000
1.000000
0.309333 0.690667
0.444733 0.555267
0.403805 0.596195
1.000000
0.407320 0.592680
0.440281 0.559719
1.000000
0.262263 0.428646 0.309091
0.770826 0.200061 0.029113
0.333835 0.666165
0.257346 0.742654
0.969455 0.030545
0.491731 0.508269
1.000000
0.436745 0.563255
1.000000
1.000000
0.061052 0.938948
1.000000
1.000000
1.000000
0.984465 0.015535
0.302111 0.697889
1.000000
0.147699 0.852301
1.000000
1.000000
1.000000
0.116552 0.883448
1.000000
1.000000
1.000000
1.000000
1.000000
0.170627 0.829373
1.000000
1.000000
1.000000
0.157655 0.842345
0.541285 0.458715
0.411470 0.588530
0.959957 0.040043
0.751678 0.248322
1.000000
1.000000
0.333922 0.666078
1.000000
1.000000
1.000000
1.000000
0.453078 0.411820 0.135102
0.460652 0.539348
0.708730 0.291270
0.218531 0.450572 0.330897
1.000000
0.350997 0.649003
1.000000
0.559601 0.440399
0.552047 0.447953
1.000000
0.339209 0.660791
1.000000
1.000000
1.000000
0.444318 0.555682
0.169532 0.469248 0.361219
0.353808 0.646192
1.000000
0.513991 0.486009
1.000000
0.981553 0.018447
1.000000
1.000000
1.000000
1.000000
0.068950 0.329654 0.601397
0.107839 0.892161
1.000000
1.000000
1.000000
1.000000
0.658436 0.341564
1.000000
0.872275 0.127725
1.000000
0.465791 0.534209
0.237096 0.762904
1.000000
1.000000
0.671010 0.328990
0.570396 0.429604
0.324334 0.675666
1.000000
1.000000
0.067461 0.932539
1.000000
0.464496 0.425335 0.110169
1.000000
1.000000
0.458136 0.541864
1.000000
1.000000
0.235396 0.764604
1.000000
0.384679 0.437155 0.178166
0.235902 0.764098
1.000000
0.792672 0.207328
1.000000
1.000000
1.000000
1.000000
0.693360 0.306640
1.000000
1.000000
0.483202 0.516798
0.839184 0.160816
1.000000
0.522679 0.477321
0.035647 0.964353
0.095385 0.904615
1.000000
1.000000
1.000000
1.000000
1.000000
0.367936 0.632064
1.000000
1.000000
0.520653 0.479347
1.000000
1.000000
0.191578 0.436638 0.371784
0.747535 0.252465
1.000000
1.000000
1.000000
0.475069 0.524931
0.047424 0.952576
1.000000
1.000000
1.000000
1.000000
0.142898 0.857102
1.000000
0.450274 0.401843 0.147882
1.000000
1.000000
0.407457 0.592543
0.061256 0.326438 0.612306
0.455667 0.544333
1.000000
0.259384 0.740616
1.000000
1.000000
1.000000
1.000000
1.000000
0.892118 0.107882
0.634909 0.365091
0.797388 0.202612
1.000000
1.000000
0.780727 0.219273
0.941994 0.058006
0.308831 0.691169
0.713303 0.286697
0.655426 0.344574
1.000000
1.000000
1.000000
0.023789 0.137612 0.342346 0.496253
0.277730 0.722270
1.000000
0.180126 0.819874
1.000000
0.873492 0.126508
1.000000
1.000000
0.060558 0.939442
1.000000
0.306106 0.452001 0.241893
0.417959 0.442696 0.139345
0.184038 0.815962
0.756124 0.243876
0.618735 0.307326 0.065746 0.008194
1.000000
0.507914 0.492086
1.000000
0.744457 0.226499 0.029044
0.263813 0.736187
0.062143 0.937857
0.927216 0.072784
0.435074 0.564926
1.000000
1.000000
1.000000
1.000000
0.570309 0.429691
1.000000
0.610265 0.389735
0.300757 0.699243
1.000000
1.000000
0.293737 0.454454 0.251809
1.000000
1.000000
1.000000
1.000000
0.181098 0.818902
1.000000
0.839184 0.160816
1.000000
0.183651 0.816349
1.000000
1.000000
1.000000
0.372829 0.627171
1.000000
1.000000
1.000000
1.000000
0.594783 0.405217
1.000000
0.233241 0.453772 0.312988
1.000000
1.000000
1.000000
0.268446 0.731554
1.000000
0.273855 0.726145
1.000000
1.000000
1.000000
1.000000
0.380173 0.619827
0.318112 0.681888
0.444965 0.555035
0.968175 0.031825
0.581255 0.418745
0.863143 0.136857
1.000000
1.000000
1.000000
1.000000
0.616620 0.383380
1.000000
1.000000
1.000000
1.000000
0.754265 0.216571 0.029165
0.406968 0.593032
1.000000
0.781492 0.218508
1.000000
1.000000
0.406971 0.593029
1.000000
0.358457 0.641543
1.000000
0.307903 0.692097
1.000000
0.698257 0.301743
1.000000
1.000000
1.000000
1.000000
0.433411 0.566589
1.000000
1.000000
0.671763 0.328237
0.558587 0.441413
1.000000
0.335810 0.664190
1.000000
0.648285 0.351715
0.187944 0.812056
1.000000
0.805825 0.194175
1.000000
1.000000
0.472164 0.527836
0.281647 0.718353
0.358420 0.641580
0.181038 0.818962
1.000000
1.000000
1.000000
1.000000
1.000000
0.391174 0.608826
0.794659 0.205341
1.000000
0.050154 0.949846
1.000000
0.876215 0.117528 0.006257
0.264808 0.735192
0.455821 0.544179
0.095792 0.410350 0.493858
0.060165 0.939835
1.000000
1.000000
1.000000
1.000000
1.000000
1.000000
1.000000
1.000000
1.000000
1.000000
0.109730 0.890270
1.000000
0.080087 0.919913
1.000000
0.294887 0.705113
1.000000
1.000000
1.000000
1.000000
1.000000
1.000000
0.382405 0.617595
1.000000
0.790800 0.191433 0.017767
0.829496 0.170504
1.000000
0.605113 0.394887
0.464032 0.535968
0.864569 0.135431
0.454625 0.545375
1.000000
0.437432 0.562568
1.000000
0.829558 0.170442
1.000000
1.000000
0.719669 0.239057 0.041274
1.000000
1.000000
0.662841 0.337159
1.000000
1.000000
0.506495 0.493505
1.000000
1.000000
0.118894 0.881106
1.000000
0.955934 0.042937 0.001128
0.534450 0.465550
0.515160 0.484840
0.738207 0.261793
1.000000
1.000000
0.298442 0.701558
0.943004 0.056996
0.857585 0.142415
0.570205 0.429795
0.194453 0.805547
1.000000
1.000000
0.581241 0.418759
0.382006 0.617994
1.000000
0.557860 0.442140
1.000000
1.000000
0.670746 0.329254
0.418141 0.581859
0.884960 0.115040
1.000000
1.000000
0.744152 0.255848
1.000000
0.295874 0.704126
1.000000
0.436103 0.563897
1.000000
0.385435 0.614565
1.000000
1.000000
1.000000
0.367436 0.632564
0.976918 0.023082
0.350659 0.649341
1.000000
0.656179 0.343821
1.000000
1.000000
1.000000
1.000000
1.000000
0.374413 0.625587
0.503220 0.496780
0.346363 0.653637
1.000000
0.636659 0.363341
1.000000
1.000000
0.419603 0.580397
0.452900 0.547100
1.000000
0.226796 0.449137 0.324067
0.774821 0.225179
0.339911 0.660089
0.145123 0.420057 0.434821
1.000000
0.545742 0.454258
1.000000
1.000000
1.000000
1.000000
1.000000
0.590906 0.409094
0.838767 0.161233
1.000000
1.000000
1.000000
0.791631 0.208369
0.293320 0.475199 0.231481
1.000000
1.000000
1.000000
0.233385 0.766615
1.000000
1.000000
0.728880 0.271120
1.000000
1.000000
1.000000
0.384230 0.615770
1.000000
0.307702 0.692298
1.000000
1.000000
0.068519 0.931481
1.000000
1.000000
0.647548 0.352452
0.982356 0.017644
1.000000
0.485088 0.514912
0.258475 0.741525
0.525256 0.474744
1.000000
1.000000
1.000000
1.000000
0.045534 0.954466
1.000000
0.241404 0.758596
1.000000
0.477338 0.522662
1.000000
0.104720 0.895280
1.000000
1.000000
1.000000
1.000000
0.025630 0.974370
0.139535 0.860465
1.000000
1.000000
1.000000
1.000000
1.000000
0.299648 0.700352
1.000000
0.930250 0.069750
0.463701 0.536299
1.000000
1.000000
1.000000
0.029694 0.970306
1.000000
0.599598 0.400402
0.078059 0.921941
0.086795 0.913205
1.000000
0.619945 0.380055
0.514836 0.485164
1.000000
0.388525 0.611475
1.000000
0.928273 0.071727
0.100289 0.899711
0.496712 0.503288
1.000000
1.000000
0.479603 0.418095 0.102302
0.574287 0.425713
0.771805 0.228195
1.000000
1.000000
0.512578 0.487422
1.000000
1.000000
0.732838 0.267162
0.041073 0.279899 0.679028
0.065889 0.334037 0.600074
1.000000
1.000000
0.295840 0.704160
1.000000
1.000000
1.000000
0.329937 0.670063
0.762977 0.237023
0.961482 0.038518
0.419213 0.421371 0.159417
0.518363 0.481637
0.621601 0.378399
1.000000
1.000000
1.000000
1.000000
0.206838 0.793162
0.222471 0.443592 0.333936
0.286871 0.713129
0.705419 0.294581
1.000000
0.464587 0.535413
1.000000
0.880586 0.119414
1.000000
0.516934 0.483066
0.074741 0.925259
1.000000
0.735305 0.264695
0.762810 0.237190
1.000000
0.428234 0.571766
0.132102 0.867898
0.057360 0.942640
0.327386 0.672614
0.434089 0.565911
1.000000
0.056952 0.349342 0.593707
0.767296 0.232704
1.000000
1.000000
0.012581 0.166006 0.821413
1.000000
1.000000
1.000000
0.090469 0.282585 0.364233 0.262714
1.000000
1.000000
1.000000
0.128232 0.405033 0.466734
1.000000
0.239246 0.430827 0.329927
1.000000
1.000000
0.114376 0.885624
0.950175 0.049825
1.000000
0.846554 0.153446
0.810180 0.189820
1.000000
1.000000
1.000000
1.000000
0.725292 0.274708
0.474898 0.525102
0.454335 0.545665
0.457670 0.377998 0.164332
0.670906 0.284154 0.044939
1.000000
1.000000
1.000000
0.550641 0.449359
1.000000
0.589132 0.410868
1.000000
1.000000
0.289358 0.710642
1.000000
1.000000
0.852503 0.147497
1.000000
1.000000
0.180440 0.819560
0.259217 0.456049 0.284734
1.000000
0.936430 0.063570
1.000000
0.175227 0.824773
1.000000
0.347704 0.652296
1.000000
1.000000
1.000000
0.652352 0.294062 0.053586
0.063968 0.936032
1.000000
0.031777 0.253453 0.714770
1.000000
1.000000
0.678260 0.321740
1.000000
1.000000
0.962021 0.037979
1.000000
1.000000
0.165116 0.834884
0.314565 0.685435
1.000000
1.000000
0.880077 0.113999 0.005923
0.492445 0.507555
1.000000
1.000000
0.374755 0.625245
0.779789 0.220211
1.000000
1.000000
0.405907 0.594093
1.000000
0.830170 0.169830
1.000000
1.000000
0.704737 0.295263
1.000000
1.000000
1.000000
0.085737 0.914263
0.760233 0.239767
0.782463 0.217537
1.000000
1.000000
0.240308 0.759692
0.396519 0.603481
0.010557 0.147366 0.842077
1.000000
0.396799 0.603201
0.224330 0.383854 0.277265 0.114551
1.000000
1.000000
1.000000
1.000000
0.986798 0.013202
1.000000
0.345608 0.654392
1.000000
1.000000
1.000000
1.000000
0.215875 0.784125
1.000000
1.000000
1.000000
1.000000
1.000000
0.976989 0.023011
1.000000
0.793732 0.206268
1.000000
1.000000
1.000000
1.000000
1.000000
0.732343 0.267657
1.000000
0.180328 0.819672
0.085187 0.914813
1.000000
1.000000
0.960017 0.039983
1.000000
0.647466 0.352534
1.000000
0.679412 0.320588
1.000000
1.000000
1.000000
1.000000
1.000000
1.000000
1.000000
1.000000
0.644029 0.355971
1.000000
0.976586 0.023414
0.295806 0.704194
1.000000
1.000000
0.440496 0.559504
1.000000
0.066682 0.933318
0.564511 0.435489
1.000000
0.097046 0.902954
1.000000
1.000000
0.891276 0.108724
0.031496 0.280860 0.687644
0.236626 0.763374
1.000000
1.000000
1.000000
1.000000
1.000000
0.605666 0.394334
1.000000
0.386430 0.613570
0.418766 0.581234
0.168067 0.831933
0.784173 0.215827
0.297661 0.702339
1.000000
0.238450 0.761550
1.000000
1.000000
1.000000
0.413492 0.586508
1.000000
1.000000
1.000000
1.000000
1.000000
0.369464 0.630536
0.706464 0.293536
0.076443 0.344362 0.579195
0.893462 0.106538
0.497991 0.502009
0.771454 0.228546
0.254485 0.745515
0.029018 0.970982
0.455682 0.544318
0.976432 0.023568
1.000000
1.000000
0.378385 0.621615
1.000000
1.000000
1.000000
0.225199 0.774801
1.000000
0.805142 0.194858
0.512236 0.487764
1.000000
1.000000
1.000000
0.162135 0.837865
0.446202 0.553798
1.000000
1.000000
1.000000
0.743403 0.256597
1.000000
0.474465 0.525535
0.124859 0.875141
0.061843 0.304299 0.633858
1.000000
0.336975 0.663025
0.219257 0.780743
1.000000
1.000000
1.000000
0.307342 0.443781 0.248877
0.247936 0.433313 0.318751
1.000000
0.613499 0.386501
0.280053 0.719947
1.000000
1.000000
1.000000
0.383747 0.616253
0.379514 0.620486
1.000000
1.000000
1.000000
1.000000
1.000000
1.000000
1.000000
1.000000
1.000000
1.000000
1.000000
1.000000
1.000000
1.000000
1.000000
1.000000
0.331043 0.668957
1.000000
1.000000
1.000000
1.000000
0.915417 0.084583
0.436860 0.563140
0.224018 0.775982
1.000000
1.000000
0.533075 0.466925
0.315099 0.684901
1.000000
0.391392 0.608608
0.423433 0.576567
0.763789 0.204838 0.028645 0.002728
0.811222 0.188778
0.577908 0.422092
0.507046 0.492954
0.735285 0.264715
1.000000
1.000000
1.000000
0.688801 0.311199
0.889534 0.110466
1.000000
1.000000
1.000000
1.000000
0.358547 0.641453
0.364692 0.635308
0.872564 0.127436
1.000000
0.693717 0.306283
1.000000
1.000000
0.227439 0.772561
1.000000
1.000000
0.455187 0.408738 0.136075
0.135609 0.864391
1.000000
0.860983 0.139017
0.169284 0.830716
1.000000
0.530893 0.469107
1.000000
0.672563 0.327437
1.000000
1.000000
0.610683 0.389317
1.000000
1.000000
0.296445 0.422804 0.280751
0.424260 0.575740
1.000000
0.563743 0.436257
0.118513 0.881487
0.579340 0.420660
1.000000
1.000000
1.000000
1.000000
1.000000
0.959239 0.040761
1.000000
1.000000
0.327353 0.672647
1.000000
1.000000
0.336651 0.663349
0.135485 0.864515
1.000000
1.000000
0.438271 0.561729
0.082109 0.917891
0.595462 0.404538
1.000000
0.395521 0.604479
0.214104 0.785896
1.000000
1.000000
1.000000
0.325428 0.674572
0.516622 0.483378
1.000000
1.000000
0.946742 0.053258
1.000000
0.520174 0.479826
1.000000
1.000000
0.501398 0.498602
1.000000
0.734728 0.235255 0.030016
1.000000
0.120814 0.879186
1.000000
1.000000
1.000000
1.000000
0.541084 0.458916
0.676895 0.323105
0.334577 0.665423
1.000000
1.000000
1.000000
0.674372 0.264258 0.053910 0.007460
0.162953 0.837047
0.230634 0.769366
0.103084 0.360554 0.536363
1.000000
1.000000
1.000000
1.000000
0.065949 0.311734 0.622318
0.052907 0.947093
1.000000
0.640369 0.359631
0.312979 0.687021
1.000000
0.872139 0.127861
1.000000
1.000000
0.074815 0.925185
1.000000
1.000000
0.963078 0.036922
1.000000
1.000000
0.598194 0.401806
0.786151 0.213849
0.198803 0.801197
0.623347 0.376653
0.524979 0.475021
0.332063 0.667937
0.214448 0.785552
0.405426 0.594574
0.089537 0.348595 0.561868
0.479521 0.520479
1.000000
0.533080 0.370103 0.096817
1.000000
1.000000
0.070435 0.929565
0.388110 0.611890
1.000000
0.431732 0.568268
0.450731 0.549269
1.000000
1.000000
0.215248 0.427239 0.357513
0.100063 0.899937
1.000000
0.643849 0.356151
0.903468 0.096532
0.375572 0.463449 0.160979
0.914787 0.085213
0.826479 0.173521
0.267641 0.732359
0.105483 0.894517
1.000000
1.000000
1.000000
1.000000
1.000000
0.509317 0.490683
1.000000
1.000000
1.000000
1.000000
0.610505 0.389495
1.000000
0.689805 0.310195
1.000000
1.000000
1.000000
0.580835 0.326658 0.092507
0.982921 0.017079
1.000000
0.301646 0.698354
1.000000
1.000000
1.000000
0.033151 0.966849
0.452766 0.547234
1.000000
1.000000
0.222004 0.777996
0.538149 0.350648 0.111203
1.000000
0.456211 0.543789
0.167504 0.832496
1.000000
1.000000
1.000000
0.967726 0.032274
1.000000
0.231061 0.768939
1.000000
0.388949 0.611051
1.000000
0.258505 0.741495
0.418249 0.581751
0.545473 0.454527
0.572362 0.427638
0.043096 0.956904
0.253572 0.746428
0.812750 0.187250
1.000000
0.123283 0.876717
0.657109 0.342891
1.000000
0.427407 0.572593
1.000000
0.909916 0.090084
0.824160 0.175840
0.947288 0.052712
1.000000
1.000000
1.000000
0.684323 0.282119 0.033558
1.000000
0.845973 0.154027
1.000000
0.425607 0.574393
1.000000
1.000000
1.000000
1.000000
1.000000
0.714829 0.285171
1.000000
1.000000
1.000000
1.000000
0.039534 0.960466
1.000000
0.600843 0.399157
0.724248 0.275752
0.388021 0.436404 0.175574
1.000000
1.000000
1.000000
1.000000
1.000000
0.372922 0.627078
0.061041 0.938959
0.523198 0.476802
0.324960 0.675040
1.000000
1.000000
1.000000
0.354530 0.444059 0.201412
1.000000
0.092413 0.907587
0.309914 0.690086
1.000000
1.000000
0.057387 0.942613
0.727574 0.272426
0.500431 0.499569
0.915628 0.084372
1.000000
0.257180 0.742820
1.000000
0.330186 0.669814
1.000000
1.000000
1.000000
0.099222 0.900778
0.141015 0.453737 0.405248
0.155300 0.460061 0.384639
1.000000
1.000000
0.450044 0.549956
1.000000
0.494977 0.505023
0.584899 0.415101
0.293154 0.706846
1.000000
1.000000
0.537403 0.462597
0.005586 0.117969 0.876445
1.000000
1.000000
1.000000
0.900119 0.099881
1.000000
1.000000
0.676746 0.323254
1.000000
0.172489 0.471482 0.356029
1.000000
0.454598 0.545402
1.000000
0.101105 0.898895
1.000000
1.000000
1.000000
0.162697 0.466311 0.370992
0.629578 0.370422
0.120305 0.378386 0.501310
0.584988 0.415012
1.000000
0.338241 0.470171 0.191588
0.645474 0.354526
1.000000
1.000000
1.000000
0.966561 0.033439
0.692145 0.307855
1.000000
1.000000
0.769014 0.230986
1.000000
1.000000
1.000000
0.335582 0.664418
1.000000
0.405565 0.594435
0.179318 0.820682
1.000000
1.000000
1.000000
1.000000
1.000000
1.000000
1.000000
1.000000
1.000000
1.000000
0.916593 0.083407
0.824302 0.175698
1.000000
0.358668 0.641332
1.000000
0.902488 0.097512
0.157622 0.842378
1.000000
1.000000
1.000000
0.393010 0.418557 0.188433
0.388758 0.611242
1.000000
0.073133 0.926867
1.000000
1.000000
1.000000
0.228986 0.771014
0.546025 0.362292 0.091683
0.194737 0.805263
0.878164 0.121836
0.982535 0.017465
1.000000
0.738404 0.261596
1.000000
0.054091 0.945909
1.000000
1.000000
0.606940 0.393060
0.025429 0.974571
0.214882 0.785118
0.590671 0.409329
1.000000
0.349372 0.650628
1.000000
1.000000
1.000000
1.000000
1.000000
0.529295 0.470705
1.000000
0.016041 0.190563 0.793395
1.000000
1.000000
1.000000
1.000000
0.518576 0.481424
0.483309 0.516691
1.000000
1.000000
0.266560 0.733440
1.000000
0.050238 0.949762
1.000000
1.000000
1.000000
0.266113 0.733887
1.000000
1.000000
0.900540 0.099460
0.984416 0.015584
1.000000
1.000000
1.000000
0.272961 0.727039
0.574331 0.425669
0.345433 0.654567
0.666552 0.333448
1.000000
1.000000
0.703196 0.296804
0.131654 0.868346
0.073319 0.926681
1.000000
1.000000
1.000000
0.940767 0.059233
1.000000
0.624254 0.375746
0.252265 0.747735
1.000000
1.000000
0.507905 0.492095
1.000000
1.000000
1.000000
1.000000
0.434705 0.565295
0.021082 0.210150 0.768768
1.000000
0.462701 0.537299
1.000000
1.000000
0.305823 0.431131 0.263047
0.412800 0.587200
1.000000
0.207935 0.792065
1.000000
1.000000
0.322189 0.677811
1.000000
0.620992 0.379008
0.743140 0.256860
0.180886 0.819114
0.496834 0.404260 0.098906
0.661340 0.338660
1.000000
0.259414 0.740586
0.436799 0.563201
1.000000
0.932611 0.067389
1.000000
0.435966 0.564034
1.000000
1.000000
1.000000
0.017000 0.132464 0.363177 0.487359
0.666539 0.333461
0.361706 0.638294
1.000000
0.289413 0.710587
1.000000
1.000000
0.276649 0.723351
1.000000
0.183032 0.816968
1.000000
0.089740 0.910260
1.000000
1.000000
0.301545 0.698455
1.000000
0.550901 0.358963 0.090136
1.000000
0.041718 0.958282
0.520779 0.479221
0.148720 0.423583 0.427697
1.000000
0.893694 0.106306
1.000000
1.000000
1.000000
1.000000
0.176765 0.823235
0.699652 0.300348
1.000000
0.348485 0.651515
0.616394 0.321094 0.062512
1.000000
1.000000
1.000000
1.000000
0.212591 0.426559 0.360850
0.440739 0.559261
1.000000
0.770591 0.229409
0.347843 0.652157
1.000000
1.000000
1.000000
0.304278 0.695722
0.406559 0.593441
0.647198 0.352802
1.000000
1.000000
1.000000
0.173386 0.826614
0.507944 0.492056
1.000000
1.000000
0.410379 0.589621
1.000000
0.826710 0.173290
0.430981 0.569019
1.000000
0.713324 0.286676
1.000000
0.980544 0.019456
1.000000
1.000000
1.000000
1.000000
1.000000
0.294081 0.705919
0.372772 0.627228
1.000000
1.000000
1.000000
1.000000
1.000000
1.000000
1.000000
1.000000
1.000000
0.715189 0.284811
1.000000
0.448064 0.551936
1.000000
0.356823 0.643177
1.000000
1.000000
1.000000
0.460587 0.539413
1.000000
1.000000
0.316536 0.683464
0.185291 0.439080 0.375629
1.000000
0.413794 0.586206
0.391656 0.608344
1.000000
0.158628 0.841372
0.422255 0.577745
1.000000
1.000000
1.000000
0.690279 0.309721
1.000000
1.000000
0.792417 0.207583
1.000000
0.240588 0.433275 0.326137
1.000000
0.111232 0.888768
0.662515 0.337485
0.808830 0.191170
0.664365 0.335635
0.602879 0.397121
1.000000
1.000000
0.439384 0.560616
1.000000
1.000000
1.000000
1.000000
0.631217 0.368783
1.000000
0.039551 0.960449
0.112379 0.887621
0.535183 0.464817
0.934545 0.065455
1.000000
0.395265 0.412524 0.192211
0.008294 0.139517 0.852189
1.000000
1.000000
0.356246 0.643754
0.939771 0.060229
1.000000
0.479515 0.520485
1.000000
1.000000
0.514358 0.485642
0.377302 0.417526 0.205172
1.000000
1.000000
0.780569 0.219431
1.000000
1.000000
1.000000
1.000000
1.000000
0.320102 0.679898
1.000000
0.184299 0.815701
1.000000
1.000000
0.000693 0.016016 0.153663 0.829628
0.946924 0.053076
0.635195 0.364805
1.000000
1.000000
0.676226 0.323774
1.000000
0.112445 0.887555
1.000000
1.000000
0.191166 0.808834
0.534884 0.465116
1.000000
0.625597 0.374403
1.000000
0.197324 0.802676
0.354134 0.645866
0.152602 0.425679 0.421720
0.585454 0.414546
0.174366 0.434990 0.390643
0.653597 0.346403
0.120020 0.402675 0.477305
1.000000
0.987239 0.012761
1.000000
1.000000
0.931797 0.068203
1.000000
0.189112 0.810888
0.688360 0.311640
0.979738 0.020262
0.122090 0.400537 0.477373
1.000000
0.810255 0.189745
0.534871 0.465129
1.000000
0.133798 0.866202
0.500509 0.499491
1.000000
0.704484 0.295516
1.000000
0.476540 0.523460
1.000000
0.911250 0.088750
0.475830 0.524170
1.000000
0.428213 0.427787 0.144000
1.000000
1.000000
0.060028 0.939972
1.000000
0.791306 0.208694
0.649177 0.350823
0.500316 0.499684
1.000000
1.000000
1.000000
0.619795 0.380205
1.000000
1.000000
1.000000
1.000000
0.918371 0.081629
1.000000
0.819514 0.180486
1.000000
0.556231 0.443769
1.000000
1.000000
0.862399 0.137601
0.543829 0.456171
0.395339 0.604661
0.108265 0.891735
0.681343 0.318657
1.000000
1.000000
1.000000
0.199426 0.446252 0.354321
1.000000
0.778898 0.221102
0.019535 0.980465
0.432446 0.567554
0.706805 0.293195
0.330244 0.669756
0.717680 0.282320
1.000000
1.000000
1.000000
1.000000
1.000000
0.070861 0.929139
1.000000
0.743621 0.256379
1.000000
0.924001 0.075999
1.000000
0.950264 0.049736
0.912849 0.087151
0.781492 0.218508
1.000000
1.000000
1.000000
0.608635 0.391365
0.918613 0.081387
0.361460 0.638540
0.227729 0.772271
1.000000
1.000000
0.125602 0.442703 0.431695
1.000000
1.000000
0.220145 0.429384 0.350471
1.000000
1.000000
0.464496 0.535504
0.962473 0.037527
0.783246 0.216754
1.000000
1.000000
1.000000
0.734813 0.265187
0.353793 0.646207
1.000000
0.815320 0.184680
1.000000
0.137079 0.862921
1.000000
0.674480 0.325520
1.000000
1.000000
0.223174 0.776826
0.712347 0.287653
0.087882 0.912118
1.000000
0.328092 0.671908
0.658166 0.341834
1.000000
0.993025 0.006975
1.000000
1.000000
0.124914 0.382650 0.492437
1.000000
0.602473 0.397527
0.327118 0.672882
1.000000
1.000000
1.000000
0.338380 0.430560 0.231060
1.000000
1.000000
0.393311 0.606689
0.449217 0.550783
1.000000
1.000000
1.000000
0.697641 0.302359
0.497550 0.502450
0.394645 0.605355
1.000000
1.000000
1.000000
1.000000
1.000000
1.000000
1.000000
1.000000
1.000000
0.974618 0.025382
1.000000
1.000000
1.000000
0.960326 0.039674
1.000000
0.236741 0.385945 0.268900 0.108414
0.405440 0.594560
0.603945 0.396055
0.325853 0.674147
1.000000
0.468366 0.385527 0.146107
1.000000
0.801981 0.198019
1.000000
0.098632 0.901368
1.000000
0.142774 0.857226
1.000000
1.000000
0.144346 0.855654
1.000000
1.000000
0.006533 0.127081 0.866387
0.097514 0.902486
0.432012 0.406427 0.161560
0.681216 0.318784
1.000000
0.232709 0.767291
0.557888 0.442112
1.000000
0.029372 0.970628
1.000000
0.936866 0.063134
1.000000
0.956612 0.043388
1.000000
0.299637 0.700363
1.000000
1.000000
0.033420 0.259028 0.707553
1.000000
0.399343 0.600657
1.000000
0.058956 0.321129 0.619915
0.682624 0.317376
0.140734 0.859266
1.000000
0.894618 0.105382
1.000000
0.468997 0.531003
1.000000
1.000000
1.000000
0.733464 0.266536
1.000000
1.000000
0.975542 0.024458
0.830159 0.169841
0.069568 0.930432
0.439034 0.560966
1.000000
1.000000
0.139149 0.860851
0.222850 0.451198 0.325952
0.449026 0.550974
0.289642 0.710358
0.645843 0.354157
0.443229 0.556771
0.972015 0.027985
0.676315 0.323685
0.398655 0.416985 0.184360
1.000000
1.000000
0.830615 0.169385
0.242952 0.453208 0.303840
1.000000
0.082093 0.358675 0.559232
1.000000
0.538120 0.461880
1.000000
1.000000
1.000000
0.084186 0.915814
1.000000
0.587588 0.412412
1.000000
1.000000
1.000000
0.072660 0.927340
1.000000
1.000000
1.000000
0.642109 0.357891
1.000000
0.846163 0.153837
1.000000
0.869465 0.130535
0.308996 0.691004
0.385850 0.614150
1.000000
0.646119 0.353881
0.373414 0.626586
0.917900 0.082100
1.000000
0.821355 0.178645
0.957275 0.042725
1.000000
0.100401 0.899599
0.342354 0.657646
1.000000
1.000000
0.565372 0.434628
1.000000
1.000000
1.000000
0.555841 0.370368 0.073791
0.465696 0.390548 0.143756
0.989333 0.010595 0.000072
1.000000
1.000000
1.000000
0.933385 0.066615
1.000000
1.000000
1.000000
1.000000
0.356047 0.643953
0.918394 0.081606
0.229892 0.770108
0.489593 0.510407
1.000000
1.000000
0.100729 0.899271
1.000000
1.000000
1.000000
1.000000
1.000000
1.000000
1.000000
0.310289 0.689711
1.000000
1.000000
0.883790 0.116210
1.000000
0.237836 0.415295 0.346869
1.000000
1.000000
1.000000
0.396500 0.603500
1.000000
1.000000
1.000000
1.000000
1.000000
1.000000
0.539724 0.460276
1.000000
0.133050 0.866950
1.000000
0.739339 0.260661
1.000000
1.000000
0.332470 0.667530
0.975967 0.024033
1.000000
1.000000
0.035294 0.964706
0.534415 0.465585
0.306134 0.693866
1.000000
0.228112 0.771888
1.000000
1.000000
1.000000
1.000000
0.690109 0.309891
1.000000
1.000000
1.000000
1.000000
1.000000
0.510752 0.489248
1.000000
0.606264 0.393736
0.073522 0.347671 0.578807
1.000000
0.101312 0.898688
1.000000
1.000000
1.000000
1.000000
1.000000
0.083950 0.916050
1.000000
1.000000
1.000000
1.000000
1.000000
1.000000
0.969850 0.029576 0.000574
0.156229 0.843771
0.887545 0.112455
1.000000
1.000000
1.000000
1.000000
0.444494 0.555506
1.000000
0.558841 0.355832 0.085327
1.000000
1.000000
1.000000
1.000000
0.105722 0.414951 0.479328
0.958013 0.041987
0.488542 0.511458
1.000000
1.000000
1.000000
1.000000
1.000000
0.428432 0.571568
1.000000
1.000000
1.000000
0.778369 0.221631
0.434798 0.565202
1.000000
1.000000
0.390901 0.609099
0.263563 0.736437
