2000 5 1
0.015030
0.003116
0.107098
0.874661
0.000095
0.000451
0.016073
0.161175
0.161706
0.660595
0.008190
0.002665
0.174420
0.786054
0.028671
0.956934
0.002263
0.015897
0.023151
0.001755
0.956934
0.002263
0.015897
0.023151
0.001755
0.357708
0.017723
0.160442
0.417493
0.046635
0.017593
0.035862
0.479908
0.298865
0.167772
0.007693
0.888406
0.080465
0.022316
0.001120
0.842024
0.035768
0.038716
0.068449
0.015043
0.956934
0.002263
0.015897
0.023151
0.001755
0.001201
0.011290
0.224292
0.715560
0.047657
0.005808
0.167725
0.179933
0.635158
0.011376
0.001830
0.538132
0.396276
0.063748
0.000015
0.013278
0.017709
0.112498
0.850339
0.006176
0.004431
0.772988
0.104756
0.117780
0.000046
0.903664
0.000355
0.037075
0.058349
0.000557
0.954432
0.000140
0.028850
0.012607
0.003972
0.014883
0.002749
0.111120
0.862004
0.009245
0.000026
0.015502
0.168651
0.025699
0.790122
0.015466
0.003806
0.398731
0.503882
0.078115
0.027012
0.004411
0.129156
0.815315
0.024107
0.000000
0.157163
0.823281
0.019515
0.000041
0.956934
0.002263
0.015897
0.023151
0.001755
0.000451
0.016073
0.161175
0.161706
0.660595
0.015030
0.003116
0.107098
0.874661
0.000095
0.842024
0.035768
0.038716
0.068449
0.015043
0.357708
0.017723
0.160442
0.417493
0.046635
0.000517
0.047725
0.098937
0.844584
0.008237
0.015845
0.259670
0.360482
0.235788
0.128215
0.002984
0.016749
0.176684
0.801828
0.001756
0.023140
0.132863
0.128514
0.711514
0.003969
0.015030
0.003116
0.107098
0.874661
0.000095
0.000517
0.047725
0.098937
0.844584
0.008237
0.000158
0.148820
0.168861
0.681825
0.000336
0.000026
0.015502
0.168651
0.025699
0.790122
0.000790
0.270248
0.214930
0.512315
0.001717
0.096217
0.205350
0.515346
0.123683
0.059404
0.000000
0.157068
0.794780
0.011742
0.036410
0.014883
0.002749
0.111120
0.862004
0.009245
0.954432
0.000140
0.028850
0.012607
0.003972
0.002325
0.174757
0.358584
0.435991
0.028343
0.240493
0.174876
0.225541
0.327690
0.031401
0.842024
0.035768
0.038716
0.068449
0.015043
0.000000
0.014258
0.499787
0.194310
0.291645
0.027012
0.004411
0.129156
0.815315
0.024107
0.003872
0.427023
0.294255
0.271052
0.003798
0.000451
0.016073
0.161175
0.161706
0.660595
0.014883
0.002749
0.111120
0.862004
0.009245
0.903664
0.000355
0.037075
0.058349
0.000557
0.000000
0.157068
0.794780
0.011742
0.036410
0.001201
0.011290
0.224292
0.715560
0.047657
0.023140
0.132863
0.128514
0.711514
0.003969
0.000026
0.015502
0.168651
0.025699
0.790122
0.016396
0.520646
0.180773
0.264287
0.017897
0.028904
0.036474
0.144846
0.787879
0.001897
0.027012
0.004411
0.129156
0.815315
0.024107
0.000026
0.015502
0.168651
0.025699
0.790122
0.240493
0.174876
0.225541
0.327690
0.031401
0.016914
0.357729
0.230693
0.383874
0.010789
0.050997
0.021927
0.356675
0.521879
0.048522
0.096217
0.205350
0.515346
0.123683
0.059404
0.000790
0.270248
0.214930
0.512315
0.001717
0.000000
0.157068
0.794780
0.011742
0.036410
0.096217
0.205350
0.515346
0.123683
0.059404
0.000026
0.015502
0.168651
0.025699
0.790122
0.903664
0.000355
0.037075
0.058349
0.000557
0.023140
0.132863
0.128514
0.711514
0.003969
0.013278
0.017709
0.112498
0.850339
0.006176
0.050997
0.021927
0.356675
0.521879
0.048522
0.240493
0.174876
0.225541
0.327690
0.031401
0.000000
0.196003
0.066039
0.248389
0.489569
0.003872
0.427023
0.294255
0.271052
0.003798
0.000026
0.015502
0.168651
0.025699
0.790122
0.152076
0.217207
0.266225
0.235638
0.128855
0.956934
0.002263
0.015897
0.023151
0.001755
0.022783
0.328872
0.500680
0.147602
0.000063
0.000158
0.148820
0.168861
0.681825
0.000336
0.954432
0.000140
0.028850
0.012607
0.003972
0.002984
0.016749
0.176684
0.801828
0.001756
0.903664
0.000355
0.037075
0.058349
0.000557
0.956934
0.002263
0.015897
0.023151
0.001755
0.956934
0.002263
0.015897
0.023151
0.001755
0.115503
0.003804
0.251369
0.629216
0.000109
0.000000
0.163822
0.717077
0.015561
0.103540
0.016810
0.079411
0.779068
0.124711
0.000000
0.023140
0.132863
0.128514
0.711514
0.003969
0.043965
0.223208
0.038331
0.419121
0.275376
0.956934
0.002263
0.015897
0.023151
0.001755
0.956934
0.002263
0.015897
0.023151
0.001755
0.023140
0.132863
0.128514
0.711514
0.003969
0.007693
0.888406
0.080465
0.022316
0.001120
0.027012
0.004411
0.129156
0.815315
0.024107
0.050997
0.021927
0.356675
0.521879
0.048522
0.956934
0.002263
0.015897
0.023151
0.001755
0.003872
0.427023
0.294255
0.271052
0.003798
0.065539
0.342576
0.088218
0.353063
0.150604
0.001201
0.011290
0.224292
0.715560
0.047657
0.954432
0.000140
0.028850
0.012607
0.003972
0.954432
0.000140
0.028850
0.012607
0.003972
0.020646
0.391210
0.253464
0.334081
0.000599
0.000000
0.163822
0.717077
0.015561
0.103540
0.004706
0.093370
0.212598
0.678605
0.010720
0.000000
0.014258
0.499787
0.194310
0.291645
0.000000
0.157068
0.794780
0.011742
0.036410
0.956934
0.002263
0.015897
0.023151
0.001755
0.003037
0.000000
0.897069
0.031229
0.068666
0.005808
0.167725
0.179933
0.635158
0.011376
0.000158
0.148820
0.168861
0.681825
0.000336
0.015466
0.003806
0.398731
0.503882
0.078115
0.842024
0.035768
0.038716
0.068449
0.015043
0.014883
0.002749
0.111120
0.862004
0.009245
0.000026
0.015502
0.168651
0.025699
0.790122
0.000000
0.083899
0.834984
0.081063
0.000054
0.000517
0.047725
0.098937
0.844584
0.008237
0.013278
0.017709
0.112498
0.850339
0.006176
0.164187
0.185812
0.194923
0.443842
0.011236
0.065539
0.342576
0.088218
0.353063
0.150604
0.002003
0.037081
0.915956
0.044960
0.000000
0.842024
0.035768
0.038716
0.068449
0.015043
0.007693
0.888406
0.080465
0.022316
0.001120
0.954432
0.000140
0.028850
0.012607
0.003972
0.954432
0.000140
0.028850
0.012607
0.003972
0.000158
0.148820
0.168861
0.681825
0.000336
0.000517
0.047725
0.098937
0.844584
0.008237
0.003872
0.427023
0.294255
0.271052
0.003798
0.000026
0.015502
0.168651
0.025699
0.790122
0.023140
0.132863
0.128514
0.711514
0.003969
0.000158
0.148820
0.168861
0.681825
0.000336
0.015466
0.003806
0.398731
0.503882
0.078115
0.015466
0.003806
0.398731
0.503882
0.078115
0.027012
0.004411
0.129156
0.815315
0.024107
0.000000
0.100274
0.269751
0.608864
0.021111
0.954432
0.000140
0.028850
0.012607
0.003972
0.013278
0.017709
0.112498
0.850339
0.006176
0.000158
0.148820
0.168861
0.681825
0.000336
0.023140
0.132863
0.128514
0.711514
0.003969
0.000790
0.270248
0.214930
0.512315
0.001717
0.007512
0.143372
0.152863
0.696253
0.000000
0.000790
0.270248
0.214930
0.512315
0.001717
0.015030
0.003116
0.107098
0.874661
0.000095
0.000451
0.016073
0.161175
0.161706
0.660595
0.956934
0.002263
0.015897
0.023151
0.001755
0.023738
0.289710
0.614395
0.070346
0.001811
0.001201
0.011290
0.224292
0.715560
0.047657
0.164187
0.185812
0.194923
0.443842
0.011236
0.053368
0.076106
0.176041
0.272123
0.422362
0.002326
0.149898
0.844458
0.002596
0.000721
0.001830
0.538132
0.396276
0.063748
0.000015
0.004937
0.042748
0.758243
0.118471
0.075600
0.003872
0.427023
0.294255
0.271052
0.003798
0.015845
0.259670
0.360482
0.235788
0.128215
0.954432
0.000140
0.028850
0.012607
0.003972
0.004937
0.042748
0.758243
0.118471
0.075600
0.000451
0.016073
0.161175
0.161706
0.660595
0.956934
0.002263
0.015897
0.023151
0.001755
0.013278
0.017709
0.112498
0.850339
0.006176
0.000000
0.014258
0.499787
0.194310
0.291645
0.000158
0.148820
0.168861
0.681825
0.000336
0.956934
0.002263
0.015897
0.023151
0.001755
0.000026
0.015502
0.168651
0.025699
0.790122
0.074307
0.119462
0.110338
0.573757
0.122136
0.015466
0.003806
0.398731
0.503882
0.078115
0.000026
0.015502
0.168651
0.025699
0.790122
0.956934
0.002263
0.015897
0.023151
0.001755
0.000451
0.016073
0.161175
0.161706
0.660595
0.003872
0.427023
0.294255
0.271052
0.003798
0.842024
0.035768
0.038716
0.068449
0.015043
0.014883
0.002749
0.111120
0.862004
0.009245
0.028904
0.036474
0.144846
0.787879
0.001897
0.000026
0.015502
0.168651
0.025699
0.790122
0.000000
0.158440
0.326563
0.471352
0.043645
0.000000
0.157068
0.794780
0.011742
0.036410
0.023140
0.132863
0.128514
0.711514
0.003969
0.014883
0.002749
0.111120
0.862004
0.009245
0.954432
0.000140
0.028850
0.012607
0.003972
0.007693
0.888406
0.080465
0.022316
0.001120
0.006175
0.127166
0.277365
0.583945
0.005349
0.004431
0.772988
0.104756
0.117780
0.000046
0.023738
0.289710
0.614395
0.070346
0.001811
0.007693
0.888406
0.080465
0.022316
0.001120
0.007693
0.888406
0.080465
0.022316
0.001120
0.956934
0.002263
0.015897
0.023151
0.001755
0.013278
0.017709
0.112498
0.850339
0.006176
0.000425
0.182959
0.781633
0.033522
0.001461
0.004431
0.772988
0.104756
0.117780
0.000046
0.008190
0.002665
0.174420
0.786054
0.028671
0.954432
0.000140
0.028850
0.012607
0.003972
0.050997
0.021927
0.356675
0.521879
0.048522
0.028904
0.036474
0.144846
0.787879
0.001897
0.007693
0.888406
0.080465
0.022316
0.001120
0.000158
0.148820
0.168861
0.681825
0.000336
0.096217
0.205350
0.515346
0.123683
0.059404
0.956934
0.002263
0.015897
0.023151
0.001755
0.011087
0.271762
0.536444
0.180698
0.000009
0.000000
0.163822
0.717077
0.015561
0.103540
0.000732
0.296893
0.604098
0.025080
0.073197
0.954432
0.000140
0.028850
0.012607
0.003972
0.015030
0.003116
0.107098
0.874661
0.000095
0.956934
0.002263
0.015897
0.023151
0.001755
0.020646
0.391210
0.253464
0.334081
0.000599
0.954432
0.000140
0.028850
0.012607
0.003972
0.013278
0.017709
0.112498
0.850339
0.006176
0.005808
0.167725
0.179933
0.635158
0.011376
0.956934
0.002263
0.015897
0.023151
0.001755
0.053368
0.076106
0.176041
0.272123
0.422362
0.000451
0.016073
0.161175
0.161706
0.660595
0.028904
0.036474
0.144846
0.787879
0.001897
0.000000
0.083899
0.834984
0.081063
0.000054
0.000732
0.296893
0.604098
0.025080
0.073197
0.070858
0.111721
0.551555
0.262498
0.003367
0.954432
0.000140
0.028850
0.012607
0.003972
0.000158
0.148820
0.168861
0.681825
0.000336
0.027012
0.004411
0.129156
0.815315
0.024107
0.015030
0.003116
0.107098
0.874661
0.000095
0.002029
0.523610
0.290144
0.042575
0.141642
0.115503
0.003804
0.251369
0.629216
0.000109
0.000158
0.148820
0.168861
0.681825
0.000336
0.007693
0.888406
0.080465
0.022316
0.001120
0.020646
0.391210
0.253464
0.334081
0.000599
0.043965
0.223208
0.038331
0.419121
0.275376
0.000852
0.073348
0.864249
0.000000
0.061551
0.000158
0.148820
0.168861
0.681825
0.000336
0.000000
0.163822
0.717077
0.015561
0.103540
0.956934
0.002263
0.015897
0.023151
0.001755
0.000425
0.182959
0.781633
0.033522
0.001461
0.020646
0.391210
0.253464
0.334081
0.000599
0.000000
0.163822
0.717077
0.015561
0.103540
0.000517
0.047725
0.098937
0.844584
0.008237
0.000000
0.163822
0.717077
0.015561
0.103540
0.005808
0.167725
0.179933
0.635158
0.011376
0.000517
0.047725
0.098937
0.844584
0.008237
0.000000
0.163822
0.717077
0.015561
0.103540
0.050997
0.021927
0.356675
0.521879
0.048522
0.018429
0.000000
0.231314
0.744613
0.005643
0.005808
0.167725
0.179933
0.635158
0.011376
0.000000
0.163822
0.717077
0.015561
0.103540
0.357708
0.017723
0.160442
0.417493
0.046635
0.023140
0.132863
0.128514
0.711514
0.003969
0.096217
0.205350
0.515346
0.123683
0.059404
0.002984
0.016749
0.176684
0.801828
0.001756
0.000000
0.163822
0.717077
0.015561
0.103540
0.000451
0.016073
0.161175
0.161706
0.660595
0.018899
0.274315
0.100643
0.604644
0.001500
0.007512
0.143372
0.152863
0.696253
0.000000
0.027012
0.004411
0.129156
0.815315
0.024107
0.000158
0.148820
0.168861
0.681825
0.000336
0.000517
0.047725
0.098937
0.844584
0.008237
0.007693
0.888406
0.080465
0.022316
0.001120
0.009424
0.690583
0.129453
0.084145
0.086395
0.000026
0.015502
0.168651
0.025699
0.790122
0.956934
0.002263
0.015897
0.023151
0.001755
0.000158
0.148820
0.168861
0.681825
0.000336
0.000158
0.148820
0.168861
0.681825
0.000336
0.002003
0.037081
0.915956
0.044960
0.000000
0.018899
0.274315
0.100643
0.604644
0.001500
0.004148
0.405974
0.325166
0.259977
0.004735
0.000451
0.016073
0.161175
0.161706
0.660595
0.023140
0.132863
0.128514
0.711514
0.003969
0.000000
0.163822
0.717077
0.015561
0.103540
0.000517
0.047725
0.098937
0.844584
0.008237
0.040091
0.000000
0.177781
0.750832
0.031296
0.240493
0.174876
0.225541
0.327690
0.031401
0.000000
0.163822
0.717077
0.015561
0.103540
0.007693
0.888406
0.080465
0.022316
0.001120
0.014883
0.002749
0.111120
0.862004
0.009245
0.004431
0.772988
0.104756
0.117780
0.000046
0.051322
0.376860
0.256410
0.309453
0.005955
0.050997
0.021927
0.356675
0.521879
0.048522
0.018899
0.274315
0.100643
0.604644
0.001500
0.000026
0.015502
0.168651
0.025699
0.790122
0.096217
0.205350
0.515346
0.123683
0.059404
0.000732
0.296893
0.604098
0.025080
0.073197
0.007693
0.888406
0.080465
0.022316
0.001120
0.016810
0.079411
0.779068
0.124711
0.000000
0.013278
0.017709
0.112498
0.850339
0.006176
0.002003
0.037081
0.915956
0.044960
0.000000
0.000158
0.148820
0.168861
0.681825
0.000336
0.000158
0.148820
0.168861
0.681825
0.000336
0.954432
0.000140
0.028850
0.012607
0.003972
0.013278
0.017709
0.112498
0.850339
0.006176
0.000026
0.015502
0.168651
0.025699
0.790122
0.240493
0.174876
0.225541
0.327690
0.031401
0.003037
0.000000
0.897069
0.031229
0.068666
0.002984
0.016749
0.176684
0.801828
0.001756
0.000000
0.157068
0.794780
0.011742
0.036410
0.002984
0.016749
0.176684
0.801828
0.001756
0.357708
0.017723
0.160442
0.417493
0.046635
0.002984
0.016749
0.176684
0.801828
0.001756
0.956934
0.002263
0.015897
0.023151
0.001755
0.000158
0.148820
0.168861
0.681825
0.000336
0.000158
0.148820
0.168861
0.681825
0.000336
0.000026
0.015502
0.168651
0.025699
0.790122
0.018899
0.274315
0.100643
0.604644
0.001500
0.052602
0.000000
0.861172
0.000000
0.086226
0.000425
0.182959
0.781633
0.033522
0.001461
0.842024
0.035768
0.038716
0.068449
0.015043
0.002984
0.016749
0.176684
0.801828
0.001756
0.000451
0.016073
0.161175
0.161706
0.660595
0.013278
0.017709
0.112498
0.850339
0.006176
0.000000
0.163822
0.717077
0.015561
0.103540
0.000790
0.270248
0.214930
0.512315
0.001717
0.020646
0.391210
0.253464
0.334081
0.000599
0.001201
0.011290
0.224292
0.715560
0.047657
0.000451
0.016073
0.161175
0.161706
0.660595
0.007693
0.888406
0.080465
0.022316
0.001120
0.003037
0.000000
0.897069
0.031229
0.068666
0.000158
0.148820
0.168861
0.681825
0.000336
0.001201
0.011290
0.224292
0.715560
0.047657
0.954432
0.000140
0.028850
0.012607
0.003972
0.013278
0.017709
0.112498
0.850339
0.006176
0.007693
0.888406
0.080465
0.022316
0.001120
0.000000
0.100274
0.269751
0.608864
0.021111
0.000000
0.158440
0.326563
0.471352
0.043645
0.028904
0.036474
0.144846
0.787879
0.001897
0.013278
0.017709
0.112498
0.850339
0.006176
0.954432
0.000140
0.028850
0.012607
0.003972
0.842024
0.035768
0.038716
0.068449
0.015043
0.006175
0.127166
0.277365
0.583945
0.005349
0.842024
0.035768
0.038716
0.068449
0.015043
0.002984
0.016749
0.176684
0.801828
0.001756
0.091382
0.042926
0.226931
0.361611
0.277149
0.014883
0.002749
0.111120
0.862004
0.009245
0.007693
0.888406
0.080465
0.022316
0.001120
0.956934
0.002263
0.015897
0.023151
0.001755
0.013278
0.017709
0.112498
0.850339
0.006176
0.000000
0.196003
0.066039
0.248389
0.489569
0.000158
0.148820
0.168861
0.681825
0.000336
0.240493
0.174876
0.225541
0.327690
0.031401
0.357708
0.017723
0.160442
0.417493
0.046635
0.018899
0.274315
0.100643
0.604644
0.001500
0.096217
0.205350
0.515346
0.123683
0.059404
0.013278
0.017709
0.112498
0.850339
0.006176
0.842024
0.035768
0.038716
0.068449
0.015043
0.002984
0.016749
0.176684
0.801828
0.001756
0.007693
0.888406
0.080465
0.022316
0.001120
0.004431
0.772988
0.104756
0.117780
0.000046
0.002003
0.037081
0.915956
0.044960
0.000000
0.007693
0.888406
0.080465
0.022316
0.001120
0.096217
0.205350
0.515346
0.123683
0.059404
0.028904
0.036474
0.144846
0.787879
0.001897
0.013278
0.017709
0.112498
0.850339
0.006176
0.000000
0.118705
0.415266
0.464044
0.001984
0.023140
0.132863
0.128514
0.711514
0.003969
0.164187
0.185812
0.194923
0.443842
0.011236
0.002003
0.037081
0.915956
0.044960
0.000000
0.007693
0.888406
0.080465
0.022316
0.001120
0.000158
0.148820
0.168861
0.681825
0.000336
0.000158
0.148820
0.168861
0.681825
0.000336
0.002984
0.016749
0.176684
0.801828
0.001756
0.007693
0.888406
0.080465
0.022316
0.001120
0.000000
0.100274
0.269751
0.608864
0.021111
0.051322
0.376860
0.256410
0.309453
0.005955
0.002003
0.037081
0.915956
0.044960
0.000000
0.005808
0.167725
0.179933
0.635158
0.011376
0.023738
0.289710
0.614395
0.070346
0.001811
0.007693
0.888406
0.080465
0.022316
0.001120
0.015030
0.003116
0.107098
0.874661
0.000095
0.007693
0.888406
0.080465
0.022316
0.001120
0.000451
0.016073
0.161175
0.161706
0.660595
0.007693
0.888406
0.080465
0.022316
0.001120
0.000026
0.015502
0.168651
0.025699
0.790122
0.008190
0.002665
0.174420
0.786054
0.028671
0.002029
0.523610
0.290144
0.042575
0.141642
0.051322
0.376860
0.256410
0.309453
0.005955
0.956934
0.002263
0.015897
0.023151
0.001755
0.842024
0.035768
0.038716
0.068449
0.015043
0.018429
0.000000
0.231314
0.744613
0.005643
0.006175
0.127166
0.277365
0.583945
0.005349
0.003872
0.427023
0.294255
0.271052
0.003798
0.842024
0.035768
0.038716
0.068449
0.015043
0.000517
0.047725
0.098937
0.844584
0.008237
0.001830
0.538132
0.396276
0.063748
0.000015
0.000000
0.000000
0.078778
0.613699
0.307523
0.004431
0.772988
0.104756
0.117780
0.000046
0.007693
0.888406
0.080465
0.022316
0.001120
0.000000
0.347556
0.369193
0.253440
0.029811
0.000451
0.016073
0.161175
0.161706
0.660595
0.003037
0.000000
0.897069
0.031229
0.068666
0.956934
0.002263
0.015897
0.023151
0.001755
0.903664
0.000355
0.037075
0.058349
0.000557
0.000000
0.196003
0.066039
0.248389
0.489569
0.000425
0.182959
0.781633
0.033522
0.001461
0.000026
0.015502
0.168651
0.025699
0.790122
0.002029
0.523610
0.290144
0.042575
0.141642
0.007693
0.888406
0.080465
0.022316
0.001120
0.002984
0.016749
0.176684
0.801828
0.001756
0.903664
0.000355
0.037075
0.058349
0.000557
0.954432
0.000140
0.028850
0.012607
0.003972
0.015466
0.003806
0.398731
0.503882
0.078115
0.007693
0.888406
0.080465
0.022316
0.001120
0.006175
0.127166
0.277365
0.583945
0.005349
0.027012
0.004411
0.129156
0.815315
0.024107
0.004431
0.772988
0.104756
0.117780
0.000046
0.002326
0.149898
0.844458
0.002596
0.000721
0.018488
0.051070
0.419461
0.471019
0.039961
0.001830
0.538132
0.396276
0.063748
0.000015
0.013278
0.017709
0.112498
0.850339
0.006176
0.000790
0.270248
0.214930
0.512315
0.001717
0.027012
0.004411
0.129156
0.815315
0.024107
0.015030
0.003116
0.107098
0.874661
0.000095
0.954432
0.000140
0.028850
0.012607
0.003972
0.000852
0.073348
0.864249
0.000000
0.061551
0.000000
0.157068
0.794780
0.011742
0.036410
0.954432
0.000140
0.028850
0.012607
0.003972
0.020646
0.391210
0.253464
0.334081
0.000599
0.007693
0.888406
0.080465
0.022316
0.001120
0.357708
0.017723
0.160442
0.417493
0.046635
0.015396
0.421927
0.427367
0.115445
0.019866
0.000000
0.163822
0.717077
0.015561
0.103540
0.956934
0.002263
0.015897
0.023151
0.001755
0.051322
0.376860
0.256410
0.309453
0.005955
0.956934
0.002263
0.015897
0.023151
0.001755
0.002326
0.149898
0.844458
0.002596
0.000721
0.115503
0.003804
0.251369
0.629216
0.000109
0.043965
0.223208
0.038331
0.419121
0.275376
0.000425
0.182959
0.781633
0.033522
0.001461
0.023140
0.132863
0.128514
0.711514
0.003969
0.954432
0.000140
0.028850
0.012607
0.003972
0.013278
0.017709
0.112498
0.850339
0.006176
0.015466
0.003806
0.398731
0.503882
0.078115
0.022783
0.328872
0.500680
0.147602
0.000063
0.000000
0.157068
0.794780
0.011742
0.036410
0.015466
0.003806
0.398731
0.503882
0.078115
0.000000
0.167369
0.832631
0.000000
0.000000
0.020646
0.391210
0.253464
0.334081
0.000599
0.956934
0.002263
0.015897
0.023151
0.001755
0.000158
0.148820
0.168861
0.681825
0.000336
0.000158
0.148820
0.168861
0.681825
0.000336
0.002003
0.037081
0.915956
0.044960
0.000000
0.051322
0.376860
0.256410
0.309453
0.005955
0.002326
0.149898
0.844458
0.002596
0.000721
0.842024
0.035768
0.038716
0.068449
0.015043
0.015466
0.003806
0.398731
0.503882
0.078115
0.015466
0.003806
0.398731
0.503882
0.078115
0.050997
0.021927
0.356675
0.521879
0.048522
0.020646
0.391210
0.253464
0.334081
0.000599
0.000158
0.148820
0.168861
0.681825
0.000336
0.053368
0.076106
0.176041
0.272123
0.422362
0.007693
0.888406
0.080465
0.022316
0.001120
0.000000
0.740358
0.059530
0.191871
0.008241
0.007693
0.888406
0.080465
0.022316
0.001120
0.357708
0.017723
0.160442
0.417493
0.046635
0.115503
0.003804
0.251369
0.629216
0.000109
0.954432
0.000140
0.028850
0.012607
0.003972
0.000158
0.148820
0.168861
0.681825
0.000336
0.000000
0.100274
0.269751
0.608864
0.021111
0.000000
0.163822
0.717077
0.015561
0.103540
0.016396
0.520646
0.180773
0.264287
0.017897
0.357708
0.017723
0.160442
0.417493
0.046635
0.000000
0.157163
0.823281
0.019515
0.000041
0.003037
0.000000
0.897069
0.031229
0.068666
0.000000
0.100274
0.269751
0.608864
0.021111
0.004431
0.772988
0.104756
0.117780
0.000046
0.002984
0.016749
0.176684
0.801828
0.001756
0.954432
0.000140
0.028850
0.012607
0.003972
0.000158
0.148820
0.168861
0.681825
0.000336
0.074307
0.119462
0.110338
0.573757
0.122136
0.956934
0.002263
0.015897
0.023151
0.001755
0.000000
0.196003
0.066039
0.248389
0.489569
0.051322
0.376860
0.256410
0.309453
0.005955
0.028904
0.036474
0.144846
0.787879
0.001897
0.000517
0.047725
0.098937
0.844584
0.008237
0.020646
0.391210
0.253464
0.334081
0.000599
0.001201
0.011290
0.224292
0.715560
0.047657
0.065539
0.342576
0.088218
0.353063
0.150604
0.842024
0.035768
0.038716
0.068449
0.015043
0.000852
0.073348
0.864249
0.000000
0.061551
0.020646
0.391210
0.253464
0.334081
0.000599
0.000000
0.157068
0.794780
0.011742
0.036410
0.005808
0.167725
0.179933
0.635158
0.011376
0.164187
0.185812
0.194923
0.443842
0.011236
0.000732
0.296893
0.604098
0.025080
0.073197
0.004148
0.405974
0.325166
0.259977
0.004735
0.956934
0.002263
0.015897
0.023151
0.001755
0.903664
0.000355
0.037075
0.058349
0.000557
0.956934
0.002263
0.015897
0.023151
0.001755
0.000158
0.148820
0.168861
0.681825
0.000336
0.001201
0.011290
0.224292
0.715560
0.047657
0.164187
0.185812
0.194923
0.443842
0.011236
0.956934
0.002263
0.015897
0.023151
0.001755
0.954432
0.000140
0.028850
0.012607
0.003972
0.014883
0.002749
0.111120
0.862004
0.009245
0.954432
0.000140
0.028850
0.012607
0.003972
0.013278
0.017709
0.112498
0.850339
0.006176
0.000451
0.016073
0.161175
0.161706
0.660595
0.002326
0.149898
0.844458
0.002596
0.000721
0.018429
0.000000
0.231314
0.744613
0.005643
0.000000
0.196003
0.066039
0.248389
0.489569
0.005155
0.000492
0.502136
0.479838
0.012379
0.000158
0.148820
0.168861
0.681825
0.000336
0.842024
0.035768
0.038716
0.068449
0.015043
0.001201
0.011290
0.224292
0.715560
0.047657
0.050997
0.021927
0.356675
0.521879
0.048522
0.018899
0.274315
0.100643
0.604644
0.001500
0.115503
0.003804
0.251369
0.629216
0.000109
0.000000
0.158440
0.326563
0.471352
0.043645
0.954432
0.000140
0.028850
0.012607
0.003972
0.004431
0.772988
0.104756
0.117780
0.000046
0.006175
0.127166
0.277365
0.583945
0.005349
0.004937
0.042748
0.758243
0.118471
0.075600
0.000000
0.157068
0.794780
0.011742
0.036410
0.000425
0.182959
0.781633
0.033522
0.001461
0.903664
0.000355
0.037075
0.058349
0.000557
0.007693
0.888406
0.080465
0.022316
0.001120
0.018429
0.000000
0.231314
0.744613
0.005643
0.027012
0.004411
0.129156
0.815315
0.024107
0.013278
0.017709
0.112498
0.850339
0.006176
0.007693
0.888406
0.080465
0.022316
0.001120
0.000000
0.163822
0.717077
0.015561
0.103540
0.002029
0.523610
0.290144
0.042575
0.141642
0.016396
0.520646
0.180773
0.264287
0.017897
0.028904
0.036474
0.144846
0.787879
0.001897
0.016810
0.079411
0.779068
0.124711
0.000000
0.020646
0.391210
0.253464
0.334081
0.000599
0.043965
0.223208
0.038331
0.419121
0.275376
0.018899
0.274315
0.100643
0.604644
0.001500
0.954432
0.000140
0.028850
0.012607
0.003972
0.000852
0.073348
0.864249
0.000000
0.061551
0.002984
0.016749
0.176684
0.801828
0.001756
0.956934
0.002263
0.015897
0.023151
0.001755
0.954432
0.000140
0.028850
0.012607
0.003972
0.000000
0.014258
0.499787
0.194310
0.291645
0.096217
0.205350
0.515346
0.123683
0.059404
0.000158
0.148820
0.168861
0.681825
0.000336
0.007693
0.888406
0.080465
0.022316
0.001120
0.956934
0.002263
0.015897
0.023151
0.001755
0.903664
0.000355
0.037075
0.058349
0.000557
0.002984
0.016749
0.176684
0.801828
0.001756
0.002029
0.523610
0.290144
0.042575
0.141642
0.028904
0.036474
0.144846
0.787879
0.001897
0.954432
0.000140
0.028850
0.012607
0.003972
0.842024
0.035768
0.038716
0.068449
0.015043
0.015030
0.003116
0.107098
0.874661
0.000095
0.002326
0.149898
0.844458
0.002596
0.000721
0.000451
0.016073
0.161175
0.161706
0.660595
0.000000
0.157068
0.794780
0.011742
0.036410
0.956934
0.002263
0.015897
0.023151
0.001755
0.028904
0.036474
0.144846
0.787879
0.001897
0.842024
0.035768
0.038716
0.068449
0.015043
0.954432
0.000140
0.028850
0.012607
0.003972
0.023738
0.289710
0.614395
0.070346
0.001811
0.015030
0.003116
0.107098
0.874661
0.000095
0.008190
0.002665
0.174420
0.786054
0.028671
0.153834
0.086268
0.554152
0.190519
0.015227
0.020646
0.391210
0.253464
0.334081
0.000599
0.954432
0.000140
0.028850
0.012607
0.003972
0.000517
0.047725
0.098937
0.844584
0.008237
0.000852
0.073348
0.864249
0.000000
0.061551
0.000790
0.270248
0.214930
0.512315
0.001717
0.015466
0.003806
0.398731
0.503882
0.078115
0.000517
0.047725
0.098937
0.844584
0.008237
0.842024
0.035768
0.038716
0.068449
0.015043
0.050997
0.021927
0.356675
0.521879
0.048522
0.015030
0.003116
0.107098
0.874661
0.000095
0.007693
0.888406
0.080465
0.022316
0.001120
0.020646
0.391210
0.253464
0.334081
0.000599
0.000000
0.163822
0.717077
0.015561
0.103540
0.008190
0.002665
0.174420
0.786054
0.028671
0.028904
0.036474
0.144846
0.787879
0.001897
0.956934
0.002263
0.015897
0.023151
0.001755
0.003037
0.000000
0.897069
0.031229
0.068666
0.000517
0.047725
0.098937
0.844584
0.008237
0.015030
0.003116
0.107098
0.874661
0.000095
0.007693
0.888406
0.080465
0.022316
0.001120
0.842024
0.035768
0.038716
0.068449
0.015043
0.001201
0.011290
0.224292
0.715560
0.047657
0.000000
0.157068
0.794780
0.011742
0.036410
0.842024
0.035768
0.038716
0.068449
0.015043
0.000000
0.163822
0.717077
0.015561
0.103540
0.020646
0.391210
0.253464
0.334081
0.000599
0.050997
0.021927
0.356675
0.521879
0.048522
0.000026
0.015502
0.168651
0.025699
0.790122
0.015466
0.003806
0.398731
0.503882
0.078115
0.002984
0.016749
0.176684
0.801828
0.001756
0.000158
0.148820
0.168861
0.681825
0.000336
0.074307
0.119462
0.110338
0.573757
0.122136
0.956934
0.002263
0.015897
0.023151
0.001755
0.000451
0.016073
0.161175
0.161706
0.660595
0.000000
0.196003
0.066039
0.248389
0.489569
0.357708
0.017723
0.160442
0.417493
0.046635
0.000158
0.148820
0.168861
0.681825
0.000336
0.007693
0.888406
0.080465
0.022316
0.001120
0.023140
0.132863
0.128514
0.711514
0.003969
0.002029
0.523610
0.290144
0.042575
0.141642
0.000026
0.015502
0.168651
0.025699
0.790122
0.065539
0.342576
0.088218
0.353063
0.150604
0.014883
0.002749
0.111120
0.862004
0.009245
0.096217
0.205350
0.515346
0.123683
0.059404
0.000425
0.182959
0.781633
0.033522
0.001461
0.006175
0.127166
0.277365
0.583945
0.005349
0.954432
0.000140
0.028850
0.012607
0.003972
0.000026
0.015502
0.168651
0.025699
0.790122
0.000158
0.148820
0.168861
0.681825
0.000336
0.956934
0.002263
0.015897
0.023151
0.001755
0.000517
0.047725
0.098937
0.844584
0.008237
0.016810
0.079411
0.779068
0.124711
0.000000
0.020646
0.391210
0.253464
0.334081
0.000599
0.028904
0.036474
0.144846
0.787879
0.001897
0.013278
0.017709
0.112498
0.850339
0.006176
0.016810
0.079411
0.779068
0.124711
0.000000
0.000451
0.016073
0.161175
0.161706
0.660595
0.954432
0.000140
0.028850
0.012607
0.003972
0.005808
0.167725
0.179933
0.635158
0.011376
0.050997
0.021927
0.356675
0.521879
0.048522
0.027012
0.004411
0.129156
0.815315
0.024107
0.000158
0.148820
0.168861
0.681825
0.000336
0.903664
0.000355
0.037075
0.058349
0.000557
0.000000
0.163822
0.717077
0.015561
0.103540
0.000425
0.182959
0.781633
0.033522
0.001461
0.004431
0.772988
0.104756
0.117780
0.000046
0.000000
0.157068
0.794780
0.011742
0.036410
0.000000
0.157068
0.794780
0.011742
0.036410
0.051322
0.376860
0.256410
0.309453
0.005955
0.956934
0.002263
0.015897
0.023151
0.001755
0.006175
0.127166
0.277365
0.583945
0.005349
0.004148
0.405974
0.325166
0.259977
0.004735
0.023140
0.132863
0.128514
0.711514
0.003969
0.007693
0.888406
0.080465
0.022316
0.001120
0.018429
0.000000
0.231314
0.744613
0.005643
0.956934
0.002263
0.015897
0.023151
0.001755
0.013278
0.017709
0.112498
0.850339
0.006176
0.842024
0.035768
0.038716
0.068449
0.015043
0.000158
0.148820
0.168861
0.681825
0.000336
0.000425
0.182959
0.781633
0.033522
0.001461
0.013278
0.017709
0.112498
0.850339
0.006176
0.020646
0.391210
0.253464
0.334081
0.000599
0.842024
0.035768
0.038716
0.068449
0.015043
0.050997
0.021927
0.356675
0.521879
0.048522
0.240493
0.174876
0.225541
0.327690
0.031401
0.015030
0.003116
0.107098
0.874661
0.000095
0.956934
0.002263
0.015897
0.023151
0.001755
0.022783
0.328872
0.500680
0.147602
0.000063
0.000158
0.148820
0.168861
0.681825
0.000336
0.000000
0.157068
0.794780
0.011742
0.036410
0.000000
0.163822
0.717077
0.015561
0.103540
0.001201
0.011290
0.224292
0.715560
0.047657
0.002326
0.149898
0.844458
0.002596
0.000721
0.020646
0.391210
0.253464
0.334081
0.000599
0.002029
0.523610
0.290144
0.042575
0.141642
0.357708
0.017723
0.160442
0.417493
0.046635
0.027012
0.004411
0.129156
0.815315
0.024107
0.023140
0.132863
0.128514
0.711514
0.003969
0.091382
0.042926
0.226931
0.361611
0.277149
0.000451
0.016073
0.161175
0.161706
0.660595
0.000451
0.016073
0.161175
0.161706
0.660595
0.020646
0.391210
0.253464
0.334081
0.000599
0.050997
0.021927
0.356675
0.521879
0.048522
0.115503
0.003804
0.251369
0.629216
0.000109
0.000000
0.118705
0.415266
0.464044
0.001984
0.002326
0.149898
0.844458
0.002596
0.000721
0.357708
0.017723
0.160442
0.417493
0.046635
0.000732
0.296893
0.604098
0.025080
0.073197
0.000517
0.047725
0.098937
0.844584
0.008237
0.000425
0.182959
0.781633
0.033522
0.001461
0.000790
0.270248
0.214930
0.512315
0.001717
0.008190
0.002665
0.174420
0.786054
0.028671
0.903664
0.000355
0.037075
0.058349
0.000557
0.065539
0.342576
0.088218
0.353063
0.150604
0.956934
0.002263
0.015897
0.023151
0.001755
0.956934
0.002263
0.015897
0.023151
0.001755
0.000026
0.015502
0.168651
0.025699
0.790122
0.000517
0.047725
0.098937
0.844584
0.008237
0.956934
0.002263
0.015897
0.023151
0.001755
0.002326
0.149898
0.844458
0.002596
0.000721
0.014883
0.002749
0.111120
0.862004
0.009245
0.016810
0.079411
0.779068
0.124711
0.000000
0.017593
0.035862
0.479908
0.298865
0.167772
0.007693
0.888406
0.080465
0.022316
0.001120
0.954432
0.000140
0.028850
0.012607
0.003972
0.015845
0.259670
0.360482
0.235788
0.128215
0.000026
0.015502
0.168651
0.025699
0.790122
0.000158
0.148820
0.168861
0.681825
0.000336
0.179724
0.030980
0.602358
0.151317
0.035621
0.023140
0.132863
0.128514
0.711514
0.003969
0.013278
0.017709
0.112498
0.850339
0.006176
0.903664
0.000355
0.037075
0.058349
0.000557
0.016914
0.357729
0.230693
0.383874
0.010789
0.000517
0.047725
0.098937
0.844584
0.008237
0.357708
0.017723
0.160442
0.417493
0.046635
0.000517
0.047725
0.098937
0.844584
0.008237
0.023140
0.132863
0.128514
0.711514
0.003969
0.005808
0.167725
0.179933
0.635158
0.011376
0.011087
0.271762
0.536444
0.180698
0.000009
0.020646
0.391210
0.253464
0.334081
0.000599
0.018899
0.274315
0.100643
0.604644
0.001500
0.000158
0.148820
0.168861
0.681825
0.000336
0.115503
0.003804
0.251369
0.629216
0.000109
0.000451
0.016073
0.161175
0.161706
0.660595
0.015466
0.003806
0.398731
0.503882
0.078115
0.007693
0.888406
0.080465
0.022316
0.001120
0.065539
0.342576
0.088218
0.353063
0.150604
0.000517
0.047725
0.098937
0.844584
0.008237
0.065539
0.342576
0.088218
0.353063
0.150604
0.954432
0.000140
0.028850
0.012607
0.003972
0.000732
0.296893
0.604098
0.025080
0.073197
0.002029
0.523610
0.290144
0.042575
0.141642
0.020646
0.391210
0.253464
0.334081
0.000599
0.000451
0.016073
0.161175
0.161706
0.660595
0.014883
0.002749
0.111120
0.862004
0.009245
0.240493
0.174876
0.225541
0.327690
0.031401
0.000026
0.015502
0.168651
0.025699
0.790122
0.027012
0.004411
0.129156
0.815315
0.024107
0.002984
0.016749
0.176684
0.801828
0.001756
0.051322
0.376860
0.256410
0.309453
0.005955
0.954432
0.000140
0.028850
0.012607
0.003972
0.954432
0.000140
0.028850
0.012607
0.003972
0.956934
0.002263
0.015897
0.023151
0.001755
0.000158
0.148820
0.168861
0.681825
0.000336
0.001830
0.538132
0.396276
0.063748
0.000015
0.023140
0.132863
0.128514
0.711514
0.003969
0.000517
0.047725
0.098937
0.844584
0.008237
0.000517
0.047725
0.098937
0.844584
0.008237
0.164187
0.185812
0.194923
0.443842
0.011236
0.014883
0.002749
0.111120
0.862004
0.009245
0.028904
0.036474
0.144846
0.787879
0.001897
0.020646
0.391210
0.253464
0.334081
0.000599
0.000000
0.157068
0.794780
0.011742
0.036410
0.956934
0.002263
0.015897
0.023151
0.001755
0.000000
0.100274
0.269751
0.608864
0.021111
0.003872
0.427023
0.294255
0.271052
0.003798
0.000000
0.740358
0.059530
0.191871
0.008241
0.000000
0.163822
0.717077
0.015561
0.103540
0.000000
0.740358
0.059530
0.191871
0.008241
0.002325
0.174757
0.358584
0.435991
0.028343
0.000000
0.118705
0.415266
0.464044
0.001984
0.015466
0.003806
0.398731
0.503882
0.078115
0.000000
0.163822
0.717077
0.015561
0.103540
0.842024
0.035768
0.038716
0.068449
0.015043
0.013278
0.017709
0.112498
0.850339
0.006176
0.009424
0.690583
0.129453
0.084145
0.086395
0.043965
0.223208
0.038331
0.419121
0.275376
0.954432
0.000140
0.028850
0.012607
0.003972
0.096217
0.205350
0.515346
0.123683
0.059404
0.050997
0.021927
0.356675
0.521879
0.048522
0.015466
0.003806
0.398731
0.503882
0.078115
0.357708
0.017723
0.160442
0.417493
0.046635
0.022783
0.328872
0.500680
0.147602
0.000063
0.956934
0.002263
0.015897
0.023151
0.001755
0.015466
0.003806
0.398731
0.503882
0.078115
0.023140
0.132863
0.128514
0.711514
0.003969
0.000158
0.148820
0.168861
0.681825
0.000336
0.000026
0.015502
0.168651
0.025699
0.790122
0.954432
0.000140
0.028850
0.012607
0.003972
0.002029
0.523610
0.290144
0.042575
0.141642
0.007693
0.888406
0.080465
0.022316
0.001120
0.007693
0.888406
0.080465
0.022316
0.001120
0.007693
0.888406
0.080465
0.022316
0.001120
0.842024
0.035768
0.038716
0.068449
0.015043
0.954432
0.000140
0.028850
0.012607
0.003972
0.028904
0.036474
0.144846
0.787879
0.001897
0.842024
0.035768
0.038716
0.068449
0.015043
0.015030
0.003116
0.107098
0.874661
0.000095
0.028904
0.036474
0.144846
0.787879
0.001897
0.007693
0.888406
0.080465
0.022316
0.001120
0.000158
0.148820
0.168861
0.681825
0.000336
0.956934
0.002263
0.015897
0.023151
0.001755
0.000000
0.163822
0.717077
0.015561
0.103540
0.000517
0.047725
0.098937
0.844584
0.008237
0.007693
0.888406
0.080465
0.022316
0.001120
0.001627
0.029911
0.627624
0.325349
0.015489
0.005808
0.167725
0.179933
0.635158
0.011376
0.956934
0.002263
0.015897
0.023151
0.001755
0.074307
0.119462
0.110338
0.573757
0.122136
0.096217
0.205350
0.515346
0.123683
0.059404
0.000425
0.182959
0.781633
0.033522
0.001461
0.000451
0.016073
0.161175
0.161706
0.660595
0.000852
0.073348
0.864249
0.000000
0.061551
0.096217
0.205350
0.515346
0.123683
0.059404
0.020646
0.391210
0.253464
0.334081
0.000599
0.023140
0.132863
0.128514
0.711514
0.003969
0.956934
0.002263
0.015897
0.023151
0.001755
0.007512
0.143372
0.152863
0.696253
0.000000
0.027012
0.004411
0.129156
0.815315
0.024107
0.003872
0.427023
0.294255
0.271052
0.003798
0.000790
0.270248
0.214930
0.512315
0.001717
0.007693
0.888406
0.080465
0.022316
0.001120
0.000000
0.157068
0.794780
0.011742
0.036410
0.002029
0.523610
0.290144
0.042575
0.141642
0.000026
0.015502
0.168651
0.025699
0.790122
0.954432
0.000140
0.028850
0.012607
0.003972
0.002984
0.016749
0.176684
0.801828
0.001756
0.020646
0.391210
0.253464
0.334081
0.000599
0.956934
0.002263
0.015897
0.023151
0.001755
0.000451
0.016073
0.161175
0.161706
0.660595
0.027012
0.004411
0.129156
0.815315
0.024107
0.002984
0.016749
0.176684
0.801828
0.001756
0.000026
0.015502
0.168651
0.025699
0.790122
0.007693
0.888406
0.080465
0.022316
0.001120
0.020646
0.391210
0.253464
0.334081
0.000599
0.000026
0.015502
0.168651
0.025699
0.790122
0.000517
0.047725
0.098937
0.844584
0.008237
0.023738
0.289710
0.614395
0.070346
0.001811
0.015466
0.003806
0.398731
0.503882
0.078115
0.954432
0.000140
0.028850
0.012607
0.003972
0.003872
0.427023
0.294255
0.271052
0.003798
0.003872
0.427023
0.294255
0.271052
0.003798
0.002984
0.016749
0.176684
0.801828
0.001756
0.954432
0.000140
0.028850
0.012607
0.003972
0.070858
0.111721
0.551555
0.262498
0.003367
0.020646
0.391210
0.253464
0.334081
0.000599
0.013278
0.017709
0.112498
0.850339
0.006176
0.000158
0.148820
0.168861
0.681825
0.000336
0.842024
0.035768
0.038716
0.068449
0.015043
0.956934
0.002263
0.015897
0.023151
0.001755
0.357708
0.017723
0.160442
0.417493
0.046635
0.004148
0.405974
0.325166
0.259977
0.004735
0.050997
0.021927
0.356675
0.521879
0.048522
0.023746
0.049841
0.653776
0.272142
0.000496
0.018429
0.000000
0.231314
0.744613
0.005643
0.007693
0.888406
0.080465
0.022316
0.001120
0.000026
0.015502
0.168651
0.025699
0.790122
0.001201
0.011290
0.224292
0.715560
0.047657
0.000158
0.148820
0.168861
0.681825
0.000336
0.240493
0.174876
0.225541
0.327690
0.031401
0.001201
0.011290
0.224292
0.715560
0.047657
0.020646
0.391210
0.253464
0.334081
0.000599
0.007693
0.888406
0.080465
0.022316
0.001120
0.022783
0.328872
0.500680
0.147602
0.000063
0.000158
0.148820
0.168861
0.681825
0.000336
0.028904
0.036474
0.144846
0.787879
0.001897
0.096217
0.205350
0.515346
0.123683
0.059404
0.023140
0.132863
0.128514
0.711514
0.003969
0.013278
0.017709
0.112498
0.850339
0.006176
0.000026
0.015502
0.168651
0.025699
0.790122
0.000451
0.016073
0.161175
0.161706
0.660595
0.000000
0.157068
0.794780
0.011742
0.036410
0.000158
0.148820
0.168861
0.681825
0.000336
0.000026
0.015502
0.168651
0.025699
0.790122
0.000158
0.148820
0.168861
0.681825
0.000336
0.004937
0.042748
0.758243
0.118471
0.075600
0.000158
0.148820
0.168861
0.681825
0.000336
0.016810
0.079411
0.779068
0.124711
0.000000
0.000158
0.148820
0.168861
0.681825
0.000336
0.903664
0.000355
0.037075
0.058349
0.000557
0.006175
0.127166
0.277365
0.583945
0.005349
0.015466
0.003806
0.398731
0.503882
0.078115
0.956934
0.002263
0.015897
0.023151
0.001755
0.903664
0.000355
0.037075
0.058349
0.000557
0.954432
0.000140
0.028850
0.012607
0.003972
0.050997
0.021927
0.356675
0.521879
0.048522
0.000026
0.015502
0.168651
0.025699
0.790122
0.005155
0.000492
0.502136
0.479838
0.012379
0.954432
0.000140
0.028850
0.012607
0.003972
0.013278
0.017709
0.112498
0.850339
0.006176
0.002326
0.149898
0.844458
0.002596
0.000721
0.903664
0.000355
0.037075
0.058349
0.000557
0.023140
0.132863
0.128514
0.711514
0.003969
0.000158
0.148820
0.168861
0.681825
0.000336
0.000000
0.157068
0.794780
0.011742
0.036410
0.000451
0.016073
0.161175
0.161706
0.660595
0.000425
0.182959
0.781633
0.033522
0.001461
0.169846
0.041360
0.377743
0.400872
0.010179
0.013278
0.017709
0.112498
0.850339
0.006176
0.000026
0.015502
0.168651
0.025699
0.790122
0.020646
0.391210
0.253464
0.334081
0.000599
0.015030
0.003116
0.107098
0.874661
0.000095
0.004431
0.772988
0.104756
0.117780
0.000046
0.002326
0.149898
0.844458
0.002596
0.000721
0.001201
0.011290
0.224292
0.715560
0.047657
0.007693
0.888406
0.080465
0.022316
0.001120
0.000026
0.015502
0.168651
0.025699
0.790122
0.000026
0.015502
0.168651
0.025699
0.790122
0.903664
0.000355
0.037075
0.058349
0.000557
0.000790
0.270248
0.214930
0.512315
0.001717
0.842024
0.035768
0.038716
0.068449
0.015043
0.011087
0.271762
0.536444
0.180698
0.000009
0.954432
0.000140
0.028850
0.012607
0.003972
0.357708
0.017723
0.160442
0.417493
0.046635
0.004937
0.042748
0.758243
0.118471
0.075600
0.004431
0.772988
0.104756
0.117780
0.000046
0.002984
0.016749
0.176684
0.801828
0.001756
0.006175
0.127166
0.277365
0.583945
0.005349
0.000000
0.163822
0.717077
0.015561
0.103540
0.016914
0.357729
0.230693
0.383874
0.010789
0.115503
0.003804
0.251369
0.629216
0.000109
0.015466
0.003806
0.398731
0.503882
0.078115
0.007693
0.888406
0.080465
0.022316
0.001120
0.954432
0.000140
0.028850
0.012607
0.003972
0.016396
0.520646
0.180773
0.264287
0.017897
0.903664
0.000355
0.037075
0.058349
0.000557
0.000000
0.157068
0.794780
0.011742
0.036410
0.018899
0.274315
0.100643
0.604644
0.001500
0.020646
0.391210
0.253464
0.334081
0.000599
0.096217
0.205350
0.515346
0.123683
0.059404
0.023140
0.132863
0.128514
0.711514
0.003969
0.000517
0.047725
0.098937
0.844584
0.008237
0.000517
0.047725
0.098937
0.844584
0.008237
0.000158
0.148820
0.168861
0.681825
0.000336
0.000451
0.016073
0.161175
0.161706
0.660595
0.007693
0.888406
0.080465
0.022316
0.001120
0.956934
0.002263
0.015897
0.023151
0.001755
0.022783
0.328872
0.500680
0.147602
0.000063
0.000000
0.167369
0.832631
0.000000
0.000000
0.000000
0.163822
0.717077
0.015561
0.103540
0.903664
0.000355
0.037075
0.058349
0.000557
0.050997
0.021927
0.356675
0.521879
0.048522
0.954432
0.000140
0.028850
0.012607
0.003972
0.007693
0.888406
0.080465
0.022316
0.001120
0.050997
0.021927
0.356675
0.521879
0.048522
0.240493
0.174876
0.225541
0.327690
0.031401
0.096217
0.205350
0.515346
0.123683
0.059404
0.096217
0.205350
0.515346
0.123683
0.059404
0.002325
0.174757
0.358584
0.435991
0.028343
0.005808
0.167725
0.179933
0.635158
0.011376
0.007693
0.888406
0.080465
0.022316
0.001120
0.954432
0.000140
0.028850
0.012607
0.003972
0.002984
0.016749
0.176684
0.801828
0.001756
0.002984
0.016749
0.176684
0.801828
0.001756
0.000000
0.163822
0.717077
0.015561
0.103540
0.956934
0.002263
0.015897
0.023151
0.001755
0.002984
0.016749
0.176684
0.801828
0.001756
0.000158
0.148820
0.168861
0.681825
0.000336
0.050997
0.021927
0.356675
0.521879
0.048522
0.007693
0.888406
0.080465
0.022316
0.001120
0.027012
0.004411
0.129156
0.815315
0.024107
0.000451
0.016073
0.161175
0.161706
0.660595
0.002029
0.523610
0.290144
0.042575
0.141642
0.007693
0.888406
0.080465
0.022316
0.001120
0.020646
0.391210
0.253464
0.334081
0.000599
0.023746
0.049841
0.653776
0.272142
0.000496
0.000517
0.047725
0.098937
0.844584
0.008237
0.000425
0.182959
0.781633
0.033522
0.001461
0.050997
0.021927
0.356675
0.521879
0.048522
0.005808
0.167725
0.179933
0.635158
0.011376
0.027012
0.004411
0.129156
0.815315
0.024107
0.000000
0.000000
0.078778
0.613699
0.307523
0.005808
0.167725
0.179933
0.635158
0.011376
0.007693
0.888406
0.080465
0.022316
0.001120
0.096217
0.205350
0.515346
0.123683
0.059404
0.002984
0.016749
0.176684
0.801828
0.001756
0.013278
0.017709
0.112498
0.850339
0.006176
0.002029
0.523610
0.290144
0.042575
0.141642
0.018429
0.000000
0.231314
0.744613
0.005643
0.096217
0.205350
0.515346
0.123683
0.059404
0.956934
0.002263
0.015897
0.023151
0.001755
0.002984
0.016749
0.176684
0.801828
0.001756
0.023140
0.132863
0.128514
0.711514
0.003969
0.020646
0.391210
0.253464
0.334081
0.000599
0.000000
0.118705
0.415266
0.464044
0.001984
0.000000
0.157068
0.794780
0.011742
0.036410
0.013278
0.017709
0.112498
0.850339
0.006176
0.000451
0.016073
0.161175
0.161706
0.660595
0.013278
0.017709
0.112498
0.850339
0.006176
0.007693
0.888406
0.080465
0.022316
0.001120
0.023140
0.132863
0.128514
0.711514
0.003969
0.017593
0.035862
0.479908
0.298865
0.167772
0.954432
0.000140
0.028850
0.012607
0.003972
0.002984
0.016749
0.176684
0.801828
0.001756
0.003037
0.000000
0.897069
0.031229
0.068666
0.954432
0.000140
0.028850
0.012607
0.003972
0.013278
0.017709
0.112498
0.850339
0.006176
0.000517
0.047725
0.098937
0.844584
0.008237
0.020646
0.391210
0.253464
0.334081
0.000599
0.002029
0.523610
0.290144
0.042575
0.141642
0.074307
0.119462
0.110338
0.573757
0.122136
0.000158
0.148820
0.168861
0.681825
0.000336
0.000026
0.015502
0.168651
0.025699
0.790122
0.004431
0.772988
0.104756
0.117780
0.000046
0.954432
0.000140
0.028850
0.012607
0.003972
0.002029
0.523610
0.290144
0.042575
0.141642
0.014883
0.002749
0.111120
0.862004
0.009245
0.000000
0.740358
0.059530
0.191871
0.008241
0.000732
0.296893
0.604098
0.025080
0.073197
0.000517
0.047725
0.098937
0.844584
0.008237
0.000000
0.163822
0.717077
0.015561
0.103540
0.003872
0.427023
0.294255
0.271052
0.003798
0.015466
0.003806
0.398731
0.503882
0.078115
0.000000
0.157068
0.794780
0.011742
0.036410
0.003872
0.427023
0.294255
0.271052
0.003798
0.842024
0.035768
0.038716
0.068449
0.015043
0.000000
0.157068
0.794780
0.011742
0.036410
0.013278
0.017709
0.112498
0.850339
0.006176
0.050997
0.021927
0.356675
0.521879
0.048522
0.954432
0.000140
0.028850
0.012607
0.003972
0.002984
0.016749
0.176684
0.801828
0.001756
0.023140
0.132863
0.128514
0.711514
0.003969
0.000000
0.347556
0.369193
0.253440
0.029811
0.015030
0.003116
0.107098
0.874661
0.000095
0.000026
0.015502
0.168651
0.025699
0.790122
0.357708
0.017723
0.160442
0.417493
0.046635
0.050997
0.021927
0.356675
0.521879
0.048522
0.006175
0.127166
0.277365
0.583945
0.005349
0.956934
0.002263
0.015897
0.023151
0.001755
0.007693
0.888406
0.080465
0.022316
0.001120
0.001201
0.011290
0.224292
0.715560
0.047657
0.008190
0.002665
0.174420
0.786054
0.028671
0.014883
0.002749
0.111120
0.862004
0.009245
0.006175
0.127166
0.277365
0.583945
0.005349
0.051322
0.376860
0.256410
0.309453
0.005955
0.007693
0.888406
0.080465
0.022316
0.001120
0.956934
0.002263
0.015897
0.023151
0.001755
0.000158
0.148820
0.168861
0.681825
0.000336
0.023140
0.132863
0.128514
0.711514
0.003969
0.013278
0.017709
0.112498
0.850339
0.006176
0.000000
0.163822
0.717077
0.015561
0.103540
0.050997
0.021927
0.356675
0.521879
0.048522
0.016914
0.357729
0.230693
0.383874
0.010789
0.027012
0.004411
0.129156
0.815315
0.024107
0.007693
0.888406
0.080465
0.022316
0.001120
0.007693
0.888406
0.080465
0.022316
0.001120
0.000425
0.182959
0.781633
0.033522
0.001461
0.014883
0.002749
0.111120
0.862004
0.009245
0.004148
0.405974
0.325166
0.259977
0.004735
0.000517
0.047725
0.098937
0.844584
0.008237
0.000425
0.182959
0.781633
0.033522
0.001461
0.023140
0.132863
0.128514
0.711514
0.003969
0.002326
0.149898
0.844458
0.002596
0.000721
0.007693
0.888406
0.080465
0.022316
0.001120
0.000000
0.100274
0.269751
0.608864
0.021111
0.956934
0.002263
0.015897
0.023151
0.001755
0.014883
0.002749
0.111120
0.862004
0.009245
0.842024
0.035768
0.038716
0.068449
0.015043
0.240493
0.174876
0.225541
0.327690
0.031401
0.002003
0.037081
0.915956
0.044960
0.000000
0.954432
0.000140
0.028850
0.012607
0.003972
0.007512
0.143372
0.152863
0.696253
0.000000
0.000158
0.148820
0.168861
0.681825
0.000336
0.000000
0.100274
0.269751
0.608864
0.021111
0.018899
0.274315
0.100643
0.604644
0.001500
0.004148
0.405974
0.325166
0.259977
0.004735
0.000425
0.182959
0.781633
0.033522
0.001461
0.956934
0.002263
0.015897
0.023151
0.001755
0.015030
0.003116
0.107098
0.874661
0.000095
0.000000
0.100274
0.269751
0.608864
0.021111
0.000517
0.047725
0.098937
0.844584
0.008237
0.018488
0.051070
0.419461
0.471019
0.039961
0.091382
0.042926
0.226931
0.361611
0.277149
0.002325
0.174757
0.358584
0.435991
0.028343
0.000000
0.014258
0.499787
0.194310
0.291645
0.954432
0.000140
0.028850
0.012607
0.003972
0.000026
0.015502
0.168651
0.025699
0.790122
0.091382
0.042926
0.226931
0.361611
0.277149
0.956934
0.002263
0.015897
0.023151
0.001755
0.020646
0.391210
0.253464
0.334081
0.000599
0.023140
0.132863
0.128514
0.711514
0.003969
0.050997
0.021927
0.356675
0.521879
0.048522
0.096217
0.205350
0.515346
0.123683
0.059404
0.954432
0.000140
0.028850
0.012607
0.003972
0.000026
0.015502
0.168651
0.025699
0.790122
0.020646
0.391210
0.253464
0.334081
0.000599
0.954432
0.000140
0.028850
0.012607
0.003972
0.074307
0.119462
0.110338
0.573757
0.122136
0.023140
0.132863
0.128514
0.711514
0.003969
0.003872
0.427023
0.294255
0.271052
0.003798
0.002029
0.523610
0.290144
0.042575
0.141642
0.043965
0.223208
0.038331
0.419121
0.275376
0.013278
0.017709
0.112498
0.850339
0.006176
0.000026
0.015502
0.168651
0.025699
0.790122
0.002984
0.016749
0.176684
0.801828
0.001756
0.007693
0.888406
0.080465
0.022316
0.001120
0.014883
0.002749
0.111120
0.862004
0.009245
0.001830
0.538132
0.396276
0.063748
0.000015
0.023140
0.132863
0.128514
0.711514
0.003969
0.020646
0.391210
0.253464
0.334081
0.000599
0.004706
0.093370
0.212598
0.678605
0.010720
0.842024
0.035768
0.038716
0.068449
0.015043
0.007693
0.888406
0.080465
0.022316
0.001120
0.000790
0.270248
0.214930
0.512315
0.001717
0.096217
0.205350
0.515346
0.123683
0.059404
0.015030
0.003116
0.107098
0.874661
0.000095
0.014883
0.002749
0.111120
0.862004
0.009245
0.240493
0.174876
0.225541
0.327690
0.031401
0.008190
0.002665
0.174420
0.786054
0.028671
0.007693
0.888406
0.080465
0.022316
0.001120
0.956934
0.002263
0.015897
0.023151
0.001755
0.000517
0.047725
0.098937
0.844584
0.008237
0.000000
0.158440
0.326563
0.471352
0.043645
0.002984
0.016749
0.176684
0.801828
0.001756
0.000000
0.100274
0.269751
0.608864
0.021111
0.001830
0.538132
0.396276
0.063748
0.000015
0.005808
0.167725
0.179933
0.635158
0.011376
0.000000
0.196003
0.066039
0.248389
0.489569
0.013278
0.017709
0.112498
0.850339
0.006176
0.002003
0.037081
0.915956
0.044960
0.000000
0.002029
0.523610
0.290144
0.042575
0.141642
0.013278
0.017709
0.112498
0.850339
0.006176
0.000158
0.148820
0.168861
0.681825
0.000336
0.000026
0.015502
0.168651
0.025699
0.790122
0.000026
0.015502
0.168651
0.025699
0.790122
0.000026
0.015502
0.168651
0.025699
0.790122
0.022783
0.328872
0.500680
0.147602
0.000063
0.000000
0.196003
0.066039
0.248389
0.489569
0.013278
0.017709
0.112498
0.850339
0.006176
0.001830
0.538132
0.396276
0.063748
0.000015
0.015030
0.003116
0.107098
0.874661
0.000095
0.005808
0.167725
0.179933
0.635158
0.011376
0.000158
0.148820
0.168861
0.681825
0.000336
0.002003
0.037081
0.915956
0.044960
0.000000
0.005155
0.000492
0.502136
0.479838
0.012379
0.043965
0.223208
0.038331
0.419121
0.275376
0.023140
0.132863
0.128514
0.711514
0.003969
0.152076
0.217207
0.266225
0.235638
0.128855
0.028904
0.036474
0.144846
0.787879
0.001897
0.028904
0.036474
0.144846
0.787879
0.001897
0.000000
0.740358
0.059530
0.191871
0.008241
0.842024
0.035768
0.038716
0.068449
0.015043
0.013278
0.017709
0.112498
0.850339
0.006176
0.013278
0.017709
0.112498
0.850339
0.006176
0.013278
0.017709
0.112498
0.850339
0.006176
0.000158
0.148820
0.168861
0.681825
0.000336
0.000158
0.148820
0.168861
0.681825
0.000336
0.903664
0.000355
0.037075
0.058349
0.000557
0.000425
0.182959
0.781633
0.033522
0.001461
0.003872
0.427023
0.294255
0.271052
0.003798
0.043965
0.223208
0.038331
0.419121
0.275376
0.000517
0.047725
0.098937
0.844584
0.008237
0.015466
0.003806
0.398731
0.503882
0.078115
0.000158
0.148820
0.168861
0.681825
0.000336
0.956934
0.002263
0.015897
0.023151
0.001755
0.018899
0.274315
0.100643
0.604644
0.001500
0.050997
0.021927
0.356675
0.521879
0.048522
0.000000
0.163822
0.717077
0.015561
0.103540
0.842024
0.035768
0.038716
0.068449
0.015043
0.000158
0.148820
0.168861
0.681825
0.000336
0.018429
0.000000
0.231314
0.744613
0.005643
0.000000
0.167369
0.832631
0.000000
0.000000
0.016396
0.520646
0.180773
0.264287
0.017897
0.003037
0.000000
0.897069
0.031229
0.068666
0.000425
0.182959
0.781633
0.033522
0.001461
0.002029
0.523610
0.290144
0.042575
0.141642
0.005808
0.167725
0.179933
0.635158
0.011376
0.074307
0.119462
0.110338
0.573757
0.122136
0.956934
0.002263
0.015897
0.023151
0.001755
0.000732
0.296893
0.604098
0.025080
0.073197
0.954432
0.000140
0.028850
0.012607
0.003972
0.004706
0.093370
0.212598
0.678605
0.010720
0.842024
0.035768
0.038716
0.068449
0.015043
0.842024
0.035768
0.038716
0.068449
0.015043
0.903664
0.000355
0.037075
0.058349
0.000557
0.240493
0.174876
0.225541
0.327690
0.031401
0.000000
0.196003
0.066039
0.248389
0.489569
0.000000
0.163822
0.717077
0.015561
0.103540
0.000852
0.073348
0.864249
0.000000
0.061551
0.842024
0.035768
0.038716
0.068449
0.015043
0.023140
0.132863
0.128514
0.711514
0.003969
0.000158
0.148820
0.168861
0.681825
0.000336
0.020646
0.391210
0.253464
0.334081
0.000599
0.000790
0.270248
0.214930
0.512315
0.001717
0.000451
0.016073
0.161175
0.161706
0.660595
0.015845
0.259670
0.360482
0.235788
0.128215
0.000026
0.015502
0.168651
0.025699
0.790122
0.007693
0.888406
0.080465
0.022316
0.001120
0.020646
0.391210
0.253464
0.334081
0.000599
0.013278
0.017709
0.112498
0.850339
0.006176
0.000158
0.148820
0.168861
0.681825
0.000336
0.002984
0.016749
0.176684
0.801828
0.001756
0.007693
0.888406
0.080465
0.022316
0.001120
0.000451
0.016073
0.161175
0.161706
0.660595
0.000517
0.047725
0.098937
0.844584
0.008237
0.013278
0.017709
0.112498
0.850339
0.006176
0.000000
0.014258
0.499787
0.194310
0.291645
0.028904
0.036474
0.144846
0.787879
0.001897
0.023140
0.132863
0.128514
0.711514
0.003969
0.000425
0.182959
0.781633
0.033522
0.001461
0.023140
0.132863
0.128514
0.711514
0.003969
0.956934
0.002263
0.015897
0.023151
0.001755
0.015030
0.003116
0.107098
0.874661
0.000095
0.015030
0.003116
0.107098
0.874661
0.000095
0.091382
0.042926
0.226931
0.361611
0.277149
0.000026
0.015502
0.168651
0.025699
0.790122
0.000000
0.157163
0.823281
0.019515
0.000041
0.000517
0.047725
0.098937
0.844584
0.008237
0.028904
0.036474
0.144846
0.787879
0.001897
0.020646
0.391210
0.253464
0.334081
0.000599
0.000000
0.100274
0.269751
0.608864
0.021111
0.000000
0.157068
0.794780
0.011742
0.036410
0.002984
0.016749
0.176684
0.801828
0.001756
0.050997
0.021927
0.356675
0.521879
0.048522
0.027012
0.004411
0.129156
0.815315
0.024107
0.002326
0.149898
0.844458
0.002596
0.000721
0.007693
0.888406
0.080465
0.022316
0.001120
0.027012
0.004411
0.129156
0.815315
0.024107
0.842024
0.035768
0.038716
0.068449
0.015043
0.000000
0.163822
0.717077
0.015561
0.103540
0.000026
0.015502
0.168651
0.025699
0.790122
0.004937
0.042748
0.758243
0.118471
0.075600
0.025285
0.408029
0.399315
0.167371
0.000000
0.179724
0.030980
0.602358
0.151317
0.035621
0.842024
0.035768
0.038716
0.068449
0.015043
0.091382
0.042926
0.226931
0.361611
0.277149
0.000000
0.163822
0.717077
0.015561
0.103540
0.025285
0.408029
0.399315
0.167371
0.000000
0.002326
0.149898
0.844458
0.002596
0.000721
0.000158
0.148820
0.168861
0.681825
0.000336
0.954432
0.000140
0.028850
0.012607
0.003972
0.004937
0.042748
0.758243
0.118471
0.075600
0.058170
0.036002
0.393460
0.508850
0.003519
0.007693
0.888406
0.080465
0.022316
0.001120
0.013278
0.017709
0.112498
0.850339
0.006176
0.007693
0.888406
0.080465
0.022316
0.001120
0.002029
0.523610
0.290144
0.042575
0.141642
0.003037
0.000000
0.897069
0.031229
0.068666
0.956934
0.002263
0.015897
0.023151
0.001755
0.002003
0.037081
0.915956
0.044960
0.000000
0.000000
0.157068
0.794780
0.011742
0.036410
0.020646
0.391210
0.253464
0.334081
0.000599
0.020646
0.391210
0.253464
0.334081
0.000599
0.002984
0.016749
0.176684
0.801828
0.001756
0.002029
0.523610
0.290144
0.042575
0.141642
0.000517
0.047725
0.098937
0.844584
0.008237
0.015466
0.003806
0.398731
0.503882
0.078115
0.000517
0.047725
0.098937
0.844584
0.008237
0.000451
0.016073
0.161175
0.161706
0.660595
0.004431
0.772988
0.104756
0.117780
0.000046
0.050997
0.021927
0.356675
0.521879
0.048522
0.000000
0.740358
0.059530
0.191871
0.008241
0.003037
0.000000
0.897069
0.031229
0.068666
0.954432
0.000140
0.028850
0.012607
0.003972
0.903664
0.000355
0.037075
0.058349
0.000557
0.002003
0.037081
0.915956
0.044960
0.000000
0.003037
0.000000
0.897069
0.031229
0.068666
0.007693
0.888406
0.080465
0.022316
0.001120
0.000000
0.196003
0.066039
0.248389
0.489569
0.000451
0.016073
0.161175
0.161706
0.660595
0.000790
0.270248
0.214930
0.512315
0.001717
0.065539
0.342576
0.088218
0.353063
0.150604
0.956934
0.002263
0.015897
0.023151
0.001755
0.956934
0.002263
0.015897
0.023151
0.001755
0.001201
0.011290
0.224292
0.715560
0.047657
0.954432
0.000140
0.028850
0.012607
0.003972
0.065539
0.342576
0.088218
0.353063
0.150604
0.240493
0.174876
0.225541
0.327690
0.031401
0.014883
0.002749
0.111120
0.862004
0.009245
0.240493
0.174876
0.225541
0.327690
0.031401
0.027012
0.004411
0.129156
0.815315
0.024107
0.001201
0.011290
0.224292
0.715560
0.047657
0.954432
0.000140
0.028850
0.012607
0.003972
0.013278
0.017709
0.112498
0.850339
0.006176
0.016914
0.357729
0.230693
0.383874
0.010789
0.000158
0.148820
0.168861
0.681825
0.000336
0.023140
0.132863
0.128514
0.711514
0.003969
0.016810
0.079411
0.779068
0.124711
0.000000
0.903664
0.000355
0.037075
0.058349
0.000557
0.002325
0.174757
0.358584
0.435991
0.028343
0.000000
0.157068
0.794780
0.011742
0.036410
0.956934
0.002263
0.015897
0.023151
0.001755
0.020646
0.391210
0.253464
0.334081
0.000599
0.000000
0.163822
0.717077
0.015561
0.103540
0.956934
0.002263
0.015897
0.023151
0.001755
0.018899
0.274315
0.100643
0.604644
0.001500
0.000000
0.196003
0.066039
0.248389
0.489569
0.001627
0.029911
0.627624
0.325349
0.015489
0.903664
0.000355
0.037075
0.058349
0.000557
0.007693
0.888406
0.080465
0.022316
0.001120
0.023738
0.289710
0.614395
0.070346
0.001811
0.091382
0.042926
0.226931
0.361611
0.277149
0.954432
0.000140
0.028850
0.012607
0.003972
0.013278
0.017709
0.112498
0.850339
0.006176
0.016810
0.079411
0.779068
0.124711
0.000000
0.002984
0.016749
0.176684
0.801828
0.001756
0.000000
0.157068
0.794780
0.011742
0.036410
0.091382
0.042926
0.226931
0.361611
0.277149
0.956934
0.002263
0.015897
0.023151
0.001755
0.000026
0.015502
0.168651
0.025699
0.790122
0.020646
0.391210
0.253464
0.334081
0.000599
0.000158
0.148820
0.168861
0.681825
0.000336
0.000517
0.047725
0.098937
0.844584
0.008237
0.001627
0.029911
0.627624
0.325349
0.015489
0.023738
0.289710
0.614395
0.070346
0.001811
0.013278
0.017709
0.112498
0.850339
0.006176
0.000000
0.196003
0.066039
0.248389
0.489569
0.007693
0.888406
0.080465
0.022316
0.001120
0.020646
0.391210
0.253464
0.334081
0.000599
0.956934
0.002263
0.015897
0.023151
0.001755
0.002326
0.149898
0.844458
0.002596
0.000721
0.007693
0.888406
0.080465
0.022316
0.001120
0.027012
0.004411
0.129156
0.815315
0.024107
0.023140
0.132863
0.128514
0.711514
0.003969
0.028904
0.036474
0.144846
0.787879
0.001897
0.074307
0.119462
0.110338
0.573757
0.122136
0.005808
0.167725
0.179933
0.635158
0.011376
0.023140
0.132863
0.128514
0.711514
0.003969
0.050997
0.021927
0.356675
0.521879
0.048522
0.842024
0.035768
0.038716
0.068449
0.015043
0.842024
0.035768
0.038716
0.068449
0.015043
0.006175
0.127166
0.277365
0.583945
0.005349
0.013278
0.017709
0.112498
0.850339
0.006176
0.002326
0.149898
0.844458
0.002596
0.000721
0.003037
0.000000
0.897069
0.031229
0.068666
0.023140
0.132863
0.128514
0.711514
0.003969
0.018899
0.274315
0.100643
0.604644
0.001500
0.070858
0.111721
0.551555
0.262498
0.003367
0.018429
0.000000
0.231314
0.744613
0.005643
0.015030
0.003116
0.107098
0.874661
0.000095
0.000000
0.157068
0.794780
0.011742
0.036410
0.000026
0.015502
0.168651
0.025699
0.790122
0.015030
0.003116
0.107098
0.874661
0.000095
0.003037
0.000000
0.897069
0.031229
0.068666
0.000517
0.047725
0.098937
0.844584
0.008237
0.018899
0.274315
0.100643
0.604644
0.001500
0.000000
0.100274
0.269751
0.608864
0.021111
0.842024
0.035768
0.038716
0.068449
0.015043
0.001201
0.011290
0.224292
0.715560
0.047657
0.842024
0.035768
0.038716
0.068449
0.015043
0.903664
0.000355
0.037075
0.058349
0.000557
0.000000
0.167369
0.832631
0.000000
0.000000
0.956934
0.002263
0.015897
0.023151
0.001755
0.023140
0.132863
0.128514
0.711514
0.003969
0.000000
0.100274
0.269751
0.608864
0.021111
0.000000
0.157068
0.794780
0.011742
0.036410
0.015030
0.003116
0.107098
0.874661
0.000095
0.018488
0.051070
0.419461
0.471019
0.039961
0.004105
0.072555
0.805912
0.082172
0.035256
0.007693
0.888406
0.080465
0.022316
0.001120
0.000026
0.015502
0.168651
0.025699
0.790122
0.000790
0.270248
0.214930
0.512315
0.001717
0.013278
0.017709
0.112498
0.850339
0.006176
0.015030
0.003116
0.107098
0.874661
0.000095
0.000852
0.073348
0.864249
0.000000
0.061551
0.954432
0.000140
0.028850
0.012607
0.003972
0.007693
0.888406
0.080465
0.022316
0.001120
0.001627
0.029911
0.627624
0.325349
0.015489
0.007693
0.888406
0.080465
0.022316
0.001120
0.007693
0.888406
0.080465
0.022316
0.001120
0.956934
0.002263
0.015897
0.023151
0.001755
0.000026
0.015502
0.168651
0.025699
0.790122
0.018488
0.051070
0.419461
0.471019
0.039961
0.008190
0.002665
0.174420
0.786054
0.028671
0.001201
0.011290
0.224292
0.715560
0.047657
0.007693
0.888406
0.080465
0.022316
0.001120
0.013278
0.017709
0.112498
0.850339
0.006176
0.842024
0.035768
0.038716
0.068449
0.015043
0.002984
0.016749
0.176684
0.801828
0.001756
0.020646
0.391210
0.253464
0.334081
0.000599
0.002325
0.174757
0.358584
0.435991
0.028343
0.956934
0.002263
0.015897
0.023151
0.001755
0.000451
0.016073
0.161175
0.161706
0.660595
0.013278
0.017709
0.112498
0.850339
0.006176
0.000026
0.015502
0.168651
0.025699
0.790122
0.015466
0.003806
0.398731
0.503882
0.078115
0.002029
0.523610
0.290144
0.042575
0.141642
0.015396
0.421927
0.427367
0.115445
0.019866
0.842024
0.035768
0.038716
0.068449
0.015043
0.842024
0.035768
0.038716
0.068449
0.015043
0.016396
0.520646
0.180773
0.264287
0.017897
0.020646
0.391210
0.253464
0.334081
0.000599
0.096217
0.205350
0.515346
0.123683
0.059404
0.007693
0.888406
0.080465
0.022316
0.001120
0.020646
0.391210
0.253464
0.334081
0.000599
0.028904
0.036474
0.144846
0.787879
0.001897
0.956934
0.002263
0.015897
0.023151
0.001755
0.002029
0.523610
0.290144
0.042575
0.141642
0.000000
0.100274
0.269751
0.608864
0.021111
0.000451
0.016073
0.161175
0.161706
0.660595
0.027012
0.004411
0.129156
0.815315
0.024107
0.002003
0.037081
0.915956
0.044960
0.000000
0.001830
0.538132
0.396276
0.063748
0.000015
0.023140
0.132863
0.128514
0.711514
0.003969
0.954432
0.000140
0.028850
0.012607
0.003972
0.015466
0.003806
0.398731
0.503882
0.078115
0.000000
0.157068
0.794780
0.011742
0.036410
0.000000
0.196003
0.066039
0.248389
0.489569
0.956934
0.002263
0.015897
0.023151
0.001755
0.000790
0.270248
0.214930
0.512315
0.001717
0.015030
0.003116
0.107098
0.874661
0.000095
0.003037
0.000000
0.897069
0.031229
0.068666
0.000026
0.015502
0.168651
0.025699
0.790122
0.051322
0.376860
0.256410
0.309453
0.005955
0.956934
0.002263
0.015897
0.023151
0.001755
0.096217
0.205350
0.515346
0.123683
0.059404
0.007693
0.888406
0.080465
0.022316
0.001120
0.842024
0.035768
0.038716
0.068449
0.015043
0.842024
0.035768
0.038716
0.068449
0.015043
0.000451
0.016073
0.161175
0.161706
0.660595
0.842024
0.035768
0.038716
0.068449
0.015043
0.011087
0.271762
0.536444
0.180698
0.000009
0.000000
0.100274
0.269751
0.608864
0.021111
0.027012
0.004411
0.129156
0.815315
0.024107
0.002003
0.037081
0.915956
0.044960
0.000000
0.000790
0.270248
0.214930
0.512315
0.001717
0.007693
0.888406
0.080465
0.022316
0.001120
0.018899
0.274315
0.100643
0.604644
0.001500
0.003037
0.000000
0.897069
0.031229
0.068666
0.001201
0.011290
0.224292
0.715560
0.047657
0.000425
0.182959
0.781633
0.033522
0.001461
0.357708
0.017723
0.160442
0.417493
0.046635
0.001201
0.011290
0.224292
0.715560
0.047657
0.002003
0.037081
0.915956
0.044960
0.000000
0.152076
0.217207
0.266225
0.235638
0.128855
0.004148
0.405974
0.325166
0.259977
0.004735
0.956934
0.002263
0.015897
0.023151
0.001755
0.001627
0.029911
0.627624
0.325349
0.015489
0.002984
0.016749
0.176684
0.801828
0.001756
0.000000
0.157068
0.794780
0.011742
0.036410
0.002003
0.037081
0.915956
0.044960
0.000000
0.956934
0.002263
0.015897
0.023151
0.001755
0.903664
0.000355
0.037075
0.058349
0.000557
0.096217
0.205350
0.515346
0.123683
0.059404
0.007693
0.888406
0.080465
0.022316
0.001120
0.000000
0.163822
0.717077
0.015561
0.103540
0.028904
0.036474
0.144846
0.787879
0.001897
0.007693
0.888406
0.080465
0.022316
0.001120
0.000852
0.073348
0.864249
0.000000
0.061551
0.000000
0.157068
0.794780
0.011742
0.036410
0.014883
0.002749
0.111120
0.862004
0.009245
0.007693
0.888406
0.080465
0.022316
0.001120
0.000451
0.016073
0.161175
0.161706
0.660595
0.002003
0.037081
0.915956
0.044960
0.000000
0.956934
0.002263
0.015897
0.023151
0.001755
0.000000
0.163822
0.717077
0.015561
0.103540
0.096217
0.205350
0.515346
0.123683
0.059404
0.015030
0.003116
0.107098
0.874661
0.000095
0.956934
0.002263
0.015897
0.023151
0.001755
0.002029
0.523610
0.290144
0.042575
0.141642
0.000790
0.270248
0.214930
0.512315
0.001717
0.842024
0.035768
0.038716
0.068449
0.015043
0.903664
0.000355
0.037075
0.058349
0.000557
0.058170
0.036002
0.393460
0.508850
0.003519
0.000000
0.196003
0.066039
0.248389
0.489569
0.000000
0.196003
0.066039
0.248389
0.489569
0.003872
0.427023
0.294255
0.271052
0.003798
0.001201
0.011290
0.224292
0.715560
0.047657
0.020646
0.391210
0.253464
0.334081
0.000599
0.000158
0.148820
0.168861
0.681825
0.000336
0.956934
0.002263
0.015897
0.023151
0.001755
0.956934
0.002263
0.015897
0.023151
0.001755
0.000000
0.163822
0.717077
0.015561
0.103540
0.007693
0.888406
0.080465
0.022316
0.001120
0.954432
0.000140
0.028850
0.012607
0.003972
0.001201
0.011290
0.224292
0.715560
0.047657
0.014883
0.002749
0.111120
0.862004
0.009245
0.842024
0.035768
0.038716
0.068449
0.015043
0.956934
0.002263
0.015897
0.023151
0.001755
0.164187
0.185812
0.194923
0.443842
0.011236
0.018429
0.000000
0.231314
0.744613
0.005643
0.000000
0.163822
0.717077
0.015561
0.103540
0.000000
0.163822
0.717077
0.015561
0.103540
0.007693
0.888406
0.080465
0.022316
0.001120
0.058170
0.036002
0.393460
0.508850
0.003519
0.842024
0.035768
0.038716
0.068449
0.015043
0.000158
0.148820
0.168861
0.681825
0.000336
0.164187
0.185812
0.194923
0.443842
0.011236
0.028904
0.036474
0.144846
0.787879
0.001897
0.017593
0.035862
0.479908
0.298865
0.167772
0.015030
0.003116
0.107098
0.874661
0.000095
0.954432
0.000140
0.028850
0.012607
0.003972
0.003872
0.427023
0.294255
0.271052
0.003798
0.954432
0.000140
0.028850
0.012607
0.003972
0.022783
0.328872
0.500680
0.147602
0.000063
0.000158
0.148820
0.168861
0.681825
0.000336
0.169846
0.041360
0.377743
0.400872
0.010179
0.000158
0.148820
0.168861
0.681825
0.000336
0.023140
0.132863
0.128514
0.711514
0.003969
0.000790
0.270248
0.214930
0.512315
0.001717
0.000790
0.270248
0.214930
0.512315
0.001717
0.842024
0.035768
0.038716
0.068449
0.015043
0.842024
0.035768
0.038716
0.068449
0.015043
0.002029
0.523610
0.290144
0.042575
0.141642
0.842024
0.035768
0.038716
0.068449
0.015043
0.005808
0.167725
0.179933
0.635158
0.011376
0.000517
0.047725
0.098937
0.844584
0.008237
0.013278
0.017709
0.112498
0.850339
0.006176
0.000451
0.016073
0.161175
0.161706
0.660595
0.000026
0.015502
0.168651
0.025699
0.790122
0.023140
0.132863
0.128514
0.711514
0.003969
0.000451
0.016073
0.161175
0.161706
0.660595
0.956934
0.002263
0.015897
0.023151
0.001755
0.956934
0.002263
0.015897
0.023151
0.001755
0.000158
0.148820
0.168861
0.681825
0.000336
0.000000
0.163822
0.717077
0.015561
0.103540
0.053368
0.076106
0.176041
0.272123
0.422362
0.028904
0.036474
0.144846
0.787879
0.001897
0.096217
0.205350
0.515346
0.123683
0.059404
0.956934
0.002263
0.015897
0.023151
0.001755
0.000451
0.016073
0.161175
0.161706
0.660595
0.000158
0.148820
0.168861
0.681825
0.000336
0.956934
0.002263
0.015897
0.023151
0.001755
0.164187
0.185812
0.194923
0.443842
0.011236
0.004105
0.072555
0.805912
0.082172
0.035256
0.013278
0.017709
0.112498
0.850339
0.006176
0.956934
0.002263
0.015897
0.023151
0.001755
0.015030
0.003116
0.107098
0.874661
0.000095
0.956934
0.002263
0.015897
0.023151
0.001755
0.000026
0.015502
0.168651
0.025699
0.790122
0.903664
0.000355
0.037075
0.058349
0.000557
0.013278
0.017709
0.112498
0.850339
0.006176
0.015466
0.003806
0.398731
0.503882
0.078115
0.007693
0.888406
0.080465
0.022316
0.001120
0.002984
0.016749
0.176684
0.801828
0.001756
0.000026
0.015502
0.168651
0.025699
0.790122
0.013278
0.017709
0.112498
0.850339
0.006176
0.842024
0.035768
0.038716
0.068449
0.015043
0.001830
0.538132
0.396276
0.063748
0.000015
0.842024
0.035768
0.038716
0.068449
0.015043
0.954432
0.000140
0.028850
0.012607
0.003972
0.020646
0.391210
0.253464
0.334081
0.000599
0.015030
0.003116
0.107098
0.874661
0.000095
0.096217
0.205350
0.515346
0.123683
0.059404
0.001201
0.011290
0.224292
0.715560
0.047657
0.020646
0.391210
0.253464
0.334081
0.000599
0.956934
0.002263
0.015897
0.023151
0.001755
0.020646
0.391210
0.253464
0.334081
0.000599
0.050997
0.021927
0.356675
0.521879
0.048522
0.842024
0.035768
0.038716
0.068449
0.015043
0.000000
0.157163
0.823281
0.019515
0.000041
0.015466
0.003806
0.398731
0.503882
0.078115
0.020646
0.391210
0.253464
0.334081
0.000599
0.000000
0.157068
0.794780
0.011742
0.036410
0.000158
0.148820
0.168861
0.681825
0.000336
0.007693
0.888406
0.080465
0.022316
0.001120
0.000158
0.148820
0.168861
0.681825
0.000336
0.842024
0.035768
0.038716
0.068449
0.015043
0.004937
0.042748
0.758243
0.118471
0.075600
0.002984
0.016749
0.176684
0.801828
0.001756
0.027012
0.004411
0.129156
0.815315
0.024107
0.956934
0.002263
0.015897
0.023151
0.001755
0.002003
0.037081
0.915956
0.044960
0.000000
0.000158
0.148820
0.168861
0.681825
0.000336
0.000158
0.148820
0.168861
0.681825
0.000336
0.115503
0.003804
0.251369
0.629216
0.000109
0.050997
0.021927
0.356675
0.521879
0.048522
0.025285
0.408029
0.399315
0.167371
0.000000
0.000000
0.157068
0.794780
0.011742
0.036410
0.000517
0.047725
0.098937
0.844584
0.008237
0.000158
0.148820
0.168861
0.681825
0.000336
0.013278
0.017709
0.112498
0.850339
0.006176
0.954432
0.000140
0.028850
0.012607
0.003972
0.956934
0.002263
0.015897
0.023151
0.001755
0.954432
0.000140
0.028850
0.012607
0.003972
0.956934
0.002263
0.015897
0.023151
0.001755
0.357708
0.017723
0.160442
0.417493
0.046635
0.956934
0.002263
0.015897
0.023151
0.001755
0.015466
0.003806
0.398731
0.503882
0.078115
0.956934
0.002263
0.015897
0.023151
0.001755
0.956934
0.002263
0.015897
0.023151
0.001755
0.956934
0.002263
0.015897
0.023151
0.001755
0.020646
0.391210
0.253464
0.334081
0.000599
0.842024
0.035768
0.038716
0.068449
0.015043
0.015466
0.003806
0.398731
0.503882
0.078115
0.028904
0.036474
0.144846
0.787879
0.001897
0.000026
0.015502
0.168651
0.025699
0.790122
0.000425
0.182959
0.781633
0.033522
0.001461
0.000451
0.016073
0.161175
0.161706
0.660595
0.000517
0.047725
0.098937
0.844584
0.008237
0.956934
0.002263
0.015897
0.023151
0.001755
0.008190
0.002665
0.174420
0.786054
0.028671
0.070858
0.111721
0.551555
0.262498
0.003367
0.023738
0.289710
0.614395
0.070346
0.001811
0.000026
0.015502
0.168651
0.025699
0.790122
0.240493
0.174876
0.225541
0.327690
0.031401
0.050997
0.021927
0.356675
0.521879
0.048522
0.169846
0.041360
0.377743
0.400872
0.010179
0.028904
0.036474
0.144846
0.787879
0.001897
0.000000
0.157068
0.794780
0.011742
0.036410
0.000517
0.047725
0.098937
0.844584
0.008237
0.050997
0.021927
0.356675
0.521879
0.048522
0.070858
0.111721
0.551555
0.262498
0.003367
0.051322
0.376860
0.256410
0.309453
0.005955
0.956934
0.002263
0.015897
0.023151
0.001755
0.025285
0.408029
0.399315
0.167371
0.000000
0.051322
0.376860
0.256410
0.309453
0.005955
0.956934
0.002263
0.015897
0.023151
0.001755
0.956934
0.002263
0.015897
0.023151
0.001755
0.000026
0.015502
0.168651
0.025699
0.790122
0.000158
0.148820
0.168861
0.681825
0.000336
0.000425
0.182959
0.781633
0.033522
0.001461
0.002984
0.016749
0.176684
0.801828
0.001756
0.003872
0.427023
0.294255
0.271052
0.003798
0.954432
0.000140
0.028850
0.012607
0.003972
0.001830
0.538132
0.396276
0.063748
0.000015
0.000000
0.196003
0.066039
0.248389
0.489569
0.357708
0.017723
0.160442
0.417493
0.046635
0.005808
0.167725
0.179933
0.635158
0.011376
0.018429
0.000000
0.231314
0.744613
0.005643
0.074307
0.119462
0.110338
0.573757
0.122136
0.954432
0.000140
0.028850
0.012607
0.003972
0.050997
0.021927
0.356675
0.521879
0.048522
0.842024
0.035768
0.038716
0.068449
0.015043
0.023738
0.289710
0.614395
0.070346
0.001811
0.014883
0.002749
0.111120
0.862004
0.009245
0.956934
0.002263
0.015897
0.023151
0.001755
0.153834
0.086268
0.554152
0.190519
0.015227
0.003872
0.427023
0.294255
0.271052
0.003798
0.001201
0.011290
0.224292
0.715560
0.047657
0.000000
0.157068
0.794780
0.011742
0.036410
0.007693
0.888406
0.080465
0.022316
0.001120
0.903664
0.000355
0.037075
0.058349
0.000557
0.956934
0.002263
0.015897
0.023151
0.001755
0.023140
0.132863
0.128514
0.711514
0.003969
0.842024
0.035768
0.038716
0.068449
0.015043
0.000517
0.047725
0.098937
0.844584
0.008237
0.956934
0.002263
0.015897
0.023151
0.001755
0.954432
0.000140
0.028850
0.012607
0.003972
0.020646
0.391210
0.253464
0.334081
0.000599
0.016396
0.520646
0.180773
0.264287
0.017897
0.000517
0.047725
0.098937
0.844584
0.008237
0.020646
0.391210
0.253464
0.334081
0.000599
0.842024
0.035768
0.038716
0.068449
0.015043
0.004431
0.772988
0.104756
0.117780
0.000046
0.842024
0.035768
0.038716
0.068449
0.015043
0.015466
0.003806
0.398731
0.503882
0.078115
0.956934
0.002263
0.015897
0.023151
0.001755
0.000158
0.148820
0.168861
0.681825
0.000336
0.000517
0.047725
0.098937
0.844584
0.008237
0.000026
0.015502
0.168651
0.025699
0.790122
0.000425
0.182959
0.781633
0.033522
0.001461
0.956934
0.002263
0.015897
0.023151
0.001755
0.023140
0.132863
0.128514
0.711514
0.003969
0.007693
0.888406
0.080465
0.022316
0.001120
0.240493
0.174876
0.225541
0.327690
0.031401
0.956934
0.002263
0.015897
0.023151
0.001755
0.000000
0.196003
0.066039
0.248389
0.489569
0.000517
0.047725
0.098937
0.844584
0.008237
0.842024
0.035768
0.038716
0.068449
0.015043
0.000158
0.148820
0.168861
0.681825
0.000336
0.091382
0.042926
0.226931
0.361611
0.277149
0.001627
0.029911
0.627624
0.325349
0.015489
0.002029
0.523610
0.290144
0.042575
0.141642
0.002326
0.149898
0.844458
0.002596
0.000721
0.000026
0.015502
0.168651
0.025699
0.790122
0.956934
0.002263
0.015897
0.023151
0.001755
0.000451
0.016073
0.161175
0.161706
0.660595
0.954432
0.000140
0.028850
0.012607
0.003972
0.007693
0.888406
0.080465
0.022316
0.001120
0.007693
0.888406
0.080465
0.022316
0.001120
0.000000
0.157068
0.794780
0.011742
0.036410
0.000451
0.016073
0.161175
0.161706
0.660595
0.000000
0.083899
0.834984
0.081063
0.000054
0.007693
0.888406
0.080465
0.022316
0.001120
0.018899
0.274315
0.100643
0.604644
0.001500
0.956934
0.002263
0.015897
0.023151
0.001755
0.954432
0.000140
0.028850
0.012607
0.003972
0.007693
0.888406
0.080465
0.022316
0.001120
0.956934
0.002263
0.015897
0.023151
0.001755
0.000000
0.740358
0.059530
0.191871
0.008241
0.000026
0.015502
0.168651
0.025699
0.790122
0.000451
0.016073
0.161175
0.161706
0.660595
0.357708
0.017723
0.160442
0.417493
0.046635
0.022783
0.328872
0.500680
0.147602
0.000063
0.000026
0.015502
0.168651
0.025699
0.790122
0.058170
0.036002
0.393460
0.508850
0.003519
0.000000
0.163822
0.717077
0.015561
0.103540
0.023140
0.132863
0.128514
0.711514
0.003969
0.007693
0.888406
0.080465
0.022316
0.001120
0.020646
0.391210
0.253464
0.334081
0.000599
0.028904
0.036474
0.144846
0.787879
0.001897
0.000000
0.100274
0.269751
0.608864
0.021111
0.956934
0.002263
0.015897
0.023151
0.001755
0.027012
0.004411
0.129156
0.815315
0.024107
0.000517
0.047725
0.098937
0.844584
0.008237
0.000158
0.148820
0.168861
0.681825
0.000336
0.842024
0.035768
0.038716
0.068449
0.015043
0.000517
0.047725
0.098937
0.844584
0.008237
0.000158
0.148820
0.168861
0.681825
0.000336
0.000517
0.047725
0.098937
0.844584
0.008237
0.015030
0.003116
0.107098
0.874661
0.000095
0.053368
0.076106
0.176041
0.272123
0.422362
0.007693
0.888406
0.080465
0.022316
0.001120
0.002326
0.149898
0.844458
0.002596
0.000721
0.000000
0.163822
0.717077
0.015561
0.103540
0.000790
0.270248
0.214930
0.512315
0.001717
0.065539
0.342576
0.088218
0.353063
0.150604
0.954432
0.000140
0.028850
0.012607
0.003972
0.842024
0.035768
0.038716
0.068449
0.015043
0.007693
0.888406
0.080465
0.022316
0.001120
0.954432
0.000140
0.028850
0.012607
0.003972
0.903664
0.000355
0.037075
0.058349
0.000557
0.013278
0.017709
0.112498
0.850339
0.006176
0.000026
0.015502
0.168651
0.025699
0.790122
0.956934
0.002263
0.015897
0.023151
0.001755
0.013278
0.017709
0.112498
0.850339
0.006176
0.000000
0.347556
0.369193
0.253440
0.029811
0.000000
0.196003
0.066039
0.248389
0.489569
0.956934
0.002263
0.015897
0.023151
0.001755
0.043965
0.223208
0.038331
0.419121
0.275376
0.020646
0.391210
0.253464
0.334081
0.000599
0.000026
0.015502
0.168651
0.025699
0.790122
0.007693
0.888406
0.080465
0.022316
0.001120
0.954432
0.000140
0.028850
0.012607
0.003972
0.357708
0.017723
0.160442
0.417493
0.046635
0.005808
0.167725
0.179933
0.635158
0.011376
0.000158
0.148820
0.168861
0.681825
0.000336
0.000026
0.015502
0.168651
0.025699
0.790122
0.027012
0.004411
0.129156
0.815315
0.024107
0.005808
0.167725
0.179933
0.635158
0.011376
0.003872
0.427023
0.294255
0.271052
0.003798
0.240493
0.174876
0.225541
0.327690
0.031401
0.000451
0.016073
0.161175
0.161706
0.660595
0.000000
0.163822
0.717077
0.015561
0.103540
0.954432
0.000140
0.028850
0.012607
0.003972
0.015466
0.003806
0.398731
0.503882
0.078115
0.000451
0.016073
0.161175
0.161706
0.660595
0.000158
0.148820
0.168861
0.681825
0.000336
0.000517
0.047725
0.098937
0.844584
0.008237
0.903664
0.000355
0.037075
0.058349
0.000557
0.000026
0.015502
0.168651
0.025699
0.790122
0.842024
0.035768
0.038716
0.068449
0.015043
0.018429
0.000000
0.231314
0.744613
0.005643
0.020646
0.391210
0.253464
0.334081
0.000599
0.954432
0.000140
0.028850
0.012607
0.003972
0.357708
0.017723
0.160442
0.417493
0.046635
0.017593
0.035862
0.479908
0.298865
0.167772
0.006175
0.127166
0.277365
0.583945
0.005349
0.002029
0.523610
0.290144
0.042575
0.141642
0.000852
0.073348
0.864249
0.000000
0.061551
0.015030
0.003116
0.107098
0.874661
0.000095
0.000000
0.196003
0.066039
0.248389
0.489569
0.002029
0.523610
0.290144
0.042575
0.141642
0.956934
0.002263
0.015897
0.023151
0.001755
0.096217
0.205350
0.515346
0.123683
0.059404
0.065539
0.342576
0.088218
0.353063
0.150604
0.015466
0.003806
0.398731
0.503882
0.078115
0.015466
0.003806
0.398731
0.503882
0.078115
0.050997
0.021927
0.356675
0.521879
0.048522
0.240493
0.174876
0.225541
0.327690
0.031401
0.028904
0.036474
0.144846
0.787879
0.001897
0.007693
0.888406
0.080465
0.022316
0.001120
0.026880
0.072200
0.642119
0.251705
0.007096
0.023140
0.132863
0.128514
0.711514
0.003969
0.000026
0.015502
0.168651
0.025699
0.790122
0.015030
0.003116
0.107098
0.874661
0.000095
0.023140
0.132863
0.128514
0.711514
0.003969
0.005808
0.167725
0.179933
0.635158
0.011376
0.842024
0.035768
0.038716
0.068449
0.015043
0.018899
0.274315
0.100643
0.604644
0.001500
0.000000
0.157068
0.794780
0.011742
0.036410
0.956934
0.002263
0.015897
0.023151
0.001755
0.005808
0.167725
0.179933
0.635158
0.011376
0.000732
0.296893
0.604098
0.025080
0.073197
0.023140
0.132863
0.128514
0.711514
0.003969
0.954432
0.000140
0.028850
0.012607
0.003972
0.164187
0.185812
0.194923
0.443842
0.011236
0.000451
0.016073
0.161175
0.161706
0.660595
0.018488
0.051070
0.419461
0.471019
0.039961
0.842024
0.035768
0.038716
0.068449
0.015043
0.004431
0.772988
0.104756
0.117780
0.000046
0.000852
0.073348
0.864249
0.000000
0.061551
0.954432
0.000140
0.028850
0.012607
0.003972
0.002003
0.037081
0.915956
0.044960
0.000000
0.956934
0.002263
0.015897
0.023151
0.001755
0.000852
0.073348
0.864249
0.000000
0.061551
0.956934
0.002263
0.015897
0.023151
0.001755
0.022783
0.328872
0.500680
0.147602
0.000063
0.000000
0.157068
0.794780
0.011742
0.036410
0.020646
0.391210
0.253464
0.334081
0.000599
0.014883
0.002749
0.111120
0.862004
0.009245
0.000000
0.163822
0.717077
0.015561
0.103540
0.000517
0.047725
0.098937
0.844584
0.008237
0.005808
0.167725
0.179933
0.635158
0.011376
0.247494
0.171560
0.425351
0.134971
0.020624
0.065539
0.342576
0.088218
0.353063
0.150604
0.015030
0.003116
0.107098
0.874661
0.000095
0.956934
0.002263
0.015897
0.023151
0.001755
0.007693
0.888406
0.080465
0.022316
0.001120
0.002984
0.016749
0.176684
0.801828
0.001756
0.002326
0.149898
0.844458
0.002596
0.000721
0.002984
0.016749
0.176684
0.801828
0.001756
0.000517
0.047725
0.098937
0.844584
0.008237
0.013278
0.017709
0.112498
0.850339
0.006176
0.013278
0.017709
0.112498
0.850339
0.006176
0.005808
0.167725
0.179933
0.635158
0.011376
0.096217
0.205350
0.515346
0.123683
0.059404
0.007693
0.888406
0.080465
0.022316
0.001120
0.240493
0.174876
0.225541
0.327690
0.031401
0.000451
0.016073
0.161175
0.161706
0.660595
0.000000
0.000000
0.078778
0.613699
0.307523
0.001201
0.011290
0.224292
0.715560
0.047657
0.016810
0.079411
0.779068
0.124711
0.000000
0.005808
0.167725
0.179933
0.635158
0.011376
0.018429
0.000000
0.231314
0.744613
0.005643
0.007693
0.888406
0.080465
0.022316
0.001120
0.956934
0.002263
0.015897
0.023151
0.001755
0.000026
0.015502
0.168651
0.025699
0.790122
0.028904
0.036474
0.144846
0.787879
0.001897
0.357708
0.017723
0.160442
0.417493
0.046635
0.000451
0.016073
0.161175
0.161706
0.660595
0.020646
0.391210
0.253464
0.334081
0.000599
0.000517
0.047725
0.098937
0.844584
0.008237
0.058170
0.036002
0.393460
0.508850
0.003519
0.015466
0.003806
0.398731
0.503882
0.078115
0.058170
0.036002
0.393460
0.508850
0.003519
0.000517
0.047725
0.098937
0.844584
0.008237
0.020646
0.391210
0.253464
0.334081
0.000599
0.000517
0.047725
0.098937
0.844584
0.008237
0.956934
0.002263
0.015897
0.023151
0.001755
0.956934
0.002263
0.015897
0.023151
0.001755
0.007693
0.888406
0.080465
0.022316
0.001120
0.028904
0.036474
0.144846
0.787879
0.001897
0.018899
0.274315
0.100643
0.604644
0.001500
0.070858
0.111721
0.551555
0.262498
0.003367
0.013278
0.017709
0.112498
0.850339
0.006176
0.096217
0.205350
0.515346
0.123683
0.059404
0.000790
0.270248
0.214930
0.512315
0.001717
0.115503
0.003804
0.251369
0.629216
0.000109
0.023140
0.132863
0.128514
0.711514
0.003969
0.020646
0.391210
0.253464
0.334081
0.000599
0.004148
0.405974
0.325166
0.259977
0.004735
0.357708
0.017723
0.160442
0.417493
0.046635
0.015030
0.003116
0.107098
0.874661
0.000095
0.000451
0.016073
0.161175
0.161706
0.660595
0.018488
0.051070
0.419461
0.471019
0.039961
0.000517
0.047725
0.098937
0.844584
0.008237
0.007693
0.888406
0.080465
0.022316
0.001120
0.000158
0.148820
0.168861
0.681825
0.000336
0.002984
0.016749
0.176684
0.801828
0.001756
0.000026
0.015502
0.168651
0.025699
0.790122
0.007693
0.888406
0.080465
0.022316
0.001120
0.000000
0.163822
0.717077
0.015561
0.103540
0.003872
0.427023
0.294255
0.271052
0.003798
0.013278
0.017709
0.112498
0.850339
0.006176
0.000000
0.118705
0.415266
0.464044
0.001984
0.007693
0.888406
0.080465
0.022316
0.001120
0.357708
0.017723
0.160442
0.417493
0.046635
0.020646
0.391210
0.253464
0.334081
0.000599
0.013278
0.017709
0.112498
0.850339
0.006176
0.000158
0.148820
0.168861
0.681825
0.000336
0.000026
0.015502
0.168651
0.025699
0.790122
0.023140
0.132863
0.128514
0.711514
0.003969
0.000517
0.047725
0.098937
0.844584
0.008237
0.007693
0.888406
0.080465
0.022316
0.001120
0.017593
0.035862
0.479908
0.298865
0.167772
0.000000
0.157068
0.794780
0.011742
0.036410
0.956934
0.002263
0.015897
0.023151
0.001755
0.065539
0.342576
0.088218
0.353063
0.150604
0.023140
0.132863
0.128514
0.711514
0.003969
0.003872
0.427023
0.294255
0.271052
0.003798
0.008190
0.002665
0.174420
0.786054
0.028671
0.000158
0.148820
0.168861
0.681825
0.000336
0.000000
0.163822
0.717077
0.015561
0.103540
0.000517
0.047725
0.098937
0.844584
0.008237
0.842024
0.035768
0.038716
0.068449
0.015043
0.023140
0.132863
0.128514
0.711514
0.003969
0.956934
0.002263
0.015897
0.023151
0.001755
0.013278
0.017709
0.112498
0.850339
0.006176
0.000000
0.014258
0.499787
0.194310
0.291645
0.020646
0.391210
0.253464
0.334081
0.000599
0.956934
0.002263
0.015897
0.023151
0.001755
0.954432
0.000140
0.028850
0.012607
0.003972
0.903664
0.000355
0.037075
0.058349
0.000557
0.008190
0.002665
0.174420
0.786054
0.028671
0.001201
0.011290
0.224292
0.715560
0.047657
0.000000
0.100274
0.269751
0.608864
0.021111
0.956934
0.002263
0.015897
0.023151
0.001755
0.023140
0.132863
0.128514
0.711514
0.003969
0.000517
0.047725
0.098937
0.844584
0.008237
0.954432
0.000140
0.028850
0.012607
0.003972
0.000158
0.148820
0.168861
0.681825
0.000336
0.020646
0.391210
0.253464
0.334081
0.000599
0.000451
0.016073
0.161175
0.161706
0.660595
0.001830
0.538132
0.396276
0.063748
0.000015
0.007693
0.888406
0.080465
0.022316
0.001120
0.001201
0.011290
0.224292
0.715560
0.047657
0.002003
0.037081
0.915956
0.044960
0.000000
0.357708
0.017723
0.160442
0.417493
0.046635
0.842024
0.035768
0.038716
0.068449
0.015043
0.065539
0.342576
0.088218
0.353063
0.150604
0.115503
0.003804
0.251369
0.629216
0.000109
0.004148
0.405974
0.325166
0.259977
0.004735
0.000158
0.148820
0.168861
0.681825
0.000336
0.004148
0.405974
0.325166
0.259977
0.004735
0.007693
0.888406
0.080465
0.022316
0.001120
0.013278
0.017709
0.112498
0.850339
0.006176
0.002029
0.523610
0.290144
0.042575
0.141642
0.058170
0.036002
0.393460
0.508850
0.003519
0.001830
0.538132
0.396276
0.063748
0.000015
0.018899
0.274315
0.100643
0.604644
0.001500
0.007693
0.888406
0.080465
0.022316
0.001120
0.115503
0.003804
0.251369
0.629216
0.000109
0.000790
0.270248
0.214930
0.512315
0.001717
0.015466
0.003806
0.398731
0.503882
0.078115
0.074307
0.119462
0.110338
0.573757
0.122136
0.013278
0.017709
0.112498
0.850339
0.006176
0.020646
0.391210
0.253464
0.334081
0.000599
0.050997
0.021927
0.356675
0.521879
0.048522
0.022783
0.328872
0.500680
0.147602
0.000063
0.000000
0.163822
0.717077
0.015561
0.103540
0.152076
0.217207
0.266225
0.235638
0.128855
0.002003
0.037081
0.915956
0.044960
0.000000
0.007693
0.888406
0.080465
0.022316
0.001120
0.020646
0.391210
0.253464
0.334081
0.000599
0.956934
0.002263
0.015897
0.023151
0.001755
0.956934
0.002263
0.015897
0.023151
0.001755
0.000026
0.015502
0.168651
0.025699
0.790122
0.000000
0.163822
0.717077
0.015561
0.103540
0.000158
0.148820
0.168861
0.681825
0.000336
0.000158
0.148820
0.168861
0.681825
0.000336
0.956934
0.002263
0.015897
0.023151
0.001755
0.153834
0.086268
0.554152
0.190519
0.015227
0.065539
0.342576
0.088218
0.353063
0.150604
0.240493
0.174876
0.225541
0.327690
0.031401
0.001201
0.011290
0.224292
0.715560
0.047657
0.009424
0.690583
0.129453
0.084145
0.086395
0.051322
0.376860
0.256410
0.309453
0.005955
0.074307
0.119462
0.110338
0.573757
0.122136
0.011087
0.271762
0.536444
0.180698
0.000009
0.000000
0.740358
0.059530
0.191871
0.008241
0.018899
0.274315
0.100643
0.604644
0.001500
0.000026
0.015502
0.168651
0.025699
0.790122
0.020646
0.391210
0.253464
0.334081
0.000599
0.015396
0.421927
0.427367
0.115445
0.019866
0.956934
0.002263
0.015897
0.023151
0.001755
0.013278
0.017709
0.112498
0.850339
0.006176
0.023140
0.132863
0.128514
0.711514
0.003969
0.002326
0.149898
0.844458
0.002596
0.000721
0.003037
0.000000
0.897069
0.031229
0.068666
0.007693
0.888406
0.080465
0.022316
0.001120
0.091382
0.042926
0.226931
0.361611
0.277149
0.000026
0.015502
0.168651
0.025699
0.790122
0.011087
0.271762
0.536444
0.180698
0.000009
0.050997
0.021927
0.356675
0.521879
0.048522
0.954432
0.000140
0.028850
0.012607
0.003972
0.003037
0.000000
0.897069
0.031229
0.068666
0.004937
0.042748
0.758243
0.118471
0.075600
0.015030
0.003116
0.107098
0.874661
0.000095
0.005808
0.167725
0.179933
0.635158
0.011376
0.000517
0.047725
0.098937
0.844584
0.008237
0.842024
0.035768
0.038716
0.068449
0.015043
0.018899
0.274315
0.100643
0.604644
0.001500
0.028904
0.036474
0.144846
0.787879
0.001897
0.842024
0.035768
0.038716
0.068449
0.015043
0.007693
0.888406
0.080465
0.022316
0.001120
0.956934
0.002263
0.015897
0.023151
0.001755
0.002984
0.016749
0.176684
0.801828
0.001756
0.956934
0.002263
0.015897
0.023151
0.001755
0.004706
0.093370
0.212598
0.678605
0.010720
0.028904
0.036474
0.144846
0.787879
0.001897
0.009424
0.690583
0.129453
0.084145
0.086395
0.903664
0.000355
0.037075
0.058349
0.000557
0.000026
0.015502
0.168651
0.025699
0.790122
0.004431
0.772988
0.104756
0.117780
0.000046
0.954432
0.000140
0.028850
0.012607
0.003972
0.027012
0.004411
0.129156
0.815315
0.024107
0.000000
0.157068
0.794780
0.011742
0.036410
0.096217
0.205350
0.515346
0.123683
0.059404
0.000451
0.016073
0.161175
0.161706
0.660595
0.027012
0.004411
0.129156
0.815315
0.024107
0.000000
0.163822
0.717077
0.015561
0.103540
0.000517
0.047725
0.098937
0.844584
0.008237
0.000026
0.015502
0.168651
0.025699
0.790122
0.014883
0.002749
0.111120
0.862004
0.009245
0.000026
0.015502
0.168651
0.025699
0.790122
0.002984
0.016749
0.176684
0.801828
0.001756
0.002984
0.016749
0.176684
0.801828
0.001756
0.015030
0.003116
0.107098
0.874661
0.000095
0.023746
0.049841
0.653776
0.272142
0.000496
0.956934
0.002263
0.015897
0.023151
0.001755
0.000158
0.148820
0.168861
0.681825
0.000336
0.018899
0.274315
0.100643
0.604644
0.001500
0.013278
0.017709
0.112498
0.850339
0.006176
0.001201
0.011290
0.224292
0.715560
0.047657
0.006175
0.127166
0.277365
0.583945
0.005349
0.015466
0.003806
0.398731
0.503882
0.078115
0.004431
0.772988
0.104756
0.117780
0.000046
0.000732
0.296893
0.604098
0.025080
0.073197
0.842024
0.035768
0.038716
0.068449
0.015043
0.013278
0.017709
0.112498
0.850339
0.006176
0.000000
0.157068
0.794780
0.011742
0.036410
0.000000
0.163822
0.717077
0.015561
0.103540
0.000000
0.163822
0.717077
0.015561
0.103540
0.000451
0.016073
0.161175
0.161706
0.660595
0.842024
0.035768
0.038716
0.068449
0.015043
0.903664
0.000355
0.037075
0.058349
0.000557
0.000000
0.163822
0.717077
0.015561
0.103540
0.018899
0.274315
0.100643
0.604644
0.001500
0.000517
0.047725
0.098937
0.844584
0.008237
0.000000
0.740358
0.059530
0.191871
0.008241
0.023746
0.049841
0.653776
0.272142
0.000496
0.000158
0.148820
0.168861
0.681825
0.000336
0.070858
0.111721
0.551555
0.262498
0.003367
0.903664
0.000355
0.037075
0.058349
0.000557
0.956934
0.002263
0.015897
0.023151
0.001755
0.007693
0.888406
0.080465
0.022316
0.001120
0.002326
0.149898
0.844458
0.002596
0.000721
0.956934
0.002263
0.015897
0.023151
0.001755
0.015030
0.003116
0.107098
0.874661
0.000095
0.020646
0.391210
0.253464
0.334081
0.000599
0.000000
0.740358
0.059530
0.191871
0.008241
0.842024
0.035768
0.038716
0.068449
0.015043
0.018488
0.051070
0.419461
0.471019
0.039961
0.000517
0.047725
0.098937
0.844584
0.008237
0.956934
0.002263
0.015897
0.023151
0.001755
0.115503
0.003804
0.251369
0.629216
0.000109
0.005808
0.167725
0.179933
0.635158
0.011376
0.000517
0.047725
0.098937
0.844584
0.008237
0.000000
0.740358
0.059530
0.191871
0.008241
0.956934
0.002263
0.015897
0.023151
0.001755
0.015030
0.003116
0.107098
0.874661
0.000095
0.000026
0.015502
0.168651
0.025699
0.790122
0.000451
0.016073
0.161175
0.161706
0.660595
0.002003
0.037081
0.915956
0.044960
0.000000
0.005808
0.167725
0.179933
0.635158
0.011376
0.004431
0.772988
0.104756
0.117780
0.000046
0.954432
0.000140
0.028850
0.012607
0.003972
0.018488
0.051070
0.419461
0.471019
0.039961
0.015845
0.259670
0.360482
0.235788
0.128215
0.000158
0.148820
0.168861
0.681825
0.000336
0.357708
0.017723
0.160442
0.417493
0.046635
0.096217
0.205350
0.515346
0.123683
0.059404
0.002029
0.523610
0.290144
0.042575
0.141642
0.002984
0.016749
0.176684
0.801828
0.001756
0.000158
0.148820
0.168861
0.681825
0.000336
0.000000
0.014258
0.499787
0.194310
0.291645
0.005808
0.167725
0.179933
0.635158
0.011376
0.018899
0.274315
0.100643
0.604644
0.001500
0.005808
0.167725
0.179933
0.635158
0.011376
0.842024
0.035768
0.038716
0.068449
0.015043
0.018429
0.000000
0.231314
0.744613
0.005643
0.014883
0.002749
0.111120
0.862004
0.009245
0.001201
0.011290
0.224292
0.715560
0.047657
0.000026
0.015502
0.168651
0.025699
0.790122
