2000 2
1 1 2 1 1 2 2 1 2 2 1 1 1 1 3 1 1 2 4 1 1 2 1 1 2 1 1 1 1 2 1 1 2 2 1 1 2 2 1 2 1 1 2 1 1 2 1 1 2 1 1 1 1 2 1 1 1 1 3 1 2 1 1 2 1 1 2 1 2 2 2 2 1 3 1 1 2 1 2 1 1 1 2 2 2 2 1 1 1 1 1 1 3 3 2 1 1 1 1 1 3 1 2 2 2 3 2 1 1 2 1 1 1 1 1 2 2 1 1 1 2 1 1 2 2 1 1 2 1 2 2 1 2 1 1 1 1 2 2 2 2 1 1 1 2 2 4 1 1 1 2 1 2 1 2 2 1 2 2 2 1 3 2 1 2 1 3 2 1 2 2 1 1 1 2 2 1 1 2 1 2 1 1 2 1 1 1 1 1 2 1 1 1 1 1 1 1 1 2 3 2 1 2 1 1 2 1 1 1 2 1 2 1 1 1 1 2 2 2 1 2 2 1 3 3 2 2 2 2 1 2 1 1 2 1 1 1 2 2 1 2 1 1 1 2 1 1 1 1 1 2 1 1 1 2 2 2 2 2 1 1 2 1 1 1 1 3 2 2 3 1 2 1 2 2 1 2 1 1 1 2 3 2 1 2 1 2 1 1 1 1 3 2 1 1 1 1 2 1 2 1 2 2 1 1 2 2 2 1 1 2 1 3 1 1 2 1 1 2 1 3 2 1 2 1 1 1 1 2 1 1 2 2 1 2 2 2 1 1 1 1 1 2 1 1 2 1 1 3 2 1 1 1 2 2 1 1 1 1 2 1 3 1 1 2 3 2 1 2 1 1 1 1 1 2 2 2 1 1 2 2 2 2 2 1 1 1 4 2 1 2 1 2 1 1 2 1 3 3 2 2 4 1 2 1 3 2 2 2 2 1 1 1 1 2 1 2 2 1 1 3 1 1 1 1 2 1 2 1 2 1 1 1 2 1 1 1 1 2 1 3 1 1 1 2 1 2 1 1 1 1 2 2 2 2 2 2 1 1 1 1 2 1 1 1 1 3 2 1 2 1 1 2 1 2 1 2 1 2 1 1 1 1 2 1 1 2 2 1 2 1 2 2 1 2 1 1 2 2 2 2 1 1 1 1 1 2 2 1 2 1 3 2 2 3 2 1 1 1 1 1 1 1 1 1 1 2 1 2 1 2 1 1 1 1 1 1 2 1 3 2 1 2 2 2 2 1 2 1 2 1 1 3 1 1 2 1 1 2 1 1 2 1 3 2 2 2 1 1 2 2 2 2 2 1 1 2 2 1 2 1 1 2 2 2 1 1 2 1 2 1 2 1 2 1 1 1 2 2 2 1 2 1 1 1 1 1 2 2 2 1 2 1 1 2 2 1 3 2 2 3 1 2 1 1 1 1 1 2 2 1 1 1 2 3 1 1 1 2 1 1 2 1 1 1 2 1 2 1 1 2 1 1 2 2 1 2 2 2 1 1 1 1 2 1 2 1 2 1 2 1 1 1 1 2 2 1 1 1 1 1 2 1 2 2 1 1 1 2 1 2 2 2 1 2 2 1 2 1 2 2 2 1 1 3 2 2 1 1 2 1 1 2 3 3 1 1 2 1 1 1 2 2 2 3 2 2 1 1 1 1 2 3 2 2 1 2 1 2 1 2 2 1 2 2 1 2 2 2 2 2 1 3 2 1 1 3 1 1 1 4 1 1 1 3 1 3 1 1 2 2 1 2 2 1 1 1 1 2 2 2 3 3 1 1 1 2 1 2 1 1 2 1 1 2 1 1 2 3 1 2 1 2 1 2 1 1 1 3 2 1 3 1 1 2 1 1 2 1 1 2 2 1 1 3 2 1 1 2 2 1 1 2 1 2 1 1 2 1 1 1 2 2 2 1 1 2 2 3 1 2 4 1 1 1 1 2 1 2 1 1 1 1 2 1 1 1 1 1 2 1 2 1 1 1 1 1 2 1 2 2 1 1 2 1 2 1 2 1 1 1 1 1 1 1 1 2 1 2 2 1 1 2 1 2 2 1 2 1 1 2 3 2 1 1 1 1 1 2 1 2 2 2 2 2 1 2 1 1 1 2 1 1 1 1 1 2 2 3 2 2 2 2 2 2 2 1 1 2 1 1 1 2 1 2 2 1 1 1 2 2 1 1 1 2 1 2 2 3 1 2 2 1 1 1 3 3 1 2 2 1 1 1 2 2 1 1 1 1 1 1 1 1 1 1 1 1 1 1 1 1 2 1 1 1 1 2 2 2 1 1 2 2 1 2 2 4 2 2 2 2 1 1 1 2 2 1 1 1 1 2 2 2 1 2 1 1 2 1 1 3 2 1 2 2 1 2 1 2 1 1 2 1 1 3 2 1 2 2 2 1 1 1 1 1 2 1 1 2 1 1 2 2 1 1 2 2 2 1 2 2 1 1 1 2 2 1 1 2 1 2 1 1 2 1 3 1 2 1 1 1 1 2 2 2 1 1 1 4 2 2 3 1 1 1 1 3 2 1 2 2 1 2 1 1 2 1 1 2 1 1 2 2 2 2 2 2 2 2 3 2 1 3 1 1 2 2 1 2 2 1 1 3 2 1 2 2 3 2 2 2 2 1 1 1 1 1 2 1 1 1 1 2 1 2 1 1 1 3 2 1 2 1 1 1 2 2 1 1 2 3 1 2 2 1 1 1 2 1 2 1 2 1 2 2 2 2 2 2 2 1 2 2 1 2 1 2 2 2 1 1 1 3 1 2 1 2 1 1 1 1 1 2 1 1 1 1 2 1 2 2 3 1 1 1 1 1 2 2 2 2 1 1 1 3 1 2 2 1 1 2 2 2 2 1 2 1 2 1 1 1 2 3 3 1 1 2 1 2 2 2 1 1 2 3 1 1 1 2 1 1 2 1 3 1 2 1 2 1 1 1 3 2 3 2 1 3 2 1 1 1 2 2 1 1 2 1 1 1 2 1 2 2 1 1 1 1 1 1 1 1 1 1 2 2 1 2 1 2 2 1 1 1 3 2 1 2 1 1 1 2 3 2 2 2 1 2 1 2 1 1 2 2 2 2 1 2 1 1 1 1 1 2 1 3 1 1 1 1 2 2 1 1 2 1 2 1 1 1 2 1 1 2 2 1 1 1 2 2 2 2 1 1 2 2 2 1 1 1 2 1 2 2 1 1 2 1 1 1 1 2 3 1 2 1 1 3 2 1 2 1 1 2 1 2 2 2 3 2 1 2 2 1 2 1 2 1 1 1 4 2 2 1 2 1 1 2 1 2 1 2 1 1 2 1 3 1 2 2 3 1 2 1 1 1 1 2 2 1 2 3 1 1 1 1 3 2 1 2 2 1 1 1 2 2 2 1 1 1 2 2 1 1 2 1 2 2 1 2 1 2 1 1 1 1 1 2 2 1 1 1 1 1 1 1 1 1 2 1 2 1 2 1 1 1 2 1 1 2 3 1 2 2 1 2 2 1 1 1 2 1 1 2 1 3 1 2 2 2 2 2 1 1 2 1 1 1 1 2 1 2 2 2 2 1 3 3 1 1 2 2 1 2 1 1 2 3 1 1 2 1 1 1 1 1 2 1 2 1 1 4 2 2 1 1 2 1 2 1 1 2 2 1 2 1 2 2 3 2 3 2 3 1 2 1 1 2 1 2 2 2 3 1 2 2 1 2 2 1 2 1 2 1 2 2 1 3 1 1 2 1 2 2 2 1 1 1 2 1 1 1 1 2 1 2 1 2 1 1 2 2 2 2 2 1 1 1 3 1 2 2 2 2 2 2 1 1 1 1 1 2 1 2 1 2 1 2 2 2 1 1 1 2 2 2 2 1 1 3 1 1 3 1 1 2 2 2 1 1 1 2 2 1 2 1 2 1 2 1 1 2 2 2 1 2 2 1 2 1 1 3 1 2 2 1 1 1 3 1 1 2 2 1 1 1 2 2 2 1 1 1 1 1 1 1 1 1 2 1 1 1 2 1 4 2 2 2 1 3 1 2 1 2 1 2 1 1 2 1 1 3 2 3 2 1 2 2 1 2 1 2 1 2 1 2 1 1 3 1 2 1 3 2 2 1 2 1 2 1 1 1 2 1 1 2 2 2 2 1 1 2 3 2 2 2 2 2 2 3 1 1 2 3 1 3 1 2 1 1 1 2 1 2 1 1 1 2 1 1 1 2 1 2 1 2 2 2 1 2 2 2 1 2 2 1 2 2 1 1 2 1 1 1 3 3 3 1 1 1 2 1 1 1 1 2 2 2 2 1 1 2 1 1 1 1 1 1 1 2 1 1 2 1 3 1 1 1 2 1 1 1 1 1 1 2 1 2 1 2 1 1 2 2 1 1 2 2 2 1 2 1 1 1 1 2 1 1 1 1 1 2 1 2 3 1 2 1 1 1 1 1 2 1 1 1 1 1 1 3 2 2 1 1 1 1 2 1 3 1 1 1 1 3 2 2 1 1 1 1 1 2 1 1 1 2 2 1 1 2 2
0.792562
0.207438
0.588827
0.411173
0.079233 0.035910
0.641415 0.243442
0.185638
0.814362
0.737454
0.262546
0.333358 0.454876
0.028575 0.183191
0.173972 0.577064
0.006194 0.242769
0.163513
0.836487
0.117951 0.873237
0.000072 0.008740
0.373951 0.097820
0.447549 0.080681
0.976494
0.023506
0.474873
0.525127
0.125441
0.874559
0.130962
0.869038
0.624004 0.046946 0.001498
0.319799 0.007689 0.000063
0.226103
0.773897
0.652684
0.347316
0.168757 0.177261
0.186687 0.467295
0.120402 0.253175 0.244558 0.142359
0.009824 0.057508 0.097307 0.074867
0.172565
0.827435
0.953458
0.046542
0.478048 0.261317
0.153903 0.106732
0.444699
0.555301
0.144088
0.855912
0.212955 0.418657
0.056670 0.311718
0.522160
0.477840
0.107122
0.892878
0.632815
0.367185
0.535599
0.464401
0.240596 0.004274
0.753132 0.001998
0.890449
0.109551
0.847944
0.152056
0.076654 0.061638
0.366889 0.494819
0.501872 0.233956
0.174852 0.089320
0.255334
0.744666
0.992121
0.007879
0.510902 0.229640
0.152621 0.106838
0.064029 0.078863
0.196147 0.660961
0.715175
0.284825
0.441838 0.300697
0.124600 0.132864
0.187754
0.812246
0.563828
0.436172
0.110395 0.638537
0.002673 0.248395
0.337826
0.662174
0.796139
0.203861
0.986982 0.007013
0.006002 0.000003
0.630540
0.369460
0.398001
0.601999
0.483537 0.181424
0.263299 0.071741
0.247602
0.752398
0.752699
0.247301
0.717783
0.282217
0.962669
0.037331
0.453955 0.288257
0.134637 0.123152
0.751612
0.248388
0.921454
0.078546
0.873217
0.126783
0.959312
0.040688
0.070786 0.074841 0.035951
0.240451 0.396435 0.181536
0.927576
0.072424
0.611917 0.135947
0.222313 0.029824
0.245502
0.754498
0.150599
0.849401
0.466627 0.280342
0.109816 0.143215
0.146205
0.853795
0.793300
0.206700
0.096895 0.018492
0.769529 0.115084
0.580323
0.419677
0.481013 0.096319
0.373707 0.048961
0.050700 0.927707
0.000025 0.021567
0.181942 0.220120
0.109922 0.488015
0.081687 0.912345
0.000016 0.005952
0.228670
0.771330
0.056753 0.271408 0.513060
0.000570 0.019046 0.139163
0.639341
0.360659
0.437023
0.562977
0.106020 0.012640
0.830583 0.050757
0.313827
0.686173
0.505539 0.051556
0.423076 0.019829
0.108956
0.891044
0.863164
0.136836
0.724577
0.275423
0.236068 0.010259
0.746466 0.007206
0.108257 0.136744
0.164867 0.590132
0.772063 0.067844
0.152176 0.007917
0.014500 0.011830
0.385784 0.587886
0.772195
0.227805
0.243802
0.756198
0.634050
0.365950
0.921338
0.078662
0.528871
0.471129
0.139284
0.860716
0.059492 0.108911 0.064391
0.050471 0.338938 0.377797
0.067709 0.089349 0.046158
0.132353 0.403834 0.260596
0.876838 0.080408
0.041729 0.001025
0.118941
0.881059
0.996615
0.003385
0.421820
0.578180
0.825702
0.174298
0.217650
0.782350
0.032777 0.085207 0.087237
0.020867 0.229249 0.544663
0.790934
0.209066
0.101439 0.083312
0.321402 0.493847
0.223002 0.662028
0.003606 0.111363
0.925319 0.006927
0.067720 0.000034
0.092822 0.098273 0.040990
0.201870 0.396929 0.169117
0.558996 0.180478
0.205390 0.055137
0.854533
0.145467
0.145579
0.854421
0.222301 0.663499
0.003482 0.110719
0.945452
0.054548
0.722079
0.277921
0.982733
0.017267
0.973520
0.026480
0.948583
0.051417
0.498819 0.060369
0.410777 0.030035
0.079096 0.094144
0.197185 0.629574
0.711071
0.288929
0.874378
0.125622
0.159496
0.840504
0.891543 0.069684
0.037972 0.000800
0.865170
0.134830
0.218427
0.781573
0.090575 0.154583
0.100379 0.654463
0.653364 0.108094
0.220964 0.017579
0.843506
0.156494
0.521069
0.478931
0.077571 0.059441
0.372784 0.490204
0.937695
0.062305
0.427308 0.320089
0.112997 0.139606
0.190192 0.132615
0.331291 0.345902
0.457967
0.542033
0.064740 0.072239
0.225271 0.637750
0.141098
0.858902
0.519696
0.480304
0.924017
0.075983
0.840209
0.159791
0.273926 0.080610
0.517846 0.127618
0.068406 0.068521
0.295388 0.567685
0.558414 0.200449
0.185188 0.055949
0.376174 0.402976
0.060450 0.160400
0.213070
0.786930
0.901010
0.098990
0.119407
0.880593
0.480848 0.265353
0.127503 0.126297
0.183780 0.807401
0.000256 0.008563
0.060358 0.170399 0.259125 0.270852
0.003195 0.025601 0.078092 0.132378
0.229583
0.770417
0.738864
0.261136
0.460655
0.539345
0.294534 0.015457
0.678759 0.011250
0.830077
0.169923
0.105165 0.087271
0.312467 0.495097
0.170217
0.829783
0.351595 0.421132
0.055096 0.172178
0.198584 0.059526
0.553385 0.188505
0.114010
0.885990
0.138825 0.010083
0.833109 0.017984
0.067353 0.038589
0.559963 0.334094
0.215605 0.551579
0.023660 0.209156
0.987442
0.012558
0.667820 0.098831 0.007783
0.215285 0.010073 0.000207
0.294210 0.298821
0.087045 0.319924
0.722736
0.277264
0.164438 0.397825
0.042086 0.395650
0.885037
0.114963
0.140885 0.279095 0.170589
0.019126 0.172545 0.217760
0.064274 0.077434
0.203964 0.654328
0.562742
0.437258
0.589952 0.150896
0.222945 0.036207
0.761728 0.183078
0.046792 0.008402
0.641970
0.358030
0.844157
0.155843
0.404627
0.595373
0.467590 0.270657
0.163298 0.098455
0.073707 0.925142
0.000007 0.001144
0.112916
0.887084
0.143433
0.856567
0.437566 0.305274
0.120877 0.136283
0.935997
0.064003
0.145221 0.835752
0.000263 0.018764
0.961132
0.038868
0.978787
0.021213
0.701984 0.035084
0.260294 0.002638
0.560796
0.439204
0.991736
0.008264
0.442555
0.557445
0.704054
0.295946
0.895362
0.104638
0.546698 0.188735
0.206148 0.058418
0.151963
0.848037
0.805996
0.194004
0.030292
0.969708
0.997711
0.002289
0.177477
0.822523
0.281908
0.718092
0.509927
0.490073
0.883013
0.116987
0.853015 0.088510
0.055773 0.002701
0.031482 0.070325 0.062465
0.036255 0.287715 0.511758
0.412043 0.357309
0.086040 0.144608
0.538130
0.461870
0.131889 0.460376
0.019154 0.388581
0.743952
0.256048
0.260541
0.739459
0.356555 0.423310
0.063343 0.156792
0.095816
0.904184
0.216685
0.783315
0.341888
0.658112
0.078108 0.175396
0.039979 0.706516
0.983551
0.016449
0.650086 0.087863
0.240616 0.021435
0.938107
0.061893
0.989877
0.010123
0.303022
0.696978
0.389875
0.610125
0.087092 0.130164
0.087298 0.695445
0.070340 0.064074
0.223086 0.642500
0.345606 0.420061
0.064779 0.169555
0.972145
0.027855
0.358755 0.410307
0.059958 0.170980
0.377038 0.385592
0.073879 0.163491
0.697818
0.302182
0.174949 0.243174 0.158804
0.073797 0.192375 0.156900
0.468977 0.122630 0.018025
0.321274 0.062649 0.006444
0.256294 0.385133
0.061701 0.296873
0.165719 0.339030
0.046791 0.448460
0.054029 0.002205
0.938166 0.005601
0.393986 0.353553
0.105058 0.147404
0.137357
0.862643
0.083516 0.086604
0.255645 0.574234
0.906275
0.093725
0.643551
0.356449
0.102171 0.890524
0.000048 0.007257
0.940084
0.059916
0.863267
0.136733
0.128565
0.871435
0.805438 0.017870
0.176325 0.000367
0.305901 0.523889
0.024475 0.145736
0.487844
0.512156
0.194065 0.760493
0.001637 0.043805
0.729152
0.270848
0.097877
0.902123
0.724689
0.275311
0.165247 0.817382
0.000394 0.016977
0.318233
0.681767
0.022459
0.977541
0.165067
0.834933
0.850001
0.149999
0.099778
0.900222
0.083568 0.274940
0.031987 0.609505
0.736409
0.263591
0.251150
0.748850
0.190271
0.809729
0.094061 0.327083
0.020609 0.558246
0.433617 0.310015
0.117550 0.138818
0.361047 0.407205
0.061703 0.170046
0.216537 0.011351
0.765290 0.006823
0.186582 0.053988
0.571509 0.187920
0.139585
0.860415
0.115714
0.884286
0.132534 0.179900
0.091109 0.596457
0.172660
0.827340
0.966185
0.033815
0.875115
0.124885
0.074051
0.925949
0.270787 0.217076 0.068538
0.182879 0.209010 0.051708
0.346452 0.326688
0.106948 0.219912
0.257327 0.098656
0.477088 0.166930
0.038041 0.061642 0.038958
0.086096 0.395876 0.379387
0.131767
0.868233
0.100008 0.140407
0.143254 0.616330
0.861045
0.138955
0.351972 0.218289
0.191533 0.238206
0.076830 0.052945
0.415483 0.454742
0.515488
0.484512
0.104322 0.161551
0.144773 0.589354
0.829892
0.170108
0.563957
0.436043
0.036478
0.963522
0.066179 0.066169
0.265268 0.602384
0.040837 0.080670 0.049331
0.039449 0.349888 0.439826
0.059488 0.082252
0.160189 0.698071
0.164640
0.835360
0.096568 0.075919
0.342646 0.484867
0.295309
0.704691
0.706171 0.015729
0.276626 0.001475
0.062514
0.937486
0.142132
0.857868
0.147680
0.852320
0.564160
0.435840
0.092278 0.319475 0.454394
0.001890 0.028028 0.103936
0.157896 0.811088
0.000597 0.030419
0.655391
0.344609
0.322107
0.677893
0.803306
0.196694
0.958941
0.041059
0.397378 0.186213
0.274498 0.141911
0.916214
0.083786
0.507308 0.079395
0.387589 0.025708
0.785410
0.214590
0.391276 0.365348
0.084208 0.159168
0.260707 0.594753
0.012808 0.131732
0.569485
0.430515
0.387133
0.612867
0.504341 0.237368
0.182804 0.075486
0.443151 0.304476
0.138368 0.114006
0.078087 0.109974
0.100588 0.711351
0.286445
0.713555
0.586575
0.413425
0.107035 0.888481
0.000037 0.004446
0.274049
0.725951
0.079716 0.060896 0.014582
0.322499 0.434993 0.087314
0.096337
0.903663
0.175316
0.824684
0.345289 0.328506
0.105600 0.220605
0.662773
0.337227
0.959021
0.040979
0.094657 0.217493
0.059710 0.628141
0.734445
0.265555
0.240843 0.233892 0.089040
0.133615 0.223286 0.079324
0.220729 0.501055
0.022722 0.255494
0.499146
0.500854
0.063946 0.016529
0.783638 0.135886
0.216514
0.783486
0.983952
0.016048
0.726025
0.273975
0.327066
0.672934
0.084533 0.034520
0.630477 0.250470
0.503384
0.496616
0.218994
0.781006
0.527019 0.418691
0.016597 0.037693
0.109103 0.021341
0.780816 0.088740
0.834767
0.165233
0.423250 0.324265
0.109499 0.142986
0.072019 0.927340
0.000001 0.000640
0.139988 0.827310
0.000588 0.032115
0.953250
0.046750
0.274654
0.725346
0.126418
0.873582
0.544862
0.455138
0.860365
0.139635
0.411659 0.540657
0.009746 0.037938
0.236863
0.763137
0.350696
0.649304
0.077213 0.059225
0.365036 0.498527
0.947001
0.052999
0.293274
0.706726
0.054022 0.096595 0.069803
0.065477 0.326651 0.387452
0.369577 0.119597
0.407657 0.103169
0.963567
0.036433
0.881456
0.118544
0.151074
0.848926
0.105242 0.086231
0.240903 0.567623
0.083968 0.907246
0.000049 0.008737
0.134497
0.865503
0.964013
0.035987
0.639259
0.360741
0.569431
0.430569
0.095272 0.338099
0.014528 0.552102
0.115453
0.884547
0.157684 0.125436 0.043488
0.278168 0.298275 0.096949
0.309815
0.690185
0.194838
0.805162
0.017487 0.020487
0.277074 0.684953
0.026459 0.096739 0.136750
0.005432 0.127958 0.606662
0.104001 0.092167
0.229302 0.574530
0.506954
0.493046
0.096542 0.212907
0.091280 0.599270
0.206052
0.793948
0.981147
0.018853
0.977438
0.022562
0.843242
0.156758
0.718135
0.281865
0.150942 0.020856
0.791326 0.036876
0.154658 0.079233
0.474315 0.291794
0.333680 0.084481
0.502758 0.079081
0.936278
0.063722
0.138057
0.861943
0.445829 0.122517
0.360893 0.070762
0.146090 0.010743
0.829278 0.013889
0.296033 0.515807
0.030337 0.157823
0.170511 0.064058
0.569166 0.196266
0.081198 0.038505
0.574780 0.305517
0.169655
0.830345
0.117547
0.882453
0.651602
0.348398
0.016089 0.067443 0.130338 0.152385
0.001508 0.029395 0.167010 0.435833
0.043969 0.083703
0.107967 0.764361
0.838875
0.161125
0.232726 0.641593
0.004535 0.121146
0.654823
0.345177
0.225067 0.031434
0.679341 0.064158
0.341466
0.658534
0.981661
0.018339
0.068609 0.565108
0.002290 0.363993
0.939623
0.060377
0.266499 0.324800 0.156390
0.050291 0.129262 0.072758
0.351938 0.306267 0.086680
0.080953 0.135516 0.038645
0.084981 0.272328
0.042368 0.600323
0.091747 0.028496
0.710214 0.169543
0.357787 0.176649 0.040239 0.005543
0.296059 0.110903 0.012203 0.000617
0.123466
0.876534
0.368838 0.295575
0.134786 0.200802
0.940621
0.059379
0.144056 0.044573 0.006115
0.663652 0.133130 0.008473
0.068216 0.135567
0.079114 0.717103
0.102058 0.892513
0.000043 0.005386
0.592082 0.053143
0.345304 0.009471
0.374142 0.386094
0.069891 0.169873
0.571017
0.428983
0.135370
0.864630
0.485551
0.514449
0.721010
0.278990
0.102040 0.065930
0.422667 0.409363
0.802722
0.197278
0.349922 0.207113
0.271328 0.171637
0.017243 0.029714
0.136307 0.816735
0.216223
0.783777
0.468401
0.531599
0.041000 0.051928 0.025754
0.160476 0.451669 0.269173
0.935820
0.064180
0.354376
0.645624
0.523149
0.476851
0.655923
0.344077
0.220170 0.702394
0.004270 0.073166
0.118252
0.881748
0.481495 0.094185
0.381018 0.043303
0.747579
0.252421
0.091842 0.248234
0.024859 0.635065
0.634177
0.365823
0.750817
0.249183
0.248511
0.751489
0.278726 0.328170
0.068264 0.324840
0.296451
0.703549
0.103516
0.896484
0.990255
0.009745
0.321811
0.678189
0.348475 0.206737
0.245136 0.199652
0.957121
0.042879
0.217877 0.335501 0.200806
0.027845 0.116955 0.101015
0.749218
0.250782
0.163325
0.836675
0.808470
0.191530
0.088101 0.173972
0.083365 0.654561
0.338228
0.661772
0.283226 0.546344
0.020072 0.150357
0.166942
0.833058
0.939712
0.060288
0.673996
0.326004
0.203266
0.796734
0.343765 0.432742
0.049667 0.173827
0.132205 0.222735
0.112866 0.532195
0.066432 0.066436
0.268890 0.598242
0.934582 0.039017
0.026213 0.000188
0.094132 0.058490
0.446071 0.401307
0.449685 0.073731
0.436381 0.040203
0.482499
0.517501
0.999114
0.000886
0.738383
0.261617
0.250439
0.749561
0.360741 0.198496
0.259564 0.181199
0.101662
0.898338
0.423346
0.576654
0.792416
0.207584
0.802300
0.197700
0.473771 0.144709 0.021767
0.307231 0.049623 0.002899
0.465045 0.484415
0.010734 0.039806
0.969956
0.030044
0.211166 0.057121
0.600024 0.131690
0.203106
0.796894
0.811680
0.188320
0.377018 0.390166
0.047719 0.185097
0.717698
0.282302
0.068629 0.093128
0.159621 0.678622
0.044501
0.955499
0.309194 0.511392
0.025033 0.154380
0.823703
0.176297
0.017634 0.007058
0.705077 0.270231
0.814209
0.185791
0.561085
0.438915
0.917674
0.082326
0.865519
0.134481
0.201033 0.190818
0.149077 0.459073
0.826014
0.173986
0.601246
0.398754
0.509551 0.226795
0.179216 0.084438
0.393358 0.264608
0.166586 0.175449
0.071834
0.928166
0.106196 0.157048
0.122071 0.614686
0.170402
0.829598
0.082939 0.042520
0.578180 0.296360
0.203325 0.625206
0.010342 0.161127
0.890666
0.109334
0.457975 0.109620
0.372459 0.059947
0.570676
0.429324
0.174385
0.825615
0.316555 0.263485
0.126527 0.293433
0.294613 0.542301
0.018663 0.144423
0.331838 0.450890
0.041654 0.175618
0.201140 0.606381
0.009010 0.183468
0.724003
0.275997
0.102912
0.897088
0.986575
0.013425
0.277689
0.722311
0.716424
0.283576
0.064576 0.078421
0.206477 0.650526
0.604248 0.154952
0.206676 0.034123
0.288569
0.711431
0.087541 0.910212
0.000010 0.002237
0.605828
0.394172
0.550031 0.084324 0.005471
0.343221 0.016728 0.000225
0.337903 0.625526
0.003461 0.033110
0.179707 0.156951
0.177672 0.485670
0.052438 0.151480 0.136483
0.009983 0.179401 0.470215
0.092217 0.732927
0.000794 0.174063
0.547886
0.452114
0.769676
0.230324
0.974233
0.025767
0.984951
0.015049
0.940620
0.059380
0.708824
0.291176
0.827432
0.172568
0.933077
0.066923
0.103376
0.896624
0.494927
0.505073
0.158361 0.717180
0.001714 0.122746
0.556939
0.443061
0.128403 0.859058
0.000121 0.012417
0.114778
0.885222
0.288837 0.531393
0.025930 0.153840
0.499317
0.500683
0.971815
0.028185
0.121306
0.878694
0.928483
0.071517
0.698060
0.301940
0.444682
0.555318
0.248981 0.282199
0.084678 0.384141
0.447292
0.552708
0.107011 0.027388 0.002889
0.762833 0.096761 0.003119
0.160854 0.033571
0.717412 0.088163
0.726275
0.273725
0.471152 0.270550
0.147426 0.110873
0.400901 0.375407
0.075828 0.147864
0.118194 0.019266
0.793506 0.069034
0.373567 0.382329
0.088242 0.155863
0.624858
0.375142
0.394199 0.369739
0.059697 0.176365
0.679042
0.320958
0.647848 0.135869
0.193715 0.022568
0.465301
0.534699
0.720468
0.279532
0.431313 0.147927 0.027120
0.315592 0.070927 0.007120
0.948659
0.051341
0.546060
0.453940
0.321263 0.148003
0.354105 0.176628
0.013641
0.986359
0.114975
0.885025
0.075518 0.060897
0.346511 0.517074
0.974806
0.025194
0.950642
0.049358
0.144974 0.682116
0.004196 0.168715
0.569696
0.430304
0.439466 0.025965 0.000907
0.528344 0.005289 0.000029
0.430249 0.318580
0.115651 0.135520
0.101634 0.079881
0.344546 0.473940
0.698336 0.246607
0.043691 0.011366
0.163884
0.836116
0.838273
0.161727
0.322776 0.510135
0.018574 0.148514
0.167035 0.012117
0.808018 0.012829
0.128350 0.022211
0.780407 0.069032
0.468622 0.279242
0.115957 0.136180
0.222245 0.619935
0.008386 0.149434
0.750504
0.249496
0.102279
0.897721
0.456977 0.285792
0.136801 0.120430
0.079746 0.099421
0.181307 0.639526
0.737084
0.262916
0.383038 0.273054
0.180490 0.163418
0.122111
0.877889
0.702027
0.297973
0.073738 0.034660
0.624087 0.267516
0.072357 0.080605
0.244932 0.602106
0.126176 0.017475
0.804346 0.052003
0.837416
0.162584
0.115191
0.884809
0.440181 0.144531
0.328533 0.086756
0.146192
0.853808
0.078766 0.136665
0.099870 0.684699
0.177686
0.822314
0.071366 0.073540
0.253060 0.602035
0.146218
0.853782
0.346072 0.436348
0.054894 0.162686
0.942724
0.057276
0.209149
0.790851
0.151032
0.848968
0.264007 0.347570
0.079412 0.309011
0.355010 0.009055
0.629003 0.006932
0.184187 0.237817
0.092595 0.485400
0.970634
0.029366
0.106472 0.045842
0.505653 0.342033
0.506092
0.493908
0.537830
0.462170
0.106399
0.893601
0.261794
0.738206
0.814381
0.185619
0.330207 0.447055
0.053111 0.169627
0.412350 0.339173
0.101189 0.147288
0.099378 0.141416
0.135924 0.623282
0.223330
0.776670
0.228311 0.116161
0.407985 0.247543
0.952648
0.047352
0.146666
0.853334
0.287241 0.316741
0.112953 0.283066
0.018646 0.016884
0.284733 0.679737
0.976686
0.023314
0.213068 0.335104 0.209038
0.027083 0.112276 0.103431
0.086538 0.022397
0.708627 0.182438
0.171404 0.256245
0.112454 0.459898
0.031288 0.068008 0.057829
0.037134 0.298815 0.506926
0.177884
0.822116
0.072421 0.051038
0.409676 0.466865
0.794672
0.205328
0.821594
0.178406
0.230112
0.769888
0.772400
0.227600
0.730981
0.269019
0.409549 0.246317
0.187346 0.156788
0.475510 0.094472
0.390717 0.039301
0.540940
0.459060
0.271953
0.728047
0.145863
0.854137
0.102085 0.024228
0.714825 0.158862
0.065872 0.083143 0.034434
0.132287 0.434098 0.250166
0.705029
0.294971
0.987573
0.012427
0.148621
0.851379
0.162744 0.340000
0.031092 0.466164
0.012188
0.987812
0.868124
0.131876
0.172337 0.060451
0.585433 0.181779
0.285803
0.714197
0.538848
0.461152
0.362789
0.637211
0.063852 0.079041
0.192712 0.664396
0.172580
0.827420
0.220740 0.368236
0.060102 0.350923
0.738620
0.261380
0.112387
0.887613
0.111601 0.880836
0.000065 0.007498
0.184824
0.815176
0.119701
0.880299
0.086314 0.042148
0.558928 0.312610
0.849329 0.021636
0.128692 0.000343
0.605645
0.394355
0.082832 0.076049
0.340908 0.500210
0.090022 0.166811
0.056125 0.687042
0.147323 0.111857
0.324309 0.416511
0.628902
0.371098
0.724759
0.275241
0.584665
0.415335
0.592200
0.407800
0.086738 0.911906
0.000005 0.001352
0.986757
0.013243
0.264934 0.583882
0.012625 0.138559
0.807523
0.192477
0.156496 0.126919
0.213464 0.503121
0.695790
0.304210
0.153968 0.817375
0.000540 0.028116
0.892300
0.107700
0.123810
0.876190
0.984959
0.015041
0.471908
0.528092
0.053186 0.944169
0.000004 0.002642
0.190368 0.750940
0.001687 0.057006
0.123665
0.876335
0.986396
0.013604
0.148894
0.851106
0.100196
0.899804
0.936774
0.063226
0.124115 0.212459
0.087884 0.575543
0.525792
0.474208
0.519131 0.041796
0.427864 0.011209
0.489071 0.456221
0.018133 0.036575
0.748392
0.251608
0.975673
0.024327
0.880160
0.119840
0.062470 0.935571
0.000003 0.001957
0.385581
0.614419
0.467094 0.272448
0.145725 0.114733
0.124011 0.864237
0.000124 0.011629
0.123969 0.838432
0.000750 0.036850
0.184976
0.815024
0.496990 0.245142
0.137355 0.120513
0.070202 0.054984
0.362416 0.512397
0.135637
0.864363
0.106902 0.119281
0.150204 0.623613
0.720758
0.279242
0.756594 0.063623
0.173131 0.006652
0.149596 0.825016
0.000431 0.024957
0.100805 0.084013
0.313433 0.501749
0.810777
0.189223
0.110011
0.889989
0.073454 0.053757 0.012262
0.348297 0.433640 0.078590
0.074898 0.043484
0.398922 0.482696
0.430874 0.124365
0.370130 0.074631
0.812284
0.187716
0.633901
0.366099
0.071045 0.056675
0.369964 0.502317
0.511117
0.488883
0.951189
0.048811
0.155370 0.053738
0.615643 0.175249
0.067014 0.304824 0.540603
0.000321 0.010864 0.076373
0.054177 0.190373 0.259920
0.004371 0.092186 0.398973
0.962428
0.037572
0.724383
0.275617
0.123348 0.217735
0.093144 0.565773
0.467699
0.532301
0.489858
0.510142
0.172835
0.827165
0.261952 0.360983
0.048549 0.328516
0.109529 0.033958
0.692104 0.164409
0.684604 0.034165
0.278617 0.002615
0.067946 0.059593 0.021241
0.308343 0.410358 0.132520
0.115019 0.082747
0.309979 0.492255
0.095957 0.051640
0.508552 0.343851
0.787059
0.212941
0.973075
0.026925
0.379708
0.620292
0.111102
0.888898
0.241084 0.638620
0.008033 0.112263
0.079472 0.126734 0.082329
0.080612 0.320098 0.310755
0.064501 0.117327
0.103932 0.714241
0.399468 0.154913
0.323202 0.122417
0.832082
0.167918
0.488831 0.456974
0.018434 0.035761
0.869286
0.130714
0.597313 0.087710
0.298022 0.016954
0.736169
0.263831
0.420095 0.329305
0.107293 0.143306
0.101904 0.726985
0.001457 0.169654
0.903975
0.096025
0.312682 0.097648
0.428617 0.161053
0.572673 0.181363
0.205137 0.040827
0.531699
0.468301
0.370278 0.396837
0.069797 0.163088
0.170810 0.723687
0.003094 0.102409
0.097435 0.899051
0.000021 0.003494
0.244330 0.394287
0.064447 0.296936
0.159614 0.174317
0.213574 0.452495
0.269365
0.730635
0.087669 0.343362 0.415154
0.000773 0.026437 0.126605
0.377603 0.110633
0.416354 0.095410
0.502676
0.497324
0.305662
0.694338
0.024474 0.206492 0.706961
0.000046 0.003378 0.058649
0.541524
0.458476
0.981278
0.018722
0.149290
0.850710
0.020771 0.049792 0.053349 0.033542
0.018565 0.157586 0.348486 0.317909
0.229075
0.770925
0.603298
0.396702
0.116925
0.883075
0.030739 0.072545 0.067975
0.030397 0.268744 0.529599
0.717007
0.282993
0.039282 0.058773 0.039273
0.128768 0.376783 0.357121
0.165006
0.834994
0.181998
0.818002
0.164229 0.799554
0.000797 0.035421
0.681459 0.039341
0.272224 0.006976
0.500014
0.499986
0.379141 0.064801
0.493297 0.062761
0.599489 0.128635
0.229868 0.042008
0.811972
0.188028
0.813773
0.186227
0.232646
0.767354
0.622244
0.377756
0.108915 0.035444
0.614159 0.241483
0.067641 0.060717
0.304078 0.567564
0.059723 0.058718
0.302851 0.578709
0.271448 0.209163 0.087021
0.194215 0.169892 0.068261
0.504272 0.209385 0.035122
0.187151 0.059567 0.004503
0.744596
0.255404
0.717091
0.282909
0.794544
0.205456
0.438947 0.303974
0.122132 0.134947
0.947128
0.052872
0.131325 0.079408
0.426705 0.362562
0.410918
0.589082
0.247234
0.752766
0.068291 0.113570
0.092163 0.725977
0.163674
0.836326
0.578024
0.421976
0.122384 0.021665
0.774240 0.081711
0.932392
0.067608
0.113402
0.886598
0.241523 0.739854
0.000948 0.017675
0.041455 0.058555 0.032171
0.121949 0.431298 0.314571
0.801640
0.198360
0.117591 0.008681
0.854572 0.019156
0.768443
0.231557
0.222537 0.693495
0.003658 0.080310
0.974194
0.025806
0.323765 0.477400
0.043808 0.155027
0.141691
0.858309
0.846110
0.153890
0.167810
0.832190
0.094432 0.039136 0.006721
0.570594 0.251957 0.037160
0.106924 0.880372
0.000081 0.012623
0.552129
0.447871
0.054536 0.283003 0.569717
0.000199 0.009018 0.083526
0.634126
0.365874
0.953224
0.046776
0.080562 0.034953
0.601235 0.283250
0.173576
0.826424
0.985466
0.014534
0.222135 0.010863
0.759617 0.007385
0.112293
0.887707
0.131042
0.868958
0.105415 0.349863
0.021348 0.523374
0.327312 0.485675
0.023574 0.163439
0.159480
0.840520
0.841459
0.158541
0.693338 0.103002 0.006529
0.188249 0.008766 0.000116
0.108009 0.093879
0.327574 0.470538
0.137862
0.862138
0.941745
0.058255
0.227608 0.291486
0.102159 0.378747
0.578040 0.160378
0.220451 0.041132
0.936929
0.063071
0.095528
0.904472
0.357908 0.413321
0.060278 0.168493
0.826061
0.173939
0.625246 0.119594
0.223669 0.031491
0.942268
0.057732
0.742123
0.257877
0.047560 0.018523
0.682164 0.251753
0.595627
0.404373
0.122501
0.877499
0.343052
0.656948
0.139192 0.831146
0.000349 0.029313
0.091703 0.027990
0.719217 0.161090
0.062355 0.017042
0.776658 0.143945
0.853569
0.146431
0.162390
0.837610
0.197829 0.437829
0.029939 0.334402
0.093699 0.102262
0.169008 0.635030
0.023234 0.201026 0.772815
0.000001 0.000100 0.002824
0.109610
0.890390
0.422362 0.526978
0.013586 0.037074
0.095600 0.137159 0.089441 0.034786
0.088170 0.261403 0.215518 0.077923
0.849494
0.150506
0.908706
0.091294
0.506361
0.493639
0.978429
0.021571
0.249544 0.004211
0.744217 0.002027
0.997836
0.002164
0.324407 0.466981
0.039071 0.169541
0.944213
0.055787
0.799075
0.200925
0.886249
0.113751
0.730061
0.269939
0.213795 0.533679
0.016797 0.235729
0.836552
0.163448
0.244954
0.755046
0.168883
0.831117
0.549735
0.450265
0.734292
0.265708
0.654490 0.019166
0.324958 0.001385
0.734817
0.265183
0.443476 0.114530
0.380250 0.061744
0.864303
0.135697
0.639051
0.360949
0.720108
0.279892
0.236783
0.763217
0.564535
0.435465
0.416728 0.131479
0.329987 0.121806
0.409590
0.590410
0.072344 0.198901
0.026049 0.702705
0.125764 0.801066
0.000849 0.072321
0.604317
0.395683
0.108000
0.892000
0.208529 0.010199
0.770049 0.011223
0.474335
0.525665
0.069966 0.036073
0.601138 0.292823
0.969828
0.030172
0.513695 0.221847
0.183524 0.080935
0.737598
0.262402
0.584136
0.415864
0.157164
0.842836
0.803212
0.196788
0.097581
0.902419
0.959561
0.040439
0.116448
0.883552
0.339771
0.660229
0.430481 0.224890
0.230187 0.114442
0.111560
0.888440
0.259810 0.008172
0.728679 0.003339
0.063374 0.101543
0.092696 0.742386
0.980241
0.019759
0.097328
0.902672
0.377162 0.384811
0.073665 0.164362
0.323109
0.676891
0.109907 0.883304
0.000052 0.006736
0.446847 0.294864
0.128842 0.129447
0.815866
0.184134
0.134044 0.762335
0.001649 0.101972
0.565559
0.434441
0.531380
0.468620
0.248357 0.033077
0.683920 0.034646
0.052569 0.282908 0.466887
0.000294 0.019562 0.177780
0.057374 0.133258
0.078578 0.730791
0.990840
0.009160
0.702398
0.297602
0.990321
0.009679
0.101257
0.898743
0.126368
0.873632
0.502788 0.262092
0.120229 0.114891
0.524157
0.475843
0.288566 0.332140
0.081558 0.297735
0.080363 0.087985
0.225556 0.606096
0.194268 0.581295
0.007587 0.216850
0.161354 0.039866
0.648827 0.149954
0.042754 0.074094
0.118489 0.764663
0.819003
0.180997
0.059879 0.134903
0.069344 0.735874
0.623235
0.376765
0.928869
0.071131
0.541718
0.458282
0.362202 0.402604
0.060989 0.174205
0.368922
0.631078
0.123832
0.876168
0.925159
0.074841
0.197498
0.802502
0.415235
0.584765
0.268065 0.349501
0.078108 0.304326
0.074739 0.028931
0.661559 0.234771
0.093150 0.302755 0.397587
0.003159 0.045838 0.157511
0.181515 0.023769
0.758659 0.036058
0.427176 0.332354
0.087658 0.152812
0.509006 0.134038
0.283478 0.073478
0.062272 0.129400
0.076043 0.732284
0.060714 0.937606
0.000002 0.001678
0.067197 0.064904
0.285761 0.582138
0.276953 0.008628
0.710744 0.003675
0.894031
0.105969
0.926776
0.073224
0.342775 0.434346
0.049050 0.173828
0.590656
0.409344
0.550714
0.449286
0.168434
0.831566
0.099694 0.245211
0.058341 0.596755
0.256533
0.743467
0.143944 0.034966
0.717776 0.103315
0.066462 0.052581
0.362559 0.518397
0.662932
0.337068
0.306588
0.693412
0.647293
0.352707
0.073617 0.249313
0.025895 0.651175
0.496965 0.450452
0.013664 0.038919
0.163294
0.836706
0.400819
0.599181
0.704573
0.295427
0.115425 0.037845
0.659622 0.187107
0.783032
0.216968
0.396142 0.359331
0.088171 0.156356
0.172108 0.761918
0.001597 0.064376
0.024818 0.089337 0.146492
0.008105 0.131780 0.599469
0.235023
0.764977
0.065123 0.088011
0.119813 0.727052
0.083573 0.204779
0.048320 0.663328
0.122744
0.877256
0.110965
0.889035
0.764387
0.235613
0.272731 0.329434 0.165612
0.049071 0.113788 0.069364
0.219693 0.320839 0.212501
0.036841 0.113566 0.096561
0.706757
0.293243
0.019885 0.011035
0.565080 0.404001
0.093905 0.181219
0.103562 0.621314
0.996833
0.003167
0.491102
0.508898
0.166391
0.833609
0.269368 0.333261
0.087975 0.309396
0.349514 0.447912
0.048404 0.154170
0.986840
0.013160
0.168488
0.831512
0.112971
0.887029
0.724273
0.275727
0.979937
0.020063
0.151069
0.848931
0.134852
0.865148
0.476052
0.523948
0.952031
0.047969
0.520915
0.479085
0.792198
0.207802
0.031328
0.968672
0.699821
0.300179
0.981046
0.018954
0.778348
0.221652
0.217652
0.782348
0.055853 0.085057
0.147358 0.711732
0.985422
0.014578
0.905061
0.094939
0.138970
0.861030
0.119043
0.880957
0.730368 0.073211
0.187940 0.008481
0.363586 0.394776
0.079844 0.161794
0.180332 0.437462
0.029828 0.352378
0.249647
0.750353
0.473401
0.526599
0.018312 0.013467
0.430368 0.537853
0.087434 0.142729
0.123779 0.646058
0.928620
0.071380
0.096716 0.116769
0.184876 0.601639
0.402775 0.397168
0.047261 0.152796
0.115089 0.033932 0.005424 0.000601
0.738642 0.100298 0.005808 0.000205
0.167625 0.035631
0.669324 0.127420
0.473619 0.272538
0.117675 0.136168
0.315039 0.254069
0.174467 0.256426
0.083551 0.028577
0.693421 0.194450
0.998811
0.001189
0.716073
0.283927
0.291849
0.708151
0.073423 0.030540
0.634576 0.261461
0.677988 0.092047
0.218944 0.011020
0.662935
0.337065
0.987254
0.012746
0.171880
0.828120
0.647088
0.352912
0.061701 0.076234
0.133404 0.728661
0.077796 0.104054
0.169857 0.648293
0.657943 0.102989
0.224591 0.014477
0.779715
0.220285
0.342502 0.139574
0.368747 0.149176
0.727741
0.272259
0.872803
0.127197
0.070982 0.152303
0.045336 0.731378
0.996904
0.003096
0.773718
0.226282
0.289751 0.230218 0.073499
0.169385 0.188336 0.048812
0.101697 0.411573
0.012961 0.473769
0.885117
0.114883
0.102200 0.015753
0.795779 0.086268
0.217374 0.702531
0.003275 0.076820
0.127455
0.872545
0.318413 0.251649
0.209941 0.219997
0.941054
0.058946
0.096932 0.043024
0.581010 0.279034
0.164326
0.835674
0.717817
0.282183
0.078654 0.044338
0.508888 0.368120
0.719403
0.280597
0.137581
0.862419
0.041135 0.051665 0.032265
0.198518 0.407126 0.269290
0.386218 0.381721
0.056447 0.175614
0.107762
0.892238
0.075184 0.052473
0.466273 0.406071
0.158050 0.731129
0.002303 0.108519
0.152874 0.096033
0.395673 0.355420
0.327182
0.672818
0.510870
0.489130
0.628688
0.371312
0.942551
0.057449
0.347674
0.652326
0.686355 0.032576
0.277097 0.003972
0.640595
0.359405
0.725557
0.274443
0.260929 0.362896
0.047336 0.328839
0.894521
0.105479
0.821063
0.178937
0.319745 0.472522
0.035147 0.172586
0.189868 0.728900
0.002233 0.078999
0.976135
0.023865
0.100775
0.899225
0.455399 0.490593
0.017734 0.036274
0.120643 0.791239
0.000917 0.087201
0.475886 0.281338
0.133910 0.108866
0.253682
0.746318
0.183737 0.219106
0.145404 0.451752
0.255583 0.596192
0.008590 0.139635
0.822792
0.177208
0.856358
0.143642
0.848133
0.151867
0.059379 0.091471
0.131988 0.717161
0.259064 0.212900
0.239931 0.288105
0.809510
0.190490
0.171244
0.828756
0.191253 0.011748
0.774900 0.022099
0.130529
0.869471
0.089332 0.069125
0.362902 0.478640
0.181732
0.818268
0.405662
0.594338
0.430990 0.323001
0.083255 0.162754
0.871993
0.128007
0.153629 0.049905 0.006881
0.646637 0.135065 0.007883
0.101698
0.898302
0.166982 0.828573
0.000142 0.004304
0.118100
0.881900
0.991494
0.008506
0.963572
0.036428
0.488659
0.511341
0.454226 0.324772
0.101083 0.119919
0.527099 0.211643
0.166346 0.094912
0.116436 0.167470
0.129490 0.586604
0.709868
0.290132
0.564971
0.435029
0.798582
0.201418
0.093733 0.037169 0.007889 0.001143
0.645846 0.187741 0.024473 0.002007
0.069597 0.218351
0.025230 0.686822
0.268607 0.568804
0.009937 0.152652
0.029972 0.080246 0.098205
0.022737 0.211392 0.557448
0.480190
0.519810
0.713613
0.286387
0.307785
0.692215
0.798859
0.201141
0.077917 0.270436 0.426813
0.002728 0.042036 0.180071
0.096718 0.877938
0.000103 0.025240
0.794285
0.205715
0.080108 0.040249
0.551915 0.327729
0.128386 0.209544
0.099916 0.562153
0.498247
0.501753
0.115458 0.018144
0.813943 0.052455
0.724386
0.275614
0.720892
0.279108
0.120750 0.870220
0.000084 0.008946
0.198198
0.801802
0.221404
0.778596
0.284613 0.012470
0.691980 0.010936
0.114414
0.885586
0.570512
0.429488
0.229470 0.135263
0.355919 0.279348
0.092453 0.022613
0.721565 0.163369
0.070838 0.175663
0.032840 0.720659
0.078409 0.041936
0.527401 0.352254
0.424380 0.320780
0.109645 0.145195
0.322849 0.489266
0.032265 0.155620
0.212921 0.569176
0.017291 0.200611
0.346463 0.418672
0.065461 0.169404
0.109837 0.318818 0.414600
0.003015 0.036641 0.117089
0.059138 0.047592
0.268618 0.624652
0.147819
0.852181
0.413253 0.262953 0.068052
0.137882 0.100159 0.017701
0.491225
0.508775
0.181135
0.818865
0.116308 0.876362
0.000056 0.007274
0.355344 0.436776
0.049514 0.158365
0.263416
0.736584
0.372293 0.390741
0.069619 0.167347
0.251938 0.246913
0.159535 0.341613
0.478580
0.521420
0.771445
0.228555
0.042893 0.069958 0.051809
0.095092 0.360852 0.379395
0.080728 0.400092
0.006091 0.513090
0.479061
0.520939
0.020618 0.010229
0.612994 0.356159
0.665516 0.072218
0.249528 0.012738
0.082882 0.081824 0.025230
0.203973 0.456289 0.149803
0.120334 0.011498
0.831393 0.036775
0.099881 0.021159
0.776835 0.102126
0.170448 0.303219
0.042764 0.483569
0.117626 0.609457
0.004579 0.268338
0.581970
0.418030
0.977915
0.022085
0.530541
0.469459
0.151451
0.848549
0.190803
0.809197
0.074733 0.054730
0.309926 0.560612
0.950127
0.049873
0.718380
0.281620
0.163570
0.836430
0.733718
0.266282
0.077198 0.043230
0.507948 0.371624
0.950328
0.049672
0.664738 0.275384
0.042512 0.017366
0.721589
0.278411
0.733092
0.266908
0.729886
0.270114
0.297871 0.162825 0.046362
0.308439 0.152672 0.031830
0.948836 0.020870
0.030199 0.000095
0.165679
0.834321
0.071757 0.126717
0.133372 0.668154
0.656850
0.343150
0.988329
0.011671
0.155739
0.844261
0.068282 0.931215
0.000001 0.000503
0.372075 0.381337
0.086685 0.159903
0.768578
0.231422
0.730029
0.269971
0.072322 0.174678
0.052184 0.700816
0.066828 0.040395 0.012158
0.472812 0.317617 0.090192
0.957075
0.042925
0.374162 0.379678
0.088562 0.157598
0.209033 0.708360
0.004246 0.078361
0.760998
0.239002
0.744894
0.255106
0.578991
0.421009
0.927610 0.038796
0.033278 0.000316
0.182660
0.817340
0.257270 0.602097
0.011570 0.129063
0.700197
0.299803
0.128898 0.165843
0.183809 0.521449
0.781639
0.218361
0.275368 0.560557
0.015672 0.148403
0.271931 0.314047
0.123145 0.290877
0.072557 0.051262
0.410760 0.465421
0.317037 0.206609
0.250103 0.226251
0.071765 0.927047
0.000007 0.001181
0.200520 0.417303
0.035032 0.347145
0.491431 0.112369
0.341806 0.054395
0.106885
0.893115
0.172949 0.783369
0.001114 0.042568
0.211177 0.099498
0.452002 0.237323
0.164637
0.835363
0.061741 0.065605
0.247746 0.624908
0.120144
0.879856
0.562627 0.065673
0.360086 0.011615
0.083038 0.016474
0.782701 0.117788
0.176087 0.011326
0.796475 0.016112
0.737007
0.262993
0.233895
0.766105
0.660969
0.339031
0.388909 0.149521 0.018287
0.323530 0.113493 0.006260
0.989152
0.010848
0.639282 0.119271
0.218070 0.023376
0.407318
0.592682
0.387808 0.376066
0.053868 0.182258
0.518326
0.481674
0.146805
0.853195
0.118127
0.881873
0.869545
0.130455
0.829045
0.170955
0.547534 0.186260
0.186450 0.079755
0.990572
0.009428
0.114974
0.885026
0.763341
0.236659
0.137605
0.862395
0.071408 0.927765
0.000003 0.000824
0.571625
0.428375
0.019681 0.011447
0.545003 0.423869
0.095615 0.034322
0.665390 0.204673
0.139934 0.134655 0.050698
0.209841 0.345102 0.119770
0.964730
0.035270
0.938904
0.061096
0.841401
0.158599
0.884164
0.115836
0.476036
0.523964
0.393937 0.508117
0.020639 0.077307
0.103697 0.891540
0.000028 0.004734
0.312444 0.251926
0.204549 0.231081
0.072678 0.112670
0.129821 0.684831
0.120624
0.879376
0.256695
0.743305
0.551690
0.448310
0.226143 0.239073 0.099789
0.114772 0.224379 0.095844
0.156882
0.843118
0.142898 0.837306
0.000253 0.019543
0.124345 0.185306
0.077032 0.613317
0.435238
0.564762
0.132335
0.867665
0.105220 0.873980
0.000087 0.020713
0.094973 0.033575
0.668468 0.202985
0.329085 0.271663
0.157708 0.241544
0.371653 0.038970
0.571757 0.017619
0.726627
0.273373
0.274044 0.564390
0.015879 0.145687
0.597484
0.402516
0.316150 0.479036
0.033254 0.171559
0.637747
0.362253
0.193381
0.806619
0.722353
0.277647
0.145933 0.817685
0.000631 0.035750
0.125430 0.281936 0.195897
0.012776 0.146672 0.237289
0.089201 0.187591 0.123458
0.024607 0.237201 0.337941
0.195875
0.804125
0.574111
0.425889
0.382478 0.376439
0.077106 0.163978
0.966195
0.033805
0.407770 0.346484
0.098099 0.147646
0.047370 0.029292
0.497727 0.425611
0.294526 0.523385
0.024618 0.157471
0.978227
0.021773
0.721827
0.278173
0.071669 0.051895
0.395307 0.481129
0.014566 0.174342 0.806542
0.000000 0.000092 0.004457
0.163804
0.836196
0.434813
0.565187
0.228156
0.771844
0.705020 0.083928
0.199944 0.011108
0.875940
0.124060
0.882573
0.117427
0.106621 0.042452
0.539167 0.311760
0.426345
0.573655
0.052448 0.102318 0.061486
0.038101 0.335356 0.410291
0.777849
0.222151
0.305294 0.294153
0.127778 0.272774
0.191644
0.808356
0.153042 0.821174
0.000382 0.025402
0.597250
0.402750
0.898967
0.101033
0.532294
0.467706
0.177700 0.361554 0.227404
0.010139 0.095751 0.127451
0.052548 0.027585
0.560321 0.359546
0.028137 0.068397 0.075452
0.030579 0.246857 0.550579
0.459538 0.284304
0.138270 0.117888
0.652058
0.347942
0.307337 0.338125 0.119750
0.049236 0.129560 0.055992
0.078679 0.038728
0.562611 0.319982
0.684310
0.315690
0.519616
0.480384
0.947353
0.052647
0.826661 0.037038
0.135212 0.001090
0.666727 0.273547
0.042529 0.017197
0.143008
0.856992
0.026975
0.973025
0.571003 0.166954
0.216759 0.045284
0.882074
0.117926
0.920983
0.079017
0.451883
0.548117
0.104792 0.165096
0.143493 0.586619
0.101460
0.898540
0.105036 0.122873
0.213539 0.558552
0.076939 0.241888
0.038920 0.642253
0.792697
0.207303
0.564144
0.435856
0.353320
0.646680
0.518149
0.481851
0.659004
0.340996
0.718017
0.281983
0.475017
0.524983
0.663977
0.336023
0.180175
0.819825
0.989378
0.010622
0.152636 0.015755
0.806151 0.025458
0.233226 0.050157
0.632887 0.083729
0.116058
0.883942
0.178997 0.222949
0.097397 0.500657
0.189849
0.810151
0.114183 0.013715
0.837919 0.034183
0.182062 0.668086
0.007592 0.142260
0.171468
0.828532
0.528645
0.471355
0.719960
0.280040
0.314750 0.299854 0.129969
0.089603 0.120547 0.045277
0.337745 0.434145
0.058897 0.169214
0.742176
0.257824
0.116930 0.858053
0.000314 0.024704
0.588593
0.411407
0.755481
0.244519
0.875737
0.124263
0.073869 0.182664
0.077652 0.665815
0.107023 0.065489 0.016449
0.453234 0.305949 0.051855
0.062885 0.161237
0.035196 0.740682
0.117811 0.017643
0.816286 0.048260
0.404876 0.009287
0.584261 0.001577
0.168815
0.831185
0.191269 0.064475
0.583299 0.160956
0.737060
0.262940
0.087782 0.774016
0.000547 0.137655
0.133941
0.866059
0.783914
0.216086
0.085294 0.048958
0.498795 0.366953
0.050789 0.943963
0.000009 0.005239
0.213311 0.536208
0.016741 0.233740
0.078276 0.047040
0.474759 0.399925
0.238245
0.761755
0.326857 0.459253
0.038704 0.175186
0.715559
0.284441
0.135994
0.864006
0.761975
0.238025
0.225534
0.774466
0.673477
0.326523
0.088242 0.065832
0.372065 0.473861
0.350565
0.649435
0.033820 0.245805 0.688558
0.000017 0.001622 0.030177
0.251379
0.748621
0.105530
0.894470
0.797459
0.202541
0.762888
0.237112
0.330909 0.255761
0.173563 0.239768
0.105972 0.084222
0.248526 0.561281
0.876176
0.123824
0.190200
0.809800
0.278388 0.557330
0.018911 0.145371
0.264701
0.735299
0.096468 0.901782
0.000006 0.001744
0.986409
0.013591
0.703929
0.296071
0.812936
0.187064
0.054646 0.109535
0.095455 0.740363
0.721280
0.278720
0.748433
0.251567
0.664154 0.073973
0.248129 0.013744
0.577794 0.012023
0.409294 0.000889
0.119639
0.880361
0.985759
0.014241
0.728918
0.271082
0.233056 0.445065
0.034386 0.287492
0.046298 0.029533
0.477074 0.447094
0.324289 0.467343
0.039086 0.169283
0.506090 0.229860
0.177560 0.086490
0.716685
0.283315
0.724019
0.275981
0.527966 0.207151
0.194133 0.070750
0.176535 0.785121
0.001212 0.037133
0.117123 0.874269
0.000087 0.008521
0.955649
0.044351
0.937518
0.062482
0.943654
0.056346
0.860482 0.064792
0.073499 0.001227
0.954287
0.045713
0.481951 0.257386
0.156649 0.104015
0.162290 0.354186
0.056417 0.427108
0.118655
0.881345
0.984981
0.015019
0.284011 0.207149
0.173863 0.334977
0.214693
0.785307
0.845853
0.154147
0.987442
0.012558
0.110354
0.889646
0.069540 0.065376
0.208094 0.656991
0.041133 0.266080 0.686699
0.000009 0.000465 0.005613
0.296264
0.703736
0.260584 0.244043
0.163793 0.331579
0.561959
0.438041
0.979572
0.020428
0.172717 0.210313 0.118586
0.112825 0.237166 0.148393
0.371292 0.413777
0.055573 0.159358
0.408056
0.591944
0.162582 0.424870
0.026372 0.386175
0.394637
0.605363
0.114180
0.885820
0.128726 0.202401
0.106752 0.562122
0.223434
0.776566
0.073416 0.039565
0.528292 0.358727
0.489866 0.161733
0.275905 0.072496
0.069289 0.219987
0.046118 0.664606
0.066508 0.046070 0.010471
0.382562 0.415219 0.079170
0.081889 0.037966
0.582489 0.297657
0.942705
0.057295
0.275814 0.559760
0.015935 0.148491
0.041111 0.042219
0.270970 0.645701
0.595518
0.404482
0.564204 0.042744
0.380742 0.012310
0.227265
0.772735
0.062386 0.064547
0.262373 0.610694
0.972679
0.027321
0.951763
0.048237
0.778375
0.221625
0.011979 0.060733 0.119023 0.120315
0.000411 0.018416 0.165915 0.503207
0.118168 0.053667
0.557740 0.270425
0.017305 0.021315
0.159682 0.801699
0.555630
0.444370
0.077475 0.138843
0.098725 0.684957
0.951805
0.048195
0.673550
0.326450
0.276718 0.565128
0.023578 0.134576
0.595373
0.404627
0.067688 0.188383
0.033305 0.710623
0.744089
0.255911
0.109573 0.661635
0.002824 0.225967
0.716810
0.283190
0.767264
0.232736
0.066552 0.118402
0.139841 0.675205
0.723625
0.276375
0.066681 0.040171 0.010012
0.499752 0.327923 0.055462
0.531012
0.468988
0.077959 0.915970
0.000022 0.006049
0.018515 0.014410
0.426798 0.540276
0.142981 0.305666 0.253980
0.013423 0.107377 0.176574
0.767193
0.232807
0.241044 0.027904
0.677754 0.053298
0.748481
0.251519
0.188329
0.811671
0.296169
0.703831
0.984738
0.015262
0.229628 0.648191
0.004372 0.117809
0.539355 0.196220
0.177847 0.086578
0.110371
0.889629
0.324816 0.473178
0.043027 0.158979
0.078225 0.038828 0.007791
0.583978 0.262983 0.028195
0.413152
0.586848
0.943499
0.056501
0.524720
0.475280
0.911105
0.088895
0.049451 0.081415 0.060865
0.089836 0.347008 0.371425
0.065813 0.066487
0.258185 0.609515
0.221195
0.778805
0.508737 0.134517
0.282576 0.074170
0.006422 0.008274
0.143958 0.841347
0.364994
0.635006
0.231420
0.768580
0.138696
0.861304
0.321363 0.493482
0.020802 0.164353
0.006301 0.007201
0.250770 0.735728
0.198959 0.097286
0.450844 0.252912
0.188523
0.811477
0.475874
0.524126
0.501212
0.498788
0.200038 0.670388
0.006748 0.122825
0.316668 0.257024
0.178326 0.247983
0.746025
0.253975
0.778077
0.221923
0.061876 0.070491
0.236319 0.631314
0.756852
0.243148
0.466304 0.099862
0.388793 0.045041
0.079233 0.087856
0.268315 0.564596
0.727607
0.272393
0.018390 0.006890
0.715646 0.259075
0.356146
0.643854
0.876175 0.023674
0.099846 0.000306
0.195236
0.804764
0.177982
0.822018
0.148257
0.851743
0.948951
0.051049
0.172955
0.827045
0.239018 0.418156
0.043330 0.299495
0.235782 0.306910
0.100799 0.356509
0.241253
0.758747
0.178250
0.821750
0.902566
0.097434
0.623242
0.376758
0.892321
0.107679
0.609897
0.390103
0.632111
0.367889
0.545116
0.454884
0.595491
0.404509
0.190352 0.071041
0.555245 0.183362
0.720486
0.279514
0.381377 0.378229
0.076423 0.163970
0.891467
0.108533
0.330918 0.452993
0.041386 0.174702
0.344292
0.655708
0.115389
0.884611
0.124724
0.875276
0.297705 0.282647
0.141143 0.278505
0.332933
0.667067
0.704686
0.295314
0.368793 0.589154
0.006215 0.035838
0.050014 0.091690 0.066218
0.058261 0.329716 0.404102
0.607333
0.392667
0.362344 0.404891
0.062400 0.170365
0.109617 0.132173
0.178155 0.580055
0.556569
0.443431
0.165799 0.606183
0.009653 0.218364
0.366960 0.401120
0.067180 0.164740
0.513143
0.486857
0.758036
0.241964
0.164178
0.835822
0.090715 0.037508
0.619315 0.252462
0.949188
0.050812
0.996832
0.003168
0.588478 0.152653
0.221339 0.037530
0.330316
0.669684
0.100815 0.150265 0.098672
0.096140 0.286938 0.267170
0.872510
0.127490
0.158475 0.776741
0.001160 0.063624
0.378577 0.174660
0.297303 0.149459
0.163422 0.037679
0.674063 0.124836
0.081825 0.037481
0.588858 0.291836
0.433299 0.226887
0.169947 0.169867
0.802133
0.197867
0.880390
0.119610
0.376487 0.388907
0.074709 0.159897
0.609156
0.390844
0.139278
0.860722
0.652290
0.347710
0.834849
0.165151
0.517387 0.245232
0.131537 0.105844
0.123794
0.876206
0.078147 0.914492
0.000017 0.007345
0.135220 0.656184
0.003805 0.204791
0.440465 0.321555
0.106597 0.131383
0.744387 0.061638
0.190288 0.003688
0.834264
0.165736
0.073876 0.069437 0.030939
0.294949 0.376139 0.154660
0.019181 0.194515 0.780866
0.000001 0.000184 0.005253
0.267045
0.732955
0.530776
0.469224
0.065964 0.083003
0.137420 0.713613
0.729218 0.050278
0.213104 0.007400
0.764975
0.235025
0.056519 0.050669
0.335248 0.557564
0.080330
0.919670
0.935066
0.064934
0.419131 0.336514
0.107620 0.136734
0.210509 0.208156 0.097177
0.159873 0.224234 0.100051
0.986750
0.013250
0.275513
0.724487
0.585769 0.159958
0.209832 0.044441
0.326170
0.673830
0.130149
0.869851
0.943114
0.056886
0.742758
0.257242
0.112971
0.887029
0.232010 0.367848
0.063035 0.337107
0.416740
0.583260
0.227143 0.670862
0.004881 0.097114
0.984154
0.015846
0.556021
0.443979
0.002516 0.034247 0.209205 0.753228
0.000000 0.000001 0.000031 0.000773
0.911123 0.063168
0.025311 0.000398
0.505284 0.235513
0.144973 0.114230
0.795527
0.204473
0.995015
0.004985
0.078195 0.034197
0.609605 0.278002
0.598452
0.401548
0.169232 0.770115
0.001078 0.059575
0.546125
0.453875
0.214557
0.785443
0.231867 0.659906
0.005641 0.102586
0.154219 0.102622
0.286718 0.456441
0.128528
0.871472
0.119780 0.063483
0.492894 0.323843
0.397488
0.602512
0.153066 0.382879
0.020022 0.444034
0.184012 0.232135
0.090184 0.493669
0.026307 0.055269 0.045192
0.041757 0.321120 0.510355
0.121193 0.074252
0.429922 0.374633
0.036215 0.069359 0.052218
0.054531 0.337899 0.449779
0.070313 0.033560
0.583738 0.312389
0.124712 0.306648 0.292322
0.007967 0.084774 0.183576
0.162353
0.837647
0.750908 0.012795
0.235846 0.000452
0.717144
0.282856
0.772678
0.227322
0.740537 0.063481
0.191853 0.004129
0.680110
0.319890
0.162700 0.512704
0.024244 0.300351
0.533771 0.202418
0.172447 0.091364
0.888397 0.023643
0.087550 0.000410
0.076324 0.185889 0.179190
0.018374 0.174620 0.365603
0.727428
0.272572
0.163469 0.038218
0.693195 0.105118
0.342613 0.228686
0.167181 0.261521
0.716972
0.283028
0.185067 0.761597
0.001421 0.051916
0.079984 0.059839
0.284245 0.575931
0.714071
0.285929
0.108335 0.042244
0.620765 0.228656
0.941407
0.058593
0.085083 0.075996
0.295667 0.543254
0.525967
0.474033
0.439596 0.044219
0.495447 0.020738
0.353930 0.318234
0.117113 0.210723
0.995352
0.004648
0.095808 0.080219 0.024051
0.275433 0.394033 0.130456
0.742958
0.257042
0.138815
0.861185
0.111175 0.885995
0.000013 0.002818
0.526561
0.473439
0.108929 0.027977
0.718615 0.144479
0.079983 0.040989
0.595498 0.283531
0.410600 0.339420
0.099028 0.150952
0.417908
0.582092
0.100747
0.899253
0.537908
0.462092
0.077981 0.042225
0.522178 0.357616
0.576877
0.423123
0.106821
0.893179
0.823973
0.176027
0.775259
0.224741
0.503576 0.051254
0.432771 0.012400
0.180115
0.819885
0.418788 0.096967
0.429173 0.055071
0.514470
0.485530
0.548041 0.394424
0.030180 0.027355
0.636578
0.363422
0.739312
0.260688
0.497725 0.083890
0.388635 0.029750
0.435067 0.308385
0.118804 0.137744
0.369391 0.404646
0.047062 0.178901
0.153206 0.778876
0.001254 0.066664
0.067895 0.029097
0.629003 0.274005
0.076108
0.923892
0.439123
0.560877
0.334894
0.665106
0.034244 0.059489 0.040194
0.071363 0.379255 0.415456
0.496964
0.503036
0.579153 0.160925
0.217450 0.042472
0.043813 0.955739
0.000000 0.000449
0.389952 0.380161
0.062129 0.167758
0.297409 0.114886
0.432343 0.155362
0.070800 0.107048
0.131948 0.690203
0.269664 0.090640
0.451147 0.188549
0.096350
0.903650
0.602316
0.397684
0.787916
0.212084
0.763191
0.236809
0.132431
0.867569
0.109958 0.881088
0.000111 0.008843
0.559956
0.440044
0.590726 0.177255
0.173808 0.058211
0.908952
0.091048
0.726654 0.068991
0.199216 0.005138
0.385146
0.614854
0.179069 0.011447
0.799305 0.010178
0.172729 0.016861
0.774745 0.035665
0.603269 0.163184
0.191514 0.042032
0.215044
0.784956
0.984476
0.015524
0.285992
0.714008
0.085896 0.044049
0.443868 0.426187
0.715449 0.065754
0.210583 0.008214
0.076779 0.108922
0.179364 0.634935
0.193527 0.483688
0.034099 0.288687
0.975371
0.024629
0.774410
0.225590
0.103208 0.250672 0.187747
0.011485 0.154978 0.291910
0.783894
0.216106
0.115027
0.884973
0.029838 0.047854 0.034657
0.104276 0.389210 0.394164
0.406765
0.593235
0.680428
0.319572
0.390501 0.364163
0.082474 0.162862
0.223437 0.010810
0.758530 0.007223
0.096723 0.025701
0.712311 0.165265
0.160883
0.839117
0.991616
0.008384
0.893276
0.106724
0.548029 0.187824
0.206063 0.058084
0.098337 0.124105
0.119225 0.658334
0.873038
0.126962
0.217551 0.049470
0.641862 0.091117
0.814682
0.185318
0.163001 0.607798
0.005736 0.223465
0.998314
0.001686
0.089509 0.039414
0.598157 0.272920
0.375884
0.624116
0.327226
0.672774
0.248024 0.624057
0.012008 0.115912
0.081167 0.030654
0.663452 0.224727
0.139870 0.857090
0.000035 0.003005
0.715379
0.284621
0.329579 0.463045
0.028412 0.178964
0.130807 0.061352
0.532646 0.275196
0.212293
0.787707
0.831233 0.007296
0.161201 0.000270
0.517413
0.482587
0.569807
0.430193
0.161876 0.384190 0.412961
0.001610 0.012547 0.026816
0.693491
0.306509
0.077674 0.045069
0.497343 0.379915
0.064541 0.100849
0.147752 0.686859
0.599505
0.400495
0.206607
0.793393
0.982692
0.017308
0.286277 0.312879 0.151693
0.065092 0.117022 0.067038
0.965327
0.034673
0.559494
0.440506
0.067234 0.073277
0.165700 0.693788
0.260585 0.255933
0.150722 0.332760
0.885612
0.114388
0.911977
0.088023
0.579057
0.420943
0.008319 0.003044
0.662111 0.326525
0.097295 0.085538
0.347320 0.469846
0.089027 0.106225
0.192445 0.612303
0.549657
0.450343
0.154158
0.845842
0.179846
0.820154
0.332131
0.667869
0.333974
0.666026
0.794580
0.205420
0.657342
0.342658
0.119879
0.880121
0.362274
0.637726
0.944221 0.032509
0.023165 0.000105
0.263215
0.736785
0.558437
0.441563
0.952602
0.047398
0.909704 0.043481
0.046333 0.000482
0.200718
0.799282
0.050472 0.069595 0.044019 0.016752
0.125634 0.338677 0.262690 0.092162
0.357748 0.410316
0.058487 0.173449
0.469626 0.269685
0.147781 0.112907
0.222971 0.344307
0.069177 0.363544
0.728275
0.271725
0.061370 0.046936 0.017424
0.409135 0.356961 0.108174
0.928687
0.071313
0.616268 0.150886
0.199851 0.032994
0.500247
0.499753
0.149763 0.826187
0.000352 0.023699
0.723243
0.276757
0.193940 0.744136
0.001793 0.060131
0.381354
0.618646
0.402408
0.597592
0.204794 0.783407
0.000371 0.011428
0.122783
0.877217
0.985728
0.014272
0.016709 0.185609 0.794680
0.000000 0.000068 0.002934
0.146523 0.849213
0.000081 0.004184
0.257835 0.220716 0.085936
0.179548 0.196189 0.059777
0.658043 0.282146
0.041616 0.018195
0.739282
0.260718
0.090179 0.207738
0.055537 0.646546
0.335227 0.226839
0.214473 0.223462
0.657382
0.342618
0.054655 0.943101
0.000007 0.002236
0.974585
0.025415
0.121177 0.008846
0.850188 0.019789
0.493405
0.506595
0.201268 0.010988
0.777495 0.010249
0.856649
0.143351
0.063185 0.109214
0.116383 0.711217
0.118588
0.881412
0.492659
0.507341
0.045776 0.231263 0.452154
0.000620 0.027305 0.242882
0.460127
0.539873
0.052456 0.061363
0.214013 0.672168
0.063344
0.936656
0.021856 0.081713 0.118718
0.005528 0.131358 0.640827
0.516446 0.220171
0.183333 0.080050
0.186631 0.726413
0.002448 0.084508
0.802937
0.197063
0.522665 0.071100
0.389863 0.016372
0.118527
0.881473
0.067502 0.061973
0.298523 0.572003
0.105767
0.894233
0.109425
0.890575
0.712759
0.287241
0.184190 0.066183
0.585306 0.164321
0.743803
0.256197
0.457631
0.542369
0.945757 0.031513
0.022634 0.000097
0.413353 0.086690
0.449919 0.050038
0.118401 0.861316
0.000166 0.020116
0.249099 0.268467
0.161114 0.321320
0.364859
0.635141
0.158114
0.841886
0.106327 0.436938
0.016983 0.439752
0.210675 0.336203 0.209527
0.025405 0.112967 0.105224
0.080281 0.079514
0.270557 0.569649
0.077735 0.138397
0.095348 0.688520
0.179900 0.088433
0.466802 0.264865
0.255691 0.258137
0.151745 0.334427
0.257392 0.009482
0.728595 0.004531
0.072063 0.031504
0.618024 0.278409
0.318440 0.298688 0.127459
0.091842 0.119887 0.043683
0.245111
0.754889
0.113298
0.886702
0.613638 0.116339
0.234368 0.035655
0.144673 0.215449 0.125972
0.064432 0.246993 0.202480
0.548672
0.451328
0.058394 0.181040 0.219230
0.007630 0.122401 0.411306
0.118718
0.881282
0.062907 0.045583
0.406768 0.484742
0.933262
0.066738
0.161159
0.838841
0.490552
0.509448
0.125883 0.851283
0.000364 0.022470
0.773583
0.226417
0.075393 0.045828
0.472603 0.406176
0.779850
0.220150
0.076770
0.923230
0.158444
0.841556
0.111850 0.773538
0.000948 0.113664
0.725404
0.274596
0.919187
0.080813
0.771776
0.228224
0.115943 0.052699
0.475693 0.355665
0.588593
0.411407
0.674810 0.131404
0.176353 0.017433
0.690120
0.309880
0.441139 0.063888
0.451898 0.043075
0.095632 0.160360
0.116436 0.627572
0.044242 0.049645
0.169383 0.736730
0.715780
0.284220
0.510827 0.229052
0.150989 0.109132
0.069583 0.092464
0.205574 0.632380
0.485310 0.049812
0.452161 0.012717
0.356471
0.643529
0.390286 0.086095
0.464902 0.058717
0.492254 0.026968
0.475434 0.005345
0.738087
0.261913
0.129001 0.696878
0.002548 0.171572
0.408187 0.546813
0.007045 0.037956
0.863635
0.136365
0.136478
0.863522
0.337726 0.221951
0.219794 0.220530
0.727040
0.272960
0.532171
0.467829
0.663433
0.336567
0.437939 0.254991 0.048509
0.136753 0.107248 0.014560
0.079174 0.061457 0.022324
0.389412 0.350320 0.097312
0.948945 0.014898 0.000147
0.035959 0.000051 0.000000
0.653023
0.346977
0.586802
0.413198
0.198045
0.801955
0.122966 0.009278
0.842538 0.025218
0.116202
0.883798
0.855239
0.144761
0.697123
0.302877
0.338503
0.661497
0.233907 0.321685
0.085577 0.358831
0.147120 0.014987
0.814808 0.023085
0.076846 0.185913
0.070881 0.666360
0.404790 0.352041
0.096351 0.146818
0.154919
0.845081
0.379404
0.620596
0.151223 0.823149
0.000411 0.025218
0.774597
0.225403
0.445102
0.554898
0.411813
0.588187
0.136671
0.863329
0.112492
0.887508
0.737932
0.262068
0.147667
0.852333
0.253636 0.380651
0.043225 0.322488
0.778427
0.221573
0.722546
0.277454
0.116155 0.014867
0.802351 0.066626
0.790645
0.209355
0.047620 0.071377 0.053508
0.133147 0.348737 0.345612
0.450015
0.549985
0.128149
0.871851
0.733815
0.266185
0.225118 0.280825
0.131419 0.362639
0.794474
0.205526
0.862348
0.137652
0.458974
0.541026
0.798851
0.201149
0.788113
0.211887
0.823743
0.176257
0.067878 0.048877
0.404575 0.478669
0.105665
0.894335
0.184414 0.762933
0.001385 0.051269
0.132162
0.867838
0.149748 0.053001
0.643778 0.153473
0.726523
0.273477
0.974130
0.025870
0.288208 0.439908
0.049092 0.222792
0.782264 0.025165
0.191471 0.001100
0.633628
0.366372
0.255524
0.744476
0.063421 0.893706
0.000142 0.042731
0.104840 0.076901
0.367660 0.450599
0.127233 0.211686
0.090398 0.570683
0.872264
0.127736
0.124074 0.295646
0.047651 0.532629
0.212195
0.787805
0.869652
0.130348
0.953995
0.046005
0.179207
0.820793
0.021467 0.008883
0.690002 0.279647
0.154415
0.845585
0.745813
0.254187
0.109633
0.890367
0.120721
0.879279
0.406541
0.593459
0.070147 0.055850
0.359033 0.514970
0.538150
0.461850
0.091901 0.047553
0.435818 0.424728
0.099503 0.328279 0.418813
0.001620 0.031150 0.120635
0.566654
0.433346
0.153280 0.820785
0.000386 0.025550
0.810568
0.189432
0.747815
0.252185
0.505584
0.494416
0.299923
0.700077
0.033224
0.966776
0.122056 0.794423
0.001002 0.082518
0.248853
0.751147
0.772408
0.227592
0.183589
0.816411
0.718074
0.281926
0.792920
0.207080
0.990783
0.009217
0.880762 0.034089 0.000834
0.083627 0.000685 0.000003
0.208626 0.781527
0.000432 0.009415
0.648250 0.082032
0.253697 0.016021
0.997318
0.002682
0.106669
0.893331
0.587869
0.412131
0.962561
0.037439
0.367476 0.387267
0.082760 0.162497
0.275694
0.724306
0.067414 0.039799 0.009553
0.511669 0.322253 0.049311
0.191494
0.808506
0.971695
0.028305
0.888588
0.111412
0.898578
0.101422
0.072445 0.197169 0.173291
0.011984 0.165680 0.379431
0.927300 0.045703
0.026482 0.000515
0.073124 0.057165
0.275333 0.594377
0.105256
0.894744
0.935854
0.064146
0.197129
0.802871
0.173242
0.826758
0.527800
0.472200
0.299608 0.292110
0.101952 0.306330
0.579294
0.420706
0.753078
0.246922
0.118960
0.881040
0.087107 0.022161
0.715526 0.175206
0.278302 0.304314
0.136518 0.280866
0.349696
0.650304
0.470012
0.529988
0.093131 0.112853
0.187987 0.606029
0.277077 0.559245
0.017852 0.145826
