0.528110 0.471890
0.764903 0.235097
0.992843 0.007157
0.959925 0.040075
0.852916 0.147084
0.572669 0.427331
0.775179 0.224821
0.975482 0.024518
0.054984 0.945016
0.983168 0.016832
0.999596 0.000404
0.966839 0.033161
0.999947 0.000053
0.984464 0.015536
0.997003 0.002997
0.879708 0.120292
0.997848 0.002152
0.826014 0.173986
0.679647 0.320353
0.999611 0.000389
0.991550 0.008450
0.750000 0.250000
0.993257 0.006743
0.999088 0.000912
0.858690 0.141310
0.898950 0.101050
0.999768 0.000232
0.421842 0.578158
0.967604 0.032396
0.999973 0.000027
0.227752 0.772248
0.998611 0.001389
0.896928 0.103072
0.787024 0.212976
0.998409 0.001591
0.125602 0.874398
0.751542 0.248458
0.978130 0.021870
0.910856 0.089144
0.699186 0.300814
0.999881 0.000119
0.995476 0.004524
0.484697 0.515303
0.994713 0.005287
0.402204 0.597796
0.999936 0.000064
0.899214 0.100786
0.725363 0.274637
0.886699 0.113301
0.999976 0.000024
0.774430 0.225570
0.904222 0.095778
0.143201 0.856799
0.716625 0.283375
0.691878 0.308122
1.000000 0.000000
0.139820 0.860180
0.992595 0.007405
0.940511 0.059489
0.210476 0.789524
0.922751 0.077249
0.882420 0.117580
0.980559 0.019441
0.684351 0.315649
0.999889 0.000111
0.526063 0.473937
0.996835 0.003165
0.997005 0.002995
0.974258 0.025742
0.273604 0.726396
0.799037 0.200963
0.033641 0.966359
0.901948 0.098052
0.585147 0.414853
0.589337 0.410663
0.999949 0.000051
0.998698 0.001302
0.989688 0.010312
0.980769 0.019231
0.996664 0.003336
0.998805 0.001195
0.832849 0.167151
0.999379 0.000621
0.804799 0.195201
0.944807 0.055193
0.987550 0.012450
0.603813 0.396187
0.970642 0.029358
0.998922 0.001078
0.211060 0.788940
0.971335 0.028665
0.981407 0.018593
0.858120 0.141880
0.942875 0.057125
0.986197 0.013803
0.986065 0.013935
1.000000 0.000000
0.733371 0.266629
0.424003 0.575997
0.925043 0.074957
0.935796 0.064204
0.650205 0.349795
0.927754 0.072246
0.456534 0.543466
0.999720 0.000280
0.871140 0.128860
0.861465 0.138535
0.487154 0.512846
0.833897 0.166103
0.456379 0.543621
0.986748 0.013252
0.909425 0.090575
0.999792 0.000208
0.043089 0.956911
0.165806 0.834194
0.987378 0.012622
0.904143 0.095857
0.927920 0.072080
0.182065 0.817935
0.860278 0.139722
0.988927 0.011073
0.999999 0.000001
0.725941 0.274059
0.883422 0.116578
0.954071 0.045929
0.375964 0.624036
0.647156 0.352844
0.974092 0.025908
0.074342 0.925658
0.681902 0.318098
0.879114 0.120886
0.968914 0.031086
0.979438 0.020562
0.999599 0.000401
0.447763 0.552237
0.206874 0.793126
0.242288 0.757712
0.949982 0.050018
0.981481 0.018519
0.855258 0.144742
0.339863 0.660137
0.911289 0.088711
0.248252 0.751748
0.973578 0.026422
0.712371 0.287629
0.154560 0.845440
0.553581 0.446419
0.993066 0.006934
0.750821 0.249179
0.953671 0.046329
0.999012 0.000988
0.411847 0.588153
0.936007 0.063993
0.822031 0.177969
0.593863 0.406137
0.937856 0.062144
0.997414 0.002586
0.997214 0.002786
0.946928 0.053072
0.657245 0.342755
0.102098 0.897902
0.983413 0.016587
0.848301 0.151699
0.910935 0.089065
0.609942 0.390058
0.434077 0.565923
0.886700 0.113300
0.978451 0.021549
0.798276 0.201724
0.907108 0.092892
0.892013 0.107987
0.508743 0.491257
0.375345 0.624655
0.880692 0.119308
0.765964 0.234036
0.028798 0.971202
0.921100 0.078900
0.956549 0.043451
0.692997 0.307003
0.995328 0.004672
0.042661 0.957339
0.999207 0.000793
0.283802 0.716198
0.998962 0.001038
0.997569 0.002431
0.098481 0.901519
0.938576 0.061424
0.991238 0.008762
1.000000 0.000000
0.854434 0.145566
0.999122 0.000878
0.484098 0.515902
0.998262 0.001738
0.013341 0.986659
0.904083 0.095917
0.999831 0.000169
0.777790 0.222210
0.285086 0.714914
0.965936 0.034064
0.870740 0.129260
0.379634 0.620366
0.989743 0.010257
0.602366 0.397634
0.999875 0.000125
0.912707 0.087293
0.596474 0.403526
0.976426 0.023574
0.954004 0.045996
0.931357 0.068643
0.876629 0.123371
0.041373 0.958627
0.944832 0.055168
0.966159 0.033841
0.999996 0.000004
0.999994 0.000006
0.595269 0.404731
0.944710 0.055290
0.980427 0.019573
0.593573 0.406427
0.308777 0.691223
0.601508 0.398492
0.622140 0.377860
0.983538 0.016462
0.882810 0.117190
0.972752 0.027248
0.632587 0.367413
0.687172 0.312828
0.999951 0.000049
0.660052 0.339948
0.988697 0.011303
0.924762 0.075238
0.102459 0.897541
0.845429 0.154571
0.050742 0.949258
0.972179 0.027821
0.327669 0.672331
0.999745 0.000255
0.999871 0.000129
0.324302 0.675698
0.971100 0.028900
0.165574 0.834426
0.805474 0.194526
0.998127 0.001873
0.828758 0.171242
0.032432 0.967568
0.722461 0.277539
0.997936 0.002064
0.996912 0.003088
0.305991 0.694009
0.995964 0.004036
0.629391 0.370609
0.981050 0.018950
0.944244 0.055756
0.977975 0.022025
0.744157 0.255843
0.687817 0.312183
0.604049 0.395951
0.999809 0.000191
0.963167 0.036833
0.999382 0.000618
0.996315 0.003685
0.853930 0.146070
0.998846 0.001154
0.146132 0.853868
0.304806 0.695194
0.981952 0.018048
0.894970 0.105030
0.681375 0.318625
0.918057 0.081943
0.961788 0.038212
0.993710 0.006290
0.909709 0.090291
0.315231 0.684769
0.891561 0.108439
0.966127 0.033873
0.998317 0.001683
0.772174 0.227826
0.412520 0.587480
0.999341 0.000659
0.969269 0.030731
0.980956 0.019044
0.940452 0.059548
0.975187 0.024813
0.957596 0.042404
0.887491 0.112509
0.874206 0.125794
0.999392 0.000608
0.996013 0.003987
0.998425 0.001575
0.971131 0.028869
0.838214 0.161786
0.424162 0.575838
0.122134 0.877866
0.985134 0.014866
0.815357 0.184643
0.492158 0.507842
0.997329 0.002671
0.799453 0.200547
0.356862 0.643138
0.989352 0.010648
0.311436 0.688564
0.637898 0.362102
0.444959 0.555041
0.936622 0.063378
0.874384 0.125616
0.814187 0.185813
0.722547 0.277453
0.935550 0.064450
0.996279 0.003721
0.917966 0.082034
0.152413 0.847587
0.902346 0.097654
0.949898 0.050102
0.976670 0.023330
0.999940 0.000060
0.679998 0.320002
0.999916 0.000084
0.134474 0.865526
0.840523 0.159477
0.958729 0.041271
0.899341 0.100659
0.756308 0.243692
0.998861 0.001139
0.987881 0.012119
0.976933 0.023067
0.019112 0.980888
0.876010 0.123990
0.999508 0.000492
0.992874 0.007126
0.597957 0.402043
0.913796 0.086204
0.607337 0.392663
0.997773 0.002227
0.548487 0.451513
0.676168 0.323832
0.021596 0.978404
0.115032 0.884968
0.063582 0.936418
0.879532 0.120468
0.995648 0.004352
0.980954 0.019046
0.250555 0.749445
0.550906 0.449094
0.997157 0.002843
0.998032 0.001968
0.954096 0.045904
0.172088 0.827912
0.916195 0.083805
0.934544 0.065456
0.909073 0.090927
0.123419 0.876581
0.438898 0.561102
0.967174 0.032826
0.918868 0.081132
0.040887 0.959113
0.999234 0.000766
0.264134 0.735866
0.975899 0.024101
0.938124 0.061876
0.796760 0.203240
0.994157 0.005843
0.892863 0.107137
0.778619 0.221381
0.954889 0.045111
0.967316 0.032684
0.931883 0.068117
0.917229 0.082771
0.993130 0.006870
0.816603 0.183397
0.998597 0.001403
0.084055 0.915945
0.258427 0.741573
0.999977 0.000023
0.879872 0.120128
0.999252 0.000748
0.935847 0.064153
0.987199 0.012801
0.306754 0.693246
0.900886 0.099114
0.918950 0.081050
0.999874 0.000126
0.503763 0.496237
0.916130 0.083870
0.991168 0.008832
0.999993 0.000007
0.990233 0.009767
0.821775 0.178225
0.850359 0.149641
0.898196 0.101804
0.478106 0.521894
0.480050 0.519950
0.999974 0.000026
0.986015 0.013985
0.924256 0.075744
0.221177 0.778823
0.530309 0.469691
0.179766 0.820234
0.687968 0.312032
0.705645 0.294355
0.716520 0.283480
0.995342 0.004658
0.951708 0.048292
0.979438 0.020562
0.710273 0.289727
0.817832 0.182168
0.983152 0.016848
0.925562 0.074438
0.043189 0.956811
0.996303 0.003697
0.616923 0.383077
0.935254 0.064746
0.995274 0.004726
0.993295 0.006705
0.853057 0.146943
0.905678 0.094322
0.335189 0.664811
0.921719 0.078281
0.956485 0.043515
0.999971 0.000029
0.982103 0.017897
0.984716 0.015284
0.189525 0.810475
0.834876 0.165124
0.959423 0.040577
0.833104 0.166896
0.245519 0.754481
0.995091 0.004909
0.956996 0.043004
0.724102 0.275898
0.861937 0.138063
0.765190 0.234810
0.695558 0.304442
0.998234 0.001766
0.840595 0.159405
0.867149 0.132851
0.999664 0.000336
0.145214 0.854786
0.977533 0.022467
0.807891 0.192109
0.137341 0.862659
0.673560 0.326440
0.737628 0.262372
0.999531 0.000469
0.999996 0.000004
0.927326 0.072674
0.965931 0.034069
0.498584 0.501416
0.997858 0.002142
0.457814 0.542186
0.747721 0.252279
0.967195 0.032805
0.585541 0.414459
0.725704 0.274296
0.981045 0.018955
0.997246 0.002754
0.950645 0.049355
0.988897 0.011103
0.965652 0.034348
0.042986 0.957014
0.975444 0.024556
0.876275 0.123725
0.917462 0.082538
0.998777 0.001223
0.720410 0.279590
0.630256 0.369744
0.990243 0.009757
0.925132 0.074868
0.572481 0.427519
0.448282 0.551718
0.970894 0.029106
0.998894 0.001106
0.465578 0.534422
0.597257 0.402743
0.879470 0.120530
0.960424 0.039576
0.991919 0.008081
0.278677 0.721323
0.520244 0.479756
0.994685 0.005315
0.458031 0.541969
0.924119 0.075881
0.218966 0.781034
0.325843 0.674157
0.781403 0.218597
0.222669 0.777331
0.606528 0.393472
0.796914 0.203086
0.744642 0.255358
0.988162 0.011838
0.859413 0.140587
0.951615 0.048385
0.991441 0.008559
0.568925 0.431075
0.268768 0.731232
0.973985 0.026015
0.996883 0.003117
0.998308 0.001692
0.727025 0.272975
0.315960 0.684040
0.573231 0.426769
0.409488 0.590512
0.689266 0.310734
0.999686 0.000314
0.037445 0.962555
0.983768 0.016232
0.933021 0.066979
0.978394 0.021606
0.760164 0.239836
0.841826 0.158174
0.029907 0.970093
0.842145 0.157855
0.993241 0.006759
0.513134 0.486866
0.835638 0.164362
0.826750 0.173250
0.348013 0.651987
0.492239 0.507761
0.970336 0.029664
0.130377 0.869623
0.108202 0.891798
0.071941 0.928059
0.993204 0.006796
0.419212 0.580788
0.366796 0.633204
0.998200 0.001800
0.968400 0.031600
0.573016 0.426984
0.872769 0.127231
0.067232 0.932768
0.949205 0.050795
0.488014 0.511986
0.923146 0.076854
0.128588 0.871412
0.989342 0.010658
0.395218 0.604782
0.984649 0.015351
0.956350 0.043650
0.874091 0.125909
0.522315 0.477685
0.997644 0.002356
0.990135 0.009865
0.826598 0.173402
0.739977 0.260023
0.428280 0.571720
0.998346 0.001654
0.631308 0.368692
0.558681 0.441319
0.614243 0.385757
0.730775 0.269225
0.797634 0.202366
0.940841 0.059159
0.912594 0.087406
0.968985 0.031015
0.067367 0.932633
0.882050 0.117950
0.864272 0.135728
0.998474 0.001526
0.996863 0.003137
0.949357 0.050643
0.098522 0.901478
0.995192 0.004808
0.282245 0.717755
0.709827 0.290173
0.999648 0.000352
0.686764 0.313236
0.904626 0.095374
0.855591 0.144409
0.979829 0.020171
0.389608 0.610392
0.268744 0.731256
0.999767 0.000233
0.995680 0.004320
0.694425 0.305575
0.425995 0.574005
0.783858 0.216142
0.993461 0.006539
0.720964 0.279036
0.886689 0.113311
0.859646 0.140354
0.756598 0.243402
0.989391 0.010609
0.971550 0.028450
0.958523 0.041477
0.965582 0.034418
0.998808 0.001192
0.999963 0.000037
0.998259 0.001741
0.871936 0.128064
0.912706 0.087294
0.861949 0.138051
0.954387 0.045613
0.939170 0.060830
0.977092 0.022908
0.585576 0.414424
0.069875 0.930125
0.940657 0.059343
0.903860 0.096140
0.836145 0.163855
0.998789 0.001211
0.758317 0.241683
0.324077 0.675923
0.944668 0.055332
0.952032 0.047968
0.942402 0.057598
0.997465 0.002535
0.769669 0.230331
0.997187 0.002813
0.570012 0.429988
0.663704 0.336296
0.909069 0.090931
0.929892 0.070108
0.901265 0.098735
0.147068 0.852932
0.976909 0.023091
0.682264 0.317736
0.970988 0.029012
0.120307 0.879693
0.669361 0.330639
0.994606 0.005394
0.774267 0.225733
0.932283 0.067717
0.991576 0.008424
0.985921 0.014079
0.994522 0.005478
0.435874 0.564126
0.985544 0.014456
0.999982 0.000018
0.794954 0.205046
0.768679 0.231321
0.983301 0.016699
0.963445 0.036555
0.999966 0.000034
0.999843 0.000157
0.992227 0.007773
0.910562 0.089438
0.943160 0.056840
0.032612 0.967388
0.941583 0.058417
0.722151 0.277849
0.999400 0.000600
0.216679 0.783321
0.948604 0.051396
0.932929 0.067071
0.947699 0.052301
0.673577 0.326423
0.978037 0.021963
0.977200 0.022800
0.895587 0.104413
0.837134 0.162866
0.996713 0.003287
0.050633 0.949367
0.960181 0.039819
0.974269 0.025731
0.936787 0.063213
0.999864 0.000136
0.847476 0.152524
0.912764 0.087236
0.889256 0.110744
0.838510 0.161490
0.516191 0.483809
0.674433 0.325567
0.583471 0.416529
0.997091 0.002909
0.035377 0.964623
0.182488 0.817512
0.467671 0.532329
0.478835 0.521165
0.838003 0.161997
0.650413 0.349587
0.114633 0.885367
0.152031 0.847969
0.977569 0.022431
0.075419 0.924581
0.952551 0.047449
0.046688 0.953312
0.209756 0.790244
0.966229 0.033771
0.191536 0.808464
0.960748 0.039252
0.992485 0.007515
0.099095 0.900905
0.737739 0.262261
0.931422 0.068578
0.994863 0.005137
0.607247 0.392753
0.704846 0.295154
0.325457 0.674543
0.290313 0.709687
0.016842 0.983158
0.818953 0.181047
0.734664 0.265336
0.064281 0.935719
0.242547 0.757453
0.940420 0.059580
0.726455 0.273545
0.984359 0.015641
0.989244 0.010756
0.917899 0.082101
0.856038 0.143962
0.981798 0.018202
0.105293 0.894707
0.926580 0.073420
0.997388 0.002612
0.997850 0.002150
0.969665 0.030335
0.974582 0.025418
0.967284 0.032716
0.542440 0.457560
0.799440 0.200560
0.984517 0.015483
0.903199 0.096801
0.333432 0.666568
0.953241 0.046759
0.309674 0.690326
0.707873 0.292127
0.126494 0.873506
0.859601 0.140399
0.845328 0.154672
0.997212 0.002788
0.644670 0.355330
0.950410 0.049590
0.832054 0.167946
0.989295 0.010705
0.999043 0.000957
0.953744 0.046256
0.937932 0.062068
0.971007 0.028993
0.571906 0.428094
0.362600 0.637400
0.883022 0.116978
0.996138 0.003862
0.386693 0.613307
0.856726 0.143274
0.970772 0.029228
0.878700 0.121300
1.000000 0.000000
0.609801 0.390199
0.313968 0.686032
0.973451 0.026549
0.837938 0.162062
0.673112 0.326888
0.660865 0.339135
0.135781 0.864219
0.972773 0.027227
0.894291 0.105709
0.970839 0.029161
0.614930 0.385070
0.234476 0.765524
0.012516 0.987484
0.806315 0.193685
0.833454 0.166546
0.999783 0.000217
0.508380 0.491620
0.972097 0.027903
0.918936 0.081064
0.953306 0.046694
0.127337 0.872663
0.991666 0.008334
0.999888 0.000112
0.996968 0.003032
0.903500 0.096500
0.949767 0.050233
0.999838 0.000162
0.991966 0.008034
0.933992 0.066008
0.901567 0.098433
0.983635 0.016365
0.971275 0.028725
0.983842 0.016158
0.137150 0.862850
0.997166 0.002834
1.000000 0.000000
0.989251 0.010749
0.893383 0.106617
0.999961 0.000039
0.459630 0.540370
0.896958 0.103042
0.817578 0.182422
0.980041 0.019959
0.982370 0.017630
0.902838 0.097162
0.900112 0.099888
0.852780 0.147220
0.725878 0.274122
0.889477 0.110523
0.521836 0.478164
0.695185 0.304815
0.086634 0.913366
0.927035 0.072965
0.587985 0.412015
0.851885 0.148115
0.939396 0.060604
0.968866 0.031134
0.994083 0.005917
0.992441 0.007559
0.195621 0.804379
0.998965 0.001035
0.297198 0.702802
0.935309 0.064691
0.497612 0.502388
0.998265 0.001735
0.551822 0.448178
0.167648 0.832352
0.999313 0.000687
0.549660 0.450340
0.999361 0.000639
0.230093 0.769907
0.971463 0.028537
0.982601 0.017399
0.146369 0.853631
0.990642 0.009358
0.284186 0.715814
0.966327 0.033673
0.079278 0.920722
0.991541 0.008459
0.973962 0.026038
0.202694 0.797306
0.999706 0.000294
0.994162 0.005838
0.919732 0.080268
0.728530 0.271470
0.300976 0.699024
0.851758 0.148242
0.381150 0.618850
0.976638 0.023362
0.936401 0.063599
0.905008 0.094992
0.999916 0.000084
0.901238 0.098762
0.895132 0.104868
0.914422 0.085578
0.998900 0.001100
0.600869 0.399131
0.422993 0.577007
0.776621 0.223379
0.983379 0.016621
0.724815 0.275185
0.979682 0.020318
0.857944 0.142056
0.987471 0.012529
0.984949 0.015051
0.046381 0.953619
0.995580 0.004420
0.987018 0.012982
0.422050 0.577950
0.899074 0.100926
0.851432 0.148568
0.951490 0.048510
0.032787 0.967213
0.997523 0.002477
0.560446 0.439554
0.872838 0.127162
0.360747 0.639253
0.259589 0.740411
0.999823 0.000177
0.120360 0.879640
0.999973 0.000027
0.091096 0.908904
0.563028 0.436972
0.173045 0.826955
0.396441 0.603559
0.999648 0.000352
0.802674 0.197326
0.730213 0.269787
0.394115 0.605885
0.882340 0.117660
0.973600 0.026400
0.999997 0.000003
0.979514 0.020486
0.999534 0.000466
0.963002 0.036998
0.973149 0.026851
0.325467 0.674533
0.852862 0.147138
0.579515 0.420485
0.999506 0.000494
0.731957 0.268043
0.945777 0.054223
0.501215 0.498785
0.943849 0.056151
0.157539 0.842461
0.784239 0.215761
0.999522 0.000478
0.999812 0.000188
0.853510 0.146490
0.954052 0.045948
0.332334 0.667666
0.804629 0.195371
0.979462 0.020538
0.838073 0.161927
0.948240 0.051760
0.494487 0.505513
0.999840 0.000160
0.252183 0.747817
0.992009 0.007991
0.949328 0.050672
0.824710 0.175290
0.989780 0.010220
0.999955 0.000045
0.908437 0.091563
0.115914 0.884086
0.969131 0.030869
0.622011 0.377989
0.985150 0.014850
0.047986 0.952014
0.706005 0.293995
0.344362 0.655638
0.184569 0.815431
0.804223 0.195777
0.955790 0.044210
0.994245 0.005755
0.687813 0.312187
0.989476 0.010524
0.147509 0.852491
0.961523 0.038477
0.145075 0.854925
0.999515 0.000485
0.998875 0.001125
0.520624 0.479376
0.999999 0.000001
0.671125 0.328875
0.909002 0.090998
0.749307 0.250693
0.970319 0.029681
0.908113 0.091887
0.443689 0.556311
0.817998 0.182002
0.846519 0.153481
0.198143 0.801857
0.955380 0.044620
0.604033 0.395967
0.896238 0.103762
0.992667 0.007333
0.213564 0.786436
0.992200 0.007800
0.815643 0.184357
0.654816 0.345184
0.963452 0.036548
0.519359 0.480641
0.995872 0.004128
0.654686 0.345314
0.885049 0.114951
0.965368 0.034632
0.005375 0.994625
0.981620 0.018380
0.999951 0.000049
0.300138 0.699862
0.207301 0.792699
0.584494 0.415506
0.997896 0.002104
0.931007 0.068993
0.997910 0.002090
0.838880 0.161120
0.924049 0.075951
0.986398 0.013602
0.971599 0.028401
0.987652 0.012348
0.992490 0.007510
0.817490 0.182510
0.675702 0.324298
0.589904 0.410096
0.969008 0.030992
0.962716 0.037284
0.996007 0.003993
0.978196 0.021804
0.999999 0.000001
0.643839 0.356161
0.198717 0.801283
0.727978 0.272022
0.972087 0.027913
0.976811 0.023189
0.755432 0.244568
0.983992 0.016008
0.994937 0.005063
0.329234 0.670766
0.421806 0.578194
0.667489 0.332511
0.622077 0.377923
0.983108 0.016892
0.860657 0.139343
0.073049 0.926951
0.999955 0.000045
0.979082 0.020918
0.841305 0.158695
0.586492 0.413508
0.102826 0.897174
0.995773 0.004227
0.981141 0.018859
0.972457 0.027543
0.236137 0.763863
0.974803 0.025197
0.965570 0.034430
0.947514 0.052486
0.148488 0.851512
0.977314 0.022686
0.410170 0.589830
0.998981 0.001019
0.987399 0.012601
0.999986 0.000014
0.999919 0.000081
0.822508 0.177492
0.986938 0.013062
0.074191 0.925809
0.176119 0.823881
0.988460 0.011540
0.995289 0.004711
0.977210 0.022790
0.617955 0.382045
0.849210 0.150790
0.987350 0.012650
0.947775 0.052225
0.976936 0.023064
0.938425 0.061575
0.153650 0.846350
0.917310 0.082690
0.308727 0.691273
0.997660 0.002340
0.975142 0.024858
0.696347 0.303653
0.880337 0.119663
0.994330 0.005670
0.081639 0.918361
0.910214 0.089786
0.999943 0.000057
0.959131 0.040869
0.971443 0.028557
0.394788 0.605212
0.999841 0.000159
0.994320 0.005680
0.576668 0.423332
0.976108 0.023892
0.937136 0.062864
0.962432 0.037568
0.667446 0.332554
0.955368 0.044632
0.813235 0.186765
0.999038 0.000962
0.949091 0.050909
0.041247 0.958753
0.994242 0.005758
0.748634 0.251366
0.732317 0.267683
0.280996 0.719004
0.997706 0.002294
0.124375 0.875625
0.986405 0.013595
0.892650 0.107350
0.178860 0.821140
0.947649 0.052351
0.996883 0.003117
0.917045 0.082955
0.989132 0.010868
0.996172 0.003828
0.977545 0.022455
0.985396 0.014604
0.610422 0.389578
0.997140 0.002860
0.969547 0.030453
0.462717 0.537283
0.928358 0.071642
0.582950 0.417050
0.987684 0.012316
0.834269 0.165731
0.703064 0.296936
0.765532 0.234468
0.994175 0.005825
0.896631 0.103369
0.876075 0.123925
0.831536 0.168464
0.991595 0.008405
0.998077 0.001923
0.559735 0.440265
0.319828 0.680172
0.999940 0.000060
0.999211 0.000789
0.592258 0.407742
0.118004 0.881996
0.472010 0.527990
0.991708 0.008292
0.769055 0.230945
0.507567 0.492433
0.231237 0.768763
0.344040 0.655960
0.537314 0.462686
0.973420 0.026580
0.932723 0.067277
0.540276 0.459724
0.975764 0.024236
0.999592 0.000408
0.979753 0.020247
0.939860 0.060140
0.960667 0.039333
0.825990 0.174010
0.646217 0.353783
0.141019 0.858981
0.984715 0.015285
0.999564 0.000436
0.103261 0.896739
0.983612 0.016388
0.144053 0.855947
0.142694 0.857306
0.999591 0.000409
0.387481 0.612519
0.775401 0.224599
0.759104 0.240896
0.394247 0.605753
0.685922 0.314078
0.924755 0.075245
0.995247 0.004753
0.956827 0.043173
0.531745 0.468255
0.945800 0.054200
0.818388 0.181612
0.992047 0.007953
0.839409 0.160591
0.507522 0.492478
0.670426 0.329574
0.177502 0.822498
0.625446 0.374554
0.990467 0.009533
0.836791 0.163209
0.808507 0.191493
0.998749 0.001251
0.831255 0.168745
0.953584 0.046416
0.026278 0.973722
0.969112 0.030888
0.910863 0.089137
0.999486 0.000514
0.993349 0.006651
0.896536 0.103464
0.862788 0.137212
0.995395 0.004605
0.948981 0.051019
0.989688 0.010312
0.675433 0.324567
0.290078 0.709922
0.643057 0.356943
0.594793 0.405207
0.463579 0.536421
0.995388 0.004612
0.976361 0.023639
0.769127 0.230873
0.983816 0.016184
0.985806 0.014194
0.017911 0.982089
0.321453 0.678547
0.711264 0.288736
0.616177 0.383823
0.740320 0.259680
0.639889 0.360111
0.453561 0.546439
0.923248 0.076752
0.899078 0.100922
0.999964 0.000036
0.985269 0.014731
0.967507 0.032493
0.944933 0.055067
0.997744 0.002256
0.997272 0.002728
0.717926 0.282074
0.505796 0.494204
0.998446 0.001554
0.255208 0.744792
0.893775 0.106225
0.960178 0.039822
0.956637 0.043363
0.983253 0.016747
0.154128 0.845872
0.740820 0.259180
0.996452 0.003548
0.904485 0.095515
0.989072 0.010928
0.163199 0.836801
0.796040 0.203960
0.999857 0.000143
0.854134 0.145866
0.974475 0.025525
0.954518 0.045482
0.998763 0.001237
0.999605 0.000395
0.948775 0.051225
0.782312 0.217688
0.047078 0.952922
0.996199 0.003801
0.018701 0.981299
0.629996 0.370004
0.918870 0.081130
0.962548 0.037452
0.905846 0.094154
0.990524 0.009476
0.431207 0.568793
0.632666 0.367334
0.269100 0.730900
0.649824 0.350176
0.734552 0.265448
0.999689 0.000311
0.999093 0.000907
0.911276 0.088724
0.438085 0.561915
0.964486 0.035514
0.858316 0.141684
0.818940 0.181060
0.492909 0.507091
0.850403 0.149597
0.985951 0.014049
0.799205 0.200795
0.007823 0.992177
0.861113 0.138887
0.918255 0.081745
0.992791 0.007209
0.159216 0.840784
0.918775 0.081225
0.997325 0.002675
0.979106 0.020894
0.990866 0.009134
0.997140 0.002860
0.981712 0.018288
0.999732 0.000268
0.759695 0.240305
0.865185 0.134815
0.765935 0.234065
0.950848 0.049152
0.999847 0.000153
0.938830 0.061170
0.977048 0.022952
0.605429 0.394571
0.834999 0.165001
0.973564 0.026436
0.999327 0.000673
0.999939 0.000061
0.341024 0.658976
0.807947 0.192053
0.019919 0.980081
0.967695 0.032305
0.471826 0.528174
0.906063 0.093937
0.021742 0.978258
0.930938 0.069062
0.982198 0.017802
0.986326 0.013674
0.877821 0.122179
0.048728 0.951272
0.179607 0.820393
0.515433 0.484567
0.999999 0.000001
0.524362 0.475638
0.130703 0.869297
0.040581 0.959419
0.890184 0.109816
0.851079 0.148921
0.989703 0.010297
0.999923 0.000077
0.977817 0.022183
0.896135 0.103865
0.999898 0.000102
0.089814 0.910186
0.868127 0.131873
0.999841 0.000159
0.999963 0.000037
0.082054 0.917946
0.959592 0.040408
0.678344 0.321656
0.994092 0.005908
0.872559 0.127441
0.485450 0.514550
0.855038 0.144962
0.555533 0.444467
0.846858 0.153142
0.999999 0.000001
0.990038 0.009962
0.124799 0.875201
0.881210 0.118790
0.821545 0.178455
0.999960 0.000040
0.665275 0.334725
0.627371 0.372629
0.371196 0.628804
0.658977 0.341023
0.975077 0.024923
0.519499 0.480501
0.294084 0.705916
0.851035 0.148965
0.985454 0.014546
0.070035 0.929965
0.987164 0.012836
0.942748 0.057252
0.825250 0.174750
0.970446 0.029554
0.266098 0.733902
0.999841 0.000159
0.933360 0.066640
0.742589 0.257411
0.941893 0.058107
0.582287 0.417713
0.862838 0.137162
0.969919 0.030081
0.108524 0.891476
0.903311 0.096689
0.252615 0.747385
0.961038 0.038962
0.675524 0.324476
0.965367 0.034633
0.973367 0.026633
0.724470 0.275530
0.803842 0.196158
0.422320 0.577680
0.963974 0.036026
0.722911 0.277089
0.998031 0.001969
0.990793 0.009207
0.998192 0.001808
0.797494 0.202506
0.995687 0.004313
0.999436 0.000564
0.885072 0.114928
0.999813 0.000187
0.160597 0.839403
0.970052 0.029948
0.767662 0.232338
0.999600 0.000400
0.919921 0.080079
0.757885 0.242115
0.634479 0.365521
0.999903 0.000097
0.973535 0.026465
0.992487 0.007513
0.963527 0.036473
0.888416 0.111584
0.965204 0.034796
0.999703 0.000297
0.961361 0.038639
0.154325 0.845675
0.999068 0.000932
0.968614 0.031386
0.926821 0.073179
0.795025 0.204975
0.999952 0.000048
0.995774 0.004226
0.533464 0.466536
0.952072 0.047928
0.973611 0.026389
0.859757 0.140243
0.718164 0.281836
0.581440 0.418560
0.740310 0.259690
0.093819 0.906181
0.869269 0.130731
0.674660 0.325340
0.460354 0.539646
0.888577 0.111423
0.963689 0.036311
0.966226 0.033774
0.998865 0.001135
0.999619 0.000381
0.978292 0.021708
0.963371 0.036629
0.979582 0.020418
0.290555 0.709445
0.999932 0.000068
0.559158 0.440842
0.924741 0.075259
0.092037 0.907963
0.726628 0.273372
0.947857 0.052143
0.984296 0.015704
0.568028 0.431972
0.905217 0.094783
0.999126 0.000874
0.676636 0.323364
0.999348 0.000652
0.804710 0.195290
0.931791 0.068209
0.996467 0.003533
0.120932 0.879068
0.999936 0.000064
0.997688 0.002312
0.997116 0.002884
0.641913 0.358087
0.883479 0.116521
0.919944 0.080056
0.447437 0.552563
0.956083 0.043917
0.484712 0.515288
0.930270 0.069730
0.044967 0.955033
0.071406 0.928594
0.729677 0.270323
0.461823 0.538177
0.991617 0.008383
0.949475 0.050525
0.998123 0.001877
0.964856 0.035144
0.999905 0.000095
0.986094 0.013906
0.188235 0.811765
0.865920 0.134080
0.794790 0.205210
0.973819 0.026181
0.562748 0.437252
0.792800 0.207200
0.906782 0.093218
0.842606 0.157394
0.826758 0.173242
0.043939 0.956061
0.025493 0.974507
0.141691 0.858309
0.996143 0.003857
0.996774 0.003226
0.997302 0.002698
0.145488 0.854512
0.755325 0.244675
0.689321 0.310679
0.990911 0.009089
0.110706 0.889294
0.756844 0.243156
0.897508 0.102492
0.182314 0.817686
0.037446 0.962554
0.990906 0.009094
0.979919 0.020081
0.119426 0.880574
0.998516 0.001484
0.893327 0.106673
0.982716 0.017284
0.239360 0.760640
0.942590 0.057410
0.395242 0.604758
0.998511 0.001489
0.600141 0.399859
0.867073 0.132927
0.995523 0.004477
0.840892 0.159108
0.942878 0.057122
0.989008 0.010992
0.886513 0.113487
0.691359 0.308641
0.988445 0.011555
0.991416 0.008584
0.788274 0.211726
0.493033 0.506967
0.960208 0.039792
0.864729 0.135271
0.994848 0.005152
0.878095 0.121905
0.979607 0.020393
0.303499 0.696501
0.162336 0.837664
0.579815 0.420185
0.866460 0.133540
0.947019 0.052981
0.965136 0.034864
0.828314 0.171686
0.922826 0.077174
0.272226 0.727774
0.791630 0.208370
0.432546 0.567454
0.998192 0.001808
0.963219 0.036781
0.730358 0.269642
0.373059 0.626941
0.906379 0.093621
0.999991 0.000009
0.969067 0.030933
0.884567 0.115433
0.990518 0.009482
0.986461 0.013539
0.032409 0.967591
0.976495 0.023505
0.680507 0.319493
0.649999 0.350001
0.988806 0.011194
0.709145 0.290855
0.999994 0.000006
0.998371 0.001629
0.201163 0.798837
0.469711 0.530289
0.793354 0.206646
0.996944 0.003056
0.555263 0.444737
0.992879 0.007121
0.749362 0.250638
0.984576 0.015424
0.988368 0.011632
0.096158 0.903842
0.896183 0.103817
0.980728 0.019272
0.999944 0.000056
0.884035 0.115965
0.998224 0.001776
0.999921 0.000079
0.949796 0.050204
0.955249 0.044751
0.298026 0.701974
0.998390 0.001610
0.914725 0.085275
0.971108 0.028892
0.966842 0.033158
0.858229 0.141771
0.239915 0.760085
0.882091 0.117909
0.716162 0.283838
0.999238 0.000762
0.978287 0.021713
0.667740 0.332260
0.980718 0.019282
0.922774 0.077226
0.962177 0.037823
0.994978 0.005022
0.873562 0.126438
0.999195 0.000805
0.802574 0.197426
0.897419 0.102581
0.933575 0.066425
0.164329 0.835671
0.987292 0.012708
0.635126 0.364874
0.870239 0.129761
0.947469 0.052531
0.997583 0.002417
0.245380 0.754620
0.451429 0.548571
0.113476 0.886524
0.978031 0.021969
0.444981 0.555019
0.598616 0.401384
0.858112 0.141888
0.939889 0.060111
0.947206 0.052794
0.626319 0.373681
0.269850 0.730150
0.572094 0.427906
0.916349 0.083651
0.999185 0.000815
0.988362 0.011638
0.865813 0.134187
0.999994 0.000006
0.944414 0.055586
0.518422 0.481578
0.935132 0.064868
0.495608 0.504392
0.605321 0.394679
0.874600 0.125400
0.933155 0.066845
0.348125 0.651875
0.611097 0.388903
0.995309 0.004691
0.954050 0.045950
0.986571 0.013429
0.949271 0.050729
0.059977 0.940023
0.084427 0.915573
0.903788 0.096212
0.996122 0.003878
0.853167 0.146833
0.306995 0.693005
0.142669 0.857331
0.932976 0.067024
0.985976 0.014024
0.991594 0.008406
0.755145 0.244855
0.339138 0.660862
0.260536 0.739464
0.622188 0.377812
0.999818 0.000182
0.999781 0.000219
0.836270 0.163730
0.398762 0.601238
0.544652 0.455348
0.965789 0.034211
0.036855 0.963145
0.236454 0.763546
0.415085 0.584915
0.990646 0.009354
0.401599 0.598401
0.916729 0.083271
0.034419 0.965581
0.984012 0.015988
0.661840 0.338160
0.977455 0.022545
0.987788 0.012212
0.315138 0.684862
0.995705 0.004295
0.973976 0.026024
0.188284 0.811716
0.673735 0.326265
0.929229 0.070771
0.023554 0.976446
0.998615 0.001385
0.886374 0.113626
0.820919 0.179081
0.996696 0.003304
0.996532 0.003468
0.999955 0.000045
0.998249 0.001751
0.655122 0.344878
0.999991 0.000009
0.345983 0.654017
0.200388 0.799612
0.900168 0.099832
0.009409 0.990591
0.993691 0.006309
0.738519 0.261481
0.628069 0.371931
0.115900 0.884100
0.991664 0.008336
0.561519 0.438481
0.250276 0.749724
0.557598 0.442402
0.931730 0.068270
0.362644 0.637356
0.909546 0.090454
0.987275 0.012725
0.959609 0.040391
0.999972 0.000028
0.739737 0.260263
0.757913 0.242087
0.990654 0.009346
0.952329 0.047671
0.957902 0.042098
0.995447 0.004553
0.647437 0.352563
0.979373 0.020627
0.999843 0.000157
0.998642 0.001358
0.546593 0.453407
0.989461 0.010539
0.701011 0.298989
0.484011 0.515989
0.783864 0.216136
0.996171 0.003829
0.765222 0.234778
0.871114 0.128886
0.987879 0.012121
0.881429 0.118571
0.904393 0.095607
0.192719 0.807281
0.945049 0.054951
0.914931 0.085069
0.963195 0.036805
0.866421 0.133579
0.931135 0.068865
0.978339 0.021661
0.994391 0.005609
0.692100 0.307900
0.089905 0.910095
0.951130 0.048870
0.730612 0.269388
0.988163 0.011837
0.066727 0.933273
0.988833 0.011167
0.972574 0.027426
0.991860 0.008140
0.660011 0.339989
0.694718 0.305282
0.998236 0.001764
0.968318 0.031682
0.989519 0.010481
0.586035 0.413965
0.995366 0.004634
0.429527 0.570473
0.591834 0.408166
0.996870 0.003130
0.964607 0.035393
0.988904 0.011096
0.958860 0.041140
0.688770 0.311230
0.439245 0.560755
0.748263 0.251737
0.987565 0.012435
0.689834 0.310166
0.597735 0.402265
0.344862 0.655138
0.998090 0.001910
0.996941 0.003059
0.996768 0.003232
0.704714 0.295286
0.983986 0.016014
0.907416 0.092584
0.891699 0.108301
0.007985 0.992015
0.618708 0.381292
0.973754 0.026246
0.939489 0.060511
0.898522 0.101478
0.998872 0.001128
0.847688 0.152312
0.337038 0.662962
0.607046 0.392954
0.998738 0.001262
0.055308 0.944692
0.912897 0.087103
0.592089 0.407911
0.234460 0.765540
0.986851 0.013149
0.842014 0.157986
0.999824 0.000176
0.996169 0.003831
0.715350 0.284650
0.718006 0.281994
0.025671 0.974329
0.827988 0.172012
0.969215 0.030785
0.920765 0.079235
0.875144 0.124856
0.803416 0.196584
0.328487 0.671513
0.397762 0.602238
0.902190 0.097810
0.506168 0.493832
0.993987 0.006013
0.929179 0.070821
0.994709 0.005291
0.728367 0.271633
0.635231 0.364769
0.999713 0.000287
0.995456 0.004544
0.991053 0.008947
0.131608 0.868392
0.998782 0.001218
0.855132 0.144868
0.913232 0.086768
0.305743 0.694257
0.980176 0.019824
0.457016 0.542984
0.774008 0.225992
0.054867 0.945133
0.974540 0.025460
0.850860 0.149140
0.999484 0.000516
0.389416 0.610584
0.993367 0.006633
0.073049 0.926951
0.911858 0.088142
0.571646 0.428354
0.965637 0.034363
0.947501 0.052499
0.999877 0.000123
0.812267 0.187733
0.903825 0.096175
0.522224 0.477776
0.657526 0.342474
0.988755 0.011245
0.973892 0.026108
0.993891 0.006109
0.914852 0.085148
0.082818 0.917182
0.698637 0.301363
0.043306 0.956694
0.950580 0.049420
0.978487 0.021513
0.720237 0.279763
0.280281 0.719719
0.228234 0.771766
0.499320 0.500680
0.999363 0.000637
0.929211 0.070789
0.861510 0.138490
0.983493 0.016507
0.988930 0.011070
0.996415 0.003585
0.837257 0.162743
0.973522 0.026478
0.574627 0.425373
0.763554 0.236446
0.999147 0.000853
0.913817 0.086183
0.998449 0.001551
0.999666 0.000334
0.968126 0.031874
0.158918 0.841082
0.994043 0.005957
0.990042 0.009958
0.920292 0.079708
0.599972 0.400028
0.738277 0.261723
0.856496 0.143504
0.809298 0.190702
0.989637 0.010363
0.198236 0.801764
0.807587 0.192413
0.967859 0.032141
0.102731 0.897269
0.837873 0.162127
0.221944 0.778056
0.992223 0.007777
0.784174 0.215826
0.203480 0.796520
0.994514 0.005486
0.073527 0.926473
0.024946 0.975054
0.088995 0.911005
0.911217 0.088783
0.787512 0.212488
0.641844 0.358156
0.915014 0.084986
0.897461 0.102539
0.568290 0.431710
0.016995 0.983005
0.285172 0.714828
0.999552 0.000448
0.924635 0.075365
0.999831 0.000169
0.481944 0.518056
0.896684 0.103316
0.994098 0.005902
0.927343 0.072657
0.440173 0.559827
0.964039 0.035961
0.994641 0.005359
0.996574 0.003426
0.794443 0.205557
0.806120 0.193880
0.255225 0.744775
0.493384 0.506616
0.986593 0.013407
0.997181 0.002819
0.982153 0.017847
0.972288 0.027712
0.996742 0.003258
0.929649 0.070351
0.965509 0.034491
0.819187 0.180813
0.987957 0.012043
0.998575 0.001425
0.990665 0.009335
0.042447 0.957553
0.715275 0.284725
0.789610 0.210390
0.981349 0.018651
0.505172 0.494828
0.670267 0.329733
0.930994 0.069006
0.877188 0.122812
0.896507 0.103493
0.889253 0.110747
0.999707 0.000293
0.995981 0.004019
0.720319 0.279681
0.993119 0.006881
0.998435 0.001565
0.908961 0.091039
0.931410 0.068590
0.978550 0.021450
0.752287 0.247713
0.986142 0.013858
0.922141 0.077859
0.987912 0.012088
0.966787 0.033213
0.603398 0.396602
0.091386 0.908614
0.598557 0.401443
0.987953 0.012047
0.984634 0.015366
0.979134 0.020866
0.984863 0.015137
0.209978 0.790022
0.850585 0.149415
0.214979 0.785021
0.988540 0.011460
0.974578 0.025422
0.825363 0.174637
0.887209 0.112791
0.528775 0.471225
0.961469 0.038531
0.895917 0.104083
0.927233 0.072767
0.924384 0.075616
0.748101 0.251899
0.943714 0.056286
0.997712 0.002288
0.884098 0.115902
0.987996 0.012004
0.998027 0.001973
0.757433 0.242567
0.343445 0.656555
0.549718 0.450282
0.251409 0.748591
0.998026 0.001974
0.899479 0.100521
0.962284 0.037716
0.414914 0.585086
0.999725 0.000275
0.759366 0.240634
0.969788 0.030212
0.999545 0.000455
0.878373 0.121627
0.999991 0.000009
0.940272 0.059728
0.997526 0.002474
0.998927 0.001073
0.349610 0.650390
0.459613 0.540387
0.999452 0.000548
0.672744 0.327256
0.998791 0.001209
0.918935 0.081065
0.655969 0.344031
0.932164 0.067836
0.636182 0.363818
0.106841 0.893159
0.695893 0.304107
0.953113 0.046887
0.996378 0.003622
0.999966 0.000034
0.993719 0.006281
0.834812 0.165188
0.962706 0.037294
0.668484 0.331516
0.581837 0.418163
0.858062 0.141938
0.987535 0.012465
0.606646 0.393354
0.931663 0.068337
0.672020 0.327980
0.999778 0.000222
0.778292 0.221708
0.903266 0.096734
0.524563 0.475437
0.330774 0.669226
0.688398 0.311602
0.620708 0.379292
0.981575 0.018425
0.311290 0.688710
0.936165 0.063835
0.997656 0.002344
0.190668 0.809332
0.988868 0.011132
0.981919 0.018081
0.817064 0.182936
0.098883 0.901117
0.603567 0.396433
0.999725 0.000275
0.799318 0.200682
0.987827 0.012173
0.155325 0.844675
0.934681 0.065319
0.836450 0.163550
0.312242 0.687758
0.791808 0.208192
0.923781 0.076219
0.231039 0.768961
0.995393 0.004607
0.951713 0.048287
0.988623 0.011377
0.967301 0.032699
0.721058 0.278942
0.986119 0.013881
0.989747 0.010253
0.879548 0.120452
0.984231 0.015769
0.916107 0.083893
0.968831 0.031169
0.481396 0.518604
0.855593 0.144407
0.109000 0.891000
0.565426 0.434574
0.965264 0.034736
0.977410 0.022590
0.924488 0.075512
0.977190 0.022810
0.192312 0.807688
0.745477 0.254523
0.358013 0.641987
0.999632 0.000368
0.902311 0.097689
0.526853 0.473147
0.140892 0.859108
0.997861 0.002139
0.167206 0.832794
0.958974 0.041026
0.100126 0.899874
0.997890 0.002110
0.983017 0.016983
0.126146 0.873854
0.623767 0.376233
0.848315 0.151685
0.990716 0.009284
0.836785 0.163215
0.137475 0.862525
0.272674 0.727326
0.254017 0.745983
0.783217 0.216783
0.991694 0.008306
0.982143 0.017857
0.997282 0.002718
0.187420 0.812580
0.921944 0.078056
0.959696 0.040304
0.973970 0.026030
0.710393 0.289607
0.855866 0.144134
0.683715 0.316285
0.994539 0.005461
0.991047 0.008953
0.856749 0.143251
0.859636 0.140364
0.999995 0.000005
0.905708 0.094292
0.485650 0.514350
