2000 2
1 1 2 1 1 2 2 1 2 2 1 1 1 1 3 1 1 2 4 1 1 2 1 1 2 1 1 1 1 2 1 1 2 2 1 1 2 2 1 2 1 1 2 1 1 2 1 1 2 1 1 1 1 2 1 1 1 1 3 1 2 1 1 2 1 1 2 1 2 2 2 2 1 3 1 1 2 1 2 1 1 1 2 2 2 2 1 1 1 1 1 1 3 3 2 1 1 1 1 1 3 1 2 2 2 3 2 1 1 2 1 1 1 1 1 2 2 1 1 1 2 1 1 2 2 1 1 2 1 2 2 1 2 1 1 1 1 2 2 2 2 1 1 1 2 2 4 1 1 1 2 1 2 1 2 2 1 2 2 2 1 3 2 1 2 1 3 2 1 2 2 1 1 1 2 2 1 1 2 1 2 1 1 2 1 1 1 1 1 2 1 1 1 1 1 1 1 1 2 3 2 1 2 1 1 2 1 1 1 2 1 2 1 1 1 1 2 2 2 1 2 2 1 3 3 2 2 2 2 1 2 1 1 2 1 1 1 2 2 1 2 1 1 1 2 1 1 1 1 1 2 1 1 1 2 2 2 2 2 1 1 2 1 1 1 1 3 2 2 3 1 2 1 2 2 1 2 1 1 1 2 3 2 1 2 1 2 1 1 1 1 3 2 1 1 1 1 2 1 2 1 2 2 1 1 2 2 2 1 1 2 1 3 1 1 2 1 1 2 1 3 2 1 2 1 1 1 1 2 1 1 2 2 1 2 2 2 1 1 1 1 1 2 1 1 2 1 1 3 2 1 1 1 2 2 1 1 1 1 2 1 3 1 1 2 3 2 1 2 1 1 1 1 1 2 2 2 1 1 2 2 2 2 2 1 1 1 4 2 1 2 1 2 1 1 2 1 3 3 2 2 4 1 2 1 3 2 2 2 2 1 1 1 1 2 1 2 2 1 1 3 1 1 1 1 2 1 2 1 2 1 1 1 2 1 1 1 1 2 1 3 1 1 1 2 1 2 1 1 1 1 2 2 2 2 2 2 1 1 1 1 2 1 1 1 1 3 2 1 2 1 1 2 1 2 1 2 1 2 1 1 1 1 2 1 1 2 2 1 2 1 2 2 1 2 1 1 2 2 2 2 1 1 1 1 1 2 2 1 2 1 3 2 2 3 2 1 1 1 1 1 1 1 1 1 1 2 1 2 1 2 1 1 1 1 1 1 2 1 3 2 1 2 2 2 2 1 2 1 2 1 1 3 1 1 2 1 1 2 1 1 2 1 3 2 2 2 1 1 2 2 2 2 2 1 1 2 2 1 2 1 1 2 2 2 1 1 2 1 2 1 2 1 2 1 1 1 2 2 2 1 2 1 1 1 1 1 2 2 2 1 2 1 1 2 2 1 3 2 2 3 1 2 1 1 1 1 1 2 2 1 1 1 2 3 1 1 1 2 1 1 2 1 1 1 2 1 2 1 1 2 1 1 2 2 1 2 2 2 1 1 1 1 2 1 2 1 2 1 2 1 1 1 1 2 2 1 1 1 1 1 2 1 2 2 1 1 1 2 1 2 2 2 1 2 2 1 2 1 2 2 2 1 1 3 2 2 1 1 2 1 1 2 3 3 1 1 2 1 1 1 2 2 2 3 2 2 1 1 1 1 2 3 2 2 1 2 1 2 1 2 2 1 2 2 1 2 2 2 2 2 1 3 2 1 1 3 1 1 1 4 1 1 1 3 1 3 1 1 2 2 1 2 2 1 1 1 1 2 2 2 3 3 1 1 1 2 1 2 1 1 2 1 1 2 1 1 2 3 1 2 1 2 1 2 1 1 1 3 2 1 3 1 1 2 1 1 2 1 1 2 2 1 1 3 2 1 1 2 2 1 1 2 1 2 1 1 2 1 1 1 2 2 2 1 1 2 2 3 1 2 4 1 1 1 1 2 1 2 1 1 1 1 2 1 1 1 1 1 2 1 2 1 1 1 1 1 2 1 2 2 1 1 2 1 2 1 2 1 1 1 1 1 1 1 1 2 1 2 2 1 1 2 1 2 2 1 2 1 1 2 3 2 1 1 1 1 1 2 1 2 2 2 2 2 1 2 1 1 1 2 1 1 1 1 1 2 2 3 2 2 2 2 2 2 2 1 1 2 1 1 1 2 1 2 2 1 1 1 2 2 1 1 1 2 1 2 2 3 1 2 2 1 1 1 3 3 1 2 2 1 1 1 2 2 1 1 1 1 1 1 1 1 1 1 1 1 1 1 1 1 2 1 1 1 1 2 2 2 1 1 2 2 1 2 2 4 2 2 2 2 1 1 1 2 2 1 1 1 1 2 2 2 1 2 1 1 2 1 1 3 2 1 2 2 1 2 1 2 1 1 2 1 1 3 2 1 2 2 2 1 1 1 1 1 2 1 1 2 1 1 2 2 1 1 2 2 2 1 2 2 1 1 1 2 2 1 1 2 1 2 1 1 2 1 3 1 2 1 1 1 1 2 2 2 1 1 1 4 2 2 3 1 1 1 1 3 2 1 2 2 1 2 1 1 2 1 1 2 1 1 2 2 2 2 2 2 2 2 3 2 1 3 1 1 2 2 1 2 2 1 1 3 2 1 2 2 3 2 2 2 2 1 1 1 1 1 2 1 1 1 1 2 1 2 1 1 1 3 2 1 2 1 1 1 2 2 1 1 2 3 1 2 2 1 1 1 2 1 2 1 2 1 2 2 2 2 2 2 2 1 2 2 1 2 1 2 2 2 1 1 1 3 1 2 1 2 1 1 1 1 1 2 1 1 1 1 2 1 2 2 3 1 1 1 1 1 2 2 2 2 1 1 1 3 1 2 2 1 1 2 2 2 2 1 2 1 2 1 1 1 2 3 3 1 1 2 1 2 2 2 1 1 2 3 1 1 1 2 1 1 2 1 3 1 2 1 2 1 1 1 3 2 3 2 1 3 2 1 1 1 2 2 1 1 2 1 1 1 2 1 2 2 1 1 1 1 1 1 1 1 1 1 2 2 1 2 1 2 2 1 1 1 3 2 1 2 1 1 1 2 3 2 2 2 1 2 1 2 1 1 2 2 2 2 1 2 1 1 1 1 1 2 1 3 1 1 1 1 2 2 1 1 2 1 2 1 1 1 2 1 1 2 2 1 1 1 2 2 2 2 1 1 2 2 2 1 1 1 2 1 2 2 1 1 2 1 1 1 1 2 3 1 2 1 1 3 2 1 2 1 1 2 1 2 2 2 3 2 1 2 2 1 2 1 2 1 1 1 4 2 2 1 2 1 1 2 1 2 1 2 1 1 2 1 3 1 2 2 3 1 2 1 1 1 1 2 2 1 2 3 1 1 1 1 3 2 1 2 2 1 1 1 2 2 2 1 1 1 2 2 1 1 2 1 2 2 1 2 1 2 1 1 1 1 1 2 2 1 1 1 1 1 1 1 1 1 2 1 2 1 2 1 1 1 2 1 1 2 3 1 2 2 1 2 2 1 1 1 2 1 1 2 1 3 1 2 2 2 2 2 1 1 2 1 1 1 1 2 1 2 2 2 2 1 3 3 1 1 2 2 1 2 1 1 2 3 1 1 2 1 1 1 1 1 2 1 2 1 1 4 2 2 1 1 2 1 2 1 1 2 2 1 2 1 2 2 3 2 3 2 3 1 2 1 1 2 1 2 2 2 3 1 2 2 1 2 2 1 2 1 2 1 2 2 1 3 1 1 2 1 2 2 2 1 1 1 2 1 1 1 1 2 1 2 1 2 1 1 2 2 2 2 2 1 1 1 3 1 2 2 2 2 2 2 1 1 1 1 1 2 1 2 1 2 1 2 2 2 1 1 1 2 2 2 2 1 1 3 1 1 3 1 1 2 2 2 1 1 1 2 2 1 2 1 2 1 2 1 1 2 2 2 1 2 2 1 2 1 1 3 1 2 2 1 1 1 3 1 1 2 2 1 1 1 2 2 2 1 1 1 1 1 1 1 1 1 2 1 1 1 2 1 4 2 2 2 1 3 1 2 1 2 1 2 1 1 2 1 1 3 2 3 2 1 2 2 1 2 1 2 1 2 1 2 1 1 3 1 2 1 3 2 2 1 2 1 2 1 1 1 2 1 1 2 2 2 2 1 1 2 3 2 2 2 2 2 2 3 1 1 2 3 1 3 1 2 1 1 1 2 1 2 1 1 1 2 1 1 1 2 1 2 1 2 2 2 1 2 2 2 1 2 2 1 2 2 1 1 2 1 1 1 3 3 3 1 1 1 2 1 1 1 1 2 2 2 2 1 1 2 1 1 1 1 1 1 1 2 1 1 2 1 3 1 1 1 2 1 1 1 1 1 1 2 1 2 1 2 1 1 2 2 1 1 2 2 2 1 2 1 1 1 1 2 1 1 1 1 1 2 1 2 3 1 2 1 1 1 1 1 2 1 1 1 1 1 1 3 2 2 1 1 1 1 2 1 3 1 1 1 1 3 2 2 1 1 1 1 1 2 1 1 1 2 2 1 1 2 2
0.519536
0.480464
0.754362
0.245638
0.621402 0.371111
0.007458 0.000029
0.958268
0.041732
0.843836
0.156164
0.109102 0.460281
0.409975 0.020643
0.050429 0.715554
0.096635 0.137383
0.974648
0.025352
0.001735 0.052228
0.011323 0.934714
0.729323 0.252216
0.018449 0.000012
0.999429
0.000571
0.963659
0.036341
0.999930
0.000070
0.983861
0.016139
0.926586 0.067741 0.002071
0.003602 0.000000 0.000000
0.877837
0.122163
0.997423
0.002577
0.258100 0.566896
0.167474 0.007530
0.039990 0.158044 0.250820 0.224559
0.125184 0.179435 0.021557 0.000411
0.999508
0.000492
0.989787
0.010213
0.391192 0.351232
0.255729 0.001847
0.992163
0.007837
0.998924
0.001076
0.175607 0.680373
0.074244 0.069776
0.894782
0.105218
0.999714
0.000286
0.422273
0.577727
0.964318
0.035682
0.984900 0.015064
0.000036 0.000000
0.225963
0.774037
0.998155
0.001845
0.369154 0.527184
0.099716 0.003946
0.445655 0.332402
0.221501 0.000442
0.998002
0.001998
0.126093
0.873907
0.392731 0.351265
0.255186 0.000817
0.264755 0.713347
0.020156 0.001742
0.900811
0.099189
0.311161 0.381783
0.304174 0.002882
0.999853
0.000147
0.994565
0.005435
0.017093 0.461641
0.039443 0.481823
0.993755
0.006245
0.398240
0.601760
0.995900 0.004002
0.000098 0.000000
0.889704
0.110296
0.723296
0.276704
0.599755 0.279305
0.120604 0.000336
0.999967
0.000033
0.762210
0.237790
0.894228
0.105772
0.141336
0.858664
0.339313 0.370636
0.286732 0.003319
0.679828
0.320172
1.000000
0.000000
0.139719
0.860281
0.991136
0.008864
0.254380 0.416780 0.269046
0.054214 0.005539 0.000041
0.207656
0.792344
0.714763 0.200168
0.085037 0.000032
0.878003
0.121997
0.979146
0.020854
0.279546 0.398629
0.321145 0.000680
0.999867
0.000133
0.517135
0.482865
0.762494 0.234073
0.003433 0.000000
0.996199
0.003801
0.777857 0.194003
0.028113 0.000028
0.002168 0.268634
0.000786 0.728412
0.183444 0.614113
0.193057 0.009386
0.000482 0.032546
0.006294 0.960678
0.899523
0.100477
0.008045 0.105554 0.464969
0.010224 0.224218 0.186990
0.588377
0.411623
0.999930
0.000070
0.855922 0.142603
0.001475 0.000000
0.987821
0.012179
0.860487 0.117269
0.022244 0.000000
0.996388
0.003612
0.998418
0.001582
0.820397
0.179603
0.956235 0.042984
0.000782 0.000000
0.211714 0.593395
0.178561 0.016330
0.852935 0.085826
0.061197 0.000042
0.384719 0.602769
0.012296 0.000217
0.593056
0.406944
0.967804
0.032196
0.998622
0.001378
0.209341
0.790659
0.968182
0.031818
0.979836
0.020164
0.080440 0.352852 0.423836
0.099759 0.042816 0.000298
0.169766 0.423511 0.349068
0.049321 0.008289 0.000046
0.904135 0.079310
0.016555 0.000000
0.985479
0.014521
1.000000
0.000000
0.727693
0.272307
0.418011
0.581989
0.922129
0.077871
0.048853 0.294281 0.591826
0.018562 0.042897 0.003581
0.636068
0.363932
0.360109 0.567285
0.071259 0.001347
0.033810 0.410294
0.287703 0.268193
0.994702 0.004881
0.000417 0.000000
0.217752 0.403439 0.249764
0.120033 0.008987 0.000024
0.586663 0.265895
0.147214 0.000228
0.484411
0.515589
0.833603
0.166397
0.033312 0.410488
0.286709 0.269491
0.984086
0.015914
0.900301
0.099699
0.999701
0.000299
0.043079
0.956921
0.164129
0.835871
0.841240 0.144569
0.014190 0.000001
0.251626 0.652296
0.089580 0.006498
0.919367
0.080633
0.179126
0.820874
0.858939
0.141061
0.919229 0.067451
0.013319 0.000000
0.999997
0.000003
0.725421
0.274579
0.169543 0.712940
0.091777 0.025740
0.795480 0.152520
0.051992 0.000008
0.371138
0.628862
0.642739
0.357261
0.403619 0.570101
0.025802 0.000478
0.074530
0.925470
0.287963 0.388239
0.317003 0.006794
0.401779 0.475422
0.119442 0.003357
0.966562
0.033438
0.289186 0.690247
0.019489 0.001078
0.999526
0.000474
0.449385
0.550615
0.205126
0.794874
0.241893
0.758107
0.675891 0.270918
0.053036 0.000155
0.344602 0.636758
0.017090 0.001550
0.587370 0.260027
0.150567 0.002037
0.103807 0.236701
0.631713 0.027778
0.909302
0.090698
0.246126
0.753874
0.971815
0.028185
0.328450 0.377388
0.292217 0.001945
0.010616 0.143393
0.076878 0.769113
0.015060 0.074601 0.178989 0.278366
0.034809 0.191800 0.177158 0.049217
0.992060
0.007940
0.737653
0.262347
0.950667
0.049333
0.951609 0.047203
0.001188 0.000000
0.406417
0.593583
0.358495 0.576913
0.063461 0.001131
0.819697
0.180303
0.165314 0.424299
0.378513 0.031874
0.602048 0.332604
0.065325 0.000024
0.997159
0.002841
0.917900 0.078754
0.003346 0.000000
0.522373 0.423229
0.053815 0.000582
0.101550 0.550808
0.106129 0.241513
0.099021
0.900979
0.863437 0.109809 0.007095
0.019653 0.000006 0.000000
0.218292 0.628856
0.150569 0.002282
0.901959
0.098041
0.089384 0.515996
0.170432 0.224187
0.432044
0.567956
0.067761 0.352607 0.463616
0.078430 0.037428 0.000158
0.271205 0.707219
0.019952 0.001625
0.788557
0.211443
0.672754 0.225532
0.101684 0.000030
0.674679 0.210895
0.114210 0.000216
0.507737
0.492263
0.370821
0.629179
0.881201
0.118799
0.414188 0.343489
0.240507 0.001817
0.000551 0.028117
0.007566 0.963766
0.918388
0.081612
0.955512
0.044488
0.301653 0.385291
0.310212 0.002844
0.994120
0.005880
0.001915 0.040753
0.030513 0.926819
0.998964
0.001036
0.282414
0.717586
0.958409 0.040272
0.001320 0.000000
0.997121
0.002879
0.094369
0.905631
0.936183
0.063817
0.989085
0.010915
1.000000
0.000000
0.563229 0.281411
0.155261 0.000100
0.998924
0.001076
0.476225
0.523775
0.998124
0.001876
0.012976
0.987024
0.902440
0.097560
0.999772
0.000228
0.777350
0.222650
0.282295
0.717705
0.843678 0.117600
0.038722 0.000000
0.062648 0.304428 0.502270
0.054259 0.072439 0.003955
0.141737 0.237376
0.605022 0.015864
0.988098
0.011902
0.055902 0.542305
0.074536 0.327257
0.999822
0.000178
0.907708
0.092292
0.182819 0.408091
0.349282 0.059807
0.974367
0.025633
0.950370
0.049630
0.926211
0.073789
0.093679 0.780709
0.095354 0.030258
0.040910
0.959090
0.783821 0.154821
0.061353 0.000005
0.961110
0.038890
0.999993
0.000007
0.999992
0.000008
0.594008
0.405992
0.161318 0.783111
0.052193 0.003377
0.284304 0.696143
0.019328 0.000225
0.181456 0.407518
0.367547 0.043480
0.308900
0.691100
0.175121 0.422191
0.375649 0.027040
0.203789 0.413821
0.361218 0.021172
0.980070
0.019930
0.162950 0.368945 0.348777
0.087151 0.031003 0.001174
0.714122 0.218490 0.038102
0.029056 0.000230 0.000000
0.141016 0.487276
0.311069 0.060639
0.106242 0.576325
0.205688 0.111745
0.969750 0.030185
0.000065 0.000000
0.264988 0.389739
0.329963 0.015309
0.988042
0.011958
0.302796 0.621879
0.070743 0.004582
0.102965
0.897035
0.835315
0.164685
0.001340 0.048228
0.006566 0.943866
0.967816
0.032184
0.324014
0.675986
0.999684
0.000316
0.985679 0.014137
0.000183 0.000000
0.064063 0.258242
0.507524 0.170170
0.968595
0.031405
0.013860 0.149336
0.067905 0.768900
0.792737
0.207263
0.997890
0.002110
0.816014
0.183986
0.002053 0.030373
0.032775 0.934800
0.720248
0.279752
0.997709
0.002291
0.996448
0.003552
0.303815
0.696185
0.995337
0.004663
0.061593 0.565255
0.081806 0.291345
0.977236
0.022764
0.939693
0.060307
0.975971
0.024029
0.061806 0.678141
0.048901 0.211152
0.294247 0.387702
0.314800 0.003251
0.178679 0.421129
0.373815 0.026377
0.958993 0.040760
0.000247 0.000000
0.635865 0.325376
0.038722 0.000037
0.999234
0.000766
0.996026
0.003974
0.162418 0.691200
0.140036 0.006345
0.998587
0.001413
0.143302
0.856698
0.301568
0.698432
0.981612
0.018388
0.315874 0.404851 0.173308
0.103354 0.002610 0.000002
0.232190 0.445750
0.313539 0.008521
0.580692 0.333138
0.086078 0.000092
0.122616 0.403415 0.435578
0.028024 0.010250 0.000118
0.992784
0.007216
0.216958 0.691925
0.079588 0.011529
0.311243
0.688757
0.376548 0.512669
0.109972 0.000811
0.429305 0.536520
0.033850 0.000326
0.997965
0.002035
0.190497 0.580773
0.172152 0.056578
0.406700
0.593300
0.999148
0.000852
0.968641
0.031359
0.321009 0.659922
0.018379 0.000689
0.072745 0.375186 0.491850
0.040665 0.019468 0.000087
0.232566 0.742600
0.022138 0.002696
0.955895
0.044105
0.356318 0.530703
0.111240 0.001740
0.873876
0.126124
0.977756 0.021477
0.000767 0.000000
0.995456
0.004544
0.998132
0.001868
0.970233
0.029767
0.833910
0.166090
0.013392 0.105515 0.297982
0.060283 0.379108 0.143720
0.006510 0.113631
0.044955 0.834905
0.982187
0.017813
0.813922
0.186078
0.484334
0.515666
0.996517
0.003483
0.452855 0.339243
0.207434 0.000467
0.354706
0.645294
0.839679 0.148077
0.012243 0.000001
0.309766
0.690234
0.224759 0.408509
0.352648 0.014085
0.063447 0.373041
0.291068 0.272444
0.931676
0.068324
0.867649
0.132351
0.495129 0.310065
0.193729 0.001076
0.361852 0.353836
0.269811 0.014501
0.170763 0.765065
0.061022 0.003151
0.995500
0.004500
0.912563
0.087437
0.004798 0.141066
0.003939 0.850196
0.898300
0.101700
0.318240 0.459157 0.172231
0.049736 0.000636 0.000000
0.974685
0.025315
0.999921
0.000079
0.230080 0.446501
0.314468 0.008950
0.999881
0.000119
0.132987
0.867013
0.120424 0.717670
0.082864 0.079042
0.953041
0.046959
0.251502 0.417158 0.229158
0.097194 0.004979 0.000009
0.105551 0.644710
0.135151 0.114588
0.998559
0.001441
0.736301 0.250623
0.013069 0.000007
0.974269
0.025731
0.019118
0.980882
0.865361
0.134639
0.999406
0.000594
0.611709 0.380836
0.007443 0.000011
0.595585
0.404415
0.911271
0.088729
0.197297 0.410022
0.390400 0.002282
0.804896 0.192660
0.002444 0.000001
0.545322
0.454678
0.278924 0.391729
0.322921 0.006426
0.000256 0.021289
0.003582 0.974872
0.005584 0.107765
0.030530 0.856122
0.063729
0.936271
0.874341
0.125659
0.995039
0.004961
0.978825
0.021175
0.248959
0.751041
0.138996 0.411936
0.406945 0.042124
0.996699
0.003301
0.997527
0.002473
0.388234 0.565161
0.046038 0.000567
0.169996
0.830004
0.916500
0.083500
0.103928 0.369826 0.459698
0.040507 0.025260 0.000781
0.619334 0.283479
0.097126 0.000060
0.121911
0.878089
0.436945
0.563055
0.966004
0.033996
0.293198 0.625623
0.080563 0.000616
0.000809 0.039294
0.010235 0.949662
0.999127
0.000873
0.259920
0.740080
0.971690
0.028310
0.931356
0.068644
0.051179 0.740231
0.069972 0.138619
0.993289
0.006711
0.320731 0.386086 0.184202
0.103120 0.005830 0.000032
0.778357
0.221643
0.954616
0.045384
0.299889 0.667304
0.028435 0.004372
0.022022 0.217128 0.691476
0.005908 0.051178 0.012287
0.283084 0.634097
0.081478 0.001341
0.991874
0.008126
0.150323 0.664818
0.076863 0.107996
0.998304
0.001696
0.082788
0.917212
0.259273
0.740727
0.999964
0.000036
0.868565
0.131435
0.884931 0.114198
0.000871 0.000000
0.507634 0.425894
0.066228 0.000244
0.740938 0.244954
0.014105 0.000004
0.304057
0.695943
0.899059
0.100941
0.666705 0.245739
0.087495 0.000061
0.937828 0.062014
0.000158 0.000000
0.108222 0.388725
0.335607 0.167446
0.587014 0.325402
0.087440 0.000145
0.564708 0.426159
0.009103 0.000029
0.999990
0.000010
0.989129
0.010871
0.812222
0.187778
0.007028 0.065614 0.247123 0.527877
0.003358 0.054132 0.076615 0.018253
0.161039 0.736003
0.068318 0.034639
0.467729
0.532271
0.039030 0.429311
0.313085 0.218573
0.999962
0.000038
0.816500 0.168065
0.015433 0.000001
0.918564
0.081436
0.222315
0.777685
0.012736 0.515746
0.010710 0.460808
0.178206
0.821794
0.139904 0.311316 0.232628
0.279188 0.036783 0.000181
0.203673 0.340150 0.157548
0.290254 0.008371 0.000004
0.084749 0.631075
0.047884 0.236292
0.694447 0.300582
0.004968 0.000004
0.539788 0.321108 0.077323 0.010570
0.050897 0.000316 0.000000 0.000000
0.977979
0.022021
0.277534 0.428499
0.289756 0.004210
0.809133
0.190867
0.692439 0.252106 0.037393
0.018022 0.000041 0.000000
0.148614 0.776079
0.050742 0.024565
0.001217 0.040859
0.007626 0.950298
0.915088 0.080468
0.004443 0.000000
0.194490 0.418507
0.371796 0.015207
0.930233
0.069767
0.994668
0.005332
0.992448
0.007552
0.840806
0.159194
0.420446 0.484082
0.094804 0.000668
0.333488
0.666512
0.496946 0.421858
0.080354 0.000841
0.189224 0.766926
0.032581 0.011269
0.999960
0.000040
0.979932
0.020068
0.189155 0.446746 0.348793
0.013378 0.001920 0.000009
0.187152
0.812848
0.830730
0.169270
0.955845
0.044155
0.826435
0.173565
0.026651 0.214736
0.125855 0.632757
0.994784
0.005216
0.768488 0.183945
0.047547 0.000020
0.713268
0.286732
0.073455 0.784967
0.085837 0.055741
0.765898
0.234102
0.683458
0.316542
0.997767
0.002233
0.188668 0.650739
0.155938 0.004655
0.863820
0.136180
0.999600
0.000400
0.145629
0.854371
0.974573
0.025427
0.398064 0.404704
0.195957 0.001275
0.135561
0.864439
0.092855 0.286779 0.288877
0.255715 0.075113 0.000661
0.727842
0.272158
0.999464
0.000536
0.999994
0.000006
0.157605 0.768230
0.047731 0.026433
0.962244
0.037756
0.085823 0.405177
0.336939 0.172061
0.997463
0.002537
0.450801
0.549199
0.741918
0.258082
0.964461
0.035539
0.154310 0.426963
0.382333 0.036394
0.165179 0.558667
0.188744 0.087410
0.323700 0.657308
0.018224 0.000768
0.964473 0.031984
0.003543 0.000000
0.452958 0.496925
0.049837 0.000279
0.826963 0.160620
0.012412 0.000006
0.963285
0.036715
0.042385
0.957615
0.971147
0.028853
0.874488
0.125512
0.484299 0.430458
0.084311 0.000932
0.998591
0.001409
0.719927
0.280073
0.617833
0.382167
0.988399
0.011601
0.672701 0.214495 0.030873
0.081763 0.000168 0.000000
0.146571 0.427012
0.418150 0.008266
0.447992
0.552008
0.711852 0.257176
0.030883 0.000089
0.998632
0.001368
0.458482
0.541518
0.149300 0.445100
0.399548 0.006052
0.868028
0.131972
0.232291 0.727857
0.035926 0.003927
0.991627
0.008373
0.055019 0.222510
0.579861 0.142610
0.518449
0.481551
0.619384 0.375056
0.005552 0.000008
0.451611
0.548389
0.920250
0.079750
0.217022
0.782978
0.322267
0.677733
0.218969 0.562036
0.215880 0.003116
0.220935
0.779065
0.599539
0.400461
0.464999 0.323037
0.211437 0.000527
0.332837 0.406404
0.258829 0.001931
0.987029
0.012971
0.190248 0.668412
0.122546 0.018794
0.949875
0.050125
0.588945 0.402237
0.008609 0.000209
0.065594 0.498456
0.081442 0.354508
0.266301
0.733699
0.742155 0.229453
0.028371 0.000021
0.996167
0.003833
0.997985
0.002015
0.232383 0.491851
0.272857 0.002909
0.054996 0.258479
0.503977 0.182548
0.138016 0.430841
0.387223 0.043919
0.039933 0.361592
0.172020 0.426455
0.686286
0.313714
0.999615
0.000385
0.037028
0.962972
0.981476
0.018524
0.924492
0.075508
0.272701 0.705643
0.019787 0.001869
0.557598 0.187636
0.254679 0.000087
0.837972
0.162028
0.000614 0.028236
0.003325 0.967825
0.836968
0.163032
0.861783 0.123534 0.006690
0.007992 0.000001 0.000000
0.075664 0.435399
0.400909 0.088028
0.248801 0.586323
0.163493 0.001383
0.029821 0.250687 0.542810
0.055651 0.118419 0.002612
0.007459 0.339073
0.014599 0.638869
0.490884
0.509116
0.964507
0.035493
0.127534
0.872466
0.105164
0.894836
0.072146
0.927854
0.991448
0.008552
0.413289
0.586711
0.363098
0.636902
0.997960
0.002040
0.966214
0.033786
0.025115 0.537198
0.075094 0.362594
0.869430
0.130570
0.002390 0.063752
0.016129 0.917729
0.946017
0.053983
0.098015 0.382804
0.325655 0.193526
0.919840
0.080160
0.126458
0.873542
0.988792
0.011208
0.386592
0.613408
0.981350
0.018650
0.950962
0.049038
0.201824 0.671133
0.124121 0.002922
0.523028
0.476972
0.761774 0.213912 0.021708
0.002605 0.000001 0.000000
0.785676 0.203473
0.010847 0.000004
0.814338
0.185662
0.378284 0.354561
0.263753 0.003402
0.149848 0.278004
0.553189 0.018959
0.837808 0.160357
0.001834 0.000001
0.229848 0.396362
0.344099 0.029691
0.558938
0.441062
0.174514 0.436160
0.383533 0.005792
0.726538
0.273462
0.620781 0.160824
0.218346 0.000049
0.934592
0.065408
0.903418
0.096582
0.666668 0.251363 0.048519
0.033219 0.000231 0.000000
0.067543
0.932457
0.878657
0.121343
0.494790 0.363567
0.141382 0.000261
0.998424
0.001576
0.996591
0.003409
0.372918 0.576044
0.050206 0.000832
0.097302
0.902698
0.994274
0.005726
0.017415 0.263155
0.051210 0.668221
0.708837
0.291163
0.959960 0.038667 0.000914
0.000459 0.000000 0.000000
0.297250 0.383621
0.309965 0.009163
0.367762 0.535798
0.094470 0.001971
0.592639 0.255832
0.150877 0.000653
0.978154
0.021846
0.384448
0.615552
0.045032 0.223571
0.664280 0.067117
0.939066 0.060645
0.000288 0.000000
0.826631 0.168514
0.004853 0.000001
0.298048 0.390217
0.309987 0.001749
0.045172 0.371878
0.206778 0.376172
0.771471
0.228529
0.992643
0.007357
0.347404 0.366834
0.281798 0.003965
0.235156 0.651451
0.104624 0.008769
0.850675
0.149325
0.359018 0.391860
0.244773 0.004349
0.988900
0.011100
0.966792
0.033208
0.590797 0.366298
0.042456 0.000449
0.301880 0.663362
0.031663 0.003095
0.864262 0.134395
0.001344 0.000000
0.999945
0.000055
0.998053
0.001947
0.589303 0.274524
0.136062 0.000112
0.910298
0.089702
0.161346 0.699355
0.107996 0.031302
0.952350
0.047650
0.300542 0.638456
0.058383 0.002618
0.976505
0.023495
0.164727 0.415534
0.361032 0.058707
0.070295
0.929705
0.939308
0.060692
0.901914
0.098086
0.210363 0.623830
0.149903 0.015904
0.969725 0.028835
0.001440 0.000000
0.160103 0.597714
0.229879 0.012304
0.323904
0.676096
0.493996 0.449080
0.056884 0.000039
0.948413
0.051587
0.935695
0.064305
0.997159
0.002841
0.766523
0.233477
0.996356
0.003644
0.158002 0.406882
0.366205 0.068911
0.262050 0.396371
0.331162 0.010417
0.210808 0.697474
0.080585 0.011133
0.925500
0.074500
0.489024 0.408616
0.102046 0.000313
0.145146
0.854854
0.976303
0.023697
0.210881 0.467937
0.297078 0.024104
0.305546 0.665438
0.028255 0.000761
0.118016
0.881984
0.090576 0.280243 0.293180
0.246763 0.088000 0.001238
0.681743 0.312531
0.005724 0.000001
0.184988 0.586138
0.180680 0.048194
0.068912 0.332694 0.529901
0.031143 0.035982 0.001367
0.990480
0.009520
0.431658 0.554095
0.014092 0.000155
0.993154
0.006846
0.429544
0.570456
0.983872
0.016128
0.999972
0.000028
0.782145
0.217855
0.374397 0.388208
0.235838 0.001556
0.791132 0.190062
0.018804 0.000002
0.959584
0.040416
0.999953
0.000047
0.999802
0.000198
0.704653 0.287006
0.008340 0.000001
0.160019 0.427899 0.322105
0.080290 0.009664 0.000022
0.935148
0.064852
0.032490
0.967510
0.939794
0.060206
0.084607 0.633917
0.225674 0.055802
0.999354
0.000646
0.215040
0.784960
0.628857 0.317241
0.053799 0.000103
0.932341
0.067659
0.943409
0.056591
0.672118
0.327882
0.262110 0.715907
0.020277 0.001706
0.975385
0.024615
0.180439 0.713208
0.082480 0.023872
0.823498
0.176502
0.996412
0.003588
0.001563 0.047992
0.010098 0.940347
0.958141
0.041859
0.972003
0.027997
0.521038 0.413902
0.064912 0.000148
0.984610 0.015198
0.000193 0.000000
0.843326
0.156674
0.362428 0.549763
0.083631 0.004178
0.118737 0.769895
0.097026 0.014343
0.350666 0.486826
0.159441 0.003067
0.517073
0.482927
0.662186
0.337814
0.578133
0.421867
0.996465
0.003535
0.000585 0.034740
0.008409 0.956266
0.183250
0.816750
0.065904 0.392843
0.312041 0.229212
0.471260
0.528740
0.267383 0.569944
0.161627 0.001046
0.640665
0.359335
0.005963 0.106817
0.041092 0.846128
0.152304
0.847696
0.975978
0.024022
0.074035
0.925965
0.948905
0.051095
0.000396 0.045304
0.001246 0.953054
0.014846 0.190551
0.099003 0.695601
0.963599
0.036401
0.191640
0.808360
0.958906
0.041094
0.991476
0.008524
0.099174
0.900826
0.141060 0.595135
0.205391 0.058414
0.924254
0.075746
0.904940 0.088945
0.006115 0.000000
0.209761 0.397445
0.382955 0.009839
0.691917
0.308083
0.323101
0.676899
0.287466
0.712534
0.000153 0.016316
0.001848 0.981683
0.813988
0.186012
0.365241 0.362106
0.270888 0.001765
0.002308 0.060834
0.015506 0.921352
0.011612 0.227647
0.020676 0.740065
0.938663
0.061337
0.344849 0.373987
0.280817 0.000347
0.395379 0.588863
0.015534 0.000223
0.988271
0.011729
0.220777 0.696859
0.080164 0.002200
0.843918
0.156082
0.898209 0.080686
0.021100 0.000004
0.005157 0.098458
0.035684 0.860701
0.353458 0.572812
0.072439 0.001290
0.996801
0.003199
0.997458
0.002542
0.340179 0.465207 0.163711
0.030590 0.000313 0.000000
0.413880 0.560189
0.025878 0.000053
0.692115 0.272271
0.035600 0.000013
0.540013
0.459987
0.794297
0.205703
0.403779 0.580602
0.015132 0.000487
0.898636
0.101364
0.329229
0.670771
0.633401 0.317221
0.049346 0.000032
0.004467 0.057334 0.241250
0.021453 0.418730 0.256766
0.018519 0.170934 0.514168
0.029814 0.218677 0.047888
0.125071
0.874929
0.848656
0.151344
0.164692 0.678161
0.112603 0.044544
0.996630
0.003370
0.640894
0.359106
0.946837
0.053163
0.155298 0.675458
0.161553 0.007691
0.721063 0.267663
0.011181 0.000092
0.959248 0.039522
0.001230 0.000000
0.305041 0.432096 0.215968
0.044774 0.002116 0.000005
0.357399 0.579832
0.061939 0.000830
0.511883 0.458431
0.029557 0.000129
0.569792
0.430208
0.359213
0.640787
0.876904
0.123096
0.995792
0.004208
0.045987 0.332304
0.240005 0.381703
0.116755 0.355361 0.383024
0.100783 0.043082 0.000995
0.178903 0.791510
0.021153 0.008434
0.555994 0.316820
0.126698 0.000487
0.999999
0.000001
0.213925 0.395504
0.377548 0.013023
0.310633
0.689367
0.834501 0.134682
0.030815 0.000001
0.821644
0.178356
0.275476 0.392144
0.323845 0.008536
0.021954 0.638285
0.004569 0.335192
0.136154
0.863846
0.623178 0.348184
0.028595 0.000042
0.644665 0.240744
0.114412 0.000179
0.967550
0.032450
0.195849 0.414346
0.361076 0.028728
0.016270 0.214722
0.077661 0.691348
0.000311 0.012072
0.005483 0.982134
0.187260 0.615660
0.145659 0.051421
0.282471 0.549940
0.155484 0.012105
0.999710
0.000290
0.009010 0.115757 0.376086
0.060275 0.413524 0.025348
0.692871 0.277069
0.030019 0.000041
0.915538
0.084462
0.949734
0.050266
0.000540 0.013181 0.112467
0.000855 0.111682 0.761276
0.990227
0.009773
0.999845
0.000155
0.996413
0.003587
0.036318 0.179680 0.340038 0.346541
0.027471 0.061768 0.008063 0.000120
0.946888
0.053112
0.999773
0.000227
0.991489
0.008511
0.060208 0.314916 0.557801
0.024503 0.039956 0.002616
0.891293
0.108707
0.159949 0.404005 0.419522
0.010800 0.005401 0.000324
0.969514
0.030486
0.982341
0.017659
0.007913 0.126923
0.054092 0.811072
0.940000 0.056663
0.003336 0.000001
1.000000
0.000000
0.780655 0.207434
0.011910 0.000001
0.651195 0.233266
0.115527 0.000012
0.999941
0.000059
0.452488
0.547512
0.894697
0.105303
0.813081
0.186919
0.601727 0.377388
0.020880 0.000005
0.351065 0.631254
0.017294 0.000387
0.318039 0.584519
0.090623 0.006820
0.353198 0.356973 0.187440
0.091770 0.010316 0.000303
0.517175 0.275274 0.051170
0.155982 0.000399 0.000000
0.713566
0.286434
0.878513
0.121487
0.512997
0.487003
0.305190 0.383883
0.307909 0.003018
0.086939
0.913061
0.450984 0.474552
0.074042 0.000422
0.589263
0.410737
0.850304
0.149696
0.156092 0.783180
0.052771 0.007957
0.968369
0.031631
0.992654
0.007346
0.817027 0.174721
0.008247 0.000005
0.193596
0.806404
0.998799
0.001201
0.030028 0.263863
0.190512 0.515597
0.150302 0.413406 0.371350
0.053610 0.011260 0.000072
0.490182
0.509818
0.917414 0.080504
0.002081 0.000000
0.552695
0.447305
0.015717 0.149367
0.218875 0.616041
0.999062
0.000938
0.139030 0.404463
0.343888 0.112619
0.999270
0.000730
0.228982
0.771018
0.969571
0.030429
0.560984 0.338145 0.082739
0.017911 0.000221 0.000000
0.003969 0.139940
0.006560 0.849531
0.989133
0.010867
0.002935 0.045550 0.229668
0.010814 0.360496 0.350538
0.961144
0.038856
0.079658
0.920342
0.603757 0.387527
0.008619 0.000097
0.971948
0.028052
0.202655
0.797345
0.960409 0.039220
0.000370 0.000000
0.993710
0.006290
0.916133
0.083867
0.064305 0.660883
0.059698 0.215114
0.054607 0.246727
0.644275 0.054391
0.849981
0.150019
0.376284
0.623716
0.849030 0.117094 0.006183
0.027691 0.000002 0.000000
0.375948 0.559606
0.059611 0.004836
0.901586
0.098414
0.999875
0.000125
0.232606 0.666848
0.091925 0.008621
0.645071 0.240786
0.114106 0.000037
0.906899
0.093101
0.998643
0.001357
0.175973 0.420405
0.371453 0.032168
0.417021
0.582979
0.581062 0.180056
0.238873 0.000009
0.980156
0.019844
0.723304
0.276696
0.619135 0.359651
0.021174 0.000040
0.852470
0.147530
0.986655
0.013345
0.983365
0.016635
0.001683 0.044164
0.066244 0.887909
0.699019 0.296238
0.004741 0.000002
0.721856 0.264144
0.013994 0.000006
0.413700
0.586300
0.896246
0.103754
0.120594 0.725841
0.088239 0.065326
0.239684 0.711554
0.047282 0.001480
0.000099 0.002751 0.028973
0.000134 0.048150 0.919894
0.997298
0.002702
0.169002 0.390957
0.387278 0.052762
0.123165 0.301436 0.290835 0.155533
0.096366 0.031892 0.000772 0.000003
0.356366
0.643634
0.255596
0.744404
0.999762
0.000238
0.117639
0.882361
0.985420 0.014544
0.000036 0.000000
0.089713
0.910287
0.131862 0.425951
0.376227 0.065960
0.171372
0.828628
0.392573
0.607427
0.999496
0.000504
0.790128
0.209872
0.089972 0.633334
0.126282 0.150412
0.389022
0.610978
0.880270
0.119730
0.972739
0.027261
0.999995
0.000005
0.975479
0.024521
0.973660 0.025716
0.000624 0.000000
0.957612
0.042388
0.724571 0.245885
0.029536 0.000007
0.321899
0.678101
0.841958
0.158042
0.571577
0.428423
0.999370
0.000630
0.731396
0.268604
0.587194 0.355214
0.057582 0.000010
0.502353
0.497647
0.078278 0.863589
0.034555 0.023578
0.006242 0.150589
0.018595 0.824574
0.773143
0.226857
0.999440
0.000560
0.956411 0.043362
0.000228 0.000000
0.853770
0.146230
0.557990 0.394559
0.047134 0.000316
0.332070
0.667930
0.475671 0.319712
0.204279 0.000338
0.976649
0.023351
0.834115
0.165885
0.944827
0.055173
0.487595
0.512405
0.999812
0.000188
0.249518
0.750482
0.991250
0.008750
0.944913
0.055087
0.474947 0.342376
0.181536 0.001141
0.988447
0.011553
0.977053 0.022887
0.000060 0.000000
0.151550 0.756778
0.082460 0.009212
0.113250
0.886750
0.966798
0.033202
0.203130 0.414442
0.362640 0.019787
0.983062
0.016938
0.001409 0.045537
0.008971 0.944083
0.321160 0.378371
0.297967 0.002503
0.335635
0.664365
0.008780 0.175085
0.028975 0.787160
0.796343
0.203657
0.951918
0.048082
0.868633 0.124690
0.006676 0.000000
0.005669 0.113078 0.563559
0.010643 0.256948 0.050104
0.148789 0.840543
0.005074 0.005594
0.148228
0.851772
0.955624
0.044376
0.145520
0.854480
0.999418
0.000582
0.998644
0.001356
0.241026 0.275266
0.482663 0.001045
0.999999
0.000001
0.168855 0.499172
0.313999 0.017975
0.274745 0.634030
0.086461 0.004765
0.057988 0.682776
0.128207 0.131029
0.674776 0.293437
0.031784 0.000003
0.174127 0.733200
0.070303 0.022370
0.437058
0.562942
0.117664 0.697878
0.099464 0.084994
0.841500
0.158500
0.196491
0.803509
0.951890
0.048110
0.176746 0.423552
0.380436 0.019266
0.896130
0.103870
0.991897
0.008103
0.210726
0.789274
0.991392
0.008608
0.809824
0.190176
0.164668 0.487100
0.317757 0.030475
0.607921 0.353794
0.038247 0.000038
0.017916 0.135730 0.358633
0.064811 0.335911 0.086998
0.873266 0.121957
0.004777 0.000000
0.237450 0.412154
0.342817 0.007579
0.594340 0.282404
0.123245 0.000012
0.149015 0.815804
0.022069 0.013112
0.000050 0.005297
0.001787 0.992866
0.336885 0.644678
0.017693 0.000744
0.976502 0.023435
0.000064 0.000000
0.295080
0.704920
0.204601
0.795399
0.153056 0.427144
0.382458 0.037342
0.997373
0.002627
0.926574
0.073426
0.997576
0.002424
0.118510 0.717539
0.069933 0.094018
0.920613
0.079387
0.750390 0.234725
0.014882 0.000003
0.388523 0.582694
0.028321 0.000463
0.985097
0.014903
0.991153
0.008847
0.815320
0.184680
0.058522 0.614162
0.066794 0.260522
0.172147 0.418390
0.404798 0.004665
0.968559
0.031441
0.962969
0.037031
0.994904
0.005096
0.668987 0.308114
0.022845 0.000055
0.999999
0.000001
0.233334 0.405712
0.347582 0.013371
0.012484 0.183017
0.068133 0.736367
0.021165 0.169332 0.535764
0.014663 0.147203 0.111873
0.969422
0.030578
0.191947 0.784905
0.021971 0.001177
0.095037 0.656747
0.118337 0.129879
0.983409
0.016591
0.994510
0.005490
0.329116
0.670884
0.089520 0.187406 0.144109
0.490315 0.087607 0.001043
0.110591 0.277737 0.273922
0.248665 0.086925 0.002160
0.614578
0.385422
0.510920 0.471836
0.017137 0.000107
0.164409 0.694789
0.084443 0.056360
0.073136
0.926864
0.999934
0.000066
0.977498
0.022502
0.223326 0.616285
0.148788 0.011602
0.159755 0.421806
0.363541 0.054898
0.099854
0.900146
0.995070
0.004930
0.979568
0.020432
0.966610
0.033390
0.237182
0.762818
0.974224
0.025776
0.964259
0.035741
0.943766
0.056234
0.146606
0.853394
0.975223
0.024777
0.405975
0.594025
0.998805
0.001195
0.984559
0.015441
0.999977
0.000023
0.999883
0.000117
0.819957
0.180043
0.220303 0.766331
0.011004 0.002361
0.072837
0.927163
0.175207
0.824793
0.987767
0.012233
0.994732
0.005268
0.878794 0.094907
0.026295 0.000005
0.211882 0.401265
0.354322 0.032531
0.113651 0.731541
0.071931 0.082877
0.985434
0.014566
0.944650
0.055350
0.412200 0.564573
0.022969 0.000259
0.199120 0.738367
0.047923 0.014590
0.152512
0.847488
0.252623 0.664271
0.077015 0.006091
0.084506 0.224890
0.678040 0.012564
0.752710 0.211714 0.030096 0.002892
0.002582 0.000006 0.000000 0.000000
0.721182 0.252221
0.026590 0.000007
0.299118 0.390790
0.309216 0.000876
0.347518 0.530771
0.119408 0.002303
0.665806 0.328182
0.006007 0.000004
0.079360
0.920640
0.900279
0.099721
0.999926
0.000074
0.584697 0.372795
0.042437 0.000071
0.843351 0.123277
0.033370 0.000001
0.395204
0.604796
0.999774
0.000226
0.993427
0.006573
0.568611
0.431389
0.205013 0.771232
0.023039 0.000716
0.237193 0.699853
0.055689 0.007266
0.813754 0.142941
0.043302 0.000003
0.655854
0.344146
0.590448 0.362454
0.046973 0.000126
0.800521
0.199479
0.998725
0.001275
0.107223 0.840385
0.041367 0.011025
0.039670
0.960330
0.992677
0.007323
0.266257 0.333720 0.144717
0.247984 0.007313 0.000010
0.050620 0.680130
0.030604 0.238647
0.278259
0.721741
0.809043 0.188446
0.002511 0.000000
0.011198 0.111456
0.206585 0.670761
0.985869
0.014131
0.408728 0.481409
0.103022 0.006841
0.177114
0.822886
0.564993 0.381119
0.053552 0.000336
0.996310
0.003690
0.907756
0.092244
0.520370 0.468532
0.010917 0.000181
0.995048
0.004952
0.976419
0.023581
0.220426 0.418161 0.346709
0.011864 0.002772 0.000068
0.168388 0.438370
0.384599 0.008644
0.996817
0.003183
0.468908 0.500217
0.030437 0.000438
0.026938 0.430920
0.038481 0.503661
0.445599 0.481116
0.072510 0.000775
0.584755
0.415245
0.985782
0.014218
0.831698
0.168302
0.693453
0.306547
0.758670
0.241330
0.943146 0.049723
0.007131 0.000000
0.886636
0.113364
0.866046
0.133954
0.153155 0.677083
0.161944 0.007818
0.990316
0.009684
0.997443
0.002557
0.124107 0.430591
0.383221 0.062081
0.020018 0.290562
0.179813 0.509608
0.999910
0.000090
0.999074
0.000926
0.203915 0.387920
0.378829 0.029335
0.004439 0.113720
0.016824 0.865017
0.231313 0.236141
0.529755 0.002791
0.990519
0.009481
0.216036 0.552061
0.214316 0.017586
0.054457 0.443976
0.348754 0.152813
0.229859
0.770141
0.340058
0.659942
0.535430
0.464570
0.207000 0.766317
0.022580 0.004103
0.400281 0.530613
0.067257 0.001849
0.538381
0.461619
0.975082
0.024918
0.938452 0.061076
0.000471 0.000000
0.979133
0.020867
0.389378 0.550098
0.059189 0.001335
0.960276
0.039724
0.825080
0.174920
0.222878 0.418730
0.356239 0.002153
0.140794
0.859206
0.681739 0.263174 0.038574
0.016485 0.000029 0.000000
0.999475
0.000525
0.007445 0.095554
0.038495 0.858506
0.981750
0.018250
0.144494
0.855506
0.140694
0.859306
0.999459
0.000541
0.165827 0.219386
0.608904 0.005883
0.436942 0.330737
0.231496 0.000824
0.166978 0.591370
0.206037 0.035615
0.392504
0.607496
0.677739
0.322261
0.916973
0.083027
0.632070 0.286001 0.066382 0.010535
0.004954 0.000058 0.000000 0.000000
0.074835 0.880713
0.019127 0.025325
0.060786 0.463250
0.377393 0.098570
0.051934 0.282272 0.610607
0.010324 0.035319 0.009545
0.809542
0.190458
0.990174
0.009826
0.838818
0.161182
0.498963
0.501037
0.020840 0.159978 0.484215
0.021374 0.189428 0.124165
0.003367 0.171716
0.011849 0.813068
0.612878
0.387122
0.547872 0.442317
0.009763 0.000049
0.172146 0.662659
0.130600 0.034595
0.799928
0.200072
0.848855 0.149717
0.001428 0.000000
0.818593
0.181407
0.946788
0.053212
0.000898 0.025325
0.013632 0.960146
0.966777
0.033223
0.908338
0.091662
0.958427 0.040958
0.000616 0.000000
0.992897
0.007103
0.891178
0.108822
0.438066 0.421931
0.137861 0.002143
0.696205 0.298860
0.004935 0.000000
0.089367 0.858107
0.036063 0.016463
0.524556 0.464859
0.010537 0.000048
0.276246 0.393747
0.326122 0.003885
0.064720 0.224585
0.588689 0.122007
0.087929 0.549709
0.101618 0.260745
0.182805 0.407403
0.367323 0.042469
0.020041 0.127004 0.309199
0.076899 0.363471 0.103387
0.319860 0.675533
0.004579 0.000028
0.975760
0.024240
0.340328 0.317331 0.104554
0.234452 0.003332 0.000002
0.982587
0.017413
0.985804
0.014196
0.000553 0.017332
0.010648 0.971467
0.088862 0.232607
0.616101 0.062431
0.709107
0.290893
0.194604 0.417327
0.368061 0.020008
0.247706 0.489926
0.252517 0.009850
0.637437
0.362563
0.448500
0.551500
0.128046 0.371100 0.423259
0.049841 0.026719 0.001035
0.035910 0.860711
0.013134 0.090245
0.999947
0.000053
0.550832 0.434052
0.015026 0.000090
0.838877 0.123571
0.037551 0.000000
0.230342 0.468356 0.245983
0.053513 0.001806 0.000001
0.885685 0.111742
0.002573 0.000000
0.788167 0.208866
0.002966 0.000002
0.100272 0.616061
0.251963 0.031704
0.025763 0.478293
0.023293 0.472650
0.998134
0.001866
0.256012
0.743988
0.889667
0.110333
0.958152
0.041848
0.956338
0.043662
0.353480 0.629683
0.016718 0.000119
0.152334
0.847666
0.734285
0.265715
0.995993
0.004007
0.896372
0.103628
0.506915 0.481890
0.011147 0.000047
0.161483
0.838517
0.482743 0.306299
0.210620 0.000338
0.999807
0.000193
0.841265
0.158735
0.969802
0.030198
0.501895 0.338211 0.112307
0.046246 0.001332 0.000008
0.979634 0.018721
0.001645 0.000000
0.999491
0.000509
0.200540 0.747401
0.034146 0.017912
0.771112
0.228888
0.046364
0.953636
0.995547
0.004453
0.000200 0.018443
0.002741 0.978617
0.225407 0.399879
0.351408 0.023305
0.906536
0.093464
0.956910
0.043090
0.115959 0.788279
0.047109 0.048653
0.460656 0.378772 0.150903
0.009175 0.000490 0.000005
0.422710
0.577290
0.229779 0.397993
0.347360 0.024867
0.025933 0.237750
0.148200 0.588117
0.638273
0.361727
0.723336
0.276664
0.999580
0.000420
0.967354 0.031495
0.001151 0.000000
0.909329
0.090671
0.059880 0.369525
0.285004 0.285592
0.958698
0.041302
0.253368 0.603672
0.122679 0.020281
0.805904
0.194096
0.075919 0.408691
0.335927 0.179463
0.274070 0.574372
0.138072 0.013486
0.433278 0.552505
0.014034 0.000183
0.387671 0.406910
0.198217 0.007202
0.000161 0.007402
0.003018 0.989419
0.130809 0.725833
0.090667 0.052691
0.705055 0.206714
0.088127 0.000104
0.991813
0.008187
0.010085 0.146302
0.067875 0.775738
0.523845 0.392001
0.083893 0.000261
0.996815
0.003185
0.304897 0.674218
0.019881 0.001004
0.989529
0.010471
0.903980 0.092562
0.003458 0.000000
0.739503 0.240627
0.019870 0.000001
0.941771 0.057908
0.000321 0.000000
0.746400
0.253600
0.862176
0.137824
0.754478
0.245522
0.569230 0.328090 0.050467
0.052161 0.000053 0.000000
0.999785
0.000215
0.760251 0.171895
0.067825 0.000030
0.975407
0.024593
0.161878 0.440458
0.392869 0.004795
0.835400
0.164600
0.971237
0.028763
0.999204
0.000796
0.999906
0.000094
0.338287
0.661713
0.478040 0.320079
0.201834 0.000047
0.019867
0.980133
0.965465
0.034535
0.466224
0.533776
0.902773
0.097227
0.000338 0.020248
0.001542 0.977871
0.926473
0.073527
0.497360 0.484518
0.017965 0.000156
0.645967 0.339612
0.014409 0.000012
0.248385 0.407552 0.220717
0.117622 0.005715 0.000009
0.048923
0.951077
0.177399
0.822601
0.511844
0.488156
0.999999
0.000001
0.524912
0.475088
0.033611 0.097091
0.792029 0.077269
0.001034 0.038572
0.006230 0.954165
0.392480 0.495331
0.108068 0.004121
0.182614 0.668024
0.124050 0.025312
0.989159
0.010841
0.999899
0.000101
0.975650
0.024350
0.224293 0.414014 0.256353
0.097899 0.007419 0.000021
0.999869
0.000131
0.003819 0.084621
0.026537 0.885023
0.148342 0.719141
0.124639 0.007878
0.999774
0.000226
0.999950
0.000050
0.001643 0.078907
0.017404 0.902047
0.632650 0.324850
0.042455 0.000045
0.262521 0.412406
0.318168 0.006905
0.899313 0.093597
0.007091 0.000000
0.862567
0.137433
0.075327 0.401861
0.328018 0.194794
0.849747
0.150253
0.119951 0.430338
0.381729 0.067983
0.841883
0.158117
0.999999
0.000001
0.988010
0.011990
0.006128 0.116918
0.033850 0.843105
0.052625 0.322918 0.502356
0.068046 0.053670 0.000385
0.056986 0.313795 0.447795
0.110537 0.070401 0.000486
0.999946
0.000054
0.657025
0.342975
0.209733 0.413285
0.361387 0.015594
0.370125
0.629875
0.256633 0.397030
0.332192 0.014145
0.480713 0.493888
0.024979 0.000420
0.097924 0.414660
0.352779 0.134636
0.292325
0.707675
0.838918
0.161082
0.419939 0.565361
0.014554 0.000146
0.000088 0.004184 0.064289
0.000041 0.036435 0.894963
0.985946
0.014054
0.939877
0.060123
0.823759
0.176241
0.854050 0.112139
0.033803 0.000007
0.264373
0.735627
0.999771
0.000229
0.515300 0.416136
0.068512 0.000051
0.737190
0.262810
0.074121 0.378842 0.487829
0.040896 0.018242 0.000070
0.571729
0.428271
0.290116 0.571436
0.134346 0.004101
0.969075
0.030925
0.005111 0.101716
0.035854 0.857319
0.897919
0.102081
0.250382
0.749618
0.957319
0.042681
0.048796 0.262309 0.357510
0.215633 0.115193 0.000560
0.528393 0.436198
0.034957 0.000453
0.063898 0.311655 0.597450
0.007080 0.016986 0.002931
0.354921 0.362813
0.277153 0.005114
0.793070
0.206930
0.089916 0.205240 0.127626
0.542359 0.034824 0.000034
0.534812 0.428081
0.037010 0.000097
0.718765
0.281235
0.997541
0.002459
0.988688
0.011312
0.966099 0.031534
0.002367 0.000000
0.486955 0.303692
0.208946 0.000407
0.994960
0.005040
0.999352
0.000648
0.625475 0.250240
0.124229 0.000056
0.999711
0.000289
0.159585
0.840415
0.967522
0.032478
0.188143 0.578501
0.170174 0.063183
0.999558
0.000442
0.278205 0.640864
0.071917 0.009015
0.080071 0.674328
0.060463 0.185138
0.621464
0.378536
0.999863
0.000137
0.970719
0.029281
0.991552
0.008448
0.959059
0.040941
0.877589
0.122411
0.962167
0.037833
0.999612
0.000388
0.960961
0.039039
0.154691
0.845309
0.905621 0.093270
0.001110 0.000000
0.760770 0.205123
0.034089 0.000017
0.925274
0.074726
0.170560 0.623281
0.198096 0.008064
0.999937
0.000063
0.884573 0.110506
0.004921 0.000000
0.050015 0.478196
0.076552 0.395238
0.951075
0.048925
0.970611
0.029389
0.847640
0.152360
0.220811 0.314965 0.177444
0.268163 0.018523 0.000094
0.169663 0.406861
0.366137 0.057339
0.728210
0.271790
0.003175 0.088760
0.035857 0.872207
0.864241
0.135759
0.662984
0.337016
0.459301
0.540699
0.135345 0.752301
0.044597 0.067757
0.444911 0.393076 0.124665
0.036854 0.000494 0.000000
0.091355 0.874061
0.021957 0.012627
0.856769 0.141929
0.001301 0.000000
0.980672 0.018810
0.000518 0.000000
0.976326
0.023674
0.648147 0.312829
0.038992 0.000032
0.975635
0.024365
0.005591 0.284124
0.010958 0.699327
0.999913
0.000087
0.544786
0.455214
0.487877 0.435672
0.074320 0.002130
0.000844 0.088978
0.001316 0.908862
0.089439 0.630306
0.125232 0.155023
0.462025 0.484843
0.052873 0.000259
0.982440
0.017560
0.131885 0.431586
0.387202 0.049326
0.894896
0.105104
0.998909
0.001091
0.660267
0.339733
0.999179
0.000821
0.793886
0.206114
0.390313 0.540740
0.068035 0.000912
0.995773
0.004227
0.000527 0.013105 0.104674
0.001494 0.196692 0.683507
0.999909
0.000091
0.997401
0.002599
0.996202
0.003798
0.630598
0.369402
0.357463 0.524227
0.116766 0.001544
0.299528 0.620329
0.079657 0.000486
0.445417
0.554583
0.954477
0.045523
0.081498 0.395467
0.324088 0.198947
0.927373
0.072627
0.000776 0.044097
0.011309 0.943819
0.070175
0.929825
0.730063
0.269937
0.454768
0.545232
0.168747 0.822764
0.005266 0.003223
0.942428
0.057572
0.997525
0.002475
0.832404 0.127242
0.040353 0.000001
0.983389 0.016478
0.000133 0.000000
0.985586
0.014414
0.189270
0.810730
0.854149
0.145851
0.132900 0.657456
0.148121 0.061523
0.458922 0.514422
0.026441 0.000215
0.131849 0.425657
0.375701 0.066792
0.456345 0.327483
0.215714 0.000458
0.896116
0.103884
0.830644
0.169356
0.513099 0.304026
0.182683 0.000193
0.003340 0.040697
0.052205 0.903758
0.000883 0.024514
0.013388 0.961215
0.140075
0.859925
0.995108
0.004892
0.995956
0.004044
0.933610 0.063050
0.003341 0.000000
0.143866
0.856134
0.400359 0.347312
0.250477 0.001851
0.114402 0.569718
0.160557 0.155323
0.990406
0.009594
0.107397
0.892603
0.263690 0.490150
0.245159 0.001002
0.895932
0.104068
0.181748
0.818252
0.036919
0.963081
0.990367
0.009633
0.272313 0.707651
0.019813 0.000223
0.000855 0.015978 0.101697
0.003984 0.242953 0.634531
0.998148
0.001852
0.307524 0.584235
0.105411 0.002830
0.980674
0.019326
0.240380
0.759620
0.210533 0.408404 0.322694
0.048424 0.009765 0.000179
0.116263 0.279392
0.574784 0.029561
0.998160
0.001840
0.071320 0.522754
0.165102 0.240825
0.859490
0.140510
0.995089
0.004911
0.179522 0.659602
0.130946 0.029929
0.942758
0.057242
0.519050 0.469680
0.011231 0.000039
0.597593 0.280933
0.121395 0.000080
0.077163 0.612331
0.073356 0.237149
0.370732 0.458136 0.159433
0.011546 0.000153 0.000000
0.573270 0.417849
0.008850 0.000031
0.778244
0.221756
0.076495 0.408292
0.335842 0.179371
0.307221 0.652878
0.038278 0.001623
0.861936
0.138064
0.907599 0.086388
0.006013 0.000000
0.876304
0.123696
0.316176 0.663416
0.019382 0.001026
0.303724
0.696276
0.160433
0.839567
0.569950
0.430050
0.003264 0.049735 0.244621 0.567027
0.002244 0.070030 0.060347 0.002731
0.548958 0.395862
0.055086 0.000095
0.209996 0.755320
0.033372 0.001313
0.819789
0.180211
0.170209 0.751896
0.057432 0.020463
0.269710
0.730290
0.789554
0.210446
0.085123 0.340911
0.274030 0.299936
0.997722
0.002278
0.087634 0.874599
0.020160 0.017607
0.715097
0.284903
0.015608 0.356739
0.016514 0.611140
0.895746
0.104254
0.999985
0.000015
0.207834 0.760892
0.019871 0.011403
0.874573
0.125427
0.463799 0.400611 0.125881
0.009578 0.000130 0.000000
0.984444
0.015556
0.000513 0.031270
0.006620 0.961597
0.413211 0.563113
0.022810 0.000866
0.050978 0.243548 0.379451
0.155477 0.165282 0.005264
0.633133
0.366867
0.847959 0.139676
0.012362 0.000002
0.697386
0.302614
0.999992
0.000008
0.997998
0.002002
0.201801
0.798199
0.037644 0.420267
0.303204 0.238885
0.461697 0.322996
0.215083 0.000224
0.996634
0.003366
0.138273 0.411016
0.353066 0.097645
0.541617 0.364980 0.085992
0.007372 0.000038 0.000000
0.751039
0.248961
0.981565
0.018435
0.986898
0.013102
0.096811
0.903189
0.122226 0.358588 0.414046
0.066630 0.037022 0.001488
0.315619 0.665100
0.018627 0.000655
0.999923
0.000077
0.593091 0.282706
0.124190 0.000013
0.201738 0.796490
0.001707 0.000065
0.999887
0.000113
0.945501
0.054499
0.953318
0.046682
0.050726 0.247738
0.647983 0.053553
0.289475 0.708911
0.001518 0.000096
0.507808 0.403811
0.088173 0.000208
0.968924
0.031076
0.963470
0.036530
0.848900
0.151100
0.025047 0.212280
0.108622 0.654052
0.357409 0.522481
0.115920 0.004190
0.703251
0.296749
0.998944
0.001056
0.294655 0.683594
0.019969 0.001782
0.655842
0.344158
0.773354 0.205090
0.021552 0.000003
0.313397 0.609227
0.070308 0.007069
0.956393
0.043607
0.644869 0.349900
0.005208 0.000024
0.867204
0.132796
0.980599 0.018282
0.001119 0.000000
0.802201
0.197799
0.893367
0.106633
0.930879
0.069121
0.161477
0.838523
0.986067
0.013933
0.117366 0.512420
0.284035 0.086178
0.227869 0.640326
0.116930 0.014874
0.944190
0.055810
0.997108
0.002892
0.243283
0.756717
0.451229
0.548771
0.113725
0.886275
0.974215
0.025785
0.444661
0.555339
0.598159
0.401841
0.852781
0.147219
0.602522 0.334016
0.063407 0.000055
0.939950
0.060050
0.208467 0.413474
0.361516 0.016543
0.267183
0.732817
0.137380 0.430210
0.385641 0.046769
0.911743
0.088257
0.999043
0.000957
0.987488
0.012512
0.300852 0.563116
0.130872 0.005160
0.999992
0.000008
0.936525
0.063475
0.106319 0.410765
0.397563 0.085353
0.096480 0.368205 0.469421
0.040399 0.024938 0.000556
0.495671
0.504329
0.180017 0.421133
0.374201 0.024649
0.240895 0.633370
0.116656 0.009080
0.929424
0.070576
0.032394 0.314231
0.068565 0.584810
0.190314 0.416132
0.364184 0.029370
0.994405
0.005595
0.949025
0.050975
0.985434
0.014566
0.580320 0.366927
0.052665 0.000088
0.060350
0.939650
0.079226
0.920774
0.667069 0.227924
0.104968 0.000039
0.995524
0.004476
0.137824 0.351828 0.361507
0.099595 0.046851 0.002395
0.303811
0.696189
0.007609 0.133486
0.048680 0.810225
0.537016 0.392842
0.069974 0.000168
0.758169 0.226873
0.014903 0.000055
0.574644 0.416635
0.008701 0.000020
0.341773 0.407142
0.250788 0.000297
0.337117
0.662883
0.258747
0.741253
0.206385 0.410909
0.355131 0.027574
0.999751
0.000249
0.999728
0.000272
0.827467
0.172533
0.393369
0.606631
0.267345 0.271763
0.460273 0.000619
0.963554
0.036446
0.000484 0.035766
0.005021 0.958729
0.012906 0.223482
0.044900 0.718712
0.175330 0.237913
0.580436 0.006321
0.918526 0.069854
0.011620 0.000000
0.396568
0.603432
0.289797 0.396411 0.229920
0.076676 0.007120 0.000076
0.000079 0.002693 0.030880
0.000213 0.070415 0.895720
0.981988
0.018012
0.655430
0.344570
0.208623 0.768882
0.021558 0.000937
0.917091 0.068778
0.014127 0.000004
0.314973
0.685027
0.374021 0.621667
0.004110 0.000201
0.973092
0.026908
0.186590
0.813410
0.283260 0.384575
0.312592 0.019573
0.275765 0.403458 0.248564
0.065088 0.007042 0.000084
0.023575
0.976425
0.998245
0.001755
0.643109 0.235101
0.121575 0.000215
0.817358
0.182642
0.996332
0.003668
0.995667
0.004333
0.999937
0.000063
0.998033
0.001967
0.138000 0.512516
0.282776 0.066708
0.999986
0.000014
0.034184 0.303376
0.202094 0.460346
0.201559
0.798441
0.897210
0.102790
0.000001 0.000046 0.000833 0.008251
0.000000 0.000755 0.075413 0.914701
0.940221 0.051984
0.007795 0.000000
0.363718 0.366767
0.269256 0.000259
0.626634
0.373366
0.115657
0.884343
0.590654 0.400693
0.008632 0.000021
0.557001
0.442999
0.012022 0.230642
0.124958 0.632378
0.557668
0.442332
0.929749
0.070251
0.037705 0.316258
0.216660 0.429377
0.344967 0.563310
0.091436 0.000288
0.986867
0.013133
0.508914 0.449427
0.041515 0.000144
0.999958
0.000042
0.068584 0.664288
0.181060 0.086068
0.158161 0.599664
0.233314 0.008860
0.077681 0.361801 0.550870
0.004757 0.004745 0.000145
0.459465 0.491706
0.048535 0.000294
0.090913 0.368630 0.497432
0.024707 0.017864 0.000454
0.562453 0.432753
0.004783 0.000011
0.036328 0.209995 0.394067
0.123019 0.224737 0.011854
0.977573
0.022427
0.986321 0.013461
0.000218 0.000000
0.998372
0.001628
0.536255
0.463745
0.913725 0.073298
0.012977 0.000000
0.690919
0.309081
0.060371 0.419867
0.093164 0.426598
0.436203 0.338224
0.225498 0.000075
0.974877 0.020132
0.004990 0.000000
0.045894 0.251533 0.464276
0.080751 0.147200 0.010347
0.860472
0.139528
0.759238 0.227547
0.013207 0.000008
0.336624 0.542634
0.120265 0.000476
0.894273
0.105727
0.012979 0.175900
0.087545 0.723576
0.323192 0.621580
0.054981 0.000247
0.904884
0.095116
0.607479 0.354014
0.038440 0.000067
0.859612
0.140388
0.334998 0.596080
0.067376 0.001546
0.975547
0.024453
0.877096 0.116313
0.006591 0.000000
0.249770 0.438446
0.302665 0.009118
0.090166
0.909834
0.296026 0.440864 0.213569
0.047224 0.002312 0.000005
0.717529
0.282471
0.987061
0.012939
0.001427 0.064961
0.020692 0.912920
0.987431
0.012569
0.725079 0.245874
0.028978 0.000069
0.581756 0.409787
0.008415 0.000043
0.255319 0.399653
0.337175 0.007852
0.693052
0.306948
0.998104
0.001896
0.965572
0.034428
0.518677 0.470567
0.010714 0.000042
0.585877
0.414123
0.994965
0.005035
0.423168
0.576832
0.581376
0.418624
0.905825 0.090379
0.003796 0.000000
0.962969
0.037031
0.787508 0.200132
0.012343 0.000017
0.953350
0.046650
0.330850 0.354783
0.303963 0.010404
0.439053
0.560947
0.735031
0.264969
0.825338 0.160480
0.014180 0.000001
0.297249 0.386651
0.312898 0.003202
0.148895 0.445354
0.393485 0.012266
0.018290 0.323133
0.034018 0.624559
0.599737 0.398277
0.001983 0.000003
0.996439
0.003561
0.996104
0.003896
0.704971
0.295029
0.110435 0.400095 0.473285
0.010936 0.005176 0.000074
0.900469
0.099531
0.642468 0.240254
0.117215 0.000064
0.000045 0.007642
0.000451 0.991861
0.181699 0.432709
0.372574 0.013018
0.616439 0.355734
0.027787 0.000040
0.203667 0.735006
0.052441 0.008886
0.539076 0.354818
0.106082 0.000024
0.998705
0.001295
0.842240
0.157760
0.331544
0.668456
0.604509
0.395491
0.998541
0.001459
0.001972 0.052050
0.012999 0.932979
0.907727
0.092273
0.370054 0.209117
0.420763 0.000066
0.232393
0.767607
0.901485 0.082500
0.016015 0.000000
0.835654
0.164346
0.947730 0.052049
0.000220 0.000000
0.881301 0.114304
0.004395 0.000000
0.517093 0.186814
0.295247 0.000846
0.718553
0.281447
0.025715
0.974285
0.828902
0.171098
0.448566 0.520147
0.031254 0.000034
0.812752 0.096870
0.090377 0.000001
0.232831 0.641676
0.103016 0.022478
0.122013 0.676404
0.077685 0.123899
0.326117
0.673883
0.390036
0.609964
0.045853 0.313197 0.539991
0.048773 0.051705 0.000481
0.497521
0.502479
0.993293
0.006707
0.132004 0.377025 0.419661
0.047384 0.023165 0.000761
0.993806
0.006194
0.724324
0.275676
0.219873 0.411062
0.358487 0.010577
0.960947 0.038692
0.000361 0.000000
0.735198 0.260024
0.004750 0.000028
0.990335
0.009665
0.132126
0.867874
0.998435
0.001565
0.565849 0.279608
0.154430 0.000113
0.189883 0.723270
0.083738 0.003109
0.302585
0.697415
0.759039 0.219284
0.021667 0.000010
0.449895
0.550105
0.047928 0.717252
0.068292 0.166528
0.054544
0.945456
0.575368 0.398085
0.026506 0.000041
0.845044
0.154956
0.999379
0.000621
0.055075 0.327135
0.244199 0.373591
0.635378 0.357643
0.006973 0.000007
0.002950 0.070157
0.022375 0.904518
0.902131
0.097869
0.108725 0.459102
0.404650 0.027522
0.550114 0.414077
0.035739 0.000070
0.947300
0.052700
0.992068 0.007765
0.000167 0.000000
0.803223
0.196777
0.899494
0.100506
0.035614 0.169089 0.314440
0.136364 0.298678 0.045814
0.647588
0.352412
0.508340 0.480188
0.011307 0.000166
0.219249 0.754424
0.020567 0.005760
0.992923
0.007077
0.911456
0.088544
0.081052
0.918948
0.173159 0.303568 0.216796
0.258653 0.046878 0.000946
0.043482
0.956518
0.946666
0.053334
0.235761 0.742807
0.021000 0.000431
0.238145 0.480031
0.272643 0.009181
0.277539
0.722461
0.226306
0.773694
0.498609
0.501391
0.579746 0.419590
0.000663 0.000000
0.381440 0.547278
0.068428 0.002854
0.240080 0.621611
0.128595 0.009714
0.981249
0.018751
0.987893
0.012107
0.995733
0.004267
0.834136
0.165864
0.970089
0.029911
0.572856
0.427144
0.758893
0.241107
0.999011
0.000989
0.907360
0.092640
0.973397 0.024538
0.002065 0.000000
0.999564
0.000436
0.965705
0.034295
0.157260
0.842740
0.945345 0.047216
0.007439 0.000000
0.988481
0.011519
0.141058 0.324431 0.298969 0.155036
0.061513 0.018532 0.000457 0.000002
0.171977 0.424054
0.379887 0.024082
0.370921 0.359943
0.267453 0.001683
0.183801 0.670135
0.121781 0.024283
0.796480
0.203520
0.392786 0.408924 0.187747
0.010005 0.000534 0.000004
0.196611
0.803389
0.603598 0.191932
0.204327 0.000143
0.964720
0.035280
0.004745 0.096391
0.033157 0.865708
0.825284
0.174716
0.015953 0.201175
0.106520 0.676352
0.990886
0.009114
0.778329
0.221671
0.015345 0.186565
0.110580 0.687510
0.993816
0.006184
0.072151
0.927849
0.000037 0.001617 0.022720
0.000072 0.050132 0.925423
0.004515 0.084406
0.033806 0.877273
0.319738 0.395938 0.193542
0.086824 0.003944 0.000013
0.469446 0.311350
0.218783 0.000422
0.638927
0.361073
0.125996 0.786867
0.046046 0.041091
0.406364 0.488654
0.103786 0.001196
0.562508
0.437492
0.000206 0.016307
0.002571 0.980916
0.285683
0.714317
0.919296 0.080168
0.000536 0.000000
0.920200
0.079800
0.953761 0.046030
0.000209 0.000000
0.479372
0.520628
0.175761 0.720099
0.077614 0.026527
0.993706
0.006294
0.923617
0.076383
0.004843 0.073133 0.357320
0.009779 0.298549 0.256377
0.961454
0.038546
0.279612 0.715043
0.005027 0.000319
0.996085
0.003915
0.018135 0.181615 0.592833
0.016057 0.149643 0.041717
0.482043 0.315176
0.202264 0.000517
0.018066 0.232311
0.097139 0.652484
0.485512
0.514488
0.875213 0.108922
0.015863 0.000002
0.996943
0.003057
0.346846 0.635256
0.017415 0.000483
0.970263
0.029737
0.996410
0.003590
0.921822
0.078178
0.668087 0.295322
0.036336 0.000255
0.805217
0.194783
0.986468
0.013532
0.974572 0.023522
0.001906 0.000000
0.786630 0.202913
0.010455 0.000002
0.001210 0.040971
0.034073 0.923746
0.247973 0.464557
0.263689 0.023781
0.787792
0.212208
0.980623
0.019377
0.039764 0.464254
0.057280 0.438703
0.087191 0.280628 0.297097
0.248051 0.086077 0.000957
0.314345 0.616045
0.066307 0.003303
0.159561 0.716170
0.094156 0.030113
0.496859 0.396686
0.106171 0.000284
0.293729 0.593821
0.107037 0.005414
0.971594 0.028026
0.000380 0.000000
0.591120 0.404622
0.004252 0.000007
0.225747 0.315462 0.174098
0.267239 0.017370 0.000083
0.991947
0.008053
0.998231
0.001769
0.691140 0.209728
0.099119 0.000013
0.137872 0.402222 0.389694
0.055016 0.015054 0.000142
0.976365
0.023635
0.026391 0.203875 0.518075
0.040916 0.184074 0.026668
0.985540
0.014460
0.397037 0.524518
0.077377 0.001068
0.985603
0.014397
0.964886
0.035114
0.602339
0.397661
0.003953 0.085903
0.021383 0.888761
0.587679
0.412321
0.479125 0.508593
0.012213 0.000068
0.982002
0.017998
0.977949
0.022051
0.983700
0.016300
0.006126 0.201608
0.032787 0.759480
0.839446
0.160554
0.213213
0.786787
0.986047
0.013953
0.494251 0.479492
0.026231 0.000026
0.813689
0.186311
0.727034 0.149661
0.123179 0.000127
0.520767
0.479233
0.787704 0.169470
0.042823 0.000003
0.186151 0.708384
0.078450 0.027015
0.218656 0.708907
0.070698 0.001740
0.915248
0.084752
0.381061 0.358949
0.259684 0.000306
0.261312 0.682209
0.046236 0.010243
0.906344 0.090860
0.002796 0.000000
0.878008
0.121992
0.772916 0.213653
0.013427 0.000003
0.953111 0.044405
0.002485 0.000000
0.744702
0.255298
0.016218 0.325554
0.025766 0.632463
0.113861 0.436205
0.421201 0.028734
0.247742
0.752258
0.997680
0.002320
0.411368 0.485577
0.102320 0.000735
0.956480
0.043520
0.416550
0.583450
0.999662
0.000338
0.332840 0.328853 0.090843
0.245832 0.001632 0.000000
0.379158 0.407855 0.182002
0.029758 0.001222 0.000005
0.990449 0.008838 0.000051
0.000662 0.000000 0.000000
0.870836
0.129164
0.999987
0.000013
0.937706
0.062294
0.911706 0.085395
0.002899 0.000000
0.998766
0.001234
0.345622
0.654378
0.454566
0.545434
0.999280
0.000720
0.162422 0.507699
0.292185 0.037695
0.908068 0.090490
0.001442 0.000000
0.135348 0.781334
0.035985 0.047334
0.254191 0.396354
0.330972 0.018484
0.929506
0.070494
0.637044
0.362956
0.005147 0.100009
0.035845 0.858999
0.682907
0.317093
0.947543
0.052457
0.995599
0.004401
0.999955
0.000045
0.993019
0.006981
0.822078
0.177922
0.961106
0.038894
0.116641 0.549076
0.310056 0.024227
0.572855
0.427145
0.846596
0.153404
0.832498 0.153800
0.013701 0.000001
0.604893
0.395107
0.160577 0.372122 0.398462
0.041318 0.024832 0.002689
0.669089
0.330911
0.999713
0.000287
0.765308
0.234692
0.270915 0.630409
0.087308 0.011368
0.517107
0.482893
0.327122
0.672878
0.688592
0.311408
0.607067
0.392933
0.977140
0.022860
0.310862
0.689138
0.404015 0.531634
0.063549 0.000802
0.997367
0.002633
0.012744 0.174141
0.086131 0.726984
0.987623
0.012377
0.685175 0.295385
0.019406 0.000034
0.804105
0.195895
0.097473
0.902527
0.136871 0.461469
0.321589 0.080071
0.977074 0.022561
0.000366 0.000000
0.794663
0.205337
0.986056
0.013944
0.002187 0.151347
0.003594 0.842872
0.397812 0.536277
0.065030 0.000882
0.163656 0.670821
0.132829 0.032693
0.308852
0.691148
0.108965 0.678493
0.101448 0.111093
0.922941
0.077059
0.229091
0.770909
0.994152
0.005848
0.949659
0.050341
0.604164 0.383969
0.011850 0.000016
0.966799
0.033201
0.708989
0.291011
0.984895
0.015105
0.989218
0.010782
0.880131
0.119869
0.393343 0.590773
0.015597 0.000286
0.911043
0.088957
0.445994 0.521938
0.032030 0.000038
0.014157 0.121699 0.338018
0.068191 0.394520 0.063415
0.851437
0.148563
0.005145 0.102149
0.036099 0.856607
0.562483
0.437517
0.960508
0.039492
0.974051
0.025949
0.924110
0.075890
0.976330
0.023670
0.007615 0.183377
0.017261 0.791747
0.744275
0.255725
0.356765
0.643235
0.999545
0.000455
0.892261
0.107739
0.518366
0.481634
0.141388
0.858612
0.968186 0.028489 0.000547
0.002779 0.000000 0.000000
0.015650 0.151449
0.082888 0.750013
0.808091 0.144798
0.047111 0.000000
0.098634
0.901366
0.997661
0.002339
0.979754
0.020246
0.124719
0.875281
0.217255 0.401930
0.355856 0.024959
0.846845
0.153155
0.472134 0.399168 0.119174
0.009423 0.000100 0.000000
0.835748
0.164252
0.134705
0.865295
0.270165
0.729835
0.251706
0.748294
0.034211 0.249075 0.496175
0.077231 0.139209 0.004099
0.943486 0.046723
0.009791 0.000001
0.326322 0.655774
0.017792 0.000111
0.997002
0.002998
0.185085
0.814915
0.919827
0.080173
0.957496
0.042504
0.970873
0.029127
0.199795 0.508116
0.285709 0.006380
0.852193
0.147807
0.671069
0.328931
0.993956
0.006044
0.682168 0.308213
0.009618 0.000001
0.293365 0.561325
0.132898 0.012412
0.858036
0.141964
0.999992
0.000008
0.250260 0.655381
0.086958 0.007402
0.079469 0.398270
0.326290 0.195971
