2000 2
1 1 2 1 1 2 1 1 1 2 2 1 1 1 1 2 2 1 1 1 2 1 2 2 2 2 1 1 2 1 1 3 1 2 1 1 1 1 2 1 1 3 2 2 2 2 2 1 2 1 1 3 2 1 2 1 1 2 3 2 2 1 1 1 1 1 3 2 2 2 1 2 2 2 2 2 1 1 2 1 1 2 2 2 2 1 1 1 1 2 2 1 2 1 1 1 3 2 2 1 1 1 1 1 1 1 1 2 2 1 2 1 2 1 1 2 1 2 2 2 2 1 3 1 3 2 1 2 2 2 2 1 2 1 1 1 2 2 2 1 1 2 1 4 2 2 2 2 2 2 2 2 4 3 2 1 1 2 3 1 1 2 2 1 2 2 2 1 1 1 1 1 2 1 2 1 1 2 2 1 4 1 2 3 1 2 2 3 2 1 1 2 2 1 1 1 2 1 1 2 2 4 2 2 3 2 2 2 1 2 1 1 1 1 2 2 2 2 1 3 1 2 1 1 1 3 1 1 2 3 2 1 2 2 2 1 2 2 2 2 1 1 2 1 1 1 1 2 1 2 2 1 3 1 1 2 1 1 1 1 1 1 2 2 2 2 3 1 3 1 1 1 1 2 1 1 1 2 1 1 1 1 3 2 2 2 1 3 1 2 1 2 1 1 2 2 1 1 1 2 1 2 1 2 1 1 2 2 1 3 1 1 1 1 1 2 1 2 1 2 4 1 1 2 1 1 1 2 2 1 1 1 1 2 2 1 3 1 1 1 1 2 1 2 1 1 2 1 2 2 1 1 2 1 1 1 2 2 2 3 2 3 2 1 2 1 2 2 1 1 1 2 1 1 1 2 1 2 1 1 1 2 1 3 2 3 1 1 1 1 2 2 2 2 2 1 1 1 1 1 1 2 1 1 1 2 3 1 2 1 3 2 2 2 1 2 1 1 1 3 1 2 2 2 1 2 2 1 1 2 2 2 2 3 1 1 1 2 1 1 1 2 1 1 1 1 2 1 1 2 1 1 3 1 1 1 1 2 2 2 1 2 2 1 1 3 2 1 1 1 2 2 2 1 2 2 2 1 2 2 2 2 2 2 1 2 2 1 3 1 1 1 2 3 2 2 2 2 2 1 1 2 2 2 2 2 2 2 2 2 1 2 1 2 1 2 1 1 2 1 1 2 2 2 2 4 1 1 1 3 2 1 2 1 1 2 2 1 2 1 2 2 1 2 1 2 1 2 2 1 2 2 2 1 3 1 1 2 1 1 1 2 1 1 1 1 2 1 1 2 1 1 2 1 1 3 1 1 1 1 3 1 2 2 1 1 1 1 5 2 1 1 1 1 2 1 2 1 1 2 2 3 2 2 1 2 4 2 2 2 2 1 2 2 1 2 3 2 3 3 2 2 1 1 1 1 2 3 2 2 3 1 1 1 3 2 4 2 1 1 2 3 1 1 2 2 2 1 1 1 1 1 1 2 1 2 2 3 1 2 1 3 2 1 1 1 1 3 1 1 1 1 1 2 1 1 3 2 2 1 1 1 1 2 2 1 2 1 1 1 1 2 1 1 2 1 1 2 2 2 2 1 1 2 2 1 2 2 2 1 2 1 2 1 2 1 1 2 1 1 1 2 1 1 1 1 3 1 2 1 2 1 1 2 1 2 1 1 2 1 1 1 1 2 2 2 2 2 2 1 1 2 1 1 1 1 1 1 1 1 1 1 1 2 2 2 2 2 3 1 2 2 2 1 2 1 1 2 1 1 2 1 1 2 2 2 2 1 1 2 3 1 1 3 1 3 1 2 3 3 1 2 2 1 1 2 2 1 2 1 2 2 2 2 2 2 2 1 2 1 1 2 1 1 1 2 1 1 1 2 1 1 2 2 2 1 1 2 1 2 2 2 1 1 2 2 2 1 1 2 1 2 1 1 2 1 2 1 2 2 4 2 1 1 1 2 1 2 1 2 1 1 1 2 1 2 1 2 2 2 2 2 2 1 1 2 1 1 2 1 1 1 1 3 1 1 2 2 1 1 1 3 1 1 1 1 2 2 1 2 2 1 1 1 1 2 2 1 1 4 1 1 2 2 2 1 2 1 2 2 1 1 3 1 1 2 1 1 1 2 1 1 1 1 1 2 2 2 2 1 2 2 2 2 2 1 2 2 2 2 1 2 1 1 3 2 2 2 2 2 1 2 2 2 1 1 5 2 1 2 2 2 1 1 2 2 2 1 2 1 1 1 1 1 1 2 2 1 1 1 2 1 2 1 2 1 1 1 1 1 1 1 2 2 2 1 2 1 3 2 2 2 2 2 2 3 1 1 1 1 1 1 1 2 1 1 1 2 2 1 1 2 1 2 1 2 1 2 1 1 1 2 1 2 2 2 1 1 2 1 1 2 1 1 1 2 2 1 2 2 1 1 2 2 2 2 2 1 1 1 1 2 1 2 2 1 2 1 2 1 2 1 1 1 1 2 2 1 2 1 2 2 1 1 2 1 1 1 3 1 3 1 1 3 2 1 1 1 1 1 2 1 3 1 1 1 2 1 2 3 2 1 1 1 2 1 1 2 3 2 2 2 2 3 2 1 1 1 2 3 3 2 2 2 1 2 2 2 1 2 2 2 2 3 2 2 2 1 2 1 2 1 2 2 2 1 2 1 2 3 1 2 2 1 1 2 2 2 1 2 1 2 2 2 2 2 1 1 2 2 2 1 1 2 2 1 2 1 2 1 2 1 1 1 1 2 2 1 1 2 1 2 3 2 1 2 2 2 2 2 2 1 1 1 1 2 2 3 1 2 1 1 1 1 2 1 1 2 1 1 2 2 3 1 1 1 2 1 2 1 1 1 1 2 2 2 2 2 3 1 2 1 2 1 2 1 1 2 2 1 1 1 1 2 2 1 2 1 1 1 1 1 1 1 1 1 2 1 2 1 2 2 1 2 1 2 1 3 1 1 1 1 2 2 2 3 1 1 2 2 1 1 3 3 2 2 1 2 2 2 2 2 1 1 2 3 2 2 2 1 2 2 1 1 1 2 2 2 2 1 2 2 2 1 1 3 2 1 1 2 1 3 1 2 2 2 1 1 3 2 1 2 1 1 2 2 1 2 1 2 2 1 2 1 1 2 1 2 1 2 2 2 1 3 1 2 1 2 2 2 2 2 1 1 1 3 1 2 4 2 1 1 3 1 1 2 1 1 1 1 2 1 2 1 2 1 3 1 2 2 1 1 1 1 1 2 2 1 3 1 1 1 1 2 2 1 1 1 1 1 2 2 1 2 2 1 1 1 2 2 1 1 1 2 1 1 2 2 2 1 2 1 2 2 2 1 2 1 1 3 1 1 1 1 1 1 2 1 2 1 2 2 1 1 2 1 2 2 2 1 1 3 1 1 3 2 2 2 1 2 2 2 3 1 2 2 2 1 2 1 1 2 1 1 1 1 1 1 1 1 1 2 1 2 2 1 1 1 2 1 1 1 1 2 1 2 2 2 1 1 1 2 2 1 3 3 2 2 2 1 1 2 1 1 1 1 2 2 2 2 3 2 1 2 1 1 1 2 2 2 2 1 1 2 1 2 1 1 3 2 2 2 2 1 2 1 1 1 1 2 1 3 1 2 1 1 1 2 2 1 2 2 2 1 1 1 1 1 1 2 2 2 2 2 1 1 1 1 2 2 1 1 2 2 4 2 3 1 2 2 1 1 2 1 2 1 1 1 3 1 2 2 1 2 1 1 1 3 1 1 3 1 1 1 2 2 2 1 1 1 1 1 1 2 1 3 1 2 1 2 2 1 1 1 1 1 2 3 1 3 2 1 1 4 1 1 1 2 1 1 1 1 2 1 1 3 2 2 2 1 1 1 2 3 2 1 1 2 1 2 1 2 1 1 2 2 1 1 2 1 1 1 1 1 1 1 2 1 1 2 2 1 2 1 3 1 1 2 2 1 1 2 2 3 4 2 1 2 2 3 2 2 1 2 1 1 2 2 2 2 2 1 1 3 1 1 1 2 2 1 3 1 1 2 1 1 1 1 2 1 1 1 3 2 2 3 2 1 1 1 1 1 2 2 1 2 1 1 2 2 2 1 2 1 1 1 1 2 1 2 1 1 1 1 1 1 3 1 1 1 1 2 2 3 1 1 1 2 1 1 1 2 1 1 2 1 1 1 1 2 1 1 1 2 3 2 1 1 2 2 1 1 1 2 2 1 2 1 2 1 1 1 1 2 1 2 1 2 2 2 2 2 1 2 1 2 1 2 1 1 2 2 2 2 1 1 1 1 1 1 2 2 1 1 2 2 2 2 2 2 1 2 1 2 2 2 1 1 1 2 1 1 2 2 1 2 1 1 2 2 2 1 2 2 1 2 1 2 2 1 2 1 2 1 1 1 1 3 1 2 1 2 3 1 2 1 1 2 1 2 2 2 1 1 2 2 2 1 2 1 3 2 2 1 1 1 2 1 1 2 1 2 1 2 1 2 2 2 1 2 2 1 2 2 2 1 2 1 1 1
0.251677
0.748323
0.007205
0.992795
0.465798 0.025750
0.191748 0.316704
0.000050
0.999950
0.005490
0.994510
0.150085 0.001012
0.699860 0.149043
0.912702
0.087298
0.999350
0.000650
0.077017
0.922983
0.255500 0.002794
0.038644 0.703062
0.031856 0.968140
0.000000 0.000004
1.000000
0.000000
1.000000
0.000000
0.639461
0.360539
1.000000
0.000000
0.059468 0.940496
0.000000 0.000037
0.091126 0.000037
0.467333 0.441504
0.004913
0.995087
0.999999
0.000001
0.748640
0.251360
0.402714 0.583701
0.000105 0.013480
0.999995
0.000005
0.153889 0.004868
0.259576 0.581667
0.622885 0.116505
0.051582 0.209028
0.457692 0.016715
0.217594 0.307999
0.045648 0.000026
0.916064 0.038262
0.997385
0.002615
0.999815
0.000185
0.454379 0.499507
0.001337 0.044778
0.988104
0.011896
0.999988
0.000012
0.201023 0.487060 0.234625
0.000368 0.009818 0.067106
0.999867
0.000133
0.807333 0.037127
0.001795 0.153746
0.999965
0.000035
0.999897
0.000103
0.997060
0.002940
0.997909
0.002091
0.527908 0.027283
0.097974 0.346836
0.002614
0.997386
0.887241
0.112759
0.272248 0.017076 0.000465
0.472834 0.192242 0.045135
0.090508 0.000500
0.704256 0.204736
0.382545 0.034318
0.249021 0.334116
0.753688 0.044879
0.005414 0.196019
0.849918 0.056269
0.000507 0.093305
0.113665 0.886322
0.000000 0.000014
0.999694
0.000306
0.027992 0.000001
0.906172 0.065835
0.999824
0.000176
0.071916
0.928084
0.298108 0.381881 0.113515
0.005023 0.050299 0.151174
0.056509 0.943491
0.000000 0.000001
0.997579
0.002421
0.568421 0.003183
0.032854 0.395541
0.996481
0.003519
0.999485
0.000515
0.163123 0.834436
0.000018 0.002423
0.413870 0.012494 0.000061
0.350648 0.194245 0.028682
0.472913 0.116022
0.064268 0.346797
0.424218 0.026817
0.108989 0.439975
1.000000
0.000000
0.654623
0.345377
0.001516
0.998484
0.981517
0.018483
0.999842
0.000158
0.486015 0.056266 0.000218
0.021170 0.210416 0.225916
0.241809 0.000403
0.666096 0.091693
0.346113 0.009234
0.296498 0.348155
0.529645 0.069834
0.034108 0.366413
0.921050
0.078950
0.363932 0.002605
0.454234 0.179229
0.257747 0.742161
0.000000 0.000093
0.543007 0.048603
0.045155 0.363235
0.000152 0.999848
0.000000 0.000000
0.259981 0.001790
0.540274 0.197955
0.999908
0.000092
0.004343
0.995657
0.271202 0.003627
0.630675 0.094496
0.856229
0.143771
0.008804
0.991196
0.189134 0.000684
0.070416 0.739767
0.046087 0.953908
0.000000 0.000004
0.105913 0.893935
0.000000 0.000152
0.195173 0.003693
0.569962 0.231171
0.998067
0.001933
0.999505
0.000495
0.001262
0.998738
1.000000
0.000000
0.678061 0.008376
0.013245 0.300317
0.040838 0.959160
0.000000 0.000002
0.957784
0.042216
0.256851 0.739990
0.000011 0.003148
0.936831
0.063169
0.188658
0.811342
0.238499
0.761501
0.368884 0.245476 0.020787
0.007972 0.099624 0.257257
0.661412 0.215914
0.000278 0.122396
0.196232 0.011429
0.127839 0.664499
0.999101
0.000899
0.999250
0.000750
0.102764
0.897236
0.118043
0.881957
0.999941
0.000059
0.008328
0.991672
0.125014
0.874986
0.999879
0.000121
0.650208 0.175207
0.008833 0.165753
0.568571 0.176596
0.017831 0.237002
1.000000
0.000000
0.590038 0.065884
0.045251 0.298827
0.999254
0.000746
0.005905 0.994095
0.000000 0.000000
0.990573
0.009427
0.935358
0.064642
0.281132 0.715125
0.000014 0.003728
0.665517
0.334483
0.518915 0.343476
0.002076 0.135533
0.128191 0.000079
0.377159 0.494571
0.000243 0.999757
-0.000000 0.000000
0.070124 0.000439
0.819219 0.110218
0.999970
0.000030
0.038007 0.431037 0.530199
0.000000 0.000015 0.000743
0.995189
0.004811
0.432545 0.014526 0.000061
0.295341 0.223266 0.034260
0.702395 0.003544
0.033881 0.260180
0.984745
0.015255
0.655604 0.216995
0.003818 0.123583
0.447076 0.022573
0.104665 0.425687
0.362780 0.006855
0.238506 0.391859
0.378323 0.004000
0.342676 0.275001
0.228055
0.771945
0.109300 0.003131
0.538174 0.349396
0.999939
0.000061
0.002871
0.997129
0.948464
0.051536
0.231776 0.000269
0.706577 0.061378
0.636996 0.096180
0.022972 0.243853
0.581526 0.035847
0.068660 0.313967
0.441705
0.558295
0.999985
0.000015
0.372903 0.107443
0.021793 0.497862
0.989848
0.010152
0.252671 0.243575 0.046541 0.002567
0.005591 0.062080 0.176423 0.210553
0.396168 0.588681
0.000107 0.015044
0.630099 0.058113
0.038101 0.273687
0.018033 0.981967
0.000000 0.000000
0.798732 0.177478
0.000034 0.023756
0.148841 0.000026
0.588025 0.263107
0.542375 0.022603
0.126750 0.308272
0.398717 0.004654
0.298213 0.298416
0.123430 0.875881
0.000001 0.000688
0.134140 0.275578 0.148575 0.029873
0.003066 0.033969 0.125964 0.248836
0.017523 0.498801 0.483593
0.000000 0.000000 0.000083
0.048665 0.000107
0.859157 0.092071
0.988922
0.011078
0.101350
0.898650
0.632269 0.110529
0.024188 0.233014
0.126036 0.032280 0.002046
0.172981 0.386752 0.279905
0.999996
0.000004
0.999747
0.000253
0.547384 0.085574
0.034428 0.332614
0.652571 0.001291
0.052240 0.293898
1.000000
0.000000
0.573081 0.010323
0.162200 0.254396
0.419285 0.568475
0.000098 0.012142
0.047144 0.000026
0.912677 0.040153
0.987298
0.012702
0.979747
0.020253
0.987066
0.012934
0.999940
0.000060
0.096286
0.903714
0.201046 0.000151
0.753445 0.045358
0.992080
0.007920
0.030804 0.000013
0.944022 0.025161
0.818244
0.181756
0.999403
0.000597
0.440200 0.554013
0.000049 0.005737
0.068535 0.000001
0.891147 0.040316
0.999772
0.000228
0.001785 0.049871 0.311611 0.636719
0.000000 0.000000 0.000001 0.000013
0.481445
0.518555
0.529345 0.427936
0.000644 0.042075
0.267600 0.290721 0.042750
0.004921 0.083539 0.310468
0.640395
0.359605
0.172280 0.000190
0.778895 0.048635
0.436305 0.196755
0.008629 0.358311
0.383147 0.070481 0.000463
0.014742 0.204285 0.326882
0.128125 0.871651
0.000000 0.000224
0.379552
0.620448
1.000000
0.000000
0.058857 0.941101
0.000000 0.000043
0.189282 0.028464
0.172107 0.610148
0.999591
0.000409
0.010382
0.989618
0.960750
0.039250
0.410440 0.185030
0.013302 0.391228
0.001290
0.998710
0.006941
0.993059
0.628965 0.154463
0.023344 0.193228
0.148831 0.003813
0.253949 0.593407
0.017483 0.141868 0.376158 0.462408
0.000000 0.000015 0.000229 0.001837
0.252441 0.744438
0.000019 0.003102
0.042445 0.000004
0.813761 0.143791
0.012887 0.289484 0.697597
0.000000 0.000000 0.000032
0.631830 0.024659
0.081569 0.261942
0.404799 0.581328
0.000107 0.013766
0.357670 0.001789
0.052335 0.588205
0.017846
0.982154
0.506642 0.278373
0.013879 0.201107
0.017961
0.982039
0.001327
0.998673
0.069752
0.930248
0.974651
0.025349
0.654684 0.042129
0.043896 0.259291
0.314961 0.003705
0.334280 0.347053
0.229101 0.770796
0.000000 0.000103
0.131821 0.868133
0.000000 0.000046
0.067450
0.932550
0.497671 0.024788 0.000393
0.319434 0.133968 0.023747
0.089003
0.910997
0.180955 0.818042
0.000004 0.000999
0.999978
0.000022
0.999941
0.000059
0.025135
0.974865
0.024261 0.369205 0.606329
0.000000 0.000003 0.000202
0.999999
0.000001
0.999981
0.000019
0.289645 0.004767
0.323093 0.382495
0.167418 0.570366 0.225845
0.000036 0.002538 0.033797
0.648612 0.102255
0.017513 0.231621
0.998760
0.001240
0.612435 0.010321
0.011539 0.365705
0.369615 0.620260
0.000059 0.010065
0.648990 0.005331
0.015934 0.329744
0.996301
0.003699
0.166194 0.833001
0.000002 0.000803
0.492576 0.474642
0.000504 0.032277
0.392290 0.587676
0.000151 0.019883
0.584410 0.003627
0.024259 0.387704
0.999921
0.000079
0.999950
0.000050
0.000183 0.999817
-0.000000 0.000000
0.981931
0.018069
0.995193
0.004807
0.200008
0.799992
0.984154
0.015846
0.206073 0.000001
0.784533 0.009392
0.993637
0.006363
0.599055 0.360838
0.000912 0.039195
0.629527 0.299400
0.000109 0.070964
0.527374
0.472626
0.294803 0.477479 0.088070
0.000476 0.017719 0.121454
1.000000
0.000000
0.997264
0.002736
0.390365 0.608876
0.000000 0.000759
0.999917
0.000083
0.931161
0.068839
0.000498
0.999502
0.990911
0.009089
0.887407
0.112593
0.007555
0.992445
0.017026 0.000000
0.981563 0.001412
0.000102 0.999898
0.000000 0.000000
0.215632 0.784103
0.000000 0.000265
0.883313 0.018357
0.001678 0.096652
0.409826 0.113496 0.006628
0.073169 0.218417 0.178465
0.972371
0.027629
0.528580 0.085951 0.000436
0.009432 0.146603 0.228998
0.982689
0.017311
0.996401
0.003599
0.999822
0.000178
1.000000
0.000000
0.615503 0.033413
0.007571 0.343513
0.944202
0.055798
0.057881
0.942119
0.999998
0.000002
0.626936 0.187129
0.013827 0.172108
0.000097
0.999903
0.103401
0.896599
0.996072
0.003928
0.993598
0.006402
0.264132 0.365274 0.018902
0.000408 0.032964 0.318321
0.401801 0.559808
0.001214 0.037177
0.216481 0.782596
0.000000 0.000922
0.551006 0.037295
0.058749 0.352949
0.003801
0.996199
0.411831 0.071308 0.001451
0.063579 0.255667 0.196163
0.089780
0.910220
0.167632 0.000067
0.807533 0.024768
1.000000
0.000000
0.866722 0.029548
0.001016 0.102714
0.993724
0.006276
0.020338
0.979662
0.154623 0.843440
0.000019 0.001918
0.412895 0.102924
0.019249 0.464932
0.969478
0.030522
0.989453
0.010547
0.000246
0.999754
0.492495 0.102823
0.048431 0.356252
0.962821
0.037179
0.484637 0.008445
0.199792 0.307126
0.999270
0.000730
0.346786 0.652334
0.000001 0.000879
1.000000
0.000000
0.112220
0.887780
0.440126 0.000330
0.179743 0.379801
0.239790 0.760054
0.000000 0.000156
0.144059
0.855941
0.071952 0.429234 0.493613
0.000004 0.000280 0.004917
0.999999
0.000001
0.768167
0.231833
0.123995
0.876005
0.999999
0.000001
1.000000
0.000000
0.143660 0.003308
0.276513 0.576518
0.000258
0.999742
0.440509 0.046736
0.207622 0.305133
0.017704
0.982296
0.452135 0.010634
0.178361 0.358870
0.119053 0.415655 0.276131 0.050924
0.000053 0.002347 0.025375 0.110462
0.993982
0.006018
1.000000
0.000000
0.012386 0.000000
0.975063 0.012551
0.268993
0.731007
0.871209
0.128791
0.992323
0.007677
0.016344 0.983656
0.000000 0.000000
0.010082 0.989918
0.000000 0.000000
0.915754
0.084246
0.998667
0.001333
0.999860
0.000140
1.000000
0.000000
0.095054 0.904889
0.000000 0.000056
0.526493 0.443388
0.002497 0.027622
0.157422
0.842578
0.218904 0.192888 0.032938
0.013750 0.147282 0.394236
0.999997
0.000003
0.902212
0.097788
0.463001
0.536999
0.999836
0.000164
0.588477 0.097030
0.018727 0.295765
0.001238
0.998762
0.509131 0.036050
0.064504 0.390315
0.031465
0.968535
1.000000
0.000000
0.281047 0.716083
0.000012 0.002858
1.000000
0.000000
0.492988 0.001136
0.068334 0.437542
0.787567 0.142529
0.003923 0.065981
0.995760
0.004240
0.503501
0.496499
0.036604 0.000001
0.928165 0.035230
0.786052
0.213948
0.707173
0.292827
0.999803
0.000197
0.647474 0.141985
0.010552 0.199989
0.701481 0.295933
0.000002 0.002584
0.476406 0.004597
0.339323 0.179674
0.558166 0.294906 0.018741
0.003446 0.038926 0.085815
0.299170 0.698680
0.000010 0.002139
0.362566 0.009867 0.000034
0.371635 0.227497 0.028402
0.614847 0.001428
0.052195 0.331530
0.999991
0.000009
0.039770 0.000026
0.913115 0.047090
0.999999
0.000001
0.345155 0.646979
0.000042 0.007824
0.505878 0.023154
0.089322 0.381646
1.000000
0.000000
0.009493
0.990507
0.998853
0.001147
0.715374 0.009143
0.007051 0.268432
0.034549
0.965451
0.025980
0.974020
1.000000
0.000000
0.134621 0.864993
0.000003 0.000383
0.999976
0.000024
0.261928 0.731827
0.000022 0.006223
0.014422
0.985578
0.014894
0.985106
0.868128
0.131872
0.528109 0.109994
0.017717 0.344179
0.964835
0.035165
0.559002 0.041621 0.000132
0.047086 0.215212 0.136947
0.081313 0.918677
0.000000 0.000009
0.110046 0.439086 0.421817
0.000155 0.003575 0.025321
0.999794
0.000206
0.000078
0.999922
0.117986
0.882014
1.000000
0.000000
0.287107 0.707589
0.000033 0.005271
0.449139 0.030778
0.200395 0.319688
0.569093 0.384459
0.003010 0.043438
0.339002 0.016660
0.122767 0.521572
0.014439 0.985561
0.000000 0.000000
1.000000
0.000000
0.964913
0.035087
0.040899
0.959101
0.889096
0.110904
0.167939
0.832061
0.001308
0.998692
0.707049 0.043322
0.001528 0.248101
0.999981
0.000019
0.174719
0.825281
0.999658
0.000342
0.086062 0.913924
0.000000 0.000014
0.279632 0.038614 0.000614
0.107120 0.354680 0.219339
0.238659
0.761341
0.062476 0.937508
0.000000 0.000016
0.204518
0.795482
0.426831 0.036448 0.000545
0.193703 0.249507 0.092967
0.324431 0.173609
0.034517 0.467443
0.423359 0.046352
0.052050 0.478240
0.144644 0.000300
0.781061 0.073995
0.999981
0.000019
0.566356 0.220383
0.005608 0.207653
0.999975
0.000025
0.017151
0.982849
0.995844
0.004156
0.378923 0.209657 0.003537
0.001170 0.064010 0.342703
0.014011
0.985989
0.368802 0.019566
0.106376 0.505256
0.248468 0.748617
0.000010 0.002905
0.269829 0.005261
0.274092 0.450818
0.999871
0.000129
0.092644 0.905765
0.000008 0.001583
0.036665 0.963332
0.000000 0.000003
0.998398
0.001602
0.084688
0.915312
0.000010 0.999990
-0.000000 -0.000000
0.183413 0.814636
0.000006 0.001945
0.021622 0.978377
0.000000 0.000000
0.308177 0.007012
0.396937 0.287874
0.384451 0.036190 0.000107
0.031829 0.286861 0.260561
0.271076
0.728924
0.999979
0.000021
0.999993
0.000007
0.543159 0.410665
0.000976 0.045200
1.000000
0.000000
0.999999
0.000001
0.999988
0.000012
0.156356 0.841701
0.000019 0.001924
0.999682
0.000318
0.010887
0.989113
0.996596
0.003404
0.999874
0.000126
0.801584 0.092687
0.000293 0.105436
0.999909
0.000091
0.009698
0.990302
0.504870 0.364396
0.003133 0.127601
0.523935
0.476065
0.999383
0.000617
0.000314 0.051641 0.948044
0.000000 0.000000 0.000000
0.999969
0.000031
0.000167
0.999833
1.000000
-0.000000
0.959282
0.040718
0.011062 0.988938
0.000000 0.000000
0.703158 0.030877
0.054682 0.211283
0.007466 0.992534
0.000000 0.000000
0.673853
0.326147
0.644239 0.137764
0.015743 0.202253
0.746035 0.013815
0.005716 0.234434
0.057089
0.942911
0.052928
0.947072
0.149933 0.026238 0.001016
0.218886 0.396726 0.207202
0.035493 0.964505
0.000000 0.000002
0.514829
0.485171
0.000270
0.999730
0.249958
0.750042
0.014810 0.985189
0.000000 0.000001
0.370234 0.616743
0.000084 0.012940
0.591981 0.286295
0.006989 0.114735
0.027545
0.972455
0.077401 0.000031
0.606713 0.315856
0.457751 0.341940
0.002779 0.197530
0.085880 0.000001
0.893459 0.020660
0.807071
0.192929
0.447809 0.491847
0.001917 0.058427
0.087847 0.000627
0.625658 0.285868
0.259931 0.090199
0.078797 0.571073
0.590443 0.320866
0.002437 0.086254
0.022411 0.977588
0.000000 0.000001
0.072316 0.927661
0.000000 0.000023
0.999595
0.000405
0.199082 0.001437
0.491902 0.307579
0.547837 0.062106
0.053720 0.336337
0.996974
0.003026
0.140713 0.477600 0.324490
0.000155 0.005570 0.051471
0.470912
0.529088
0.565724
0.434276
0.999999
0.000001
0.000697 0.999303
0.000000 0.000000
0.017664 0.233606 0.748404
0.000000 0.000017 0.000308
0.551393 0.078999
0.026301 0.343307
0.630548 0.133748
0.012278 0.223427
0.365851 0.009382
0.012209 0.612559
0.772590 0.096916
0.012036 0.118458
0.708506 0.015900
0.006171 0.269423
0.987390
0.012610
0.073290
0.926710
0.179456 0.000772
0.610114 0.209658
0.210719 0.014083
0.142169 0.633029
0.511413 0.481033
0.000087 0.007467
0.418318 0.009436
0.194514 0.377732
0.571061 0.043772
0.046501 0.338667
0.499161 0.016328
0.130413 0.354098
0.784745 0.209951
0.000007 0.005297
0.030638 0.969361
0.000000 0.000001
0.616741 0.002199
0.069447 0.311613
0.941864
0.058136
0.596173 0.231808
0.011457 0.160562
0.976964
0.023036
0.635581 0.005188
0.031247 0.327983
0.999017
0.000983
0.440781 0.542641
0.000199 0.016379
0.999282
0.000718
0.013754
0.986246
0.581135 0.139968
0.038038 0.240859
0.423677
0.576323
0.049191
0.950809
0.592471 0.124460
0.015945 0.267124
0.005023 0.994977
0.000000 0.000000
0.702120 0.287274
0.000009 0.010597
0.065198 0.934793
0.000000 0.000009
0.116297 0.012760 0.000316 0.000003
0.337827 0.383670 0.128602 0.020525
0.012772
0.987228
0.999972
0.000028
0.999445
0.000555
0.338962 0.007611 0.000029
0.450522 0.182015 0.020860
0.020401 0.000001
0.932320 0.047278
0.002090
0.997910
0.095996 0.903952
0.000000 0.000052
0.941691
0.058309
1.000000
0.000000
0.059653 0.940330
0.000000 0.000017
0.690265 0.098977
0.000479 0.210279
0.989520
0.010480
0.211619 0.010129
0.184921 0.593331
1.000000
0.000000
0.540092 0.013390
0.043825 0.402694
0.592459 0.006935
0.050617 0.349989
0.999651
0.000349
0.428674 0.043180
0.051448 0.476698
0.534005
0.465995
0.128209 0.002361
0.365608 0.503821
0.051883
0.948117
0.314200 0.013001
0.142977 0.529823
0.001270 0.998730
-0.000000 0.000000
0.987904
0.012096
0.802569 0.026988
0.001788 0.168655
0.250750 0.017125
0.103009 0.629116
0.045431 0.000000
0.939189 0.015380
0.994144
0.005856
0.000263 0.048061 0.951676
0.000000 0.000000 0.000000
0.964106
0.035894
0.945739
0.054261
0.396162 0.004793
0.288675 0.310371
0.001934
0.998066
0.998673
0.001327
0.023812
0.976188
0.435970 0.008948
0.284458 0.270624
0.725879
0.274121
0.999994
0.000006
1.000000
0.000000
0.315391
0.684609
0.332932 0.039241
0.175109 0.452717
0.097004
0.902996
0.999975
0.000025
0.518088 0.013570
0.144911 0.323431
0.857982
0.142018
0.999609
0.000391
0.195994 0.802149
0.000007 0.001850
0.087482
0.912518
0.437165
0.562835
0.469543 0.018528 0.000026
0.094379 0.304271 0.113253
0.063250
0.936750
0.059605
0.940395
0.998755
0.001245
0.519772
0.480228
0.000304 0.041682 0.958014
0.000000 0.000000 0.000000
1.000000
0.000000
0.652612 0.125459
0.013586 0.208342
0.000161 0.999839
-0.000000 0.000000
0.986530
0.013470
0.994420
0.005580
0.747580
0.252420
0.125069
0.874931
0.208588 0.005415 0.000038 0.000000 0.000000
0.615359 0.155620 0.014232 0.000724 0.000024
0.361864 0.000289
0.272331 0.365515
0.271985
0.728015
1.000000
0.000000
0.716653
0.283347
0.096043
0.903957
0.623409 0.067962
0.031227 0.277402
0.000611
0.999389
0.317393 0.677997
0.000026 0.004584
0.994298
0.005702
1.000000
0.000000
0.178818 0.000954
0.565488 0.254740
0.602023 0.015418
0.117870 0.264689
0.158086 0.265956 0.088863
0.004375 0.082643 0.400078
0.482577 0.000652
0.116549 0.400222
0.338807 0.637174
0.000500 0.023519
0.064601
0.935399
0.213321 0.000059
0.649442 0.137177
0.118388 0.040185 0.003037 0.000074
0.092761 0.309708 0.299684 0.136164
0.666539 0.312801
0.000022 0.020638
0.316828 0.009779
0.199990 0.473403
0.288754 0.710186
0.000004 0.001055
0.476546 0.086016
0.040158 0.397279
0.999801
0.000199
0.237675 0.760665
0.000006 0.001654
0.104354 0.000918
0.513800 0.380928
0.157846
0.842154
0.553044 0.032765
0.098819 0.315371
0.433060 0.062936 0.001778
0.132760 0.235777 0.133689
0.001455 0.998545
0.000000 0.000000
0.000777 0.080850 0.918373
0.000000 0.000000 0.000000
0.182034 0.115378 0.002788
0.003201 0.122521 0.574079
0.240127 0.000057
0.580424 0.179393
0.440136 0.196884
0.013636 0.349345
1.000000
0.000000
0.999997
0.000003
0.992470
0.007530
0.999999
0.000001
0.096447 0.001320
0.748214 0.154019
0.205042 0.001083 0.000001
0.714137 0.077584 0.002152
0.256089 0.740085
0.000015 0.003811
0.540916 0.417608
0.000527 0.040949
0.054779 0.000120 0.000000
0.904097 0.040517 0.000488
0.148345
0.851655
0.083253
0.916747
0.044774
0.955226
0.278280 0.305589 0.048543
0.005460 0.081101 0.281029
0.615809 0.139478
0.016889 0.227825
0.216453 0.064795 0.004313 0.000092
0.094167 0.280502 0.241869 0.097809
0.176901 0.822821
0.000000 0.000278
0.999930
0.000070
0.004853
0.995147
0.627537 0.248575
0.003655 0.120232
0.049634 0.457527 0.490838
0.000000 0.000058 0.001942
0.893418
0.106582
0.734537
0.265463
0.430945 0.001705
0.424709 0.142641
0.610343 0.045506
0.045490 0.298660
0.424460 0.016795
0.124331 0.434414
0.233037
0.766963
0.988731
0.011269
0.914201
0.085799
0.023439
0.976561
0.985641
0.014359
0.992521
0.007479
0.298107 0.692708
0.000047 0.009137
0.999869
0.000131
0.552171 0.306033
0.010332 0.131464
0.178854 0.006708
0.195511 0.618927
0.089004 0.545490 0.360727
0.000001 0.000163 0.004615
0.121463
0.878537
0.329202 0.064226
0.031523 0.575048
0.997590
0.002410
0.441080 0.085244 0.002550
0.074475 0.224643 0.172008
0.156277 0.005819
0.265715 0.572189
0.002038
0.997962
0.032770
0.967230
0.975528
0.024472
0.995710
0.004290
0.013912 0.484300 0.501777
0.000000 0.000000 0.000011
0.029886
0.970114
0.997399
0.002601
0.409269
0.590731
0.135395
0.864605
0.972942
0.027058
0.344342 0.645795
0.000099 0.009765
0.035055
0.964945
0.999605
0.000395
0.269661 0.437768 0.153943
0.001866 0.027041 0.109721
0.292664 0.001677
0.572312 0.133346
0.565200 0.276150
0.003218 0.155432
0.989412
0.010588
0.994178
0.005822
0.009883
0.990117
0.998483
0.001517
0.145694 0.854252
0.000000 0.000054
0.291723 0.000920
0.618198 0.089159
1.000000
0.000000
0.415992 0.026098
0.163465 0.394445
0.936437
0.063563
0.046062
0.953938
0.999990
0.000010
0.999988
0.000012
0.276041 0.719855
0.000027 0.004077
0.996674
0.003326
0.004898
0.995102
0.320661 0.004439
0.354641 0.320259
0.999997
0.000003
0.078035
0.921965
0.195639 0.000074
0.790388 0.013899
0.546345 0.141855
0.046364 0.265436
0.123140 0.000009
0.758406 0.118445
0.500940 0.000195
0.261590 0.237275
1.000000
0.000000
0.999893
0.000107
0.318070 0.667638
0.000286 0.014006
0.076810 0.000055
0.580296 0.342838
0.001174
0.998826
0.077530 0.000730
0.774597 0.147143
0.403892 0.585343
0.000073 0.010692
0.497136 0.038636
0.173016 0.291212
0.505544
0.494456
0.207274 0.000175
0.743632 0.048919
0.209824
0.790176
0.254461 0.001377
0.559447 0.184715
0.724687
0.275313
0.194445 0.804507
0.000003 0.001045
0.613133
0.386867
0.192806
0.807194
0.114074 0.000098
0.333188 0.552640
0.016260
0.983740
0.999896
0.000104
0.999961
0.000039
0.380049 0.016491
0.129544 0.473916
0.999371
0.000629
0.060183
0.939817
0.843619
0.156381
0.967278
0.032722
0.200561 0.001830 0.000004
0.727614 0.067796 0.002195
0.017190
0.982810
0.103665 0.896003
0.000001 0.000331
0.988003
0.011997
0.129847 0.869985
0.000001 0.000167
0.051759
0.948241
0.000073
0.999927
0.341135 0.005045
0.280883 0.372937
0.999410
0.000590
0.329347 0.001078
0.139357 0.530217
0.065176
0.934824
0.699825
0.300175
0.000350 0.999650
0.000000 0.000000
0.999770
0.000230
0.707323
0.292677
0.934952
0.065048
0.011956
0.988044
0.700052 0.147255
0.007943 0.144750
0.011411 0.988589
0.000000 0.000000
0.623066 0.357803
0.000415 0.018716
0.026445 0.973555
0.000000 0.000000
0.673119 0.119403
0.000972 0.206506
0.076478 0.923344
0.000000 0.000178
0.981266
0.018734
0.005177
0.994823
0.389387 0.000294
0.254661 0.355658
0.988921
0.011079
0.999787
0.000213
0.995822
0.004178
0.032328
0.967672
0.436361
0.563639
0.064329
0.935671
0.798935
0.201065
0.981531
0.018469
0.999981
0.000019
0.000141
0.999859
0.815002
0.184998
0.165008 0.000436
0.716935 0.117621
0.175320 0.000686
0.624334 0.199660
0.568025 0.344015
0.005631 0.082330
0.534870 0.276730
0.004509 0.183891
0.441824 0.177020
0.072554 0.308601
0.412387 0.016235 0.000148
0.389762 0.161216 0.020252
0.936864
0.063136
0.124654 0.000142
0.277569 0.597635
0.194517 0.000138
0.764200 0.041145
0.080910 0.919055
0.000000 0.000035
1.000000
0.000000
0.326901 0.667820
0.000031 0.005249
0.985504
0.014496
0.999171
0.000829
0.330835 0.657571
0.000253 0.011342
0.999933
0.000067
0.000928
0.999072
0.389901 0.004526
0.304960 0.300613
0.914021
0.085979
1.000000
0.000000
0.624597 0.001215
0.056050 0.318138
0.594450 0.309858
0.002634 0.093058
0.455364 0.018344
0.200716 0.325576
0.719021 0.147942
0.007679 0.125357
1.000000
0.000000
1.000000
0.000000
0.593038 0.360972
0.001404 0.044586
0.007038 0.221002 0.771952
0.000000 0.000000 0.000008
0.999976
0.000024
0.999369
0.000631
0.000861 0.079229 0.919911
0.000000 0.000000 0.000000
0.999880
0.000120
0.505329 0.066778 0.000328
0.019941 0.189920 0.217704
0.209887
0.790113
0.052434 0.000080
0.845997 0.101490
0.293042 0.256681 0.024835
0.003850 0.085199 0.336394
0.335112 0.426528 0.061736
0.000919 0.027238 0.148468
0.191443
0.808557
0.650475 0.234139
0.003150 0.112235
0.051814 0.948168
0.000000 0.000018
0.025876
0.974124
0.002112
0.997888
0.608708 0.050683
0.039807 0.300802
0.287733 0.002558
0.425650 0.284059
0.036659
0.963341
0.498808 0.028786
0.087672 0.384734
1.000000
0.000000
0.724606 0.148615
0.006180 0.120599
0.828394 0.120159
0.000111 0.051335
0.369467 0.002536
0.412377 0.215619
0.056621 0.943367
0.000000 0.000012
0.502452 0.023226
0.097984 0.376338
0.411469 0.003203
0.349179 0.236149
0.795993 0.041049
0.037752 0.125205
0.983229
0.016771
0.630656 0.171941
0.015165 0.182238
0.999727
0.000273
1.000000
0.000000
0.006794 0.993206
0.000000 0.000000
0.134728
0.865272
0.999981
0.000019
0.997136
0.002864
0.407759 0.104624
0.070026 0.417591
0.999832
0.000168
0.983847
0.016153
0.999723
0.000277
0.257226 0.017727
0.386516 0.338532
0.998997
0.001003
1.000000
0.000000
0.510449 0.002666
0.138968 0.347917
0.311601 0.057941
0.050832 0.579627
0.449702 0.017604
0.192961 0.339733
0.005504
0.994496
0.995878
0.004122
0.134471 0.003085
0.402820 0.459624
0.992348
0.007652
0.360860 0.000711
0.186344 0.452085
0.878026 0.057537
0.000391 0.064046
0.403533 0.551012
0.000907 0.044548
0.064161
0.935839
0.886906
0.113094
0.288149 0.029197
0.257533 0.425122
0.173737 0.006072
0.212751 0.607440
0.421683 0.004769
0.296493 0.277055
0.334812
0.665188
0.094242
0.905758
0.040777 0.959223
0.000000 0.000000
0.072629
0.927371
0.114348 0.000208
0.816174 0.069270
0.999824
0.000176
0.859446
0.140554
0.030314 0.969686
0.000000 0.000001
0.002836
0.997164
0.153027 0.846959
0.000000 0.000014
0.982299
0.017701
0.076333 0.923646
0.000000 0.000021
0.763216 0.014353
0.086222 0.136209
0.207192 0.426619 0.185309 0.024661
0.000439 0.008437 0.044204 0.103139
0.276580 0.000040
0.631751 0.091629
0.049838
0.950162
0.989856
0.010144
1.000000
0.000000
0.117016 0.882563
0.000003 0.000418
0.007383
0.992617
0.442643 0.002992
0.026067 0.528298
1.000000
0.000000
0.298890 0.698904
0.000018 0.002187
0.995771
0.004229
0.996874
0.003126
0.032086
0.967914
0.809755 0.110923
0.000758 0.078565
0.285947
0.714053
0.592942 0.125418
0.013932 0.267708
0.999992
0.000008
0.292783 0.046476
0.045939 0.614801
0.028322 0.971678
0.000000 0.000000
0.312350 0.662528
0.000130 0.024992
0.412704 0.038286
0.076978 0.472032
0.329685 0.666358
0.000019 0.003938
0.071655 0.928315
0.000000 0.000030
0.149150
0.850850
0.744757
0.255243
0.712469 0.009552
0.006802 0.271176
0.999605
0.000395
0.844029
0.155971
0.685929 0.071884
0.031827 0.210359
1.000000
0.000000
0.498729
0.501271
0.999784
0.000216
0.159205
0.840795
0.008901 0.167815 0.823276
0.000000 0.000000 0.000008
0.055554
0.944446
0.194788
0.805212
0.261836 0.089697
0.075072 0.573396
0.018277 0.981723
0.000000 0.000000
0.999405
0.000595
0.894828
0.105172
0.941576
0.058424
0.356938 0.066359 0.000425
0.014228 0.211559 0.350491
0.818122
0.181878
0.997832
0.002168
0.999356
0.000644
0.020541
0.979459
0.364632 0.003212
0.363683 0.268473
0.636434 0.007606
0.016985 0.338975
0.013567
0.986433
0.190083 0.000700
0.069567 0.739650
0.072279 0.927690
0.000000 0.000031
0.999994
0.000006
0.941142
0.058858
0.727520
0.272480
1.000000
0.000000
0.525295 0.454059
0.000240 0.020407
0.445906 0.522715
0.001044 0.030335
0.999864
0.000136
0.057300
0.942700
0.242540 0.043730 0.002212 0.000043
0.210342 0.298424 0.156241 0.046467
0.245305
0.754695
1.000000
0.000000
0.745843 0.052856
0.002706 0.198594
0.383832 0.003660
0.381271 0.231237
0.601623 0.310253
0.001980 0.086144
0.000502
0.999498
0.597462 0.002901
0.028588 0.371049
0.998662
0.001338
0.809204 0.103908
0.000216 0.086673
0.429976 0.008173
0.221501 0.340350
0.999890
0.000110
0.220265
0.779735
0.420813 0.105854 0.000984
0.008605 0.150309 0.313436
1.000000
0.000000
0.258068
0.741932
0.551905 0.443927
0.000002 0.004166
0.007435
0.992565
0.808732
0.191268
0.154241
0.845759
0.137447 0.000045
0.636506 0.226002
0.980499
0.019501
0.999070
0.000930
0.939047
0.060953
0.989699
0.010301
1.000000
0.000000
0.124017 0.875765
0.000000 0.000218
0.008776 0.000000
0.985638 0.005586
0.419558 0.012515
0.265985 0.301942
0.316780 0.017485
0.115817 0.549918
0.050879
0.949121
0.594754 0.051910
0.038295 0.315041
0.522724 0.445126
0.000380 0.031770
0.454533 0.000325
0.182700 0.362442
0.382014 0.604863
0.000221 0.012902
0.184221 0.815717
0.000000 0.000062
0.999959
0.000041
0.688166 0.234633
0.002437 0.074765
0.696337 0.156440
0.025191 0.122033
0.101749 0.000854
0.523284 0.374114
0.043417 0.956582
0.000000 0.000002
0.854107
0.145893
0.632961 0.004903
0.242738 0.119398
0.605801
0.394199
0.037708
0.962292
0.003173 0.153862 0.842963
0.000000 0.000000 0.000002
0.773094 0.194277
0.000110 0.032520
0.480407 0.032773
0.071169 0.415651
0.344530 0.015141
0.145230 0.495100
0.531315 0.017265
0.135721 0.315698
0.224807 0.001127
0.101151 0.672914
0.977053
0.022947
0.396807 0.004241
0.322842 0.276110
0.401676 0.526965
0.003256 0.068104
0.122414 0.001712
0.388064 0.487810
0.999884
0.000116
0.188397
0.811603
0.258830 0.195570 0.040791 0.003396 0.000125
0.017904 0.096419 0.167568 0.144722 0.074675
0.455925 0.015485
0.218374 0.310216
0.998065
0.001935
0.527826 0.107805
0.018861 0.345508
0.539005 0.063648
0.033279 0.364069
0.368095 0.622196
0.000060 0.009649
0.183931
0.816069
0.999964
0.000036
0.118241 0.881629
0.000000 0.000130
0.297960 0.695638
0.000047 0.006355
0.483721 0.077091
0.158245 0.280943
0.906977
0.093023
0.537621 0.025095
0.103365 0.333920
0.990246
0.009754
0.153583
0.846417
0.999606
0.000394
0.999397
0.000603
0.042374
0.957626
0.605778
0.394222
0.121288 0.878511
0.000000 0.000200
0.443090 0.541151
0.000146 0.015612
0.932643
0.067357
0.995853
0.004147
1.000000
0.000000
0.240719 0.002744
0.404528 0.352009
0.931713
0.068287
0.000477 0.999523
0.000000 0.000000
0.999577
0.000423
0.059245 0.940749
0.000000 0.000006
0.992495
0.007505
0.129868
0.870132
0.999982
0.000018
0.999991
0.000009
1.000000
0.000000
0.728982
0.271018
0.114280
0.885720
0.000189 0.999811
-0.000000 0.000000
0.217098 0.004148
0.342130 0.436624
0.050411 0.000207
0.840793 0.108589
0.999956
0.000044
0.017076 0.982924
0.000000 0.000000
1.000000
0.000000
0.432121 0.177560 0.016571
0.040403 0.155771 0.177574
0.116763 0.883226
0.000000 0.000011
0.508468 0.009646
0.023443 0.458442
0.439738 0.429358
0.001377 0.129527
0.377930 0.004998
0.364696 0.252376
0.274195 0.000061
0.471509 0.254234
0.530679 0.335397
0.010458 0.123466
0.283694 0.006368 0.000018
0.457603 0.228588 0.023730
0.136329
0.863671
0.978307
0.021693
0.001709
0.998291
0.013828
0.986172
0.977957
0.022043
0.999141
0.000859
0.006494
0.993506
0.000024 0.999976
0.000000 0.000000
0.987569
0.012431
0.979401
0.020599
0.389224
0.610776
0.138275 0.003136
0.313063 0.545526
0.600198 0.297358
0.008021 0.094423
0.993482
0.006518
0.958143
0.041857
0.119572 0.880394
0.000000 0.000034
0.445914
0.554086
0.230780 0.000320
0.709742 0.059158
0.997677
0.002323
0.646560 0.042268
0.077405 0.233767
0.998490
0.001510
0.675667 0.032925
0.054905 0.236503
0.999683
0.000317
0.775543
0.224457
0.775654
0.224346
0.392742 0.002932
0.379442 0.224884
0.002763
0.997237
0.134495 0.865268
0.000001 0.000236
0.425351 0.530847
0.001385 0.042418
0.160497 0.003338
0.348174 0.487991
0.436470
0.563530
0.999934
0.000066
0.290111 0.692388
0.000351 0.017150
0.999975
0.000025
0.092694
0.907306
0.433703 0.001471
0.052885 0.511941
0.999741
0.000259
0.001154
0.998846
0.999575
0.000425
0.022076 0.977924
0.000000 0.000000
0.244433 0.001043
0.623088 0.131436
0.996422
0.003578
0.313368 0.679591
0.000049 0.006993
0.557428 0.101581
0.064320 0.276670
0.078417
0.921583
0.622994
0.377006
0.088622 0.911372
0.000000 0.000005
0.150620 0.000070
0.482208 0.367103
0.171864 0.827174
0.000011 0.000950
0.200832 0.798239
0.000003 0.000926
0.541416 0.021845
0.091842 0.344897
0.991277
0.008723
0.959896
0.040104
1.000000
0.000000
0.999466
0.000534
0.766370 0.004565
0.014761 0.214304
0.745863
0.254137
0.087903 0.912048
0.000000 0.000049
0.197979 0.800930
0.000004 0.001087
0.057102
0.942898
0.153181 0.846317
0.000002 0.000500
0.251289
0.748711
0.507517 0.084005
0.043766 0.364712
0.999414
0.000586
0.427992 0.010799
0.302049 0.259160
0.997448
0.002552
0.999884
0.000116
0.009934
0.990066
0.999357
0.000643
0.357630 0.605882
0.000235 0.036253
0.154570 0.844915
0.000001 0.000515
0.988519
0.011481
0.629759 0.099934
0.020941 0.249367
1.000000
0.000000
0.521368 0.066351
0.109572 0.302708
0.162277 0.014640
0.298883 0.524199
0.017495
0.982505
1.000000
0.000000
0.494885 0.502575
0.000002 0.002538
0.979056
0.020944
0.999983
0.000017
0.055354
0.944646
0.091014 0.000725 0.000000
0.574140 0.308506 0.025615
0.078597
0.921403
0.007008 0.223949 0.769033
0.000000 0.000000 0.000010
0.998676
0.001324
0.613840
0.386160
0.023587 0.366094 0.610120
0.000000 0.000003 0.000196
0.047322 0.000000
0.942191 0.010487
0.280694
0.719306
0.999981
0.000019
0.162509
0.837491
0.994665
0.005335
0.999965
0.000035
0.637977 0.080046
0.022135 0.259842
0.883643
0.116357
0.000000 0.000160 0.999840
-0.000000 -0.000000 0.000000
0.999999
0.000001
0.055564
0.944436
0.984183
0.015817
0.449395 0.545003
0.000001 0.005601
1.000000
0.000000
0.113346 0.001044
0.497700 0.387910
0.308274 0.055970 0.002501
0.178824 0.296223 0.158209
0.000137 0.999863
-0.000000 0.000000
0.999684
0.000316
0.023726
0.976274
0.010945
0.989055
0.633616 0.080407
0.024499 0.261478
0.999904
0.000096
0.999347
0.000653
0.615131 0.309678
0.001661 0.073531
0.024487 0.370893 0.604475
0.000000 0.000002 0.000143
0.108629 0.891266
0.000000 0.000106
0.694304 0.202692
0.005230 0.097774
0.018831 0.981169
0.000000 0.000000
0.553840 0.021869
0.097289 0.327001
0.357281 0.253571 0.035264
0.012882 0.108762 0.232239
0.749576 0.014128
0.003995 0.232301
0.200055
0.799945
0.999996
0.000004
0.998474
0.001526
0.094497 0.000001
0.880227 0.025275
0.070216 0.418542 0.505308
0.000006 0.000369 0.005558
0.327076 0.024471 0.000368
0.278320 0.277581 0.092184
0.461053 0.012535
0.171836 0.354576
0.639746 0.114835
0.019758 0.225662
0.512543 0.102338
0.023281 0.361839
0.001078
0.998922
0.234963 0.021212
0.082488 0.661338
0.495089 0.015865
0.130862 0.358184
0.083520 0.916449
0.000000 0.000030
0.946780
0.053220
0.061519 0.938476
0.000000 0.000005
0.724044 0.185537
0.000372 0.090047
0.508697 0.462652
0.000321 0.028330
0.798154 0.034659
0.001516 0.165670
0.099196 0.556506 0.336264
0.000002 0.000297 0.007735
0.453001 0.001439
0.144185 0.401375
0.239128 0.755443
0.000028 0.005400
0.462809 0.012017
0.158981 0.366194
0.175823
0.824177
0.636502 0.108065
0.014646 0.240787
0.096960
0.903040
0.856651 0.132215
0.000024 0.011109
0.946374
0.053626
0.433855 0.146078
0.015693 0.404375
0.719262 0.030071
0.001951 0.248717
0.674625 0.002066
0.043588 0.279721
0.000115
0.999885
0.018017 0.981983
0.000000 0.000000
0.094087
0.905913
0.391514 0.098588
0.027305 0.482593
0.083857 0.383247 0.518099
0.000076 0.001700 0.013021
0.000706
0.999294
0.292451 0.001209
0.536562 0.169778
0.121490 0.000236
0.765479 0.112795
0.987902
0.012098
0.095091
0.904909
0.367329 0.627343
0.000005 0.005323
0.000014 0.999986
0.000000 0.000000
0.502330 0.480325
0.000689 0.016657
0.999984
0.000016
0.512613 0.468080
0.000834 0.018472
0.935724
0.064276
0.226536 0.004237
0.320778 0.448448
0.191308 0.011461
0.158186 0.639045
0.495353 0.201803
0.012918 0.289927
0.244072 0.000198
0.281677 0.474053
0.562441 0.290750
0.010857 0.135952
0.998257
0.001743
0.000747
0.999253
0.619463 0.032950
0.085371 0.262216
0.482347 0.039550
0.192855 0.285248
0.197194 0.000441
0.676536 0.125829
0.984562
0.015438
0.996407
0.003593
0.454598 0.538918
0.000058 0.006426
0.087962 0.912024
0.000000 0.000014
0.995321
0.004679
0.535766 0.282400
0.003386 0.178449
0.996384
0.003616
0.100055 0.001853
0.657572 0.240520
1.000000
0.000000
0.377253 0.036989
0.062255 0.523502
0.999945
0.000055
1.000000
0.000000
0.493664
0.506336
0.999184
0.000816
0.000444 0.999556
-0.000000 0.000000
0.312879 0.004585
0.016008 0.666527
0.023734
0.976266
0.046475
0.953525
0.033454 0.000016
0.935326 0.031204
0.999924
0.000076
0.466361 0.460353
0.001966 0.071320
0.418278 0.054266 0.001165
0.131019 0.257487 0.137786
0.685408 0.022731
0.004773 0.287089
0.999654
0.000346
0.624860 0.230606
0.004814 0.139721
0.078206 0.000349
0.684282 0.237163
0.612055 0.082354
0.031324 0.274267
0.439398 0.011996
0.315315 0.233291
0.294695 0.000830
0.574524 0.129951
0.056143 0.943842
0.000000 0.000015
0.888933
0.111067
1.000000
0.000000
0.147150
0.852850
0.999957
0.000043
0.459429 0.316532
0.003371 0.220668
0.055422 0.944573
0.000000 0.000004
0.284491 0.021319 0.000226
0.237617 0.341811 0.114536
0.071515
0.928485
0.258824 0.000029
0.610511 0.130636
0.997658
0.002342
0.015829
0.984171
0.054665
0.945335
0.999823
0.000177
0.450143 0.001958
0.043924 0.503975
0.998052
0.001948
0.257170
0.742830
0.355175 0.636540
0.000055 0.008230
0.186378
0.813622
0.985254
0.014746
0.400790 0.028995
0.076228 0.493986
0.142045 0.000081
0.828978 0.028896
0.025531 0.372039 0.600729
0.000000 0.000028 0.001673
0.968159
0.031841
0.999881
0.000119
0.997144
0.002856
0.570540 0.031380
0.065749 0.332330
0.888960
0.111040
0.252919 0.000099
0.382359 0.364623
0.950701
0.049299
0.862617
0.137383
0.999277
0.000723
0.335855
0.664145
0.053448 0.000089
0.842229 0.104235
0.387167 0.582926
0.000253 0.029655
0.688606 0.283354
0.000690 0.027350
0.310386 0.688976
0.000000 0.000638
0.184949 0.000010
0.716505 0.098536
0.454650 0.062958 0.000283
0.016322 0.202535 0.263251
0.987654
0.012346
0.168303 0.830491
0.000013 0.001193
0.977341
0.022659
0.398434 0.011964
0.163945 0.425656
0.042447
0.957553
0.231734 0.038221
0.154587 0.575459
0.998298
0.001702
0.994658
0.005342
0.185160 0.003435
0.609581 0.201824
0.230230 0.768598
0.000000 0.001171
0.917001
0.082999
0.999932
0.000068
1.000000
0.000000
0.999997
0.000003
0.000012 0.999988
0.000000 -0.000000
0.471260 0.083063
0.043485 0.402192
0.909606
0.090394
0.544156 0.040892
0.089391 0.325562
0.007693
0.992307
0.005984
0.994016
0.986356
0.013644
0.999572
0.000428
0.999937
0.000063
0.926977
0.073023
0.098942
0.901058
0.023261
0.976739
0.999291
0.000709
0.335374 0.005672
0.012634 0.646320
0.998634
0.001366
0.574119 0.052380
0.039236 0.334265
0.031825
0.968175
0.577758 0.043698
0.047214 0.331331
0.189390 0.809568
0.000003 0.001039
0.001964
0.998036
0.141979 0.858009
0.000000 0.000012
0.999177
0.000823
0.766712 0.026209
0.005426 0.201653
0.957814
0.042186
0.277473 0.001914 0.000003
0.638600 0.078691 0.003319
0.871613
0.128387
0.004653
0.995347
0.096552
0.903448
0.999454
0.000546
0.010091 0.989909
0.000000 0.000000
0.703594 0.246499
0.003570 0.046337
0.124221 0.002484
0.409949 0.463346
0.478801 0.258785 0.020350
0.009931 0.079946 0.152186
0.990229
0.009771
0.999999
0.000001
0.300701 0.001541
0.501159 0.196598
0.022293 0.977707
0.000000 0.000000
0.994478
0.005522
0.007325
0.992675
0.394045 0.171108 0.009155
0.016329 0.146427 0.262936
0.291520 0.496176 0.092457
0.000315 0.013726 0.105806
0.048137 0.951862
0.000000 0.000001
0.039958 0.000027
0.911607 0.048408
0.999997
0.000003
0.219941 0.778407
0.000007 0.001645
0.726675 0.004225
0.020170 0.248930
0.308866 0.673729
0.000340 0.017064
0.681934 0.113961
0.020270 0.183835
0.089052 0.000003
0.908990 0.001956
0.019134
0.980866
0.000797
0.999203
0.035130 0.964869
0.000000 0.000001
0.149542 0.694078 0.132490
0.000005 0.000954 0.022932
0.520814 0.101421
0.038033 0.339732
0.833918 0.157162
0.000017 0.008903
0.000032 0.999968
0.000000 0.000000
0.933431
0.066569
0.098339 0.001636
0.570990 0.329035
0.698230 0.172686
0.005338 0.123746
0.123054
0.876946
0.909284
0.090716
0.090951
0.909049
0.139333 0.000551
0.643282 0.216835
0.662651 0.149455
0.009887 0.178007
0.375659 0.599492
0.000656 0.024192
0.188688 0.012464
0.173847 0.625001
0.999433
0.000567
0.562712 0.187083
0.007421 0.242784
0.601357 0.000436
0.153241 0.244967
0.451362 0.283376
0.004941 0.260321
1.000000
-0.000000
0.953038
0.046962
0.217653 0.095681 0.008905
0.059330 0.273101 0.345330
0.683157 0.235520
0.002998 0.078325
0.000603
0.999397
0.917213
0.082787
0.491295 0.051020
0.047455 0.410229
0.990017
0.009983
0.189573 0.036361 0.000291
0.026995 0.299288 0.447492
0.974988
0.025012
0.583897 0.045285
0.137240 0.233578
0.170986 0.003579
0.286628 0.538806
0.606746 0.176345
0.008159 0.208749
0.999804
0.000196
0.998995
0.001005
0.235590 0.138097 0.011484
0.021289 0.192470 0.401069
0.677975 0.311107
0.000013 0.010905
0.999888
0.000112
0.023033 0.976966
0.000000 0.000000
0.939646
0.060354
0.999960
0.000040
0.023620 0.976379
0.000000 0.000001
0.628070 0.019298
0.005503 0.347129
0.789449
0.210551
0.207319 0.003766
0.380999 0.407916
0.079374
0.920626
0.341738 0.643874
0.000247 0.014142
0.182167 0.011094
0.198286 0.608453
0.012890
0.987110
0.466081 0.478459
0.001842 0.053619
0.099147
0.900853
0.012867
0.987133
0.108148 0.000081
0.369453 0.522317
0.076867
0.923133
0.088863 0.000024
0.893315 0.017798
0.947823
0.052177
0.470507 0.204648
0.030952 0.293893
0.541823 0.151975
0.041465 0.264737
0.036964 0.963034
0.000000 0.000002
0.017450
0.982550
0.300361 0.029967 0.000124
0.053814 0.334984 0.280750
0.998020
0.001980
0.781459 0.117677
0.014316 0.086548
0.001639
0.998361
0.025033 0.000001
0.952714 0.022252
0.151343 0.004085
0.255229 0.589343
0.455617 0.041622
0.059272 0.443490
0.272019 0.727635
0.000000 0.000345
0.293203 0.000948
0.553431 0.152418
0.088100
0.911900
0.306598
0.693402
0.996006
0.003994
0.143281 0.530045 0.211560
0.000064 0.006345 0.108704
0.000321
0.999679
0.519028 0.422293
0.000709 0.057970
0.001109 0.042855 0.314728 0.641306
0.000000 0.000000 0.000000 0.000002
0.813914 0.125074
0.001481 0.059531
0.109742
0.890258
0.177501
0.822499
0.436153 0.176055 0.008371
0.014648 0.133228 0.231546
0.686872
0.313128
0.030858
0.969142
0.129765 0.002118
0.354697 0.513421
0.992316
0.007684
0.961645
0.038355
0.439313
0.560687
0.997260
0.002740
0.306822 0.688718
0.000022 0.004439
0.993277
0.006723
0.056058 0.943913
0.000000 0.000030
0.948880
0.051120
0.296959 0.000107
0.381371 0.321562
0.999999
0.000001
0.181791 0.000592 0.000000
0.642193 0.169728 0.005695
0.999990
0.000010
0.388001 0.012576
0.154500 0.444923
0.033089 0.000006
0.954633 0.012272
0.905594
0.094406
0.000866
0.999134
0.999786
0.000214
0.993463
0.006537
0.999886
0.000114
0.175157 0.000649
0.110860 0.713333
0.534669 0.018227
0.131559 0.315544
0.030587
0.969413
0.278724 0.371443 0.095118
0.003006 0.049540 0.202169
0.999534
0.000466
0.969620
0.030380
0.005868
0.994132
0.985164
0.014836
0.061568 0.938424
0.000000 0.000008
0.492345 0.037371
0.188326 0.281958
0.013976
0.986024
0.002587
0.997413
1.000000
0.000000
0.012731
0.987269
0.874229
0.125771
0.509028 0.462586
0.000313 0.028073
0.208164 0.790830
0.000003 0.001003
0.999280
0.000720
0.715171 0.145894
0.009147 0.129788
0.102326 0.897609
0.000000 0.000065
0.109856
0.890144
0.000281
0.999719
0.211603
0.788397
0.843223 0.086743
0.000273 0.069762
0.019930 0.980070
0.000000 0.000000
0.163853
0.836147
0.998704
0.001296
0.166590
0.833410
0.017951 0.982048
0.000000 0.000000
0.998932
0.001068
0.998009
0.001991
0.060856 0.000136
0.800342 0.138666
0.049961 0.950034
0.000000 0.000006
0.120413 0.000224
0.769374 0.109989
0.992226
0.007774
0.213510 0.014755
0.102465 0.669271
0.956487
0.043513
0.062167 0.000258
0.866595 0.070980
0.317388 0.000024
0.574857 0.107730
0.006907 0.000000
0.990990 0.002103
0.978512
0.021488
0.344658 0.016136
0.311676 0.327530
0.999917
0.000083
0.998829
0.001171
0.580616 0.130630 0.001013
0.005301 0.094592 0.187849
0.114395
0.885605
1.000000
0.000000
1.000000
0.000000
0.678123
0.321877
0.000536
0.999464
0.605294
0.394706
0.500335 0.462213
0.000574 0.036877
0.004902
0.995098
0.084781 0.915186
0.000000 0.000032
0.998307
0.001693
0.173150 0.020411
0.212501 0.593938
0.517745 0.013237
0.144263 0.324756
0.251063
0.748937
0.026253
0.973747
0.392974 0.043778
0.100779 0.462470
0.999974
0.000026
0.434982 0.004500
0.299393 0.261125
0.532108 0.363434
0.001581 0.102878
0.626515 0.068269
0.028101 0.277116
0.999974
0.000026
0.098865
0.901135
0.193183 0.182784 0.019163
0.004829 0.114464 0.485577
0.998419
0.001581
0.025994
0.974006
0.097664 0.554387 0.338431
0.000002 0.000347 0.009169
0.025321 0.000001
0.915779 0.058898
0.509307 0.370163
0.001687 0.118843
0.630912 0.084466
0.026509 0.258113
0.994088
0.005912
0.402276 0.574521
0.000221 0.022981
0.167126 0.830352
0.000034 0.002488
0.224356 0.772630
0.000033 0.002981
0.277254 0.082754 0.002855
0.036898 0.259168 0.341071
0.999882
0.000118
0.631350 0.071264
0.025401 0.271986
0.118452 0.881379
0.000000 0.000168
0.069299 0.000019
0.623864 0.306818
0.035338
0.964662
0.298443 0.056430
0.049830 0.595297
0.079391
0.920609
0.044330
0.955670
0.418277 0.451735
0.001656 0.128333
0.999666
0.000334
0.025795
0.974205
0.037460
0.962540
0.381714
0.618286
1.000000
0.000000
0.000710
0.999290
0.996886
0.003114
0.997321
0.002679
0.000988
0.999012
0.401308 0.030108
0.083717 0.484867
0.998978
0.001022
0.408938 0.003871
0.328595 0.258596
0.392685 0.602645
0.000001 0.004669
0.691822
0.308178
0.091762
0.908238
0.041499
0.958501
0.665262 0.263920
0.002434 0.068384
0.844409
0.155591
0.930647
0.069353
1.000000
0.000000
0.997750
0.002250
0.253433 0.003461
0.354343 0.388764
0.040457
0.959543
0.354655 0.006867
0.255170 0.383307
0.559496 0.170541
0.011622 0.258340
0.238351 0.760033
0.000006 0.001610
1.000000
0.000000
0.002573
0.997427
1.000000
0.000000
0.090037 0.000858
0.613294 0.295810
0.027138 0.000001
0.908489 0.064372
1.000000
0.000000
0.418663 0.158891 0.012229
0.047458 0.168227 0.194533
0.190356 0.003001 0.000009
0.619800 0.172124 0.014710
0.633249 0.205137
0.006244 0.155370
0.025046 0.974954
0.000000 0.000000
0.264175 0.031413
0.057168 0.647245
0.150257
0.849743
0.999993
0.000007
0.076277 0.000047
0.897616 0.026061
0.999947
0.000053
0.986584
0.013416
0.999666
0.000334
0.020341
0.979659
0.484665 0.474871
0.000435 0.040028
0.038902 0.000002
0.873232 0.087864
0.297656 0.003402
0.359507 0.339434
0.316843 0.678245
0.000024 0.004888
0.140915 0.047364 0.002805
0.085296 0.338594 0.385026
0.100833 0.000103
0.835481 0.063582
0.999901
0.000099
0.527846 0.002072
0.042778 0.427303
0.096983
0.903017
0.998683
0.001317
0.998612
0.001388
0.421420 0.297731
0.007631 0.273218
0.567413 0.031284
0.066872 0.334431
0.164353 0.009924
0.368754 0.456968
0.653103 0.164785
0.009548 0.172564
0.681965
0.318035
0.996321
0.003679
0.609318 0.324523
0.001301 0.064857
0.885600
0.114400
0.228777 0.000270
0.705463 0.065490
0.996113
0.003887
0.269893
0.730107
0.001435 0.107364 0.891201
0.000000 0.000000 0.000000
0.151747 0.006833
0.430096 0.411324
0.417675 0.556726
0.000261 0.025337
0.035795 0.000005
0.845794 0.118405
0.656825 0.115850
0.013097 0.214229
0.091642
0.908358
0.325423 0.671825
0.000014 0.002738
0.128964
0.871036
0.194546
0.805454
0.953473
0.046527
1.000000
0.000000
0.195291 0.000041
0.557315 0.247353
0.000367
0.999633
0.000904 0.084519 0.914577
0.000000 0.000000 0.000000
0.361758
0.638242
0.190531 0.006270
0.231915 0.571284
0.879314
0.120686
0.999554
0.000446
0.020489
0.979511
0.732295 0.009250
0.015369 0.243086
0.041390 0.958572
0.000000 0.000038
0.999311
0.000689
0.039072 0.000026
0.914955 0.045947
0.681598 0.068146
0.035708 0.214547
0.206856 0.014564
0.118117 0.660464
0.999979
0.000021
1.000000
0.000000
0.192536
0.807464
0.999612
0.000388
0.977772
0.022228
0.999994
0.000006
0.638194 0.048741
0.041730 0.271334
0.441128 0.192801
0.008253 0.357818
0.032444 0.000016
0.938063 0.029476
0.321265 0.676857
0.000016 0.001862
0.310015 0.097253
0.060939 0.531793
0.999040
0.000960
0.021104
0.978896
0.991303
0.008697
0.972800
0.027200
0.431582 0.046717
0.148160 0.373541
0.240013 0.758913
0.000004 0.001069
0.818167
0.181833
0.999812
0.000188
0.217134 0.000018
0.651234 0.131614
0.495825 0.497794
0.000065 0.006317
0.149001 0.428116 0.234336 0.035648
0.000101 0.003661 0.032540 0.116598
0.024858 0.975141
0.000000 0.000000
0.437766 0.101034 0.001106
0.016134 0.170190 0.273771
0.017176
0.982824
0.076637 0.923327
0.000000 0.000036
0.556101 0.001651
0.047384 0.394864
0.998300
0.001700
0.999945
0.000055
0.019709 0.000000
0.980169 0.000122
0.984654
0.015346
0.000079 0.999921
-0.000000 -0.000000
0.836476
0.163524
0.995699
0.004301
0.347918
0.652082
0.077279 0.437188 0.471254
0.000011 0.000778 0.013491
0.921361
0.078639
0.576774 0.031201
0.069573 0.322452
0.849624 0.116669
0.000079 0.033628
0.775475
0.224525
0.044981 0.000036
0.914104 0.040879
0.998454
0.001546
0.999358
0.000642
0.816852
0.183148
0.148942 0.578607 0.245791
0.000015 0.001449 0.025196
0.891174
0.108826
0.007896
0.992104
0.407877 0.164340 0.010243
0.028440 0.160618 0.228481
0.999916
0.000084
0.335791
0.664209
1.000000
0.000000
0.620334 0.335985
0.000784 0.042898
0.667491 0.131002
0.011350 0.190157
0.600871 0.022464
0.167668 0.208997
0.999999
0.000001
0.003293
0.996707
0.003093
0.996907
0.999870
0.000130
1.000000
0.000000
0.886287
0.113713
0.122359 0.877459
0.000000 0.000181
0.999977
0.000023
0.257521 0.481317 0.145204
0.001125 0.020398 0.094435
0.864203
0.135797
0.158836 0.840901
0.000001 0.000262
0.022528
0.977472
0.701646 0.212574
0.000088 0.085692
0.151987 0.000165
0.782202 0.065646
0.984612
0.015388
0.975443
0.024557
0.103778
0.896222
0.057654
0.942346
0.999999
0.000001
0.178109 0.004243
0.259132 0.558516
0.057582 0.490686 0.448882
0.000000 0.000070 0.002779
0.993169
0.006831
0.046836 0.357199 0.581312
0.000015 0.000857 0.013780
0.306592 0.007266
0.222586 0.463557
0.557929
0.442071
0.002701
0.997299
0.465082 0.095653 0.005775 0.000147
0.132487 0.186743 0.090824 0.023289
0.001158
0.998842
0.457491
0.542509
0.999942
0.000058
0.680363 0.072883
0.026495 0.220259
0.000679
0.999321
0.999778
0.000222
0.999931
0.000069
0.005467
0.994533
0.667402 0.014535
0.005657 0.312406
0.065830
0.934170
0.097988
0.902012
0.020569 0.534818 0.444438
0.000000 0.000001 0.000174
0.011534 0.988466
0.000000 0.000000
0.118599 0.000145
0.806060 0.075195
0.241800 0.000058
0.593563 0.164579
0.996375
0.003625
0.193086
0.806914
0.880000
0.120000
0.096231 0.903367
0.000003 0.000399
0.152372 0.043010 0.003441
0.175253 0.356512 0.269412
0.323619 0.672732
0.000017 0.003632
0.999931
0.000069
0.189417
0.810583
0.304655 0.694984
0.000000 0.000361
0.999569
0.000431
0.470678 0.000917
0.158961 0.369443
0.982613
0.017387
0.204114 0.794617
0.000004 0.001265
0.981494
0.018506
0.000818
0.999182
0.261092 0.001563
0.045520 0.691825
0.856400 0.127343
0.000037 0.016220
0.893606
0.106394
0.999276
0.000724
0.142334 0.000649
0.629872 0.227144
0.013860
0.986140
0.370529
0.629471
0.999756
0.000244
1.000000
0.000000
0.075599
0.924401
0.945995
0.054005
0.721894
0.278106
0.356457 0.000743
0.092157 0.550643
0.999999
0.000001
0.999838
0.000162
0.009158 0.990842
0.000000 0.000000
0.023598 0.976400
0.000000 0.000001
0.175429
0.824571
0.064634 0.000011
0.663387 0.271968
0.980443
0.019557
0.264630 0.502997 0.106920
0.000295 0.013517 0.111641
0.050906
0.949094
0.995722
0.004278
0.557174 0.400214
0.000580 0.042032
0.433357 0.000435
0.172219 0.393989
0.006018
0.993982
0.997993
0.002007
0.161451 0.836354
0.000014 0.002181
0.808893 0.072832
0.014112 0.104163
0.228095 0.511933 0.127151
0.000219 0.012159 0.120443
0.006938 0.084509 0.328747 0.579717
0.000000 0.000000 0.000006 0.000082
0.076708 0.923274
0.000000 0.000018
0.998804
0.001196
0.185824 0.003350
0.605819 0.205007
0.097731 0.000002
0.873100 0.029168
0.014967 0.484102 0.500841
0.000000 0.000000 0.000090
0.878916 0.106528
0.000039 0.014517
0.119417 0.002994
0.455700 0.421890
0.997540
0.002460
0.453480 0.035286
0.188114 0.323121
0.058720
0.941280
0.999993
0.000007
0.561064 0.026604
0.094479 0.317852
0.450205 0.547569
0.000001 0.002224
0.251199 0.743901
0.000027 0.004874
0.065263 0.934723
0.000000 0.000014
0.295067 0.003252
0.368154 0.333526
0.992055
0.007945
0.999885
0.000115
0.428691 0.024842 0.000206
0.226086 0.253257 0.066918
0.000081
0.999919
0.079775
0.920225
1.000000
0.000000
0.116941 0.882780
0.000002 0.000277
0.777908 0.204623
0.000025 0.017444
0.047630
0.952370
0.151205 0.581161 0.240728
0.000014 0.001427 0.025464
0.995062
0.004938
0.002531
0.997469
0.706138 0.020318
0.003061 0.270483
0.844414
0.155586
1.000000
0.000000
0.939734
0.060266
0.500963
0.499037
0.516939 0.038049
0.131527 0.313484
1.000000
0.000000
0.858038
0.141962
0.909420
0.090580
0.254866 0.577717 0.144935
0.000036 0.002041 0.020406
0.076993 0.922923
0.000001 0.000083
0.166785 0.833111
0.000000 0.000104
0.000262 0.047820 0.951918
0.000000 0.000000 0.000000
0.742958 0.123762
0.028362 0.104918
0.999261
0.000739
0.237717
0.762283
0.468773
0.531227
0.942953
0.057047
0.999990
0.000010
0.002009 0.997991
0.000000 0.000000
0.824931 0.054829
0.001265 0.118975
0.594454
0.405546
0.543107 0.028684
0.103797 0.324412
0.999997
0.000003
0.999694
0.000306
0.644070 0.154250
0.013548 0.188131
0.604802 0.379790
0.000265 0.015144
0.445074 0.082114
0.097413 0.375400
0.997491
0.002509
0.078642 0.000019
0.562716 0.358623
1.000000
0.000000
0.133877
0.866123
0.948706
0.051294
0.999902
0.000098
0.521804 0.017689
0.118409 0.342098
0.999999
0.000001
0.539203 0.137584
0.073777 0.249436
0.016912
0.983088
0.983609
0.016391
0.876575
0.123425
0.999994
0.000006
0.999515
0.000485
0.242648
0.757352
0.138748 0.151965 0.044885
0.022258 0.180666 0.461479
0.928009
0.071991
0.986202
0.013798
0.989816
0.010184
0.332762
0.667238
0.452095 0.014339
0.180032 0.353534
0.072260 0.000245
0.729613 0.197882
0.432769 0.122379 0.005026
0.041292 0.190329 0.208205
0.980069
0.019931
0.012623
0.987377
0.999969
0.000031
0.411256 0.576902
0.000095 0.011748
0.910055
0.089945
0.120557
0.879443
0.999974
0.000026
0.498166 0.021223
0.100178 0.380433
0.959561
0.040439
1.000000
0.000000
0.145414 0.854427
0.000000 0.000159
0.847230
0.152770
0.964197
0.035803
0.999903
0.000097
0.910694
0.089306
0.240904 0.000523
0.678118 0.080455
0.067300
0.932700
0.945964
0.054036
0.245110
0.754890
0.244535 0.001426
0.513763 0.240276
0.079783 0.528835 0.386259
0.000001 0.000172 0.004950
0.159081 0.840017
0.000005 0.000897
0.999892
0.000108
0.952608
0.047392
0.397374 0.575556
0.000754 0.026315
0.482644 0.002300
0.038656 0.476400
0.999179
0.000821
0.990367
0.009633
0.359181
0.640819
0.462998 0.437908
0.003960 0.095134
0.625971 0.008446
0.010274 0.355309
1.000000
0.000000
0.042637 0.957361
0.000000 0.000002
0.999602
0.000398
0.099403 0.900577
0.000000 0.000021
0.125866
0.874134
0.025575
0.974425
0.000483
0.999517
1.000000
0.000000
0.024672 0.975328
0.000000 0.000000
0.998568
0.001432
0.497593 0.474900
0.000314 0.027193
0.999190
0.000810
0.187897 0.003851
0.618197 0.190055
0.000009 0.999991
0.000000 0.000000
0.388625 0.589846
0.000200 0.021329
0.094799 0.905146
0.000000 0.000054
0.263689 0.734242
0.000028 0.002042
1.000000
0.000000
0.564306 0.050334
0.085342 0.300018
1.000000
0.000000
0.190965 0.808924
0.000000 0.000110
0.996598
0.003402
0.629648 0.078468
0.081428 0.210455
0.993875
0.006125
0.982684
0.017316
0.115857 0.001414
0.440196 0.442534
0.294299 0.701377
0.000023 0.004301
0.384717 0.003559
0.378632 0.233091
0.305973 0.032110
0.193627 0.468291
0.989034
0.010966
0.648208
0.351792
0.993345
0.006655
0.004105
0.995895
0.868200
0.131800
0.012395
0.987605
0.107022 0.000060
0.354820 0.538098
0.302186 0.014223
0.135708 0.547883
0.999785
0.000215
1.000000
0.000000
0.318403 0.677277
0.000020 0.004301
0.090356 0.909550
0.000000 0.000094
0.337093 0.093123
0.067237 0.502547
0.409872 0.580964
0.000063 0.009102
0.353250 0.638841
0.000046 0.007862
0.734607 0.146662
0.000186 0.118545
1.000000
0.000000
0.092768 0.000061
0.475060 0.432111
0.004676
0.995324
0.442714 0.286100
0.005659 0.265527
0.735652 0.022758
0.005806 0.235784
0.350414 0.637934
0.000114 0.011538
0.996611
0.003389
0.998939
0.001061
0.999690
0.000310
0.794289 0.007591
0.029986 0.168134
0.392123
0.607877
0.004452
0.995548
0.472389 0.061524
0.034778 0.431310
0.043250 0.956745
0.000000 0.000005
1.000000
0.000000
0.523400 0.350615
0.007201 0.118784
0.999939
0.000061
0.998501
0.001499
0.619044 0.013559
0.123090 0.244307
0.383531 0.004734
0.350826 0.260908
0.463340 0.525880
0.000096 0.010685
0.994036
0.005964
0.492142 0.019776
0.124251 0.363831
0.537719 0.026658
0.079052 0.356571
0.016122
0.983878
0.056488 0.000097
0.827388 0.116028
0.086341
0.913659
0.643076 0.074270
0.041133 0.241522
0.089947 0.910045
0.000000 0.000008
0.999765
0.000235
0.450268 0.494021
0.001964 0.053747
1.000000
-0.000000
0.647163 0.018516
0.207725 0.126596
0.999484
0.000516
0.999195
0.000805
0.294801
0.705199
0.004072
0.995928
0.271442 0.390243 0.061233
0.000980 0.036523 0.239579
0.971255
0.028745
0.087381 0.912616
0.000000 0.000003
0.999843
0.000157
0.081248 0.000359
0.699787 0.218606
0.032949 0.409569 0.556409
0.000000 0.000019 0.001054
0.971513
0.028487
0.292743 0.704057
0.000014 0.003186
1.000000
0.000000
0.956842
0.043158
0.654603 0.107143
0.014419 0.223835
0.999986
0.000014
0.598925 0.368071
0.000025 0.032980
0.017683 0.000000
0.953586 0.028730
0.203515 0.796428
0.000000 0.000057
0.999373
0.000627
0.047784
0.952216
0.601190 0.196993
0.018075 0.183741
0.151593 0.848046
0.000001 0.000359
0.647617 0.280688
0.006296 0.065399
0.814879
0.185121
0.192535 0.000453
0.682543 0.124469
0.423734
0.576266
0.140086 0.039017 0.001453
0.068136 0.352814 0.398494
0.028996 0.000000
0.966393 0.004611
0.298783 0.692775
0.000137 0.008305
0.992699
0.007301
0.431486
0.568514
0.005217
0.994783
0.730897 0.016434
0.005481 0.247188
0.179638
0.820362
0.048536
0.951464
0.280491 0.010804
0.159933 0.548772
1.000000
0.000000
0.162128 0.837677
0.000001 0.000194
0.999938
0.000062
0.168328 0.831023
0.000001 0.000648
0.999654
0.000346
0.524523 0.066473
0.102739 0.306265
0.736002 0.067973
0.001550 0.194475
0.249844 0.746711
0.000012 0.003433
0.088647
0.911353
0.057116 0.942871
0.000000 0.000014
0.648429 0.198138
0.006650 0.146783
0.999989
0.000011
0.086320 0.913631
0.000000 0.000048
0.139557 0.000005
0.817046 0.043392
0.678448 0.006827
0.010192 0.304532
0.999891
0.000109
0.495787 0.462774
0.000566 0.040872
0.871154
0.128846
0.995042
0.004958
0.990708
0.009292
