0.792562 0.207438
0.588827 0.411173
0.115143 0.884857
0.185638 0.814362
0.737454 0.262546
0.788234 0.211766
0.751037 0.248963
0.163513 0.836487
0.991187 0.008813
0.471771 0.528229
0.976494 0.023506
0.474873 0.525127
0.125441 0.874559
0.130962 0.869038
0.672448 0.327552
0.226103 0.773897
0.652684 0.347316
0.346018 0.653982
0.760494 0.239506
0.172565 0.827435
0.953458 0.046542
0.739365 0.260635
0.444699 0.555301
0.144088 0.855912
0.631612 0.368388
0.522160 0.477840
0.107122 0.892878
0.632815 0.367185
0.535599 0.464401
0.244870 0.755130
0.890449 0.109551
0.847944 0.152056
0.138292 0.861708
0.735828 0.264172
0.255334 0.744666
0.992121 0.007879
0.740542 0.259458
0.142892 0.857108
0.715175 0.284825
0.742536 0.257464
0.187754 0.812246
0.563828 0.436172
0.748932 0.251068
0.337826 0.662174
0.796139 0.203861
0.993995 0.006005
0.630540 0.369460
0.398001 0.601999
0.664961 0.335039
0.247602 0.752398
0.752699 0.247301
0.717783 0.282217
0.962669 0.037331
0.742211 0.257789
0.751612 0.248388
0.921454 0.078546
0.873217 0.126783
0.959312 0.040688
0.181578 0.818422
0.927576 0.072424
0.747863 0.252137
0.245502 0.754498
0.150599 0.849401
0.746969 0.253031
0.146205 0.853795
0.793300 0.206700
0.115387 0.884613
0.580323 0.419677
0.577333 0.422667
0.978408 0.021592
0.402063 0.597937
0.994032 0.005968
0.228670 0.771330
0.841221 0.158779
0.639341 0.360659
0.437023 0.562977
0.118660 0.881340
0.313827 0.686173
0.557096 0.442904
0.108956 0.891044
0.863164 0.136836
0.724577 0.275423
0.246328 0.753672
0.245001 0.754999
0.839907 0.160093
0.026330 0.973670
0.772195 0.227805
0.243802 0.756198
0.634050 0.365950
0.921338 0.078662
0.528871 0.471129
0.139284 0.860716
0.232794 0.767206
0.203217 0.796783
0.957247 0.042753
0.118941 0.881059
0.996615 0.003385
0.421820 0.578180
0.825702 0.174298
0.217650 0.782350
0.205221 0.794779
0.790934 0.209066
0.184751 0.815249
0.885030 0.114970
0.932246 0.067754
0.232084 0.767916
0.739473 0.260527
0.854533 0.145467
0.145579 0.854421
0.885799 0.114201
0.945452 0.054548
0.722079 0.277921
0.982733 0.017267
0.973520 0.026480
0.948583 0.051417
0.559188 0.440812
0.173241 0.826759
0.711071 0.288929
0.874378 0.125622
0.159496 0.840504
0.961228 0.038772
0.865170 0.134830
0.218427 0.781573
0.245158 0.754842
0.761458 0.238542
0.843506 0.156494
0.521069 0.478931
0.137012 0.862988
0.937695 0.062305
0.747397 0.252603
0.322807 0.677193
0.457967 0.542033
0.136979 0.863021
0.141098 0.858902
0.519696 0.480304
0.924017 0.075983
0.840209 0.159791
0.354536 0.645464
0.136927 0.863073
0.758863 0.241137
0.779150 0.220850
0.213070 0.786930
0.901010 0.098990
0.119407 0.880593
0.746200 0.253800
0.991181 0.008819
0.760735 0.239265
0.229583 0.770417
0.738864 0.261136
0.460655 0.539345
0.309991 0.690009
0.830077 0.169923
0.192436 0.807564
0.170217 0.829783
0.772726 0.227274
0.258110 0.741890
0.114010 0.885990
0.148908 0.851092
0.105943 0.894057
0.767184 0.232816
0.987442 0.012558
0.774434 0.225566
0.593031 0.406969
0.722736 0.277264
0.562264 0.437736
0.885037 0.114963
0.590569 0.409431
0.141708 0.858292
0.562742 0.437258
0.740848 0.259152
0.944805 0.055195
0.641970 0.358030
0.844157 0.155843
0.404627 0.595373
0.738248 0.261752
0.998849 0.001151
0.112916 0.887084
0.143433 0.856567
0.742839 0.257161
0.935997 0.064003
0.980973 0.019027
0.961132 0.038868
0.978787 0.021213
0.737068 0.262932
0.560796 0.439204
0.991736 0.008264
0.442555 0.557445
0.704054 0.295946
0.895362 0.104638
0.735434 0.264566
0.151963 0.848037
0.805996 0.194004
0.030292 0.969708
0.997711 0.002289
0.177477 0.822523
0.281908 0.718092
0.509927 0.490073
0.883013 0.116987
0.941526 0.058474
0.164272 0.835728
0.769352 0.230648
0.538130 0.461870
0.592265 0.407735
0.743952 0.256048
0.260541 0.739459
0.779865 0.220135
0.095816 0.904184
0.216685 0.783315
0.341888 0.658112
0.253505 0.746495
0.983551 0.016449
0.737949 0.262051
0.938107 0.061893
0.989877 0.010123
0.303022 0.696978
0.389875 0.610125
0.217256 0.782744
0.134414 0.865586
0.765666 0.234334
0.972145 0.027855
0.769062 0.230938
0.762630 0.237370
0.697818 0.302182
0.576927 0.423073
0.609633 0.390367
0.641427 0.358573
0.504749 0.495251
0.056234 0.943766
0.747538 0.252462
0.137357 0.862643
0.170121 0.829879
0.906275 0.093725
0.643551 0.356449
0.992695 0.007305
0.940084 0.059916
0.863267 0.136733
0.128565 0.871435
0.823308 0.176692
0.829790 0.170210
0.487844 0.512156
0.954559 0.045441
0.729152 0.270848
0.097877 0.902123
0.724689 0.275311
0.982629 0.017371
0.318233 0.681767
0.022459 0.977541
0.165067 0.834933
0.850001 0.149999
0.099778 0.900222
0.358508 0.641492
0.736409 0.263591
0.251150 0.748850
0.190271 0.809729
0.421145 0.578855
0.743632 0.256368
0.768252 0.231748
0.227887 0.772113
0.240570 0.759430
0.139585 0.860415
0.115714 0.884286
0.312434 0.687566
0.172660 0.827340
0.966185 0.033815
0.875115 0.124885
0.074051 0.925949
0.556402 0.443598
0.673140 0.326860
0.355982 0.644018
0.138641 0.861359
0.131767 0.868233
0.240416 0.759584
0.861045 0.138955
0.570261 0.429739
0.129776 0.870224
0.515488 0.484512
0.265873 0.734127
0.829892 0.170108
0.563957 0.436043
0.036478 0.963522
0.132348 0.867652
0.170838 0.829162
0.141740 0.858260
0.164640 0.835360
0.172487 0.827513
0.295309 0.704691
0.721900 0.278100
0.062514 0.937486
0.142132 0.857868
0.147680 0.852320
0.564160 0.435840
0.866146 0.133854
0.968984 0.031016
0.655391 0.344609
0.322107 0.677893
0.803306 0.196694
0.958941 0.041059
0.583591 0.416409
0.916214 0.083786
0.586703 0.413297
0.785410 0.214590
0.756624 0.243376
0.855460 0.144540
0.569485 0.430515
0.387133 0.612867
0.741710 0.258290
0.747627 0.252373
0.188061 0.811939
0.286445 0.713555
0.586575 0.413425
0.995516 0.004484
0.274049 0.725951
0.155195 0.844805
0.096337 0.903663
0.175316 0.824684
0.673795 0.326205
0.662773 0.337227
0.959021 0.040979
0.312150 0.687850
0.734445 0.265555
0.563775 0.436225
0.721784 0.278216
0.499146 0.500854
0.080475 0.919525
0.216514 0.783486
0.983952 0.016048
0.726025 0.273975
0.327066 0.672934
0.119053 0.880947
0.503384 0.496616
0.218994 0.781006
0.945710 0.054290
0.130444 0.869556
0.834767 0.165233
0.747516 0.252484
0.999359 0.000641
0.967298 0.032702
0.953250 0.046750
0.274654 0.725346
0.126418 0.873582
0.544862 0.455138
0.860365 0.139635
0.952316 0.047684
0.236863 0.763137
0.350696 0.649304
0.136437 0.863563
0.947001 0.052999
0.293274 0.706726
0.220420 0.779580
0.489174 0.510826
0.963567 0.036433
0.881456 0.118544
0.151074 0.848926
0.191474 0.808526
0.991214 0.008786
0.134497 0.865503
0.964013 0.035987
0.639259 0.360741
0.569431 0.430569
0.433371 0.566629
0.115453 0.884547
0.326608 0.673392
0.309815 0.690185
0.194838 0.805162
0.037974 0.962026
0.259949 0.740051
0.196168 0.803832
0.506954 0.493046
0.309450 0.690550
0.206052 0.793948
0.981147 0.018853
0.977438 0.022562
0.843242 0.156758
0.718135 0.281865
0.171798 0.828202
0.233891 0.766109
0.418161 0.581839
0.936278 0.063722
0.138057 0.861943
0.568346 0.431654
0.156833 0.843167
0.811840 0.188160
0.234569 0.765431
0.119703 0.880297
0.169655 0.830345
0.117547 0.882453
0.651602 0.348398
0.366255 0.633745
0.127671 0.872329
0.838875 0.161125
0.874319 0.125681
0.654823 0.345177
0.256501 0.743499
0.341466 0.658534
0.981661 0.018339
0.633717 0.366283
0.939623 0.060377
0.747689 0.252311
0.744886 0.255114
0.357309 0.642691
0.120243 0.879757
0.580218 0.419782
0.123466 0.876534
0.664412 0.335588
0.940621 0.059379
0.194745 0.805255
0.203784 0.796216
0.994571 0.005429
0.645225 0.354775
0.760236 0.239764
0.571017 0.428983
0.135370 0.864630
0.485551 0.514449
0.721010 0.278990
0.167970 0.832030
0.802722 0.197278
0.557035 0.442965
0.046957 0.953043
0.216223 0.783777
0.468401 0.531599
0.118682 0.881318
0.935820 0.064180
0.354376 0.645624
0.523149 0.476851
0.655923 0.344077
0.922564 0.077436
0.118252 0.881748
0.575680 0.424320
0.747579 0.252421
0.340076 0.659924
0.634177 0.365823
0.750817 0.249183
0.248511 0.751489
0.606896 0.393104
0.296451 0.703549
0.103516 0.896484
0.990255 0.009745
0.321811 0.678189
0.555212 0.444788
0.957121 0.042879
0.754184 0.245816
0.749218 0.250782
0.163325 0.836675
0.808470 0.191530
0.262074 0.737926
0.338228 0.661772
0.829571 0.170429
0.166942 0.833058
0.939712 0.060288
0.673996 0.326004
0.203266 0.796734
0.776507 0.223493
0.354939 0.645061
0.132868 0.867132
0.973599 0.026401
0.152622 0.847378
0.523416 0.476584
0.482499 0.517501
0.999114 0.000886
0.738383 0.261617
0.250439 0.749561
0.559237 0.440763
0.101662 0.898338
0.423346 0.576654
0.792416 0.207584
0.802300 0.197700
0.640247 0.359753
0.949460 0.050540
0.969956 0.030044
0.268287 0.731713
0.203106 0.796894
0.811680 0.188320
0.767184 0.232816
0.717698 0.282302
0.161757 0.838243
0.044501 0.955499
0.820586 0.179414
0.823703 0.176297
0.024692 0.975308
0.814209 0.185791
0.561085 0.438915
0.917674 0.082326
0.865519 0.134481
0.391850 0.608150
0.826014 0.173986
0.601246 0.398754
0.736346 0.263654
0.657966 0.342034
0.071834 0.928166
0.263243 0.736757
0.170402 0.829598
0.125459 0.874541
0.828530 0.171470
0.890666 0.109334
0.567594 0.432406
0.570676 0.429324
0.174385 0.825615
0.580040 0.419960
0.836914 0.163086
0.782728 0.217272
0.807522 0.192478
0.724003 0.275997
0.102912 0.897088
0.986575 0.013425
0.277689 0.722311
0.716424 0.283576
0.142997 0.857003
0.759201 0.240799
0.288569 0.711431
0.997753 0.002247
0.605828 0.394172
0.639826 0.360174
0.963429 0.036571
0.336658 0.663342
0.340401 0.659599
0.825143 0.174857
0.547886 0.452114
0.769676 0.230324
0.974233 0.025767
0.984951 0.015049
0.940620 0.059380
0.708824 0.291176
0.827432 0.172568
0.933077 0.066923
0.103376 0.896624
0.494927 0.505073
0.875540 0.124460
0.556939 0.443061
0.987462 0.012538
0.114778 0.885222
0.820230 0.179770
0.499317 0.500683
0.971815 0.028185
0.121306 0.878694
0.928483 0.071517
0.698060 0.301940
0.444682 0.555318
0.531180 0.468820
0.447292 0.552708
0.137287 0.862713
0.194425 0.805575
0.726275 0.273725
0.741702 0.258298
0.776308 0.223692
0.137460 0.862540
0.755895 0.244105
0.624858 0.375142
0.763938 0.236062
0.679042 0.320958
0.783717 0.216283
0.465301 0.534699
0.720468 0.279532
0.606361 0.393639
0.948659 0.051341
0.546060 0.453940
0.469266 0.530734
0.013641 0.986359
0.114975 0.885025
0.136415 0.863585
0.974806 0.025194
0.950642 0.049358
0.827090 0.172910
0.569696 0.430304
0.466338 0.533662
0.748828 0.251172
0.181515 0.818485
0.944943 0.055057
0.163884 0.836116
0.838273 0.161727
0.832911 0.167089
0.179152 0.820848
0.150561 0.849439
0.747864 0.252136
0.842180 0.157820
0.750504 0.249496
0.102279 0.897721
0.742769 0.257231
0.179168 0.820832
0.737084 0.262916
0.656092 0.343908
0.122111 0.877889
0.702027 0.297973
0.108397 0.891603
0.152961 0.847039
0.143651 0.856349
0.837416 0.162584
0.115191 0.884809
0.584712 0.415288
0.146192 0.853808
0.215431 0.784569
0.177686 0.822314
0.144905 0.855095
0.146218 0.853782
0.782421 0.217579
0.942724 0.057276
0.209149 0.790851
0.151032 0.848968
0.611577 0.388423
0.364065 0.635935
0.422005 0.577995
0.970634 0.029366
0.152314 0.847686
0.506092 0.493908
0.537830 0.462170
0.106399 0.893601
0.261794 0.738206
0.814381 0.185619
0.777262 0.222738
0.751523 0.248477
0.240795 0.759205
0.223330 0.776670
0.344472 0.655528
0.952648 0.047352
0.146666 0.853334
0.603982 0.396018
0.035530 0.964470
0.976686 0.023314
0.757210 0.242790
0.108934 0.891066
0.427648 0.572352
0.157125 0.842875
0.177884 0.822116
0.123459 0.876541
0.794672 0.205328
0.821594 0.178406
0.230112 0.769888
0.772400 0.227600
0.730981 0.269019
0.655866 0.344134
0.569982 0.430018
0.540940 0.459060
0.271953 0.728047
0.145863 0.854137
0.126313 0.873687
0.183449 0.816551
0.705029 0.294971
0.987573 0.012427
0.148621 0.851379
0.502744 0.497256
0.012188 0.987812
0.868124 0.131876
0.232787 0.767213
0.285803 0.714197
0.538848 0.461152
0.362789 0.637211
0.142892 0.857108
0.172580 0.827420
0.588976 0.411024
0.738620 0.261380
0.112387 0.887613
0.992437 0.007563
0.184824 0.815176
0.119701 0.880299
0.128462 0.871538
0.870965 0.129035
0.605645 0.394355
0.158881 0.841119
0.256833 0.743167
0.259180 0.740820
0.628902 0.371098
0.724759 0.275241
0.584665 0.415335
0.592200 0.407800
0.998644 0.001356
0.986757 0.013243
0.848816 0.151184
0.807523 0.192477
0.283415 0.716585
0.695790 0.304210
0.971344 0.028656
0.892300 0.107700
0.123810 0.876190
0.984959 0.015041
0.471908 0.528092
0.997355 0.002645
0.941307 0.058693
0.123665 0.876335
0.986396 0.013604
0.148894 0.851106
0.100196 0.899804
0.936774 0.063226
0.336574 0.663426
0.525792 0.474208
0.560927 0.439073
0.945292 0.054708
0.748392 0.251608
0.975673 0.024327
0.880160 0.119840
0.998041 0.001959
0.385581 0.614419
0.739542 0.260458
0.988248 0.011752
0.962401 0.037599
0.184976 0.815024
0.742132 0.257868
0.125187 0.874813
0.135637 0.864363
0.226183 0.773817
0.720758 0.279242
0.820217 0.179783
0.974612 0.025388
0.184818 0.815182
0.810777 0.189223
0.110011 0.889989
0.139473 0.860527
0.118382 0.881618
0.555239 0.444761
0.812284 0.187716
0.633901 0.366099
0.127719 0.872281
0.511117 0.488883
0.951189 0.048811
0.209108 0.790892
0.912442 0.087558
0.504470 0.495530
0.962428 0.037572
0.724383 0.275617
0.341083 0.658917
0.467699 0.532301
0.489858 0.510142
0.172835 0.827165
0.622935 0.377065
0.143487 0.856513
0.718768 0.281232
0.148780 0.851220
0.197767 0.802233
0.147597 0.852403
0.787059 0.212941
0.973075 0.026925
0.379708 0.620292
0.111102 0.888898
0.879704 0.120296
0.288535 0.711465
0.181827 0.818173
0.554381 0.445619
0.832082 0.167918
0.945804 0.054196
0.869286 0.130714
0.685023 0.314977
0.736169 0.263831
0.749400 0.250600
0.828889 0.171111
0.903975 0.096025
0.410330 0.589670
0.754036 0.245964
0.531699 0.468301
0.767115 0.232885
0.894497 0.105503
0.996486 0.003514
0.638617 0.361383
0.333931 0.666069
0.269365 0.730635
0.846185 0.153815
0.488236 0.511764
0.502676 0.497324
0.305662 0.694338
0.937927 0.062073
0.541524 0.458476
0.981278 0.018722
0.149290 0.850710
0.157454 0.842546
0.229075 0.770925
0.603298 0.396702
0.116925 0.883075
0.171259 0.828741
0.717007 0.282993
0.137328 0.862672
0.165006 0.834994
0.181998 0.818002
0.963782 0.036218
0.720800 0.279200
0.500014 0.499986
0.443942 0.556058
0.728124 0.271876
0.811972 0.188028
0.813773 0.186227
0.232646 0.767354
0.622244 0.377756
0.144359 0.855641
0.128358 0.871642
0.118440 0.881560
0.567632 0.432368
0.748780 0.251220
0.744596 0.255404
0.717091 0.282909
0.794544 0.205456
0.742921 0.257079
0.947128 0.052872
0.210734 0.789266
0.410918 0.589082
0.247234 0.752766
0.181861 0.818139
0.163674 0.836326
0.578024 0.421976
0.144049 0.855951
0.932392 0.067608
0.113402 0.886598
0.981377 0.018623
0.132182 0.867818
0.801640 0.198360
0.126272 0.873728
0.768443 0.231557
0.916032 0.083968
0.974194 0.025806
0.801165 0.198835
0.141691 0.858309
0.846110 0.153890
0.167810 0.832190
0.140289 0.859711
0.987295 0.012705
0.552129 0.447871
0.907257 0.092743
0.634126 0.365874
0.953224 0.046776
0.115516 0.884484
0.173576 0.826424
0.985466 0.014534
0.232999 0.767001
0.112293 0.887707
0.131042 0.868958
0.455278 0.544722
0.812986 0.187014
0.159480 0.840520
0.841459 0.158541
0.802869 0.197131
0.201888 0.798112
0.137862 0.862138
0.941745 0.058255
0.519094 0.480906
0.738418 0.261582
0.936929 0.063071
0.095528 0.904472
0.771229 0.228771
0.826061 0.173939
0.744840 0.255160
0.942268 0.057732
0.742123 0.257877
0.066083 0.933917
0.595627 0.404373
0.122501 0.877499
0.343052 0.656948
0.970338 0.029662
0.119693 0.880307
0.079397 0.920603
0.853569 0.146431
0.162390 0.837610
0.635658 0.364342
0.195962 0.804038
0.997076 0.002924
0.109610 0.890390
0.949340 0.050660
0.356985 0.643015
0.849494 0.150506
0.908706 0.091294
0.506361 0.493639
0.978429 0.021571
0.253756 0.746244
0.997836 0.002164
0.791388 0.208612
0.944213 0.055787
0.799075 0.200925
0.886249 0.113751
0.730061 0.269939
0.747474 0.252526
0.836552 0.163448
0.244954 0.755046
0.168883 0.831117
0.549735 0.450265
0.734292 0.265708
0.673657 0.326343
0.734817 0.265183
0.558006 0.441994
0.864303 0.135697
0.639051 0.360949
0.720108 0.279892
0.236783 0.763217
0.564535 0.435465
0.548207 0.451793
0.409590 0.590410
0.271246 0.728754
0.926829 0.073171
0.604317 0.395683
0.108000 0.892000
0.218728 0.781272
0.474335 0.525665
0.106039 0.893961
0.969828 0.030172
0.735541 0.264459
0.737598 0.262402
0.584136 0.415864
0.157164 0.842836
0.803212 0.196788
0.097581 0.902419
0.959561 0.040439
0.116448 0.883552
0.339771 0.660229
0.655371 0.344629
0.111560 0.888440
0.267982 0.732018
0.164918 0.835082
0.980241 0.019759
0.097328 0.902672
0.761973 0.238027
0.323109 0.676891
0.993212 0.006788
0.741711 0.258289
0.815866 0.184134
0.896378 0.103622
0.565559 0.434441
0.531380 0.468620
0.281434 0.718566
0.802365 0.197635
0.190632 0.809368
0.990840 0.009160
0.702398 0.297602
0.990321 0.009679
0.101257 0.898743
0.126368 0.873632
0.764880 0.235120
0.524157 0.475843
0.620706 0.379294
0.168348 0.831652
0.775563 0.224437
0.201219 0.798781
0.116848 0.883152
0.819003 0.180997
0.194782 0.805218
0.623235 0.376765
0.928869 0.071131
0.541718 0.458282
0.764806 0.235194
0.368922 0.631078
0.123832 0.876168
0.925159 0.074841
0.197498 0.802502
0.415235 0.584765
0.617566 0.382434
0.103670 0.896330
0.793492 0.206508
0.205284 0.794716
0.759530 0.240470
0.643043 0.356957
0.191672 0.808328
0.998320 0.001680
0.132101 0.867899
0.285580 0.714420
0.894031 0.105969
0.926776 0.073224
0.777121 0.222879
0.590656 0.409344
0.550714 0.449286
0.168434 0.831566
0.344905 0.655095
0.256533 0.743467
0.178910 0.821090
0.119043 0.880957
0.662932 0.337068
0.306588 0.693412
0.647293 0.352707
0.322930 0.677070
0.947417 0.052583
0.163294 0.836706
0.400819 0.599181
0.704573 0.295427
0.153271 0.846729
0.783032 0.216968
0.755473 0.244527
0.934027 0.065973
0.260647 0.739353
0.235023 0.764977
0.153135 0.846865
0.288352 0.711648
0.122744 0.877256
0.110965 0.889035
0.764387 0.235613
0.767777 0.232223
0.753032 0.246968
0.706757 0.293243
0.030919 0.969081
0.275124 0.724876
0.996833 0.003167
0.491102 0.508898
0.166391 0.833609
0.602629 0.397371
0.797426 0.202574
0.986840 0.013160
0.168488 0.831512
0.112971 0.887029
0.724273 0.275727
0.979937 0.020063
0.151069 0.848931
0.134852 0.865148
0.476052 0.523948
0.952031 0.047969
0.520915 0.479085
0.792198 0.207802
0.031328 0.968672
0.699821 0.300179
0.981046 0.018954
0.778348 0.221652
0.217652 0.782348
0.140910 0.859090
0.985422 0.014578
0.905061 0.094939
0.138970 0.861030
0.119043 0.880957
0.803580 0.196420
0.758362 0.241638
0.617794 0.382206
0.249647 0.750353
0.473401 0.526599
0.031779 0.968221
0.230163 0.769837
0.928620 0.071380
0.213485 0.786515
0.799943 0.200057
0.155047 0.844953
0.203256 0.796744
0.746157 0.253843
0.569107 0.430893
0.112129 0.887871
0.998811 0.001189
0.716073 0.283927
0.291849 0.708151
0.103963 0.896037
0.770035 0.229965
0.662935 0.337065
0.987254 0.012746
0.171880 0.828120
0.647088 0.352912
0.137935 0.862065
0.181850 0.818150
0.760932 0.239068
0.779715 0.220285
0.482077 0.517923
0.727741 0.272259
0.872803 0.127197
0.223286 0.776714
0.996904 0.003096
0.773718 0.226282
0.593468 0.406532
0.513270 0.486730
0.885117 0.114883
0.117953 0.882047
0.919905 0.080095
0.127455 0.872545
0.570062 0.429938
0.941054 0.058946
0.139956 0.860044
0.164326 0.835674
0.717817 0.282183
0.122992 0.877008
0.719403 0.280597
0.137581 0.862419
0.125066 0.874934
0.767939 0.232061
0.107762 0.892238
0.127657 0.872343
0.889178 0.110822
0.248907 0.751093
0.327182 0.672818
0.510870 0.489130
0.628688 0.371312
0.942551 0.057449
0.347674 0.652326
0.718931 0.281069
0.640595 0.359405
0.725557 0.274443
0.623825 0.376175
0.894521 0.105479
0.821063 0.178937
0.792267 0.207733
0.918769 0.081231
0.976135 0.023865
0.100775 0.899225
0.945993 0.054007
0.911882 0.088118
0.757224 0.242776
0.253682 0.746318
0.402843 0.597157
0.851775 0.148225
0.822792 0.177208
0.856358 0.143642
0.848133 0.151867
0.150851 0.849149
0.471964 0.528036
0.809510 0.190490
0.171244 0.828756
0.203001 0.796999
0.130529 0.869471
0.158458 0.841542
0.181732 0.818268
0.405662 0.594338
0.753990 0.246010
0.871993 0.128007
0.210415 0.789585
0.101698 0.898302
0.995554 0.004446
0.118100 0.881900
0.991494 0.008506
0.963572 0.036428
0.488659 0.511341
0.778999 0.221001
0.738742 0.261258
0.283906 0.716094
0.709868 0.290132
0.564971 0.435029
0.798582 0.201418
0.139933 0.860067
0.287948 0.712052
0.837411 0.162589
0.208423 0.791577
0.480190 0.519810
0.713613 0.286387
0.307785 0.692215
0.798859 0.201141
0.775165 0.224835
0.974656 0.025344
0.794285 0.205715
0.120357 0.879643
0.337930 0.662070
0.498247 0.501753
0.133602 0.866398
0.724386 0.275614
0.720892 0.279108
0.990970 0.009030
0.198198 0.801802
0.221404 0.778596
0.297083 0.702917
0.114414 0.885586
0.570512 0.429488
0.364733 0.635267
0.115066 0.884934
0.246501 0.753499
0.120345 0.879655
0.745160 0.254840
0.812115 0.187885
0.782098 0.217902
0.765135 0.234865
0.843255 0.156745
0.106730 0.893270
0.147819 0.852181
0.744258 0.255742
0.491225 0.508775
0.181135 0.818865
0.992670 0.007330
0.792120 0.207880
0.263416 0.736584
0.763033 0.236967
0.498852 0.501148
0.478580 0.521420
0.771445 0.228555
0.164660 0.835340
0.480819 0.519181
0.479061 0.520939
0.030847 0.969153
0.737734 0.262266
0.189935 0.810065
0.131832 0.868168
0.121039 0.878961
0.473667 0.526333
0.727083 0.272917
0.581970 0.418030
0.977915 0.022085
0.530541 0.469459
0.151451 0.848549
0.190803 0.809197
0.129462 0.870538
0.950127 0.049873
0.718380 0.281620
0.163570 0.836430
0.733718 0.266282
0.120428 0.879572
0.950328 0.049672
0.940122 0.059878
0.721589 0.278411
0.733092 0.266908
0.729886 0.270114
0.507059 0.492941
0.969706 0.030294
0.165679 0.834321
0.198474 0.801526
0.656850 0.343150
0.988329 0.011671
0.155739 0.844261
0.999497 0.000503
0.753412 0.246588
0.768578 0.231422
0.730029 0.269971
0.247000 0.753000
0.119380 0.880620
0.957075 0.042925
0.753841 0.246159
0.917393 0.082607
0.760998 0.239002
0.744894 0.255106
0.578991 0.421009
0.966406 0.033594
0.182660 0.817340
0.859366 0.140634
0.700197 0.299803
0.294742 0.705258
0.781639 0.218361
0.835925 0.164075
0.585978 0.414022
0.123819 0.876181
0.523646 0.476354
0.998812 0.001188
0.617822 0.382178
0.603800 0.396200
0.106885 0.893115
0.956318 0.043682
0.310675 0.689325
0.164637 0.835363
0.127346 0.872654
0.120144 0.879856
0.628300 0.371700
0.099512 0.900488
0.187413 0.812587
0.737007 0.262993
0.233895 0.766105
0.660969 0.339031
0.556717 0.443283
0.989152 0.010848
0.758554 0.241446
0.407318 0.592682
0.763875 0.236125
0.518326 0.481674
0.146805 0.853195
0.118127 0.881873
0.869545 0.130455
0.829045 0.170955
0.733795 0.266205
0.990572 0.009428
0.114974 0.885026
0.763341 0.236659
0.137605 0.862395
0.999173 0.000827
0.571625 0.428375
0.031128 0.968872
0.129937 0.870063
0.325287 0.674713
0.964730 0.035270
0.938904 0.061096
0.841401 0.158599
0.884164 0.115836
0.476036 0.523964
0.902054 0.097946
0.995238 0.004762
0.564370 0.435630
0.185348 0.814652
0.120624 0.879376
0.256695 0.743305
0.551690 0.448310
0.565005 0.434995
0.156882 0.843118
0.980204 0.019796
0.309651 0.690349
0.435238 0.564762
0.132335 0.867665
0.979200 0.020800
0.128547 0.871453
0.600748 0.399252
0.410624 0.589376
0.726627 0.273373
0.838434 0.161566
0.597484 0.402516
0.795186 0.204814
0.637747 0.362253
0.193381 0.806619
0.722353 0.277647
0.963618 0.036382
0.603263 0.396737
0.400251 0.599749
0.195875 0.804125
0.574111 0.425889
0.758916 0.241084
0.966195 0.033805
0.754255 0.245745
0.076662 0.923338
0.817911 0.182089
0.978227 0.021773
0.721827 0.278173
0.123564 0.876436
0.995450 0.004550
0.163804 0.836196
0.434813 0.565187
0.228156 0.771844
0.788948 0.211052
0.875940 0.124060
0.882573 0.117427
0.149073 0.850927
0.426345 0.573655
0.216253 0.783747
0.777849 0.222151
0.599447 0.400553
0.191644 0.808356
0.974215 0.025785
0.597250 0.402750
0.898967 0.101033
0.532294 0.467706
0.766659 0.233341
0.080133 0.919867
0.171985 0.828015
0.743842 0.256158
0.652058 0.347942
0.765212 0.234788
0.117407 0.882593
0.684310 0.315690
0.519616 0.480384
0.947353 0.052647
0.863699 0.136301
0.940274 0.059726
0.143008 0.856992
0.026975 0.973025
0.737957 0.262043
0.882074 0.117926
0.920983 0.079017
0.451883 0.548117
0.269888 0.730112
0.101460 0.898540
0.227909 0.772091
0.318827 0.681173
0.792697 0.207303
0.564144 0.435856
0.353320 0.646680
0.518149 0.481851
0.659004 0.340996
0.718017 0.281983
0.475017 0.524983
0.663977 0.336023
0.180175 0.819825
0.989378 0.010622
0.168391 0.831609
0.283384 0.716616
0.116058 0.883942
0.401946 0.598054
0.189849 0.810151
0.127898 0.872102
0.850148 0.149852
0.171468 0.828532
0.528645 0.471355
0.719960 0.280040
0.744573 0.255427
0.771890 0.228110
0.742176 0.257824
0.974983 0.025017
0.588593 0.411407
0.755481 0.244519
0.875737 0.124263
0.256533 0.743467
0.188961 0.811039
0.224121 0.775879
0.135454 0.864546
0.414163 0.585837
0.168815 0.831185
0.255745 0.744255
0.737060 0.262940
0.861798 0.138202
0.133941 0.866059
0.783914 0.216086
0.134252 0.865748
0.994752 0.005248
0.749518 0.250482
0.125315 0.874685
0.238245 0.761755
0.786110 0.213890
0.715559 0.284441
0.135994 0.864006
0.761975 0.238025
0.225534 0.774466
0.673477 0.326523
0.154074 0.845926
0.350565 0.649435
0.968183 0.031817
0.251379 0.748621
0.105530 0.894470
0.797459 0.202541
0.762888 0.237112
0.586670 0.413330
0.190193 0.809807
0.876176 0.123824
0.190200 0.809800
0.835719 0.164281
0.264701 0.735299
0.998250 0.001750
0.986409 0.013591
0.703929 0.296071
0.812936 0.187064
0.164181 0.835819
0.721280 0.278720
0.748433 0.251567
0.738127 0.261873
0.589817 0.410183
0.119639 0.880361
0.985759 0.014241
0.728918 0.271082
0.678122 0.321878
0.075831 0.924169
0.791632 0.208368
0.735950 0.264050
0.716685 0.283315
0.724019 0.275981
0.735117 0.264883
0.961655 0.038345
0.991392 0.008608
0.955649 0.044351
0.937518 0.062482
0.943654 0.056346
0.925274 0.074726
0.954287 0.045713
0.739337 0.260663
0.516476 0.483524
0.118655 0.881345
0.984981 0.015019
0.491160 0.508840
0.214693 0.785307
0.845853 0.154147
0.987442 0.012558
0.110354 0.889646
0.134915 0.865085
0.993913 0.006087
0.296264 0.703736
0.504628 0.495372
0.561959 0.438041
0.979572 0.020428
0.501615 0.498385
0.785069 0.214931
0.408056 0.591944
0.587452 0.412548
0.394637 0.605363
0.114180 0.885820
0.331127 0.668873
0.223434 0.776566
0.112981 0.887019
0.651599 0.348401
0.289276 0.710724
0.123049 0.876951
0.119855 0.880145
0.942705 0.057295
0.835574 0.164426
0.083329 0.916671
0.595518 0.404482
0.606948 0.393052
0.227265 0.772735
0.126933 0.873067
0.972679 0.027321
0.951763 0.048237
0.778375 0.221625
0.312051 0.687949
0.171835 0.828165
0.038619 0.961381
0.555630 0.444370
0.216318 0.783682
0.951805 0.048195
0.673550 0.326450
0.841846 0.158154
0.595373 0.404627
0.256071 0.743929
0.744089 0.255911
0.771208 0.228792
0.716810 0.283190
0.767264 0.232736
0.184954 0.815046
0.723625 0.276375
0.116863 0.883137
0.531012 0.468988
0.993929 0.006071
0.032926 0.967074
0.702626 0.297374
0.767193 0.232807
0.268948 0.731052
0.748481 0.251519
0.188329 0.811671
0.296169 0.703831
0.984738 0.015262
0.877819 0.122181
0.735575 0.264425
0.110371 0.889629
0.797994 0.202006
0.124844 0.875156
0.413152 0.586848
0.943499 0.056501
0.524720 0.475280
0.911105 0.088895
0.191732 0.808268
0.132299 0.867701
0.221195 0.778805
0.643254 0.356746
0.014695 0.985305
0.364994 0.635006
0.231420 0.768580
0.138696 0.861304
0.814845 0.185155
0.013502 0.986498
0.296244 0.703756
0.188523 0.811477
0.475874 0.524126
0.501212 0.498788
0.870426 0.129574
0.573692 0.426308
0.746025 0.253975
0.778077 0.221923
0.132367 0.867633
0.756852 0.243148
0.566166 0.433834
0.167089 0.832911
0.727607 0.272393
0.025280 0.974720
0.356146 0.643854
0.899848 0.100152
0.195236 0.804764
0.177982 0.822018
0.148257 0.851743
0.948951 0.051049
0.172955 0.827045
0.657175 0.342825
0.542692 0.457308
0.241253 0.758747
0.178250 0.821750
0.902566 0.097434
0.623242 0.376758
0.892321 0.107679
0.609897 0.390103
0.632111 0.367889
0.545116 0.454884
0.595491 0.404509
0.261393 0.738607
0.720486 0.279514
0.759606 0.240394
0.891467 0.108533
0.783912 0.216088
0.344292 0.655708
0.115389 0.884611
0.124724 0.875276
0.580352 0.419648
0.332933 0.667067
0.704686 0.295314
0.957947 0.042053
0.207921 0.792079
0.607333 0.392667
0.767235 0.232765
0.241790 0.758210
0.556569 0.443431
0.771982 0.228018
0.768080 0.231920
0.513143 0.486857
0.758036 0.241964
0.164178 0.835822
0.128223 0.871777
0.949188 0.050812
0.996832 0.003168
0.741131 0.258869
0.330316 0.669684
0.349752 0.650248
0.872510 0.127490
0.935217 0.064783
0.553238 0.446762
0.201101 0.798899
0.119306 0.880694
0.660186 0.339814
0.802133 0.197867
0.880390 0.119610
0.765394 0.234606
0.609156 0.390844
0.139278 0.860722
0.652290 0.347710
0.834849 0.165151
0.762619 0.237381
0.123794 0.876206
0.992638 0.007362
0.791404 0.208596
0.762020 0.237980
0.806024 0.193976
0.834264 0.165736
0.174252 0.825748
0.994561 0.005439
0.267045 0.732955
0.530776 0.469224
0.148968 0.851032
0.779496 0.220504
0.764975 0.235025
0.107188 0.892812
0.080330 0.919670
0.935066 0.064934
0.755646 0.244354
0.515843 0.484157
0.986750 0.013250
0.275513 0.724487
0.745728 0.254272
0.326170 0.673830
0.130149 0.869851
0.943114 0.056886
0.742758 0.257242
0.112971 0.887029
0.599858 0.400142
0.416740 0.583260
0.898005 0.101995
0.984154 0.015846
0.556021 0.443979
0.999196 0.000804
0.974291 0.025709
0.740797 0.259203
0.795527 0.204473
0.995015 0.004985
0.112393 0.887607
0.598452 0.401548
0.939346 0.060654
0.546125 0.453875
0.214557 0.785443
0.891774 0.108226
0.256841 0.743159
0.128528 0.871472
0.183263 0.816737
0.397488 0.602512
0.535945 0.464055
0.416147 0.583853
0.126768 0.873232
0.195445 0.804555
0.157792 0.842208
0.103873 0.896127
0.723683 0.276317
0.162353 0.837647
0.763703 0.236297
0.717144 0.282856
0.772678 0.227322
0.804018 0.195982
0.680110 0.319890
0.675404 0.324596
0.736189 0.263811
0.912040 0.087960
0.441403 0.558597
0.727428 0.272572
0.201687 0.798313
0.571298 0.428702
0.716972 0.283028
0.946664 0.053336
0.139823 0.860177
0.714071 0.285929
0.150578 0.849422
0.941407 0.058593
0.161079 0.838921
0.525967 0.474033
0.483815 0.516185
0.672165 0.327835
0.995352 0.004648
0.200079 0.799921
0.742958 0.257042
0.138815 0.861185
0.997169 0.002831
0.526561 0.473439
0.136906 0.863094
0.120972 0.879028
0.750020 0.249980
0.417908 0.582092
0.100747 0.899253
0.537908 0.462092
0.120206 0.879794
0.576877 0.423123
0.106821 0.893179
0.823973 0.176027
0.775259 0.224741
0.554829 0.445171
0.180115 0.819885
0.515755 0.484245
0.514470 0.485530
0.942465 0.057535
0.636578 0.363422
0.739312 0.260688
0.581615 0.418385
0.743452 0.256548
0.774037 0.225963
0.932082 0.067918
0.096991 0.903009
0.076108 0.923892
0.439123 0.560877
0.334894 0.665106
0.133926 0.866074
0.496964 0.503036
0.740078 0.259922
0.999551 0.000449
0.770113 0.229887
0.412295 0.587705
0.177848 0.822152
0.360304 0.639696
0.096350 0.903650
0.602316 0.397684
0.787916 0.212084
0.763191 0.236809
0.132431 0.867569
0.991046 0.008954
0.559956 0.440044
0.767981 0.232019
0.908952 0.091048
0.795646 0.204354
0.385146 0.614854
0.190516 0.809484
0.189590 0.810410
0.766454 0.233546
0.215044 0.784956
0.984476 0.015524
0.285992 0.714008
0.129945 0.870055
0.781203 0.218797
0.185701 0.814299
0.677215 0.322785
0.975371 0.024629
0.774410 0.225590
0.541627 0.458373
0.783894 0.216106
0.115027 0.884973
0.112349 0.887651
0.406765 0.593235
0.680428 0.319572
0.754664 0.245336
0.234247 0.765753
0.122424 0.877576
0.160883 0.839117
0.991616 0.008384
0.893276 0.106724
0.735853 0.264147
0.222442 0.777558
0.873038 0.126962
0.267021 0.732979
0.814682 0.185318
0.770799 0.229201
0.998314 0.001686
0.128923 0.871077
0.375884 0.624116
0.327226 0.672774
0.872080 0.127920
0.111821 0.888179
0.996960 0.003040
0.715379 0.284621
0.792624 0.207376
0.192159 0.807841
0.212293 0.787707
0.838529 0.161471
0.517413 0.482587
0.569807 0.430193
0.959027 0.040973
0.693491 0.306509
0.122742 0.877258
0.165390 0.834610
0.599505 0.400495
0.206607 0.793393
0.982692 0.017308
0.750848 0.249152
0.965327 0.034673
0.559494 0.440506
0.140512 0.859488
0.516518 0.483482
0.885612 0.114388
0.911977 0.088023
0.579057 0.420943
0.011363 0.988637
0.182834 0.817166
0.195252 0.804748
0.549657 0.450343
0.154158 0.845842
0.179846 0.820154
0.332131 0.667869
0.333974 0.666026
0.794580 0.205420
0.657342 0.342658
0.119879 0.880121
0.362274 0.637726
0.976730 0.023270
0.263215 0.736785
0.558437 0.441563
0.952602 0.047398
0.953185 0.046815
0.200718 0.799282
0.180838 0.819162
0.768064 0.231936
0.739311 0.260689
0.567278 0.432722
0.728275 0.271725
0.125730 0.874270
0.928687 0.071313
0.767155 0.232845
0.500247 0.499753
0.975949 0.024051
0.723243 0.276757
0.938076 0.061924
0.381354 0.618646
0.402408 0.597592
0.988201 0.011799
0.122783 0.877217
0.985728 0.014272
0.996997 0.003003
0.995736 0.004264
0.564487 0.435513
0.940189 0.059811
0.739282 0.260718
0.297917 0.702083
0.562065 0.437935
0.657382 0.342618
0.997757 0.002243
0.974585 0.025415
0.130023 0.869977
0.493405 0.506595
0.212256 0.787744
0.856649 0.143351
0.172400 0.827600
0.118588 0.881412
0.492659 0.507341
0.729193 0.270807
0.460127 0.539873
0.113819 0.886181
0.063344 0.936656
0.222287 0.777713
0.736617 0.263383
0.913044 0.086956
0.802937 0.197063
0.593765 0.406235
0.118527 0.881473
0.129474 0.870526
0.105767 0.894233
0.109425 0.890575
0.712759 0.287241
0.250373 0.749627
0.743803 0.256197
0.457631 0.542369
0.977270 0.022730
0.500043 0.499957
0.979717 0.020283
0.517566 0.482434
0.364859 0.635141
0.158114 0.841886
0.543265 0.456735
0.756405 0.243595
0.159794 0.840206
0.216132 0.783868
0.268333 0.731667
0.513828 0.486172
0.266874 0.733126
0.103567 0.896433
0.744587 0.255413
0.245111 0.754889
0.113298 0.886702
0.729978 0.270022
0.486094 0.513906
0.548672 0.451328
0.458664 0.541336
0.118718 0.881282
0.108490 0.891510
0.933262 0.066738
0.161159 0.838841
0.490552 0.509448
0.977166 0.022834
0.773583 0.226417
0.121221 0.878779
0.779850 0.220150
0.076770 0.923230
0.158444 0.841556
0.885388 0.114612
0.725404 0.274596
0.919187 0.080813
0.771776 0.228224
0.168643 0.831357
0.588593 0.411407
0.806214 0.193786
0.690120 0.309880
0.505027 0.494973
0.255992 0.744008
0.093887 0.906113
0.715780 0.284220
0.739879 0.260121
0.162046 0.837954
0.535122 0.464878
0.356471 0.643529
0.476381 0.523619
0.519221 0.480779
0.738087 0.261913
0.825879 0.174121
0.954999 0.045001
0.863635 0.136365
0.136478 0.863522
0.559677 0.440323
0.727040 0.272960
0.532171 0.467829
0.663433 0.336567
0.741439 0.258561
0.162956 0.837044
0.963990 0.036010
0.653023 0.346977
0.586802 0.413198
0.198045 0.801955
0.132243 0.867757
0.116202 0.883798
0.855239 0.144761
0.697123 0.302877
0.338503 0.661497
0.555592 0.444408
0.162107 0.837893
0.262759 0.737241
0.756830 0.243170
0.154919 0.845081
0.379404 0.620596
0.974372 0.025628
0.774597 0.225403
0.445102 0.554898
0.411813 0.588187
0.136671 0.863329
0.112492 0.887508
0.737932 0.262068
0.147667 0.852333
0.634287 0.365713
0.778427 0.221573
0.722546 0.277454
0.131022 0.868978
0.790645 0.209355
0.172505 0.827495
0.450015 0.549985
0.128149 0.871851
0.733815 0.266185
0.505943 0.494057
0.794474 0.205526
0.862348 0.137652
0.458974 0.541026
0.798851 0.201149
0.788113 0.211887
0.823743 0.176257
0.116756 0.883244
0.105665 0.894335
0.947346 0.052654
0.132162 0.867838
0.202749 0.797251
0.726523 0.273477
0.974130 0.025870
0.728116 0.271884
0.807428 0.192572
0.633628 0.366372
0.255524 0.744476
0.957127 0.042873
0.181741 0.818259
0.338919 0.661081
0.872264 0.127736
0.419721 0.580279
0.212195 0.787805
0.869652 0.130348
0.953995 0.046005
0.179207 0.820793
0.030350 0.969650
0.154415 0.845585
0.745813 0.254187
0.109633 0.890367
0.120721 0.879279
0.406541 0.593459
0.125997 0.874003
0.538150 0.461850
0.139454 0.860546
0.846595 0.153405
0.566654 0.433346
0.974064 0.025936
0.810568 0.189432
0.747815 0.252185
0.505584 0.494416
0.299923 0.700077
0.033224 0.966776
0.916479 0.083521
0.248853 0.751147
0.772408 0.227592
0.183589 0.816411
0.718074 0.281926
0.792920 0.207080
0.990783 0.009217
0.915685 0.084315
0.990153 0.009847
0.730282 0.269718
0.997318 0.002682
0.106669 0.893331
0.587869 0.412131
0.962561 0.037439
0.754743 0.245257
0.275694 0.724306
0.116766 0.883234
0.191494 0.808506
0.971695 0.028305
0.888588 0.111412
0.898578 0.101422
0.442905 0.557095
0.973002 0.026998
0.130289 0.869711
0.105256 0.894744
0.935854 0.064146
0.197129 0.802871
0.173242 0.826758
0.527800 0.472200
0.591718 0.408282
0.579294 0.420706
0.753078 0.246922
0.118960 0.881040
0.109268 0.890732
0.582616 0.417384
0.349696 0.650304
0.470012 0.529988
0.205984 0.794016
0.836322 0.163678
