1.000000
1.000000
0.720648 0.279352
1.000000
1.000000
0.361933 0.638067
0.180166 0.819834
1.000000
0.118023 0.881977
0.821499 0.178501
1.000000
1.000000
1.000000
1.000000
0.943803 0.054636 0.001561
1.000000
1.000000
0.355444 0.644556
0.130225 0.310683 0.341865 0.217227
1.000000
1.000000
0.631951 0.368049
1.000000
1.000000
0.269625 0.730375
1.000000
1.000000
1.000000
1.000000
0.993728 0.006272
1.000000
1.000000
0.443543 0.556457
0.676724 0.323276
1.000000
1.000000
0.663522 0.336478
0.260177 0.739823
1.000000
0.566439 0.433561
1.000000
1.000000
0.113068 0.886932
1.000000
1.000000
0.992984 0.007016
1.000000
1.000000
0.746836 0.253164
1.000000
1.000000
1.000000
1.000000
0.588592 0.411408
1.000000
1.000000
1.000000
1.000000
0.311237 0.471276 0.217487
1.000000
0.834229 0.165771
1.000000
1.000000
0.576442 0.423558
1.000000
1.000000
0.866424 0.133576
1.000000
0.854720 0.145280
0.050725 0.949275
0.291864 0.708136
0.081703 0.918297
1.000000
0.057323 0.290454 0.652223
1.000000
1.000000
0.936603 0.063397
1.000000
0.928615 0.071385
1.000000
1.000000
1.000000
0.982535 0.017465
0.273124 0.726876
0.924239 0.075761
0.400285 0.599715
1.000000
1.000000
1.000000
1.000000
1.000000
1.000000
0.109964 0.447849 0.442188
0.200062 0.493184 0.306754
0.918567 0.081433
1.000000
1.000000
1.000000
1.000000
1.000000
0.053644 0.314456 0.631900
1.000000
0.422841 0.577159
0.226609 0.773391
0.993039 0.006961
0.294692 0.495202 0.210107
0.764385 0.235615
1.000000
1.000000
0.225782 0.774218
1.000000
1.000000
1.000000
1.000000
1.000000
0.909596 0.090404
0.276281 0.723719
1.000000
1.000000
1.000000
0.929516 0.070484
1.000000
1.000000
0.190954 0.809046
0.874328 0.125672
1.000000
1.000000
0.450355 0.549645
1.000000
0.540305 0.459695
0.521483 0.478517
1.000000
0.290011 0.709989
1.000000
1.000000
1.000000
1.000000
0.791772 0.208228
0.363794 0.636206
0.743602 0.256398
0.436624 0.563376
1.000000
1.000000
1.000000
0.608351 0.391649
0.184036 0.815964
0.063553 0.196000 0.337217 0.403229
1.000000
1.000000
1.000000
0.973293 0.026707
1.000000
0.417632 0.582368
1.000000
0.406690 0.593310
0.751969 0.248031
1.000000
0.971933 0.028067
0.627317 0.372683
0.239266 0.760734
1.000000
0.883106 0.108904 0.007990
0.381255 0.618745
1.000000
0.206524 0.793476
1.000000
0.160011 0.451640 0.388349
0.268238 0.731762
1.000000
0.812897 0.187103
0.808520 0.191480
1.000000
1.000000
1.000000
0.630888 0.369112
0.073713 0.926287
1.000000
1.000000
0.558443 0.441557
1.000000
0.145484 0.854516
1.000000
1.000000
0.962278 0.037722
1.000000
1.000000
1.000000
1.000000
1.000000
0.752847 0.247153
1.000000
1.000000
1.000000
1.000000
1.000000
1.000000
1.000000
1.000000
0.908788 0.091212
0.067736 0.358040 0.574223
0.498083 0.501917
1.000000
0.151043 0.848957
1.000000
1.000000
0.419898 0.580102
1.000000
1.000000
1.000000
0.118087 0.881913
1.000000
0.890702 0.109298
1.000000
1.000000
1.000000
1.000000
0.174391 0.825609
0.293426 0.706574
0.410384 0.589616
1.000000
0.418713 0.581287
0.450917 0.549083
1.000000
0.248746 0.435550 0.315704
0.790251 0.185279 0.024470
0.317994 0.682006
0.212510 0.787490
0.992194 0.007806
0.499043 0.500957
1.000000
0.339161 0.660839
1.000000
1.000000
0.102219 0.897781
1.000000
1.000000
1.000000
0.981764 0.018236
0.330376 0.669624
1.000000
0.195702 0.804298
1.000000
1.000000
1.000000
0.165641 0.834359
1.000000
1.000000
1.000000
1.000000
1.000000
0.115555 0.884445
1.000000
1.000000
1.000000
0.114671 0.885329
0.551167 0.448833
0.422749 0.577251
0.981826 0.018174
0.758092 0.241908
1.000000
1.000000
0.223643 0.776357
1.000000
1.000000
1.000000
1.000000
0.453667 0.426087 0.120247
0.453400 0.546600
0.734415 0.265585
0.124137 0.457518 0.418345
1.000000
0.243262 0.756738
1.000000
0.543505 0.456495
0.492313 0.507687
1.000000
0.249095 0.750905
1.000000
1.000000
1.000000
0.331447 0.668553
0.080285 0.430558 0.489157
0.219677 0.780323
1.000000
0.439213 0.560787
1.000000
0.982796 0.017204
1.000000
1.000000
1.000000
1.000000
0.094168 0.347502 0.558329
0.158493 0.841507
1.000000
1.000000
1.000000
1.000000
0.671876 0.328124
1.000000
0.894897 0.105103
1.000000
0.475484 0.524516
0.273515 0.726485
1.000000
1.000000
0.687145 0.312855
0.581518 0.418482
0.178675 0.821325
1.000000
1.000000
0.107073 0.892927
1.000000
0.402215 0.495889 0.101896
1.000000
1.000000
0.450889 0.549111
1.000000
1.000000
0.154366 0.845634
1.000000
0.374457 0.457178 0.168364
0.243451 0.756549
1.000000
0.847584 0.152416
1.000000
1.000000
1.000000
1.000000
0.715010 0.284990
1.000000
1.000000
0.543616 0.456384
0.889919 0.110081
1.000000
0.532749 0.467251
0.072021 0.927979
0.140576 0.859424
1.000000
1.000000
1.000000
1.000000
1.000000
0.421405 0.578595
1.000000
1.000000
0.442248 0.557752
1.000000
1.000000
0.119499 0.423246 0.457256
0.777234 0.222766
1.000000
1.000000
1.000000
0.346146 0.653854
0.084017 0.915983
1.000000
1.000000
1.000000
1.000000
0.109799 0.890201
1.000000
0.435851 0.423711 0.140437
1.000000
1.000000
0.294561 0.705439
0.031891 0.224697 0.743412
0.333303 0.666697
1.000000
0.187823 0.812177
1.000000
1.000000
1.000000
1.000000
1.000000
0.942268 0.057732
0.628973 0.371027
0.836438 0.163562
1.000000
1.000000
0.806721 0.193279
0.975368 0.024632
0.326370 0.673630
0.739677 0.260323
0.655978 0.344022
1.000000
1.000000
1.000000
0.017596 0.096838 0.297348 0.588218
0.151936 0.848064
1.000000
0.237261 0.762739
1.000000
0.904409 0.095591
1.000000
1.000000
0.070899 0.929101
1.000000
0.316790 0.454062 0.229148
0.432892 0.441784 0.125324
0.127349 0.872651
0.801961 0.198039
0.653846 0.287551 0.052442 0.006161
1.000000
0.503624 0.496376
1.000000
0.807708 0.177703 0.014589
0.147330 0.852670
0.102101 0.897899
0.937386 0.062614
0.444033 0.555967
1.000000
1.000000
1.000000
1.000000
0.524707 0.475293
1.000000
0.621250 0.378750
0.153550 0.846450
1.000000
1.000000
0.201476 0.503597 0.294927
1.000000
1.000000
1.000000
1.000000
0.224440 0.775560
1.000000
0.862513 0.137487
1.000000
0.116702 0.883298
1.000000
1.000000
1.000000
0.346990 0.653010
1.000000
1.000000
1.000000
1.000000
0.593611 0.406389
1.000000
0.245722 0.452456 0.301821
1.000000
1.000000
1.000000
0.171466 0.828534
1.000000
0.303299 0.696701
1.000000
1.000000
1.000000
1.000000
0.393431 0.606569
0.245071 0.754929
0.335322 0.664678
0.960796 0.039204
0.540203 0.459797
0.886066 0.113934
1.000000
1.000000
1.000000
1.000000
0.620304 0.379696
1.000000
1.000000
1.000000
1.000000
0.781002 0.194333 0.024666
0.475779 0.524221
1.000000
0.811190 0.188810
1.000000
1.000000
0.424737 0.575263
1.000000
0.228250 0.771750
1.000000
0.334228 0.665772
1.000000
0.722711 0.277289
1.000000
1.000000
1.000000
1.000000
0.350109 0.649891
1.000000
1.000000
0.688767 0.311233
0.559943 0.440057
1.000000
0.228266 0.771734
1.000000
0.661119 0.338881
0.213667 0.786333
1.000000
0.830434 0.169566
1.000000
1.000000
0.443082 0.556918
0.313276 0.686724
0.373493 0.626507
0.210150 0.789850
1.000000
1.000000
1.000000
1.000000
1.000000
0.271053 0.728947
0.810924 0.189076
1.000000
0.087552 0.912448
1.000000
0.893252 0.101051 0.005697
0.341364 0.658636
0.357379 0.642621
0.062422 0.330881 0.606697
0.093010 0.906990
1.000000
1.000000
1.000000
1.000000
1.000000
1.000000
1.000000
1.000000
1.000000
1.000000
0.160075 0.839925
1.000000
0.128525 0.871475
1.000000
0.314767 0.685233
1.000000
1.000000
1.000000
1.000000
1.000000
1.000000
0.333659 0.666341
1.000000
0.869844 0.124148 0.006008
0.878266 0.121734
1.000000
0.618577 0.381423
0.476729 0.523271
0.911700 0.088300
0.461809 0.538191
1.000000
0.453896 0.546104
1.000000
0.841563 0.158437
1.000000
1.000000
0.746906 0.218854 0.034240
1.000000
1.000000
0.675369 0.324631
1.000000
1.000000
0.422029 0.577971
1.000000
1.000000
0.149169 0.850831
1.000000
0.967810 0.031255 0.000935
0.545900 0.454100
0.446180 0.553820
0.742027 0.257973
1.000000
1.000000
0.341350 0.658650
0.975054 0.024946
0.908757 0.091243
0.584578 0.415422
0.230631 0.769369
1.000000
1.000000
0.593778 0.406222
0.261053 0.738947
1.000000
0.563528 0.436472
1.000000
1.000000
0.697824 0.302176
0.317289 0.682711
0.930522 0.069478
1.000000
1.000000
0.768713 0.231287
1.000000
0.178636 0.821364
1.000000
0.324425 0.675575
1.000000
0.400966 0.599034
1.000000
1.000000
1.000000
0.343418 0.656582
0.984013 0.015987
0.276783 0.723217
1.000000
0.612125 0.387875
1.000000
1.000000
1.000000
1.000000
1.000000
0.383318 0.616682
0.513539 0.486461
0.235302 0.764698
1.000000
0.636296 0.363704
1.000000
1.000000
0.400194 0.599806
0.303379 0.696621
1.000000
0.240151 0.447380 0.312469
0.795165 0.204835
0.283858 0.716142
0.068422 0.366824 0.564755
1.000000
0.482097 0.517903
1.000000
1.000000
1.000000
1.000000
1.000000
0.596895 0.403105
0.866227 0.133773
1.000000
1.000000
1.000000
0.816910 0.183090
0.198159 0.517241 0.284600
1.000000
1.000000
1.000000
0.193836 0.806164
1.000000
1.000000
0.757770 0.242230
1.000000
1.000000
1.000000
0.256563 0.743437
1.000000
0.280841 0.719159
1.000000
1.000000
0.111665 0.888335
1.000000
1.000000
0.645242 0.354758
0.978021 0.021979
1.000000
0.423740 0.576260
0.146147 0.853853
0.471632 0.528368
1.000000
1.000000
1.000000
1.000000
0.086743 0.913257
1.000000
0.277560 0.722440
1.000000
0.369960 0.630040
1.000000
0.154509 0.845491
1.000000
1.000000
1.000000
1.000000
0.053190 0.946810
0.192055 0.807945
1.000000
1.000000
1.000000
1.000000
1.000000
0.211998 0.788002
1.000000
0.946995 0.053005
0.507204 0.492796
1.000000
1.000000
1.000000
0.062473 0.937527
1.000000
0.612819 0.387181
0.124134 0.875866
0.124719 0.875281
1.000000
0.634344 0.365656
0.432619 0.567381
1.000000
0.257106 0.742894
1.000000
0.929725 0.070275
0.150027 0.849973
0.414238 0.585762
1.000000
1.000000
0.421751 0.487397 0.090852
0.473820 0.526180
0.801004 0.198996
1.000000
1.000000
0.441008 0.558992
1.000000
1.000000
0.771013 0.228987
0.067336 0.315688 0.616976
0.058549 0.282559 0.658892
1.000000
1.000000
0.216492 0.783508
1.000000
1.000000
1.000000
0.310501 0.689499
0.801633 0.198367
0.963220 0.036780
0.376289 0.469951 0.153761
0.424998 0.575002
0.604509 0.395491
1.000000
1.000000
1.000000
1.000000
0.249117 0.750883
0.160084 0.446832 0.393084
0.168432 0.831568
0.722670 0.277330
1.000000
0.507265 0.492735
1.000000
0.895336 0.104664
1.000000
0.527389 0.472611
0.103361 0.896639
1.000000
0.741299 0.258701
0.777810 0.222190
1.000000
0.440075 0.559925
0.173904 0.826096
0.097456 0.902544
0.308777 0.691223
0.373188 0.626812
1.000000
0.088442 0.369798 0.541759
0.793957 0.206043
1.000000
1.000000
0.024520 0.209870 0.765610
1.000000
1.000000
1.000000
0.039336 0.207378 0.401835 0.351451
1.000000
1.000000
1.000000
0.061136 0.341289 0.597574
1.000000
0.168050 0.435556 0.396394
1.000000
1.000000
0.165025 0.834975
0.953683 0.046317
1.000000
0.872438 0.127562
0.829357 0.170643
1.000000
1.000000
1.000000
1.000000
0.723073 0.276927
0.371719 0.628281
0.362573 0.637427
0.465663 0.379055 0.155281
0.691423 0.268952 0.039625
1.000000
1.000000
1.000000
0.561079 0.438921
1.000000
0.558030 0.441970
1.000000
1.000000
0.160453 0.839547
1.000000
1.000000
0.896624 0.103376
1.000000
1.000000
0.242472 0.757528
0.163404 0.489854 0.346742
1.000000
0.972163 0.027837
1.000000
0.226196 0.773804
1.000000
0.367573 0.632427
1.000000
1.000000
1.000000
0.665026 0.291093 0.043881
0.107005 0.892995
1.000000
0.054735 0.292022 0.653243
1.000000
1.000000
0.681797 0.318203
1.000000
1.000000
0.981752 0.018248
1.000000
1.000000
0.126763 0.873237
0.350886 0.649114
1.000000
1.000000
0.881587 0.111768 0.006645
0.435584 0.564416
1.000000
1.000000
0.329768 0.670232
0.798491 0.201509
1.000000
1.000000
0.418186 0.581814
1.000000
0.848915 0.151085
1.000000
1.000000
0.729724 0.270276
1.000000
1.000000
1.000000
0.139541 0.860459
0.810920 0.189080
0.839013 0.160987
1.000000
1.000000
0.227769 0.772231
0.262708 0.737292
0.023235 0.201126 0.775639
1.000000
0.435948 0.564052
0.183770 0.398562 0.304958 0.112710
1.000000
1.000000
1.000000
1.000000
0.993762 0.006238
1.000000
0.363478 0.636522
1.000000
1.000000
1.000000
1.000000
0.230592 0.769408
1.000000
1.000000
1.000000
1.000000
1.000000
0.979448 0.020552
1.000000
0.823725 0.176275
1.000000
1.000000
1.000000
1.000000
1.000000
0.746715 0.253285
1.000000
0.098394 0.901606
0.126613 0.873387
1.000000
1.000000
0.978578 0.021422
1.000000
0.671104 0.328896
1.000000
0.697218 0.302782
1.000000
1.000000
1.000000
1.000000
1.000000
1.000000
1.000000
1.000000
0.660668 0.339332
1.000000
0.988489 0.011511
0.156070 0.843930
1.000000
1.000000
0.450827 0.549173
1.000000
0.109960 0.890040
0.575689 0.424311
1.000000
0.135693 0.864307
1.000000
1.000000
0.932277 0.067723
0.052863 0.302470 0.644668
0.135952 0.864048
1.000000
1.000000
1.000000
1.000000
1.000000
0.623017 0.376983
1.000000
0.370124 0.629876
0.305919 0.694081
0.201855 0.798145
0.810180 0.189820
0.161243 0.838757
1.000000
0.129224 0.870776
1.000000
1.000000
1.000000
0.423191 0.576809
1.000000
1.000000
1.000000
1.000000
1.000000
0.346174 0.653826
0.736299 0.263701
0.096309 0.348593 0.555098
0.940174 0.059826
0.514834 0.485166
0.792484 0.207516
0.138315 0.861685
0.060716 0.939284
0.352957 0.647043
0.987697 0.012303
1.000000
1.000000
0.391825 0.608175
1.000000
1.000000
1.000000
0.158034 0.841966
1.000000
0.861719 0.138281
0.429021 0.570979
1.000000
1.000000
1.000000
0.099512 0.900488
0.510629 0.489371
1.000000
1.000000
1.000000
0.775047 0.224953
1.000000
0.484313 0.515687
0.173706 0.826294
0.032923 0.221117 0.745961
1.000000
0.184937 0.815063
0.131893 0.868107
1.000000
1.000000
1.000000
0.321802 0.443222 0.234975
0.256534 0.434404 0.309062
1.000000
0.584964 0.415036
0.197467 0.802533
1.000000
1.000000
1.000000
0.357343 0.642657
0.397918 0.602082
1.000000
1.000000
1.000000
1.000000
1.000000
1.000000
1.000000
1.000000
1.000000
1.000000
1.000000
1.000000
1.000000
1.000000
1.000000
1.000000
0.203211 0.796789
1.000000
1.000000
1.000000
1.000000
0.918308 0.081692
0.443430 0.556570
0.210160 0.789840
1.000000
1.000000
0.448680 0.551320
0.211213 0.788787
1.000000
0.281592 0.718408
0.450037 0.549963
0.853732 0.134230 0.011232 0.000806
0.836949 0.163051
0.591294 0.408706
0.489505 0.510495
0.776972 0.223028
1.000000
1.000000
1.000000
0.707999 0.292001
0.896933 0.103067
1.000000
1.000000
1.000000
1.000000
0.195105 0.804895
0.247652 0.752348
0.882534 0.117466
1.000000
0.711249 0.288751
1.000000
1.000000
0.116319 0.883681
1.000000
1.000000
0.459136 0.418554 0.122311
0.114658 0.885342
1.000000
0.897979 0.102021
0.220649 0.779351
1.000000
0.528354 0.471646
1.000000
0.677942 0.322058
1.000000
1.000000
0.587541 0.412459
1.000000
1.000000
0.239654 0.458791 0.301555
0.442665 0.557335
1.000000
0.541457 0.458543
0.160352 0.839648
0.548547 0.451453
1.000000
1.000000
1.000000
1.000000
1.000000
0.963452 0.036548
1.000000
1.000000
0.308265 0.691735
1.000000
1.000000
0.354892 0.645108
0.192101 0.807899
1.000000
1.000000
0.473133 0.526867
0.121560 0.878440
0.609796 0.390204
1.000000
0.329141 0.670859
0.264173 0.735827
1.000000
1.000000
1.000000
0.191367 0.808633
0.498995 0.501005
1.000000
1.000000
0.966153 0.033847
1.000000
0.452234 0.547766
1.000000
1.000000
0.514245 0.485755
1.000000
0.800267 0.184970 0.014764
1.000000
0.167124 0.832876
1.000000
1.000000
1.000000
1.000000
0.555309 0.444691
0.693445 0.306555
0.245926 0.754074
1.000000
1.000000
1.000000
0.739579 0.224910 0.032361 0.003150
0.094827 0.905173
0.278544 0.721456
0.052710 0.291638 0.655652
1.000000
1.000000
1.000000
1.000000
0.080645 0.312472 0.606884
0.096821 0.903179
1.000000
0.632023 0.367977
0.228302 0.771698
1.000000
0.929401 0.070599
1.000000
1.000000
0.120835 0.879165
1.000000
1.000000
0.976593 0.023407
1.000000
1.000000
0.585389 0.414611
0.814017 0.185983
0.103678 0.896322
0.605810 0.394190
0.534025 0.465975
0.355114 0.644886
0.230212 0.769788
0.411924 0.588076
0.112852 0.355459 0.531689
0.327756 0.672244
1.000000
0.551135 0.363112 0.085753
1.000000
1.000000
0.116364 0.883636
0.404859 0.595141
1.000000
0.441912 0.558088
0.411473 0.588527
1.000000
1.000000
0.137985 0.430810 0.431204
0.086818 0.913182
1.000000
0.633612 0.366388
0.915043 0.084957
0.286855 0.538113 0.175033
0.951727 0.048273
0.876716 0.123284
0.213212 0.786788
0.122205 0.877795
1.000000
1.000000
1.000000
1.000000
1.000000
0.384659 0.615341
1.000000
1.000000
1.000000
1.000000
0.585146 0.414854
1.000000
0.707250 0.292750
1.000000
1.000000
1.000000
0.606310 0.315498 0.078192
0.979035 0.020965
1.000000
0.205129 0.794871
1.000000
1.000000
1.000000
0.068283 0.931717
0.458760 0.541240
1.000000
1.000000
0.124506 0.875494
0.539639 0.358011 0.102349
1.000000
0.462724 0.537276
0.213279 0.786721
1.000000
1.000000
1.000000
0.960888 0.039112
1.000000
0.268840 0.731160
1.000000
0.312707 0.687293
1.000000
0.291041 0.708959
0.395075 0.604925
0.483317 0.516683
0.567140 0.432860
0.071772 0.928228
0.235552 0.764448
0.833237 0.166763
1.000000
0.174063 0.825937
0.663179 0.336821
1.000000
0.309487 0.690513
1.000000
0.922713 0.077287
0.865739 0.134261
0.972562 0.027438
1.000000
1.000000
1.000000
0.712438 0.263014 0.024547
1.000000
0.857352 0.142648
1.000000
0.441676 0.558324
1.000000
1.000000
1.000000
1.000000
1.000000
0.733984 0.266016
1.000000
1.000000
1.000000
1.000000
0.071410 0.928590
1.000000
0.564684 0.435316
0.761004 0.238996
0.349775 0.479757 0.170468
1.000000
1.000000
1.000000
1.000000
1.000000
0.414576 0.585424
0.103725 0.896275
0.516993 0.483007
0.202499 0.797501
1.000000
1.000000
1.000000
0.340915 0.463452 0.195633
1.000000
0.143151 0.856849
0.201377 0.798623
1.000000
1.000000
0.105307 0.894693
0.763441 0.236559
0.486793 0.513207
0.943410 0.056590
1.000000
0.289923 0.710077
1.000000
0.349405 0.650595
1.000000
1.000000
1.000000
0.146564 0.853436
0.138206 0.428608 0.433186
0.113809 0.424792 0.461399
1.000000
1.000000
0.459584 0.540416
1.000000
0.505869 0.494131
0.545097 0.454903
0.319144 0.680856
1.000000
1.000000
0.466975 0.533025
0.014567 0.174434 0.810999
1.000000
1.000000
1.000000
0.904964 0.095036
1.000000
1.000000
0.645788 0.354212
1.000000
0.090549 0.437674 0.471777
1.000000
0.433073 0.566927
1.000000
0.153424 0.846576
1.000000
1.000000
1.000000
0.187839 0.457305 0.354856
0.612869 0.387131
0.058715 0.315254 0.626030
0.597808 0.402192
1.000000
0.356573 0.467685 0.175742
0.641290 0.358710
1.000000
1.000000
1.000000
0.961873 0.038127
0.709256 0.290744
1.000000
1.000000
0.787762 0.212238
1.000000
1.000000
1.000000
0.248284 0.751716
1.000000
0.318575 0.681425
0.115859 0.884141
1.000000
1.000000
1.000000
1.000000
1.000000
1.000000
1.000000
1.000000
1.000000
1.000000
0.958787 0.041213
0.866113 0.133887
1.000000
0.276394 0.723606
1.000000
0.952102 0.047898
0.189654 0.810346
1.000000
1.000000
1.000000
0.404353 0.420401 0.175246
0.396641 0.603359
1.000000
0.117244 0.882756
1.000000
1.000000
1.000000
0.151521 0.848479
0.560258 0.371438 0.068305
0.098081 0.901919
0.934097 0.065903
0.989136 0.010864
1.000000
0.774569 0.225431
1.000000
0.088329 0.911671
1.000000
1.000000
0.584089 0.415911
0.050798 0.949202
0.230052 0.769948
0.553035 0.446965
1.000000
0.365561 0.634439
1.000000
1.000000
1.000000
1.000000
1.000000
0.460307 0.539693
1.000000
0.033838 0.247427 0.718735
1.000000
1.000000
1.000000
1.000000
0.504471 0.495529
0.354497 0.645503
1.000000
1.000000
0.297299 0.702701
1.000000
0.096474 0.903526
1.000000
1.000000
1.000000
0.150102 0.849898
1.000000
1.000000
0.912283 0.087717
0.987088 0.012912
1.000000
1.000000
1.000000
0.267443 0.732557
0.523372 0.476628
0.363375 0.636625
0.683650 0.316350
1.000000
1.000000
0.722099 0.277901
0.177747 0.822253
0.117210 0.882790
1.000000
1.000000
1.000000
0.933981 0.066019
1.000000
0.638600 0.361400
0.218707 0.781293
1.000000
1.000000
0.457874 0.542126
1.000000
1.000000
1.000000
1.000000
0.277634 0.722366
0.041142 0.266546 0.692312
1.000000
0.424378 0.575622
1.000000
1.000000
0.285542 0.447479 0.266979
0.426865 0.573135
1.000000
0.188955 0.811045
1.000000
1.000000
0.235478 0.764522
1.000000
0.601708 0.398292
0.765770 0.234230
0.115407 0.884593
0.449070 0.461289 0.089641
0.664378 0.335622
1.000000
0.291749 0.708251
0.312080 0.687920
1.000000
0.944947 0.055053
1.000000
0.324759 0.675241
1.000000
1.000000
1.000000
0.012390 0.079150 0.284938 0.623523
0.675908 0.324092
0.176987 0.823013
1.000000
0.176200 0.823800
1.000000
1.000000
0.300296 0.699704
1.000000
0.100993 0.899007
1.000000
0.112398 0.887602
1.000000
1.000000
0.206393 0.793607
1.000000
0.566433 0.368094 0.065474
1.000000
0.077981 0.922019
0.445313 0.554687
0.156404 0.413042 0.430554
1.000000
0.918797 0.081203
1.000000
1.000000
1.000000
1.000000
0.234000 0.766000
0.717202 0.282798
1.000000
0.367844 0.632156
0.662203 0.301811 0.035986
1.000000
1.000000
1.000000
1.000000
0.139288 0.428422 0.432290
0.323998 0.676002
1.000000
0.791313 0.208687
0.150379 0.849621
1.000000
1.000000
1.000000
0.342165 0.657835
0.257071 0.742929
0.649803 0.350197
1.000000
1.000000
1.000000
0.206787 0.793213
0.494994 0.505006
1.000000
1.000000
0.298195 0.701805
1.000000
0.855097 0.144903
0.347548 0.652452
1.000000
0.734036 0.265964
1.000000
0.976020 0.023980
1.000000
1.000000
1.000000
1.000000
1.000000
0.282348 0.717652
0.336581 0.663419
1.000000
1.000000
1.000000
1.000000
1.000000
1.000000
1.000000
1.000000
1.000000
0.745597 0.254403
1.000000
0.457800 0.542200
1.000000
0.372305 0.627695
1.000000
1.000000
1.000000
0.438848 0.561152
1.000000
1.000000
0.375007 0.624993
0.108275 0.421406 0.470319
1.000000
0.424744 0.575256
0.287772 0.712228
1.000000
0.175453 0.824547
0.434139 0.565861
1.000000
1.000000
1.000000
0.710030 0.289970
1.000000
1.000000
0.809817 0.190183
1.000000
0.196955 0.437203 0.365842
1.000000
0.159635 0.840365
0.675881 0.324119
0.837484 0.162516
0.670683 0.329317
0.603246 0.396754
1.000000
1.000000
0.451196 0.548804
1.000000
1.000000
1.000000
1.000000
0.648924 0.351076
1.000000
0.078164 0.921836
0.139025 0.860975
0.547062 0.452938
0.934674 0.065326
1.000000
0.368825 0.445576 0.185599
0.019182 0.194699 0.786119
1.000000
1.000000
0.203384 0.796616
0.942322 0.057678
1.000000
0.391768 0.608232
1.000000
1.000000
0.526752 0.473248
0.370382 0.432390 0.197228
1.000000
1.000000
0.795601 0.204399
1.000000
1.000000
1.000000
1.000000
1.000000
0.295045 0.704955
1.000000
0.232025 0.767975
1.000000
1.000000
0.002516 0.034248 0.209236 0.754001
0.936434 0.063566
0.650257 0.349743
1.000000
1.000000
0.687801 0.312199
1.000000
0.170310 0.829690
1.000000
1.000000
0.237508 0.762492
0.440937 0.559063
1.000000
0.612674 0.387326
1.000000
0.173087 0.826913
0.274196 0.725804
0.068064 0.376389 0.555548
0.551115 0.448885
0.090745 0.407257 0.501997
0.654052 0.345948
0.132679 0.391422 0.475898
1.000000
0.986753 0.013247
1.000000
1.000000
0.932390 0.067610
1.000000
0.186945 0.813055
0.706218 0.293782
0.975947 0.024053
0.094698 0.360510 0.544793
1.000000
0.856664 0.143336
0.509793 0.490207
1.000000
0.186487 0.813513
0.364229 0.635771
1.000000
0.729100 0.270900
1.000000
0.380750 0.619250
1.000000
0.935042 0.064958
0.471043 0.528957
1.000000
0.371241 0.474252 0.154507
1.000000
1.000000
0.111187 0.888813
1.000000
0.827544 0.172456
0.675481 0.324519
0.509628 0.490372
1.000000
1.000000
1.000000
0.600159 0.399841
1.000000
1.000000
1.000000
1.000000
0.936346 0.063654
1.000000
0.847962 0.152038
1.000000
0.578221 0.421779
1.000000
1.000000
0.886360 0.113640
0.553871 0.446129
0.416453 0.583547
0.154460 0.845540
0.696898 0.303102
1.000000
1.000000
1.000000
0.105607 0.438743 0.455650
1.000000
0.796603 0.203397
0.043813 0.956187
0.452081 0.547919
0.729752 0.270248
0.202749 0.797251
0.720811 0.279189
1.000000
1.000000
1.000000
1.000000
1.000000
0.110069 0.889931
1.000000
0.764534 0.235466
1.000000
0.925871 0.074129
1.000000
0.978374 0.021626
0.947474 0.052526
0.794783 0.205217
1.000000
1.000000
1.000000
0.529764 0.470236
0.926033 0.073967
0.256143 0.743857
0.227626 0.772374
1.000000
1.000000
0.114693 0.405650 0.479657
1.000000
1.000000
0.134115 0.437064 0.428821
1.000000
1.000000
0.472975 0.527025
0.981967 0.018033
0.809035 0.190965
1.000000
1.000000
1.000000
0.754092 0.245908
0.217562 0.782438
1.000000
0.859412 0.140588
1.000000
0.168737 0.831263
1.000000
0.687666 0.312334
1.000000
1.000000
0.260031 0.739969
0.744619 0.255381
0.139905 0.860095
1.000000
0.357991 0.642009
0.663453 0.336547
1.000000
0.992434 0.007566
1.000000
1.000000
0.163486 0.396737 0.439777
1.000000
0.575016 0.424984
0.212293 0.787707
1.000000
1.000000
1.000000
0.351369 0.429901 0.218730
1.000000
1.000000
0.232934 0.767066
0.411307 0.588693
1.000000
1.000000
1.000000
0.670430 0.329570
0.444616 0.555384
0.281472 0.718528
1.000000
1.000000
1.000000
1.000000
1.000000
1.000000
1.000000
1.000000
1.000000
0.967386 0.032614
1.000000
1.000000
1.000000
0.956037 0.043963
1.000000
0.176106 0.408272 0.306709 0.108913
0.416235 0.583765
0.617407 0.382593
0.292149 0.707851
1.000000
0.470506 0.403897 0.125598
1.000000
0.816119 0.183881
1.000000
0.150114 0.849886
1.000000
0.195733 0.804267
1.000000
1.000000
0.205165 0.794835
1.000000
1.000000
0.016709 0.185677 0.797614
0.146603 0.853397
0.437382 0.416905 0.145712
0.699659 0.300341
1.000000
0.145716 0.854284
0.549700 0.450300
1.000000
0.054662 0.945338
1.000000
0.971365 0.028635
1.000000
0.978763 0.021237
1.000000
0.179569 0.820431
1.000000
1.000000
0.046396 0.258568 0.695036
1.000000
0.266469 0.733531
1.000000
0.027384 0.213071 0.759545
0.699779 0.300221
0.189079 0.810921
1.000000
0.912528 0.087472
1.000000
0.366025 0.633975
1.000000
1.000000
1.000000
0.769496 0.230504
1.000000
1.000000
0.968390 0.031610
0.863272 0.136728
0.118567 0.881433
0.410213 0.589787
1.000000
1.000000
0.123310 0.876690
0.236080 0.449170 0.314751
0.350838 0.649162
0.173083 0.826917
0.646702 0.353298
0.407436 0.592564
0.985986 0.014014
0.690087 0.309913
0.410282 0.418576 0.171142
1.000000
1.000000
0.848006 0.151994
0.209106 0.462442 0.328452
1.000000
0.066023 0.303441 0.630535
1.000000
0.469675 0.530325
1.000000
1.000000
1.000000
0.126247 0.873753
1.000000
0.547996 0.452004
1.000000
1.000000
1.000000
0.112798 0.887202
1.000000
1.000000
1.000000
0.591636 0.408364
1.000000
0.851163 0.148837
1.000000
0.893037 0.106963
0.212068 0.787932
0.213625 0.786375
1.000000
0.661816 0.338184
0.275157 0.724843
0.937471 0.062529
1.000000
0.855188 0.144812
0.967688 0.032312
1.000000
0.131549 0.868451
0.415232 0.584768
1.000000
1.000000
0.557519 0.442481
1.000000
1.000000
1.000000
0.574692 0.362239 0.063069
0.468586 0.411777 0.119637
0.984904 0.014949 0.000147
1.000000
1.000000
1.000000
0.965504 0.034496
1.000000
1.000000
1.000000
1.000000
0.319484 0.680516
0.961928 0.038072
0.147727 0.852273
0.501141 0.498859
1.000000
1.000000
0.151633 0.848367
1.000000
1.000000
1.000000
1.000000
1.000000
1.000000
1.000000
0.296861 0.703139
1.000000
1.000000
0.918506 0.081494
1.000000
0.180766 0.420114 0.399120
1.000000
1.000000
1.000000
0.356536 0.643464
1.000000
1.000000
1.000000
1.000000
1.000000
1.000000
0.472453 0.527547
1.000000
0.185798 0.814202
1.000000
0.793526 0.206474
1.000000
1.000000
0.337300 0.662700
0.973735 0.026265
1.000000
1.000000
0.063563 0.936437
0.472500 0.527500
0.217631 0.782369
1.000000
0.171725 0.828275
1.000000
1.000000
1.000000
1.000000
0.711469 0.288531
1.000000
1.000000
1.000000
1.000000
1.000000
0.429180 0.570820
1.000000
0.527719 0.472281
0.101123 0.359429 0.539448
1.000000
0.153665 0.846335
1.000000
1.000000
1.000000
1.000000
1.000000
0.123058 0.876942
1.000000
1.000000
1.000000
1.000000
1.000000
1.000000
0.964389 0.034774 0.000837
0.209058 0.790942
0.901947 0.098053
1.000000
1.000000
1.000000
1.000000
0.450236 0.549764
1.000000
0.579083 0.362053 0.058864
1.000000
1.000000
1.000000
1.000000
0.084429 0.362850 0.552721
0.953782 0.046218
0.348457 0.651543
1.000000
1.000000
1.000000
1.000000
1.000000
0.401561 0.598439
1.000000
1.000000
1.000000
0.802633 0.197367
0.414820 0.585180
1.000000
1.000000
0.281118 0.718882
0.294930 0.705070
