0.748602 0.251398
0.992817 0.007183
0.509464 0.490536
0.999951 0.000049
0.994576 0.005424
0.849531 0.150469
0.093870 0.906130
0.000780 0.999220
0.923137 0.076863
0.744615 0.255385
0.000005 0.999995
0.000000 1.000000
0.000000 1.000000
0.367005 0.632995
0.000000 1.000000
0.000055 0.999945
0.909642 0.090358
0.995109 0.004891
0.000001 0.999999
0.260004 0.739996
0.015461 0.984539
0.000007 0.999993
0.841904 0.158096
0.261726 0.738274
0.526444 0.473556
0.954801 0.045199
0.003328 0.996672
0.000243 0.999757
0.049049 0.950951
0.013554 0.986446
0.000017 0.999983
0.081710 0.918290
0.000182 0.999818
0.161763 0.838237
0.000049 0.999951
0.000138 0.999862
0.003529 0.996471
0.002538 0.997462
0.446012 0.553988
0.997424 0.002576
0.119644 0.880356
0.711257 0.288743
0.909238 0.090762
0.583081 0.416919
0.207066 0.792934
0.099673 0.900327
0.000020 0.999980
0.000388 0.999612
0.972097 0.027903
0.000240 0.999760
0.928220 0.071780
0.210043 0.789957
0.000001 0.999999
0.002889 0.997111
0.430056 0.569944
0.004418 0.995582
0.000672 0.999328
0.002845 0.997155
0.573798 0.426202
0.413532 0.586468
0.549872 0.450128
0.000000 1.000000
0.353871 0.646129
0.998484 0.001516
0.020343 0.979657
0.000222 0.999778
0.458076 0.541924
0.758111 0.241889
0.645062 0.354938
0.404149 0.595851
0.082922 0.917078
0.633317 0.366683
0.000127 0.999873
0.410439 0.589561
0.000000 1.000000
0.738107 0.261893
0.000120 0.999880
0.995738 0.004262
0.728138 0.271862
0.156870 0.843130
0.991343 0.008657
0.811125 0.188875
0.000007 0.999993
0.000196 0.999804
0.801101 0.198899
0.002335 0.997665
0.000591 0.999409
0.998748 0.001252
0.000000 1.000000
0.316854 0.683146
0.000003 0.999997
0.045752 0.954248
0.003841 0.996159
0.070907 0.929093
0.811175 0.188825
0.760793 0.239207
0.367694 0.632306
0.136526 0.863474
0.793603 0.206397
0.001118 0.998882
0.000964 0.999036
0.896970 0.103030
0.881540 0.118460
0.000084 0.999916
0.991820 0.008180
0.875120 0.124880
0.000162 0.999838
0.179362 0.820638
0.260221 0.739779
0.000000 1.000000
0.346736 0.653264
0.000862 0.999138
0.000000 1.000000
0.010758 0.989242
0.068668 0.931332
0.004511 0.995489
0.338553 0.661447
0.147768 0.852232
0.872577 0.127423
0.000000 1.000000
0.929926 0.070074
0.000046 0.999954
0.000950 0.999050
0.005652 0.994348
0.552965 0.447035
0.295052 0.704948
0.016817 0.983183
0.132837 0.867163
0.531271 0.468729
0.630735 0.369265
0.618258 0.381742
0.771967 0.228033
0.887823 0.112177
0.000083 0.999917
0.997140 0.002860
0.055774 0.944226
0.768414 0.231586
0.270287 0.729713
0.383684 0.616316
0.561630 0.438370
0.000021 0.999979
0.529692 0.470308
0.011389 0.988611
0.455814 0.544186
0.017309 0.982691
0.313711 0.686289
0.000000 1.000000
0.026984 0.973016
0.851877 0.148123
0.435301 0.564699
0.596716 0.403284
0.000930 0.999070
0.416437 0.583563
0.000111 0.999889
0.951661 0.048339
0.012690 0.987310
0.898382 0.101618
0.260675 0.739325
0.840121 0.159879
0.000006 0.999994
0.000318 0.999682
0.370934 0.629066
0.346495 0.653505
0.000000 1.000000
0.416970 0.583030
0.013857 0.986143
0.953207 0.046793
0.014335 0.985665
0.022729 0.977271
0.014440 0.985560
0.000084 0.999916
0.903626 0.096374
0.799561 0.200439
0.009697 0.990303
0.969828 0.030172
0.183700 0.816300
0.000756 0.999244
0.006518 0.993482
0.931319 0.068681
0.000272 0.999728
0.000017 0.999983
0.531468 0.468532
0.046459 0.953541
0.404083 0.595917
0.360649 0.639351
0.829019 0.170981
0.381704 0.618296
0.546828 0.453172
0.000292 0.999708
0.619139 0.380861
0.000000 1.000000
0.000058 0.999942
0.783348 0.216652
0.000552 0.999448
0.989724 0.010276
0.042970 0.957030
0.417355 0.582645
0.998715 0.001285
0.993242 0.006758
0.219629 0.780371
0.847935 0.152065
0.002477 0.997523
0.003655 0.996345
0.957754 0.042246
0.000045 0.999955
0.344059 0.655941
0.015787 0.984213
0.641642 0.358358
0.982419 0.017581
0.220975 0.779025
0.982069 0.017931
0.998680 0.001320
0.930354 0.069646
0.028279 0.971721
0.303852 0.696148
0.681788 0.318212
0.000144 0.999856
0.000061 0.999939
0.932869 0.067131
0.478174 0.521826
0.910752 0.089248
0.001216 0.998784
0.000031 0.999969
0.000087 0.999913
0.975532 0.024468
0.000268 0.999732
0.000001 0.999999
0.000028 0.999972
0.705646 0.294354
0.039533 0.960467
0.253139 0.746861
0.001613 0.998387
0.382097 0.617903
0.011754 0.988246
0.348151 0.651849
0.004431 0.995569
0.001041 0.998959
0.035737 0.964263
0.022782 0.977218
0.413973 0.586027
0.000110 0.999890
0.000068 0.999932
0.000000 1.000000
0.020322 0.979678
0.005674 0.994326
0.799679 0.200321
0.017222 0.982778
0.794657 0.205343
0.007157 0.992843
0.042717 0.957283
0.081213 0.918787
0.476937 0.523063
0.144919 0.855081
0.000000 1.000000
0.003253 0.996747
0.000983 0.999017
0.000114 0.999886
0.073809 0.926191
0.999504 0.000496
0.010476 0.989524
0.119186 0.880814
0.992513 0.007487
0.983467 0.016533
0.000000 1.000000
0.000345 0.999655
0.100810 0.899190
0.469747 0.530253
0.030955 0.969045
0.385696 0.614304
0.019129 0.980871
0.004361 0.995639
0.000238 0.999762
0.000000 1.000000
0.359347 0.640653
0.060156 0.939844
0.942299 0.057701
0.000003 0.999997
0.190053 0.809947
0.999904 0.000096
0.896884 0.103116
0.004561 0.995439
0.007561 0.992439
0.361781 0.638219
0.041620 0.958380
0.001158 0.998842
0.413388 0.586612
0.996221 0.003779
0.515850 0.484150
0.910918 0.089082
0.833912 0.166088
0.000000 1.000000
0.108055 0.891945
0.007173 0.992827
0.979941 0.020059
0.002359 0.997641
0.493670 0.506330
0.033805 0.966195
0.011793 0.988207
0.999762 0.000238
0.408391 0.591609
0.040699 0.959301
0.506968 0.493032
0.000925 0.999075
0.001078 0.998922
0.000000 1.000000
0.887833 0.112167
0.560819 0.439181
0.000216 0.999784
0.857437 0.142563
0.006053 0.993947
0.000001 0.999999
0.239946 0.760054
0.875889 0.124111
0.000001 0.999999
0.000000 1.000000
0.853589 0.146411
0.999744 0.000256
0.512990 0.487010
0.982343 0.017657
0.537830 0.462170
0.144397 0.855603
0.006991 0.993009
-0.000000 1.000000
0.987706 0.012294
0.731423 0.268577
0.133088 0.866912
0.008701 0.991299
0.000000 1.000000
0.000000 1.000000
0.089279 0.910721
0.001724 0.998276
0.000183 0.999817
0.000000 1.000000
0.000078 0.999922
0.031122 0.968878
0.845546 0.154454
0.558452 0.441548
0.000004 0.999996
0.103582 0.896418
0.540295 0.459705
0.000218 0.999782
0.319402 0.680598
0.998774 0.001226
0.456279 0.543721
0.968573 0.031427
0.000000 1.000000
0.003440 0.996560
0.000000 1.000000
0.506566 0.493434
0.071340 0.928660
0.005011 0.994989
0.498126 0.501874
0.963404 0.036596
0.231131 0.768869
0.301693 0.698307
0.000244 0.999756
0.215739 0.784261
0.003049 0.996951
0.519259 0.480741
0.128695 0.871305
0.002548 0.997452
0.628183 0.371817
0.383589 0.616411
0.000014 0.999986
0.960523 0.039477
0.000002 0.999998
0.009210 0.990790
0.471715 0.528285
0.000000 1.000000
0.990697 0.009303
0.001414 0.998586
0.278908 0.721092
0.967135 0.032865
0.974133 0.025867
0.000000 1.000000
0.000491 0.999509
0.000034 0.999966
0.007573 0.992427
0.985691 0.014309
0.985302 0.014698
0.136025 0.863975
0.368490 0.631510
0.040434 0.959566
0.399141 0.600859
0.000013 0.999987
0.031162 0.968838
0.000291 0.999709
0.999923 0.000077
0.881748 0.118252
0.000000 1.000000
0.006176 0.993824
0.520208 0.479792
0.048179 0.951821
0.644947 0.355053
0.000000 1.000000
0.000000 1.000000
0.038426 0.961574
0.959916 0.040084
0.116755 0.883245
0.831841 0.168159
0.998703 0.001297
0.261787 0.738213
0.000029 0.999971
0.827902 0.172098
0.000440 0.999560
0.000019 0.999981
0.681383 0.318617
0.761037 0.238963
0.000024 0.999976
0.799074 0.200926
0.536241 0.463759
0.511498 0.488502
0.533206 0.466794
0.856137 0.143863
0.000028 0.999972
0.222293 0.777707
0.000035 0.999965
0.982877 0.017123
0.004906 0.995094
0.412560 0.587440
0.986141 0.013859
0.612337 0.387663
0.003543 0.996457
0.725029 0.274971
0.000169 0.999831
0.001931 0.998069
0.000005 0.999995
0.002064 0.997936
0.915180 0.084820
-0.000000 1.000000
0.002415 0.997585
0.000001 0.999999
0.685148 0.314852
0.579621 0.420379
0.730095 0.269905
0.000029 0.999971
0.000010 0.999990
0.049442 0.950558
0.000000 1.000000
0.000002 0.999998
0.000017 0.999983
0.002370 0.997630
0.000433 0.999567
0.989422 0.010578
0.004033 0.995967
0.000173 0.999827
0.115133 0.884867
0.000120 0.999880
0.990445 0.009555
0.138432 0.861568
0.483945 0.516055
0.000784 0.999216
0.000000 1.000000
0.000046 0.999954
0.999834 0.000166
0.000000 1.000000
0.044480 0.955520
0.000000 1.000000
0.266609 0.733391
0.000000 1.000000
0.331282 0.668718
0.222211 0.777789
0.244378 0.755622
0.943248 0.056752
0.947998 0.052002
0.823126 0.176874
0.000003 0.999997
0.488063 0.511937
0.999733 0.000267
0.749960 0.250040
0.000001 0.999999
0.014979 0.985021
0.125546 0.874454
0.972437 0.027563
0.923078 0.076922
0.215408 0.784592
0.914209 0.085791
0.200689 0.799311
0.063977 0.936023
0.911840 0.088160
0.654463 0.345537
0.093601 0.906399
0.000001 0.999999
0.000032 0.999968
0.000529 0.999471
0.799596 0.200404
0.392700 0.607300
0.003533 0.996467
0.061908 0.938092
0.532304 0.467696
0.447816 0.552184
0.000002 0.999998
0.000000 1.000000
0.000386 0.999614
0.374095 0.625905
0.240825 0.759175
0.632581 0.367419
0.131862 0.868138
0.281036 0.718964
0.014263 0.985737
0.926416 0.073584
0.819728 0.180272
0.776584 0.223416
0.008326 0.991674
0.572783 0.427217
0.387237 0.612763
0.485271 0.514729
0.006075 0.993925
0.000001 0.999999
0.381427 0.618573
0.061886 0.938114
0.176660 0.823340
0.026375 0.973625
0.360756 0.639244
0.001203 0.998797
0.018369 0.981631
0.000958 0.999042
0.986511 0.013489
0.282359 0.717641
0.597242 0.402758
0.950887 0.049113
0.288465 0.711535
0.000000 1.000000
0.012483 0.987517
0.000012 0.999988
0.871222 0.128778
0.987390 0.012610
0.000038 0.999962
0.000723 0.999277
0.654101 0.345899
0.979740 0.020260
0.997924 0.002076
0.000069 0.999931
0.063932 0.936068
0.000000 1.000000
0.000025 0.999975
0.229667 0.770333
0.012001 0.987999
0.779109 0.220891
0.000000 1.000000
0.449436 0.550564
0.402970 0.597030
0.000451 0.999549
0.530978 0.469022
0.469483 0.530517
0.869949 0.130051
0.948822 0.051178
0.673254 0.326746
0.000000 1.000000
0.014068 0.985932
0.176971 0.823029
0.733664 0.266336
0.954849 0.045151
0.006826 0.993174
0.000000 1.000000
0.039201 0.960799
0.059830 0.940170
0.599666 0.400334
0.998071 0.001929
0.001655 0.998345
0.976310 0.023690
0.555716 0.444284
0.281321 0.718679
0.000008 0.999992
0.000000 1.000000
0.685893 0.314107
0.627940 0.372060
0.903466 0.096534
0.000035 0.999965
0.468405 0.531595
0.150449 0.849551
0.000474 0.999526
0.002251 0.997749
0.912512 0.087488
0.565032 0.434968
0.512548 0.487452
0.936964 0.063036
0.941633 0.058367
0.001526 0.998474
0.488460 0.511540
0.000000 1.000000
0.000000 1.000000
0.226295 0.773705
0.000000 1.000000
0.015196 0.984804
0.006818 0.993182
0.272766 0.727234
0.874543 0.125457
0.786767 0.213233
0.639084 0.360916
0.733822 0.266178
0.000001 0.999999
0.289638 0.710362
0.904796 0.095204
0.311492 0.688508
0.999391 0.000609
0.005388 0.994612
0.006688 0.993312
0.000000 1.000000
0.820341 0.179659
0.382924 0.617076
0.497196 0.502804
0.517538 0.482462
0.026837 0.973163
0.935627 0.064373
0.787042 0.212958
0.838860 0.161140
0.024071 0.975929
0.673580 0.326420
0.001271 0.998729
0.441712 0.558288
0.000268 0.999732
0.002018 0.997982
0.895154 0.104846
0.841724 0.158276
0.414828 0.585172
0.502779 0.497221
0.000000 1.000000
0.000000 1.000000
0.704617 0.295383
0.760608 0.239392
0.374129 0.625871
0.000000 1.000000
0.000005 0.999995
0.008704 0.991296
0.000002 0.999998
0.902884 0.097116
0.795066 0.204934
0.004601 0.995399
0.045398 0.954602
0.946148 0.053852
0.851290 0.148710
0.919344 0.080656
0.955125 0.044875
0.372339 0.627661
0.249440 0.750560
0.714501 0.285499
0.000348 0.999652
0.000092 0.999908
0.995185 0.004815
0.129645 0.870355
0.002391 0.997609
0.112238 0.887762
0.269874 0.730126
0.567535 0.432465
0.345462 0.654538
0.559356 0.440644
0.767442 0.232558
0.013031 0.986969
0.093547 0.906453
0.976842 0.023158
0.016203 0.983797
0.008546 0.991454
0.010797 0.989203
0.000175 0.999825
0.145991 0.854009
0.815169 0.184831
0.005558 0.994442
0.880005 0.119995
0.613814 0.386186
0.002850 0.997150
0.471822 0.528178
0.838633 0.161367
0.997968 0.002032
0.968119 0.031881
0.028023 0.971977
0.005079 0.994921
0.000015 0.999985
0.971262 0.028738
0.003109 0.996891
0.590975 0.409025
0.864277 0.135723
0.030953 0.969047
0.011122 0.988878
0.965832 0.034168
0.000530 0.999470
0.142327 0.857673
0.706492 0.293508
0.167734 0.832266
0.012115 0.987885
0.006813 0.993187
0.990186 0.009814
0.001883 0.998117
0.000074 0.999926
0.708354 0.291646
0.000001 0.999999
0.559015 0.440985
0.067429 0.932571
0.954099 0.045901
0.000014 0.999986
0.000017 0.999983
0.004774 0.995226
0.003907 0.996093
0.995190 0.004810
0.674799 0.325201
0.000004 0.999996
0.922113 0.077887
0.810173 0.189827
0.314463 0.685537
0.876946 0.123054
0.500518 0.499482
0.000000 1.000000
0.000141 0.999859
0.015575 0.984425
0.923626 0.076374
0.998835 0.001165
0.922176 0.077824
0.012345 0.987655
0.463539 0.536461
0.497481 0.502519
0.793417 0.206583
0.789993 0.210007
0.744227 0.255773
0.283002 0.716998
0.001295 0.998705
0.391743 0.608257
0.807473 0.192527
0.886646 0.113354
0.983939 0.016061
0.000140 0.999860
0.000051 0.999949
0.603834 0.396166
0.000746 0.999254
0.940058 0.059942
0.164054 0.835946
0.036509 0.963491
0.799782 0.200218
0.982886 0.017114
0.000406 0.999594
0.013168 0.986832
0.000218 0.999782
0.950818 0.049182
0.999930 0.000070
0.654202 0.345798
0.000758 0.999242
0.670517 0.329483
0.934846 0.065154
0.317155 0.682845
0.000000 1.000000
0.000296 0.999704
0.299644 0.700356
0.068666 0.931334
0.988139 0.011861
0.156093 0.843907
0.000000 1.000000
0.020360 0.979640
0.000000 1.000000
0.222295 0.777705
0.000246 0.999754
0.020914 0.979086
0.995174 0.004826
0.611912 0.388088
0.012637 0.987363
0.000266 0.999734
0.005211 0.994789
0.967695 0.032305
0.568605 0.431395
0.936062 0.063938
0.203041 0.796959
0.022389 0.977611
0.000027 0.999973
0.999861 0.000139
0.192187 0.807813
0.834654 0.165346
0.823940 0.176060
0.091171 0.908829
0.197947 0.802053
0.383895 0.616105
0.571592 0.428408
0.067225 0.932775
0.876003 0.123997
0.806338 0.193662
0.000049 0.999951
0.000000 1.000000
0.006151 0.993849
0.015697 0.984303
0.001028 0.998972
0.012570 0.987430
0.000088 0.999912
0.999078 0.000922
0.606181 0.393819
0.091222 0.908778
0.000000 1.000000
0.374586 0.625414
0.100866 0.899134
0.527132 0.472868
0.136095 0.863905
0.000000 1.000000
0.000000 1.000000
0.048526 0.951474
0.000012 0.999988
0.000035 0.999965
0.000807 0.999193
0.000001 0.999999
0.000155 0.999845
0.427746 0.572254
0.790067 0.209933
0.947700 0.052300
0.430108 0.569892
0.181150 0.818850
0.808328 0.191672
0.120803 0.879197
0.000028 0.999972
0.974213 0.025787
0.997895 0.002105
0.342190 0.657810
0.710004 0.289996
0.963506 0.036494
0.473688 0.526312
0.000000 1.000000
0.130042 0.869958
0.057078 0.942922
0.628351 0.371649
0.000017 0.999983
0.475262 0.524738
0.585391 0.414609
0.163006 0.836994
0.019086 0.980914
0.201472 0.798528
0.000339 0.999661
0.000000 1.000000
0.000000 1.000000
0.869600 0.130400
0.000026 0.999974
0.003351 0.996649
0.490215 0.509785
0.000205 0.999795
0.019048 0.980952
0.000370 0.999630
0.725045 0.274955
0.001239 0.998761
0.000000 1.000000
0.488252 0.511748
0.635772 0.364228
0.533303 0.466697
0.994528 0.005472
0.005172 0.994828
0.862938 0.137062
0.009424 0.990576
0.639409 0.360591
0.068491 0.931509
0.049210 0.950790
0.936071 0.063929
0.119334 0.880666
0.682651 0.317349
0.820880 0.179120
0.574063 0.425937
0.676850 0.323150
0.905456 0.094544
0.000000 1.000000
0.927201 0.072799
0.886374 0.113626
0.000218 0.999782
0.145048 0.854952
0.000001 0.999999
0.997173 0.002827
0.000020 0.999980
0.020459 0.979541
0.000031 0.999969
0.222125 0.777875
0.159026 0.840974
0.723676 0.276324
0.950213 0.049787
0.011563 0.988437
0.000000 1.000000
0.000533 0.999467
0.992809 0.007191
0.556637 0.443363
0.000000 1.000000
0.002517 0.997483
0.005318 0.994682
0.003721 0.996279
0.968468 0.031532
0.083969 0.916031
0.715609 0.284391
0.287668 0.712332
0.000011 0.999989
0.665965 0.334035
0.000000 1.000000
0.029490 0.970510
0.550914 0.449086
0.004668 0.995332
0.000041 0.999959
0.850570 0.149430
0.262431 0.737569
0.282382 0.717618
0.000509 0.999491
0.161200 0.838800
0.244040 0.755960
0.000000 1.000000
0.515506 0.484494
0.000282 0.999718
0.841046 0.158954
0.000012 0.999988
0.944587 0.055413
0.805366 0.194634
0.653182 0.346818
0.000000 1.000000
0.000759 0.999241
0.112435 0.887565
0.064138 0.935862
0.576865 0.423135
0.189445 0.810555
0.002619 0.997381
0.000772 0.999228
0.979501 0.020499
0.632729 0.367271
0.359285 0.640715
0.986657 0.013343
0.810179 0.189821
0.000043 0.999957
0.000009 0.999991
0.064271 0.935729
0.273502 0.726498
0.000000 1.000000
0.022757 0.977243
0.033729 0.966271
0.000168 0.999832
0.943875 0.056125
0.711866 0.288134
0.754744 0.245256
0.000000 1.000000
0.209144 0.790856
0.612816 0.387184
0.093472 0.906528
0.999509 0.000491
0.400916 0.599084
0.001557 0.998443
0.095259 0.904741
0.562452 0.437548
0.000151 0.999849
0.778850 0.221150
0.474001 0.525999
0.000000 1.000000
0.746980 0.253020
0.005097 0.994903
0.992600 0.007400
0.195922 0.804078
0.845486 0.154514
0.862781 0.137219
0.021933 0.978067
0.001143 0.998857
0.065880 0.934120
0.011291 0.988709
0.000000 1.000000
0.000291 0.999709
0.991371 0.008629
0.568586 0.431414
0.666681 0.333319
0.949237 0.050763
0.355771 0.644229
0.035394 0.964606
0.546070 0.453930
0.014341 0.985659
0.000087 0.999913
0.000054 0.999946
0.080587 0.919413
0.147971 0.852029
0.897820 0.102180
0.000003 0.999997
0.153282 0.846718
0.361984 0.638016
0.401570 0.598430
0.963198 0.036802
0.000003 0.999997
0.035942 0.964058
0.488359 0.511641
0.640769 0.359231
0.451527 0.548473
0.775216 0.224784
0.026174 0.973826
0.599596 0.400404
0.075782 0.924218
0.876379 0.123621
0.000155 0.999845
0.811285 0.188715
0.501206 0.498794
0.529414 0.470586
0.002286 0.997714
0.370971 0.629029
0.400900 0.599100
0.011221 0.988779
0.818991 0.181009
0.000048 0.999952
0.000175 0.999825
0.007377 0.992623
0.440137 0.559863
0.098861 0.901139
0.437723 0.562277
0.010613 0.989387
0.848832 0.151168
0.000523 0.999477
0.000731 0.999269
0.958738 0.041262
0.402790 0.597210
0.000268 0.999732
0.017664 0.982336
0.072758 0.927242
0.004931 0.995069
0.000000 1.000000
0.756622 0.243378
0.073661 0.926339
0.000000 1.000000
0.000539 0.999461
0.000009 0.999991
0.009222 0.990778
0.870105 0.129895
0.000024 0.999976
0.000013 0.999987
0.000000 1.000000
0.288836 0.711164
0.886510 0.113490
0.000000 1.000000
0.779030 0.220970
0.949970 0.050030
0.000061 0.999939
0.000000 1.000000
0.000000 1.000000
0.374177 0.625823
0.000017 0.999983
0.485876 0.514124
0.143872 0.856128
0.617632 0.382368
0.727072 0.272928
0.138127 0.861873
0.710264 0.289736
0.867217 0.132783
0.024269 0.975731
0.998293 0.001707
0.986399 0.013601
0.024068 0.975932
0.001127 0.998873
0.993723 0.006277
0.000000 1.000000
0.013833 0.986167
0.023029 0.976971
0.614116 0.385884
0.859149 0.140851
0.105282 0.894718
0.007535 0.992465
0.047521 0.952479
0.000047 0.999953
0.556896 0.443104
0.769674 0.230326
0.002764 0.997236
0.312200 0.687800
0.001824 0.998176
0.292073 0.707927
0.000408 0.999592
0.225860 0.774140
0.231786 0.768214
0.604022 0.395978
0.997243 0.002757
0.000303 0.999697
0.047338 0.952662
0.836612 0.163388
0.561836 0.438164
0.000092 0.999908
0.019691 0.980309
0.000035 0.999965
0.907761 0.092239
0.565351 0.434649
0.000321 0.999679
0.998884 0.001116
0.000574 0.999426
0.000000 1.000000
0.754875 0.245125
0.004076 0.995924
0.008129 0.991871
0.341695 0.658305
0.922109 0.077891
0.379394 0.620606
0.000008 0.999992
0.850047 0.149953
0.001150 0.998850
0.001159 0.998841
0.437423 0.562577
0.009764 0.990236
0.043226 0.956774
0.000000 1.000000
0.000667 0.999333
0.230349 0.769651
0.261628 0.738372
0.000066 0.999934
0.001342 0.998658
0.944013 0.055987
0.000625 0.999375
0.751263 0.248737
0.412331 0.587669
0.000729 0.999271
0.561708 0.438292
0.003172 0.996828
0.000156 0.999844
0.990157 0.009843
0.000742 0.999258
0.041971 0.958029
0.000620 0.999380
0.012896 0.987104
0.274295 0.725705
0.000000 1.000000
0.412848 0.587152
0.823507 0.176493
0.982866 0.017134
0.000000 1.000000
0.003030 0.996970
0.023432 0.976568
0.000026 0.999974
0.945723 0.054277
0.908705 0.091295
0.922830 0.077170
0.000015 0.999985
0.001629 0.998371
0.398933 0.601067
0.000263 0.999737
0.953098 0.046902
0.721914 0.278086
0.000027 0.999973
0.838263 0.161737
0.006419 0.993581
0.000048 0.999952
0.285279 0.714721
0.120335 0.879665
-0.000000 1.000000
0.000001 0.999999
0.944585 0.055415
0.017500 0.982500
0.007184 0.992816
0.000000 1.000000
0.886035 0.113965
0.633231 0.366769
0.000000 1.000000
0.000419 0.999581
0.976410 0.023590
0.989221 0.010779
0.289218 0.710782
0.000127 0.999873
0.000777 0.999223
0.079730 0.920270
0.000190 0.999810
0.000142 0.999858
0.106116 0.893884
0.000000 1.000000
0.424559 0.575441
0.355922 0.644078
0.241665 0.758335
0.799914 0.200086
0.000006 0.999994
0.001816 0.998184
0.905611 0.094389
0.006803 0.993197
0.648330 0.351670
0.527048 0.472952
0.249218 0.750782
0.390882 0.609118
0.998928 0.001072
0.746232 0.253768
0.489809 0.510191
0.000043 0.999957
0.057351 0.942649
0.000007 0.999993
0.098479 0.901521
0.031671 0.968329
0.174465 0.825535
0.009248 0.990752
0.546684 0.453316
0.006429 0.993571
0.525775 0.474225
0.824132 0.175868
0.260212 0.739788
0.902788 0.097212
0.012367 0.987633
0.058280 0.941720
0.430813 0.569187
0.260600 0.739400
0.323913 0.676087
0.999888 0.000112
0.000000 1.000000
0.905816 0.094184
0.517920 0.482080
0.016239 0.983761
0.999299 0.000701
0.706082 0.293918
0.878298 0.121702
0.013425 0.986575
0.905728 0.094272
0.006358 0.993642
-0.000000 1.000000
0.018428 0.981572
0.000022 0.999978
0.020420 0.979580
0.068277 0.931723
0.769508 0.230492
0.798446 0.201554
0.311740 0.688260
0.756508 0.243492
0.150791 0.849209
0.002093 0.997907
0.999258 0.000742
0.347871 0.652129
0.478421 0.521579
0.802433 0.197567
0.018323 0.981677
0.004195 0.995805
0.007278 0.992722
0.000020 0.999980
0.005263 0.994737
0.192600 0.807400
0.004495 0.995505
0.898385 0.101615
0.000000 1.000000
0.588382 0.411618
0.000068 0.999932
0.000001 0.999999
0.508055 0.491945
0.000998 0.999002
0.000000 1.000000
0.687939 0.312061
0.976286 0.023714
0.954251 0.045749
0.967041 0.032959
0.000105 0.999895
0.077947 0.922053
0.526966 0.473034
0.299217 0.700783
0.000449 0.999551
0.150475 0.849525
0.921718 0.078282
0.308860 0.691140
0.548764 0.451236
0.704642 0.295358
0.000020 0.999980
0.120149 0.879851
0.000000 1.000000
0.852370 0.147630
0.000064 0.999936
0.239495 0.760505
0.000007 0.999993
0.694070 0.305930
0.928812 0.071188
0.741667 0.258333
0.002759 0.997241
0.984680 0.015320
0.945422 0.054578
0.000208 0.999792
0.548567 0.451433
0.002508 0.997492
0.747775 0.252225
0.009559 0.990441
0.814071 0.185929
0.016691 0.983309
0.571644 0.428356
0.859709 0.140291
0.002196 0.997804
0.034376 0.965624
0.000151 0.999849
0.003407 0.996593
0.399374 0.600626
0.118959 0.881041
0.747980 0.252020
0.053691 0.946309
0.140706 0.859294
0.000913 0.999087
0.664271 0.335729
0.946693 0.053307
0.033764 0.966236
0.029542 0.970458
0.000821 0.999179
0.815308 0.184692
0.482860 0.517140
0.013841 0.986159
0.001454 0.998546
0.025083 0.974917
0.590036 0.409964
0.957475 0.042525
0.731235 0.268765
0.002062 0.997938
0.006211 0.993789
0.811496 0.188504
0.001484 0.998516
0.087138 0.912862
0.000090 0.999910
0.000000 1.000000
0.000005 0.999995
-0.000000 1.000000
0.449733 0.550267
0.094918 0.905082
0.416617 0.583383
0.992395 0.007605
0.994046 0.005954
0.015286 0.984714
0.000553 0.999447
0.000092 0.999908
0.078140 0.921860
0.901555 0.098445
0.976731 0.023269
0.000896 0.999104
0.665470 0.334530
0.001600 0.998400
0.375906 0.624094
0.968335 0.031665
0.380591 0.619409
0.001315 0.998685
0.998041 0.001959
0.000016 0.999984
0.000997 0.999003
0.211818 0.788182
0.045342 0.954658
0.722610 0.277390
0.137610 0.862390
0.995583 0.004417
0.904265 0.095735
0.000688 0.999312
0.000000 1.000000
0.051139 0.948861
0.873788 0.126212
0.243478 0.756522
0.011400 0.988600
0.000001 0.999999
0.698079 0.301921
0.000000 1.000000
0.006479 0.993521
0.992802 0.007198
0.427205 0.572795
0.124792 0.875208
0.000001 0.999999
0.960345 0.039655
0.000005 0.999995
0.001999 0.998001
0.270295 0.729705
0.019606 0.980394
0.206419 0.793581
0.916355 0.083645
0.980906 0.019094
0.999208 0.000792
0.000001 0.999999
0.026229 0.973771
0.381715 0.618285
0.009991 0.990009
-0.000000 1.000000
0.071447 0.928553
0.900413 0.099587
0.132822 0.867178
0.876550 0.123450
0.093933 0.906067
0.909049 0.090951
0.860211 0.139789
0.192000 0.808000
0.026718 0.973282
0.800125 0.199875
0.000709 0.999291
0.259132 0.740868
0.399628 0.600372
0.280494 0.719506
0.000000 1.000000
0.050102 0.949898
0.678184 0.321816
0.084577 0.915423
0.999410 0.000590
0.092231 0.907769
0.460250 0.539750
0.010900 0.989100
0.774780 0.225220
0.029219 0.970781
0.370778 0.629222
0.825884 0.174116
0.223518 0.776482
0.000270 0.999730
0.001244 0.998756
0.616981 0.383019
0.012681 0.987319
0.000144 0.999856
0.000000 1.000000
0.065525 0.934475
0.000058 0.999942
0.000002 0.999998
0.360936 0.639064
0.217936 0.782064
0.789167 0.210833
0.920619 0.079381
0.015761 0.984239
0.807871 0.192129
0.987280 0.012720
0.058773 0.941227
0.900563 0.099437
0.987617 0.012383
0.892583 0.107417
0.923455 0.076545
0.912404 0.087596
0.054456 0.945544
0.329953 0.670047
0.309165 0.690835
0.000003 0.999997
0.982816 0.017184
0.669791 0.330209
0.002403 0.997597
0.101691 0.898309
0.998378 0.001622
0.975334 0.024666
0.845168 0.154832
0.504819 0.495181
0.000472 0.999528
0.706202 0.293798
0.912534 0.087466
0.692697 0.307303
0.004548 0.995452
0.126203 0.873797
0.999681 0.000319
0.064244 0.935756
0.000003 0.999997
0.063575 0.936425
0.890251 0.109749
0.822238 0.177762
0.380158 0.619842
0.319554 0.680446
0.969121 0.030879
0.868632 0.131368
0.008986 0.991014
0.041607 0.958393
0.573157 0.426843
0.003221 0.996779
0.005279 0.994721
0.008221 0.991779
0.000045 0.999955
0.055901 0.944099
0.704508 0.295492
0.000001 0.999999
0.817603 0.182397
0.000014 0.999986
0.599872 0.400128
0.967788 0.032212
0.100356 0.899644
0.999138 0.000862
0.000285 0.999715
0.007658 0.992342
0.000141 0.999859
0.825165 0.174835
0.447237 0.552763
0.969388 0.030612
0.259672 0.740328
0.000592 0.999408
0.032925 0.967075
0.994157 0.005843
0.016794 0.983206
0.000011 0.999989
0.470144 0.529856
0.986167 0.013833
0.997441 0.002559
0.000000 1.000000
0.987488 0.012512
0.132374 0.867626
0.031402 0.968598
0.001255 0.998745
0.000862 0.999138
0.141838 0.858162
0.000085 0.999915
0.890338 0.109662
0.999722 0.000278
0.792133 0.207867
0.075758 0.924242
0.000000 1.000000
0.835796 0.164204
0.001663 0.998337
0.833267 0.166733
0.000001 0.999999
0.001292 0.998708
0.002315 0.997685
0.939214 0.060786
0.000008 0.999992
0.879424 0.120576
0.008954 0.991046
0.773390 0.226610
0.047118 0.952882
0.938370 0.061630
0.683103 0.316897
0.993305 0.006695
0.023953 0.976047
0.639068 0.360932
0.000104 0.999896
0.001529 0.998471
0.288717 0.711283
0.885834 0.114166
0.000000 1.000000
0.000000 1.000000
0.333426 0.666574
0.999466 0.000534
0.411951 0.588049
0.040815 0.959185
0.995115 0.004885
0.000046 0.999954
0.002119 0.997881
0.807130 0.192870
0.469066 0.530934
0.749628 0.250372
0.973713 0.026287
0.565175 0.434825
0.000038 0.999962
0.560595 0.439405
0.112432 0.887568
0.308053 0.691947
0.000035 0.999965
0.901095 0.098905
0.610502 0.389498
0.001996 0.998004
0.975151 0.024849
0.010996 0.989004
0.974744 0.025256
0.130168 0.869832
0.287779 0.712221
0.007303 0.992697
0.026058 0.973942
0.002976 0.997024
0.003593 0.996407
0.637390 0.362610
0.000165 0.999835
0.300401 0.699599
0.000220 0.999780
0.931219 0.068781
0.964781 0.035219
0.650617 0.349383
0.920988 0.079012
0.957075 0.042925
0.141994 0.858006
0.000433 0.999567
0.975388 0.024612
0.962555 0.037445
0.626810 0.373190
0.000000 1.000000
0.999292 0.000708
0.003668 0.996332
0.003262 0.996738
0.999024 0.000976
0.569995 0.430005
0.001239 0.998761
0.587855 0.412145
0.006056 0.993944
0.315762 0.684238
0.907907 0.092093
0.958611 0.041389
0.073951 0.926049
0.161446 0.838554
0.073947 0.926053
0.000000 1.000000
0.002686 0.997314
0.743219 0.256781
0.960390 0.039610
0.638857 0.361143
0.277317 0.722683
0.001970 0.998030
0.000000 1.000000
0.997437 0.002563
0.000000 1.000000
0.909434 0.090566
0.972922 0.027078
0.000000 1.000000
0.411407 0.588593
0.806997 0.193003
0.167358 0.832642
0.000000 1.000000
0.708174 0.291826
0.849144 0.150856
0.000011 0.999989
0.925477 0.074523
0.000073 0.999927
0.016355 0.983645
0.000422 0.999578
0.979705 0.020295
0.044768 0.955232
0.961181 0.038819
0.698941 0.301059
0.005801 0.994199
0.809947 0.190053
0.899383 0.100617
0.000133 0.999867
0.471157 0.528843
0.902749 0.097251
0.001531 0.998469
0.001782 0.998218
0.294228 0.705772
0.402444 0.597556
0.825894 0.174106
0.186929 0.813071
0.335115 0.664885
0.004627 0.995373
0.070462 0.929538
0.124891 0.875109
0.771540 0.228460
0.004559 0.995441
0.735290 0.264710
0.000000 1.000000
0.841561 0.158439
0.028599 0.971401
0.964362 0.035638
0.231708 0.768292
0.910931 0.089069
0.003244 0.996756
0.870856 0.129144
0.809215 0.190785
0.050611 0.949389
0.000000 1.000000
0.805434 0.194566
0.999635 0.000365
0.000000 1.000000
0.639760 0.360240
0.803785 0.196215
0.127126 0.872874
0.000540 0.999460
0.979889 0.020111
0.260382 0.739618
0.000051 0.999949
0.000804 0.999196
0.961261 0.038739
0.251988 0.748012
0.780169 0.219831
0.000027 0.999973
0.000000 1.000000
0.808029 0.191971
0.000480 0.999520
0.025411 0.974589
0.000008 0.999992
0.314652 0.685348
0.380997 0.619003
0.968122 0.031878
0.002136 0.997864
0.598740 0.401260
0.001148 0.998852
0.979016 0.020984
0.009823 0.990177
0.030736 0.969264
0.521523 0.478477
0.001296 0.998704
0.191310 0.808690
0.000251 0.999749
0.783426 0.216574
0.007087 0.992913
0.157804 0.842196
0.000000 1.000000
0.461449 0.538551
0.982864 0.017136
0.000050 0.999950
0.443112 0.556888
0.002183 0.997817
0.000080 0.999920
0.981962 0.018038
0.017344 0.982656
0.000000 1.000000
0.171045 0.828955
0.004875 0.995125
0.656046 0.343954
0.016515 0.983485
0.085483 0.914517
0.392894 0.607106
0.037287 0.962713
0.239163 0.760837
0.955647 0.044353
0.001862 0.998138
0.000863 0.999137
0.197481 0.802519
0.029560 0.970440
0.112038 0.887962
0.992284 0.007716
0.418984 0.581016
0.000113 0.999887
0.663659 0.336341
0.000000 1.000000
0.046824 0.953176
0.205544 0.794456
0.377123 0.622877
0.000001 0.999999
0.996746 0.003254
0.996923 0.003077
0.000174 0.999826
0.000000 1.000000
0.117304 0.882696
0.000238 0.999762
0.000034 0.999966
0.119409 0.880591
0.144311 0.855689
0.000334 0.999666
0.977917 0.022083
0.098683 0.901317
0.848222 0.151778
0.017151 0.982849
0.029121 0.970879
0.896869 0.103131
0.942499 0.057501
0.000001 0.999999
0.818112 0.181888
0.003455 0.996545
0.007543 0.992457
0.017013 0.982987
0.686502 0.313498
0.448632 0.551368
0.997304 0.002696
0.433220 0.566780
0.998845 0.001155
0.545980 0.454020
0.000077 0.999923
0.248452 0.751548
0.999327 0.000673
0.000291 0.999709
0.000092 0.999908
0.994566 0.005434
0.324638 0.675362
0.934024 0.065976
0.901662 0.098338
0.000234 0.999766
0.000000 1.000000
0.881476 0.118524
0.758734 0.241266
0.004425 0.995575
0.806895 0.193105
0.125593 0.874407
0.000477 0.999523
0.801628 0.198372
0.004319 0.995681
0.000096 0.999904
0.813998 0.186002
0.000478 0.999522
0.000544 0.999456
0.529580 0.470420
0.020751 0.979249
0.001580 0.998420
0.020420 0.979580
0.999186 0.000814
0.739017 0.260983
0.018025 0.981975
0.115426 0.884574
0.000973 0.999027
0.857120 0.142880
0.986205 0.013795
0.634793 0.365207
0.000341 0.999659
0.000000 1.000000
0.924095 0.075905
0.058218 0.941782
0.285761 0.714239
0.642910 0.357090
0.000001 0.999999
0.000220 0.999780
0.000000 1.000000
0.000002 0.999998
0.824375 0.175625
0.935872 0.064128
0.020948 0.979052
0.131392 0.868608
0.948935 0.051065
0.005012 0.994988
0.046439 0.953561
0.567539 0.432461
0.994015 0.005985
0.002567 0.997433
0.002582 0.997418
0.118900 0.881100
0.140133 0.859867
0.000117 0.999883
0.000025 0.999975
0.001471 0.998529
0.810937 0.189063
0.902343 0.097657
0.000125 0.999875
0.015994 0.984006
0.878071 0.121929
0.002904 0.997096
0.511390 0.488610
0.941141 0.058859
0.000011 0.999989
0.412801 0.587199
0.002729 0.997271
0.005775 0.994225
0.000021 0.999979
0.702029 0.297971
0.008851 0.991149
0.000149 0.999851
0.547012 0.452988
0.999921 0.000079
0.920721 0.079279
0.000000 1.000000
0.000357 0.999643
0.019949 0.980051
0.952312 0.047688
0.029869 0.970131
0.006251 0.993749
0.997482 0.002518
0.281872 0.718128
0.162743 0.837257
0.000000 1.000000
0.063113 0.936887
0.504939 0.495061
0.446450 0.553550
0.000000 1.000000
0.149065 0.850935
0.102436 0.897564
0.023842 0.976158
0.000108 0.999892
0.000141 0.999859
0.000000 1.000000
0.133413 0.866587
0.000937 0.999063
0.761696 0.238304
0.534794 0.465206
0.061159 0.938841
0.000013 0.999987
0.000000 1.000000
0.125765 0.874235
0.410501 0.589499
0.429209 0.570791
0.000004 0.999996
0.000397 0.999603
0.206061 0.793939
0.016566 0.983434
0.474056 0.525944
0.003164 0.996836
0.922078 0.077922
0.000000 1.000000
0.865746 0.134254
0.054316 0.945684
0.000122 0.999878
0.461085 0.538915
0.000001 0.999999
0.325110 0.674890
0.983153 0.016847
0.018437 0.981563
0.132639 0.867361
0.000009 0.999991
0.000614 0.999386
0.756980 0.243020
0.668279 0.331721
0.079817 0.920183
0.015881 0.984119
0.011695 0.988305
0.668374 0.331626
0.534109 0.465891
0.927729 0.072271
0.440566 0.559434
0.022309 0.977691
0.987456 0.012544
0.000043 0.999957
0.013419 0.986581
0.094352 0.905648
0.878871 0.121129
0.000033 0.999967
0.481446 0.518554
0.045639 0.954361
-0.000000 1.000000
0.000226 0.999774
0.158065 0.841935
0.039826 0.960174
0.000121 0.999879
0.094203 0.905797
0.759094 0.240906
0.933296 0.066704
0.058704 0.941296
0.754258 0.245742
0.754254 0.245746
0.005967 0.994033
0.001067 0.998933
0.000138 0.999862
0.052280 0.947720
0.029552 0.970448
0.516318 0.483682
0.001026 0.998974
0.010974 0.989026
0.641233 0.358767
0.105006 0.894994
0.369668 0.630332
0.000000 1.000000
0.000004 0.999996
0.000517 0.999483
0.000027 0.999973
0.873692 0.126308
0.974402 0.025598
0.999521 0.000479
0.000000 1.000000
0.000001 0.999999
0.001731 0.998269
0.030388 0.969612
0.001085 0.998915
0.808632 0.191368
0.000000 1.000000
0.024220 0.975780
0.000075 0.999925
0.002410 0.997590
0.000000 1.000000
0.386916 0.613084
0.000000 1.000000
0.000138 0.999862
0.003997 0.996003
0.292221 0.707779
0.007121 0.992879
0.019537 0.980463
0.883201 0.116799
0.005091 0.994909
0.612118 0.387882
0.661922 0.338078
0.012636 0.987364
0.351779 0.648221
0.007613 0.992387
0.995927 0.004073
0.138262 0.861738
0.987728 0.012272
0.893785 0.106215
0.684290 0.315710
0.000284 0.999716
0.000000 1.000000
0.005118 0.994882
0.000122 0.999878
0.574856 0.425144
0.010492 0.989508
0.009194 0.990806
0.132825 0.867175
0.000000 1.000000
0.907864 0.092136
0.995344 0.004656
0.285873 0.714127
0.247075 0.752925
0.013148 0.986852
0.003778 0.996222
0.001437 0.998563
0.000384 0.999616
0.198890 0.801110
0.618208 0.381792
0.995566 0.004434
0.470093 0.529907
0.000008 0.999992
0.000000 1.000000
0.131091 0.868909
0.000087 0.999913
0.001832 0.998168
0.367687 0.632313
0.612307 0.387693
0.012113 0.987887
0.006929 0.993071
0.488953 0.511047
0.436784 0.563216
0.984362 0.015638
0.943608 0.056392
0.914076 0.085924
0.284739 0.715261
0.000011 0.999989
0.000305 0.999695
0.058920 0.941080
0.000000 1.000000
0.333684 0.666316
0.000666 0.999334
0.001065 0.998935
0.705928 0.294072
0.995951 0.004049
0.284713 0.715287
0.032366 0.967634
0.000004 0.999996
0.000213 0.999787
0.918642 0.081358
0.001357 0.998643
0.030495 0.969505
0.003828 0.996172
0.000000 1.000000
0.047781 0.952219
0.242461 0.757539
0.000020 0.999980
0.039274 0.960726
0.982380 0.017620
0.000074 0.999926
0.000850 0.999150
0.952281 0.047719
0.205988 0.794012
0.000456 0.999544
0.073333 0.926667
0.198219 0.801781
0.807090 0.192910
0.578685 0.421315
0.820210 0.179790
0.971439 0.028561
0.009661 0.990339
0.008441 0.991559
0.567449 0.432551
0.994897 0.005103
0.258143 0.741857
0.819968 0.180032
0.953668 0.046332
0.709188 0.290812
0.000000 1.000000
0.000242 0.999758
0.000091 0.999909
0.000834 0.999166
0.000424 0.999576
0.409571 0.590429
0.206212 0.793788
0.004178 0.995822
0.912554 0.087446
0.000019 0.999981
0.158404 0.841596
0.000016 0.999984
0.000066 0.999934
0.860597 0.139403
0.318020 0.681980
0.000160 0.999840
0.045347 0.954653
0.135655 0.864345
0.005855 0.994145
0.010503 0.989497
