1.000000
1.000000
0.782633 0.217367
1.000000
1.000000
0.407656 0.592344
0.233733 0.766267
1.000000
0.000890 0.999110
0.711891 0.288109
1.000000
1.000000
1.000000
1.000000
0.681996 0.260020 0.057984
1.000000
1.000000
0.362927 0.637073
0.131642 0.318350 0.366693 0.183314
1.000000
1.000000
0.771313 0.228687
1.000000
1.000000
0.288803 0.711197
1.000000
1.000000
1.000000
1.000000
0.847209 0.152791
1.000000
1.000000
0.511317 0.488683
0.854217 0.145783
1.000000
1.000000
0.759598 0.240402
0.221291 0.778709
1.000000
0.683223 0.316777
1.000000
1.000000
0.031377 0.968623
1.000000
1.000000
0.972963 0.027037
1.000000
1.000000
0.850721 0.149279
1.000000
1.000000
1.000000
1.000000
0.708879 0.291121
1.000000
1.000000
1.000000
1.000000
0.380879 0.482836 0.136285
1.000000
0.880224 0.119776
1.000000
1.000000
0.643119 0.356881
1.000000
1.000000
0.793170 0.206830
1.000000
0.683774 0.316226
0.000023 0.999977
0.289634 0.710366
0.000442 0.999558
1.000000
0.005264 0.518769 0.475966
1.000000
1.000000
0.722702 0.277298
1.000000
0.804078 0.195922
1.000000
1.000000
1.000000
0.705167 0.294833
0.302879 0.697121
0.725888 0.274112
0.436378 0.563622
1.000000
1.000000
1.000000
1.000000
1.000000
1.000000
0.152784 0.459166 0.388051
0.210732 0.597063 0.192205
0.603214 0.396786
1.000000
1.000000
1.000000
1.000000
1.000000
0.036993 0.262257 0.700750
1.000000
0.478894 0.521106
0.360128 0.639872
0.938925 0.061075
0.379696 0.523937 0.096366
0.879033 0.120967
1.000000
1.000000
0.360755 0.639245
1.000000
1.000000
1.000000
1.000000
1.000000
0.646742 0.353258
0.247983 0.752017
1.000000
1.000000
1.000000
0.661824 0.338176
1.000000
1.000000
0.197656 0.802344
0.856000 0.144000
1.000000
1.000000
0.510464 0.489536
1.000000
0.632441 0.367559
0.602345 0.397655
1.000000
0.255815 0.744185
1.000000
1.000000
1.000000
1.000000
0.831770 0.168230
0.374175 0.625825
0.827172 0.172828
0.755547 0.244453
1.000000
1.000000
1.000000
0.680999 0.319001
0.042173 0.957827
0.022335 0.252343 0.326787 0.398535
1.000000
1.000000
1.000000
0.804300 0.195700
1.000000
0.462001 0.537999
1.000000
0.454598 0.545402
0.875288 0.124712
1.000000
0.789562 0.210438
0.789556 0.210444
0.192243 0.807757
1.000000
0.761138 0.190445 0.048417
0.362197 0.637803
1.000000
0.248949 0.751051
1.000000
0.173689 0.410696 0.415616
0.231448 0.768552
1.000000
0.895638 0.104362
0.456256 0.543744
1.000000
1.000000
1.000000
0.816880 0.183120
0.001507 0.998493
1.000000
1.000000
0.671567 0.328433
1.000000
0.005379 0.994621
1.000000
1.000000
0.783159 0.216841
1.000000
1.000000
1.000000
1.000000
1.000000
0.903086 0.096914
1.000000
1.000000
1.000000
1.000000
1.000000
1.000000
1.000000
1.000000
0.386568 0.613432
0.061627 0.330841 0.607532
0.768312 0.231688
1.000000
0.099067 0.900933
1.000000
1.000000
0.487606 0.512394
1.000000
1.000000
1.000000
0.142772 0.857228
1.000000
0.877522 0.122478
1.000000
1.000000
1.000000
1.000000
0.154503 0.845497
0.262912 0.737088
0.468750 0.531250
1.000000
0.466407 0.533593
0.506985 0.493015
1.000000
0.284856 0.445230 0.269914
0.583541 0.266334 0.150125
0.360726 0.639274
0.291234 0.708766
0.861906 0.138094
0.600125 0.399875
1.000000
0.348873 0.651127
1.000000
1.000000
0.000394 0.999606
1.000000
1.000000
1.000000
0.906145 0.093855
0.668729 0.331271
1.000000
0.025017 0.974983
1.000000
1.000000
1.000000
0.004958 0.995042
1.000000
1.000000
1.000000
1.000000
1.000000
0.101458 0.898542
1.000000
1.000000
1.000000
0.073457 0.926543
0.657855 0.342145
0.471410 0.528590
0.783362 0.216638
0.812884 0.187116
1.000000
1.000000
0.228379 0.771621
1.000000
1.000000
1.000000
1.000000
0.469712 0.292904 0.237384
0.500283 0.499717
0.826655 0.173345
0.120665 0.535116 0.344219
1.000000
0.215422 0.784578
1.000000
0.575970 0.424030
0.593500 0.406500
1.000000
0.281215 0.718785
1.000000
1.000000
1.000000
0.316121 0.683879
0.088765 0.448424 0.462811
0.174439 0.825561
1.000000
0.518039 0.481961
1.000000
0.816420 0.183580
1.000000
1.000000
1.000000
1.000000
0.041561 0.493932 0.464507
0.013962 0.986038
1.000000
1.000000
1.000000
1.000000
0.837223 0.162777
1.000000
0.633120 0.366880
1.000000
0.536722 0.463278
0.341949 0.658051
1.000000
1.000000
0.852762 0.147238
0.696450 0.303550
0.170369 0.829631
1.000000
1.000000
0.000139 0.999861
1.000000
0.477824 0.434108 0.088068
1.000000
1.000000
0.496874 0.503126
1.000000
1.000000
0.175545 0.824455
1.000000
0.426180 0.433401 0.140418
0.279213 0.720787
1.000000
0.917347 0.082653
1.000000
1.000000
1.000000
1.000000
0.797569 0.202431
1.000000
1.000000
0.863843 0.136157
0.733583 0.266417
1.000000
0.621775 0.378225
0.000151 0.999849
0.008592 0.991408
1.000000
1.000000
1.000000
1.000000
1.000000
0.856862 0.143138
1.000000
1.000000
0.506808 0.493192
1.000000
1.000000
0.110534 0.448876 0.440591
0.869539 0.130461
1.000000
1.000000
1.000000
0.354595 0.645405
0.001929 0.998071
1.000000
1.000000
1.000000
1.000000
0.152284 0.847716
1.000000
0.534623 0.365074 0.100303
1.000000
1.000000
0.272440 0.727560
0.007923 0.231252 0.760825
0.342635 0.657365
1.000000
0.180581 0.819419
1.000000
1.000000
1.000000
1.000000
1.000000
0.722959 0.277041
0.787627 0.212373
0.672766 0.327234
1.000000
1.000000
0.886548 0.113452
0.755693 0.244307
0.389604 0.610396
0.872846 0.127154
0.762433 0.237567
1.000000
1.000000
1.000000
0.002144 0.118249 0.268665 0.610942
0.124284 0.875716
1.000000
0.374318 0.625682
1.000000
0.778519 0.221481
1.000000
1.000000
0.004680 0.995320
1.000000
0.417655 0.466036 0.116308
0.534849 0.414789 0.050363
0.072334 0.927666
0.789268 0.210732
0.494830 0.206254 0.182380 0.116536
1.000000
0.580851 0.419149
1.000000
0.664738 0.202414 0.132848
0.145943 0.854057
0.000665 0.999335
0.682537 0.317463
0.488941 0.511059
1.000000
1.000000
1.000000
1.000000
0.662955 0.337045
1.000000
0.697662 0.302338
0.098747 0.901253
1.000000
1.000000
0.202846 0.615885 0.181269
1.000000
1.000000
1.000000
1.000000
0.090724 0.909276
1.000000
0.825757 0.174243
1.000000
0.176432 0.823568
1.000000
1.000000
1.000000
0.337784 0.662216
1.000000
1.000000
1.000000
1.000000
0.729919 0.270081
1.000000
0.319108 0.454401 0.226491
1.000000
1.000000
1.000000
0.156316 0.843684
1.000000
0.381038 0.618962
1.000000
1.000000
1.000000
1.000000
0.441198 0.558802
0.283642 0.716358
0.323997 0.676003
0.810192 0.189808
0.676956 0.323044
0.673611 0.326389
1.000000
1.000000
1.000000
1.000000
0.669543 0.330457
1.000000
1.000000
1.000000
1.000000
0.761343 0.156647 0.082010
0.867548 0.132452
1.000000
0.777773 0.222227
1.000000
1.000000
0.438461 0.561539
1.000000
0.178803 0.821197
1.000000
0.720350 0.279650
1.000000
0.890878 0.109122
1.000000
1.000000
1.000000
1.000000
0.386678 0.613322
1.000000
1.000000
0.851571 0.148429
0.681176 0.318824
1.000000
0.222599 0.777401
1.000000
0.694971 0.305029
0.103241 0.896759
1.000000
0.677462 0.322538
1.000000
1.000000
0.461621 0.538379
0.670639 0.329361
0.422852 0.577148
0.197272 0.802728
1.000000
1.000000
1.000000
1.000000
1.000000
0.238725 0.761275
0.594974 0.405026
1.000000
0.000109 0.999891
1.000000
0.600174 0.305982 0.093844
0.838415 0.161585
0.365077 0.634923
0.047628 0.239888 0.712483
0.003342 0.996658
1.000000
1.000000
1.000000
1.000000
1.000000
1.000000
1.000000
1.000000
1.000000
1.000000
0.113469 0.886531
1.000000
0.001629 0.998371
1.000000
0.378228 0.621772
1.000000
1.000000
1.000000
1.000000
1.000000
1.000000
0.305364 0.694636
1.000000
0.633459 0.232750 0.133792
0.773725 0.226275
1.000000
0.739080 0.260920
0.736146 0.263854
0.722270 0.277730
0.543747 0.456253
1.000000
0.471496 0.528504
1.000000
0.603249 0.396751
1.000000
1.000000
0.569267 0.266500 0.164233
1.000000
1.000000
0.859917 0.140083
1.000000
1.000000
0.473303 0.526697
1.000000
1.000000
0.025627 0.974373
1.000000
0.865950 0.122530 0.011520
0.637304 0.362696
0.512179 0.487821
0.449959 0.550041
1.000000
1.000000
0.727685 0.272315
0.724140 0.275860
0.837359 0.162641
0.649835 0.350165
0.256082 0.743918
1.000000
1.000000
0.710076 0.289924
0.235704 0.764296
1.000000
0.708630 0.291370
1.000000
1.000000
0.827064 0.172936
0.303395 0.696605
0.713714 0.286286
1.000000
1.000000
0.873413 0.126587
1.000000
0.169164 0.830836
1.000000
0.308830 0.691170
1.000000
0.463739 0.536261
1.000000
1.000000
1.000000
0.347724 0.652276
0.836080 0.163920
0.331186 0.668814
1.000000
0.783785 0.216215
1.000000
1.000000
1.000000
1.000000
1.000000
0.441743 0.558257
0.592083 0.407917
0.205041 0.794959
1.000000
0.798178 0.201822
1.000000
1.000000
0.443168 0.556832
0.284667 0.715333
1.000000
0.306329 0.437434 0.256237
0.835470 0.164530
0.294814 0.705186
0.057885 0.336507 0.605608
1.000000
0.568751 0.431249
1.000000
1.000000
1.000000
1.000000
1.000000
0.732786 0.267214
0.650703 0.349297
1.000000
1.000000
1.000000
0.839943 0.160057
0.213697 0.614581 0.171723
1.000000
1.000000
1.000000
0.295756 0.704244
1.000000
1.000000
0.836083 0.163917
1.000000
1.000000
1.000000
0.215640 0.784360
1.000000
0.320225 0.679775
1.000000
1.000000
0.000926 0.999074
1.000000
1.000000
0.833415 0.166585
0.931183 0.068817
1.000000
0.481219 0.518781
0.180232 0.819768
0.569640 0.430360
1.000000
1.000000
1.000000
1.000000
0.000835 0.999165
1.000000
0.363264 0.636736
1.000000
0.381210 0.618790
1.000000
0.012254 0.987746
1.000000
1.000000
1.000000
1.000000
0.000036 0.999964
0.061238 0.938762
1.000000
1.000000
1.000000
1.000000
1.000000
0.276455 0.723545
1.000000
0.504964 0.495036
0.845439 0.154561
1.000000
1.000000
1.000000
0.000039 0.999961
1.000000
0.755153 0.244847
0.001916 0.998084
0.007982 0.992018
1.000000
0.745761 0.254239
0.488223 0.511777
1.000000
0.227357 0.772643
1.000000
0.835049 0.164951
0.009144 0.990856
0.465790 0.534210
1.000000
1.000000
0.514096 0.427240 0.058664
0.564348 0.435652
0.711973 0.288027
1.000000
1.000000
0.486764 0.513236
1.000000
1.000000
0.846833 0.153167
0.006723 0.622530 0.370746
0.017612 0.347858 0.634530
1.000000
1.000000
0.215531 0.784469
1.000000
1.000000
1.000000
0.314623 0.685377
0.753329 0.246671
0.784020 0.215980
0.466469 0.456728 0.076802
0.461168 0.538832
0.732578 0.267422
1.000000
1.000000
1.000000
1.000000
0.282484 0.717516
0.182047 0.481760 0.336193
0.144876 0.855124
0.823105 0.176895
1.000000
0.835389 0.164611
1.000000
0.799347 0.200653
1.000000
0.612480 0.387520
0.001031 0.998969
1.000000
0.708218 0.291782
0.877868 0.122132
1.000000
0.498241 0.501759
0.045755 0.954245
0.000268 0.999732
0.322472 0.677528
0.405846 0.594154
1.000000
0.028410 0.424245 0.547345
0.710193 0.289807
1.000000
1.000000
0.000062 0.075907 0.924032
1.000000
1.000000
1.000000
0.030020 0.196804 0.476419 0.296757
1.000000
1.000000
1.000000
0.042948 0.298656 0.658396
1.000000
0.168927 0.464094 0.366980
1.000000
1.000000
0.020343 0.979657
0.788843 0.211157
1.000000
0.699286 0.300714
0.912944 0.087056
1.000000
1.000000
1.000000
1.000000
0.839946 0.160054
0.381215 0.618785
0.387206 0.612794
0.489244 0.322132 0.188624
0.821208 0.110444 0.068348
1.000000
1.000000
1.000000
0.674381 0.325619
1.000000
0.697014 0.302986
1.000000
1.000000
0.161237 0.838763
1.000000
1.000000
0.784478 0.215522
1.000000
1.000000
0.261394 0.738606
0.164652 0.608804 0.226544
1.000000
0.756541 0.243459
1.000000
0.236857 0.763143
1.000000
0.435616 0.564384
1.000000
1.000000
1.000000
0.706306 0.212716 0.080978
0.000373 0.999627
1.000000
0.002306 0.571649 0.426044
1.000000
1.000000
0.718414 0.281586
1.000000
1.000000
0.800174 0.199826
1.000000
1.000000
0.106349 0.893651
0.739551 0.260449
1.000000
1.000000
0.776584 0.172477 0.050939
0.475537 0.524463
1.000000
1.000000
0.289556 0.710444
0.901982 0.098018
1.000000
1.000000
0.470486 0.529514
1.000000
0.620872 0.379128
1.000000
1.000000
0.881942 0.118058
1.000000
1.000000
1.000000
0.032141 0.967859
0.796644 0.203356
0.923567 0.076433
1.000000
1.000000
0.219982 0.780018
0.232110 0.767890
0.000000 0.008876 0.991123
1.000000
0.840219 0.159781
0.224822 0.478092 0.244026 0.053059
1.000000
1.000000
1.000000
1.000000
0.856697 0.143303
1.000000
0.422849 0.577151
1.000000
1.000000
1.000000
1.000000
0.261172 0.738828
1.000000
1.000000
1.000000
1.000000
1.000000
0.733751 0.266249
1.000000
0.692438 0.307562
1.000000
1.000000
1.000000
1.000000
1.000000
0.801008 0.198992
1.000000
0.117990 0.882010
0.002859 0.997141
1.000000
1.000000
0.811224 0.188776
1.000000
0.837927 0.162073
1.000000
0.869883 0.130117
1.000000
1.000000
1.000000
1.000000
1.000000
1.000000
1.000000
1.000000
0.824014 0.175986
1.000000
0.864051 0.135949
0.150922 0.849078
1.000000
1.000000
0.505353 0.494647
1.000000
0.000678 0.999322
0.699642 0.300358
1.000000
0.007415 0.992585
1.000000
1.000000
0.736260 0.263740
0.004397 0.589269 0.406334
0.112421 0.887579
1.000000
1.000000
1.000000
1.000000
1.000000
0.775274 0.224726
1.000000
0.401806 0.598194
0.286903 0.713097
0.275613 0.724387
0.876735 0.123265
0.125917 0.874083
1.000000
0.136827 0.863173
1.000000
1.000000
1.000000
0.463499 0.536501
1.000000
1.000000
1.000000
1.000000
1.000000
0.375957 0.624043
0.902360 0.097640
0.046450 0.449894 0.503656
0.707124 0.292876
0.558065 0.441935
0.907890 0.092110
0.123577 0.876423
0.000042 0.999958
0.352743 0.647257
0.865292 0.134708
1.000000
1.000000
0.439926 0.560074
1.000000
1.000000
1.000000
0.155080 0.844920
1.000000
0.784206 0.215794
0.477363 0.522637
1.000000
1.000000
1.000000
0.085413 0.914587
0.865926 0.134074
1.000000
1.000000
1.000000
0.798574 0.201426
1.000000
0.549671 0.450329
0.032101 0.967899
0.009435 0.295463 0.695102
1.000000
0.155189 0.844811
0.167573 0.832427
1.000000
1.000000
1.000000
0.645791 0.236429 0.117780
0.336822 0.438523 0.224655
1.000000
0.744029 0.255971
0.210101 0.789899
1.000000
1.000000
1.000000
0.357705 0.642295
0.467080 0.532920
1.000000
1.000000
1.000000
1.000000
1.000000
1.000000
1.000000
1.000000
1.000000
1.000000
1.000000
1.000000
1.000000
1.000000
1.000000
1.000000
0.138672 0.861328
1.000000
1.000000
1.000000
1.000000
0.832727 0.167273
0.515572 0.484428
0.228373 0.771627
1.000000
1.000000
0.534593 0.465407
0.187003 0.812997
1.000000
0.258339 0.741661
0.748487 0.251513
0.639790 0.224357 0.102005 0.033849
0.836932 0.163068
0.665481 0.334519
0.536128 0.463872
0.813748 0.186252
1.000000
1.000000
1.000000
0.877703 0.122297
0.832457 0.167543
1.000000
1.000000
1.000000
1.000000
0.155132 0.844868
0.228736 0.771264
0.848186 0.151814
1.000000
0.734290 0.265710
1.000000
1.000000
0.086846 0.913154
1.000000
1.000000
0.613189 0.320765 0.066045
0.044183 0.955817
1.000000
0.756476 0.243524
0.200898 0.799102
1.000000
0.580709 0.419291
1.000000
0.795893 0.204107
1.000000
1.000000
0.655664 0.344336
1.000000
1.000000
0.262138 0.524047 0.213815
0.466264 0.533736
1.000000
0.668010 0.331990
0.021910 0.978090
0.656002 0.343998
1.000000
1.000000
1.000000
1.000000
1.000000
0.764408 0.235592
1.000000
1.000000
0.313222 0.686778
1.000000
1.000000
0.412661 0.587339
0.206039 0.793961
1.000000
1.000000
0.830616 0.169384
0.002051 0.997949
0.777294 0.222706
1.000000
0.376313 0.623687
0.382285 0.617715
1.000000
1.000000
1.000000
0.151338 0.848662
0.565369 0.434631
1.000000
1.000000
0.798488 0.201512
1.000000
0.519324 0.480676
1.000000
1.000000
0.541229 0.458771
1.000000
0.693576 0.180837 0.125587
1.000000
0.011980 0.988020
1.000000
1.000000
1.000000
1.000000
0.783041 0.216959
0.784835 0.215165
0.307931 0.692069
1.000000
1.000000
1.000000
0.587640 0.210898 0.128765 0.072697
0.115188 0.884812
0.389922 0.610078
0.025791 0.259153 0.715056
1.000000
1.000000
1.000000
1.000000
0.018843 0.454118 0.527039
0.001781 0.998219
1.000000
0.733412 0.266588
0.236615 0.763385
1.000000
0.701160 0.298840
1.000000
1.000000
0.001317 0.998683
1.000000
1.000000
0.840752 0.159248
1.000000
1.000000
0.681998 0.318002
0.837995 0.162005
0.118047 0.881953
0.725875 0.274125
0.627720 0.372280
0.724879 0.275121
0.173557 0.826443
0.470521 0.529479
0.048289 0.468665 0.483046
0.305617 0.694383
1.000000
0.723361 0.220624 0.056015
1.000000
1.000000
0.000697 0.999303
0.744787 0.255213
1.000000
0.492219 0.507781
0.441378 0.558622
1.000000
1.000000
0.129737 0.485494 0.384769
0.055852 0.944148
1.000000
0.788867 0.211133
0.862137 0.137863
0.316145 0.599714 0.084141
0.719809 0.280191
0.752217 0.247783
0.298507 0.701493
0.010398 0.989602
1.000000
1.000000
1.000000
1.000000
1.000000
0.403643 0.596357
1.000000
1.000000
1.000000
1.000000
0.717132 0.282868
1.000000
0.458019 0.541981
1.000000
1.000000
1.000000
0.550589 0.265772 0.183638
0.796962 0.203038
1.000000
0.182042 0.817958
1.000000
1.000000
1.000000
0.000085 0.999915
0.535550 0.464450
1.000000
1.000000
0.135985 0.864015
0.546085 0.304557 0.149358
1.000000
0.543086 0.456914
0.137788 0.862212
1.000000
1.000000
1.000000
0.872658 0.127342
1.000000
0.336800 0.663200
1.000000
0.315982 0.684018
1.000000
0.377958 0.622042
0.414358 0.585642
0.564910 0.435090
0.656753 0.343247
0.000249 0.999751
0.224722 0.775278
0.838832 0.161168
1.000000
0.031536 0.968464
0.790713 0.209287
1.000000
0.284103 0.715897
1.000000
0.701236 0.298764
0.942152 0.057848
0.777624 0.222376
1.000000
1.000000
1.000000
0.576108 0.190822 0.233070
1.000000
0.864671 0.135329
1.000000
0.452838 0.547162
1.000000
1.000000
1.000000
1.000000
1.000000
0.892324 0.107676
1.000000
1.000000
1.000000
1.000000
0.000033 0.999967
1.000000
0.707425 0.292575
0.826980 0.173020
0.438261 0.483874 0.077865
1.000000
1.000000
1.000000
1.000000
1.000000
0.837734 0.162266
0.000278 0.999722
0.586004 0.413996
0.199193 0.800807
1.000000
1.000000
1.000000
0.390950 0.465812 0.143237
1.000000
0.004321 0.995679
0.199677 0.800323
1.000000
1.000000
0.002516 0.997484
0.899045 0.100955
0.581169 0.418831
0.766957 0.233043
1.000000
0.373219 0.626781
1.000000
0.409634 0.590366
1.000000
1.000000
1.000000
0.009122 0.990878
0.133957 0.339150 0.526893
0.152306 0.377228 0.470466
1.000000
1.000000
0.513735 0.486265
1.000000
0.582059 0.417941
0.650101 0.349899
0.393740 0.606260
1.000000
1.000000
0.550232 0.449768
0.000000 0.006722 0.993278
1.000000
1.000000
1.000000
0.836919 0.163081
1.000000
1.000000
0.810944 0.189056
1.000000
0.090566 0.460471 0.448963
1.000000
0.467472 0.532528
1.000000
0.007524 0.992476
1.000000
1.000000
1.000000
0.226595 0.372649 0.400756
0.733366 0.266634
0.033965 0.275218 0.690818
0.707641 0.292359
1.000000
0.695553 0.227980 0.076467
0.805719 0.194281
1.000000
1.000000
1.000000
0.877664 0.122336
0.457391 0.542609
1.000000
1.000000
0.900951 0.099049
1.000000
1.000000
1.000000
0.282030 0.717970
1.000000
0.315167 0.684833
0.087618 0.912382
1.000000
1.000000
1.000000
1.000000
1.000000
1.000000
1.000000
1.000000
1.000000
1.000000
0.715519 0.284481
0.816295 0.183705
1.000000
0.271034 0.728966
1.000000
0.864702 0.135298
0.098900 0.901100
1.000000
1.000000
1.000000
0.568362 0.365741 0.065898
0.455747 0.544253
1.000000
0.015766 0.984234
1.000000
1.000000
1.000000
0.145140 0.854860
0.628863 0.245039 0.126098
0.115532 0.884468
0.696763 0.303237
0.798454 0.201546
1.000000
0.826946 0.173054
1.000000
0.001845 0.998155
1.000000
1.000000
0.678929 0.321071
0.000067 0.999933
0.257840 0.742160
0.709604 0.290396
1.000000
0.417459 0.582541
1.000000
1.000000
1.000000
1.000000
1.000000
0.542419 0.457581
1.000000
0.000055 0.172979 0.826967
1.000000
1.000000
1.000000
1.000000
0.568147 0.431853
0.365910 0.634090
1.000000
1.000000
0.372106 0.627894
1.000000
0.001050 0.998950
1.000000
1.000000
1.000000
0.120428 0.879572
1.000000
1.000000
0.864732 0.135268
0.803739 0.196261
1.000000
1.000000
1.000000
0.299877 0.700123
0.652937 0.347063
0.423038 0.576962
0.855250 0.144750
1.000000
1.000000
0.890359 0.109641
0.014121 0.985879
0.001580 0.998420
1.000000
1.000000
1.000000
0.663020 0.336980
1.000000
0.776535 0.223465
0.229081 0.770919
1.000000
1.000000
0.480553 0.519447
1.000000
1.000000
1.000000
1.000000
0.239638 0.760362
0.000565 0.261992 0.737443
1.000000
0.433051 0.566949
1.000000
1.000000
0.333389 0.439749 0.226862
0.721414 0.278586
1.000000
0.242139 0.757861
1.000000
1.000000
0.241391 0.758609
1.000000
0.741178 0.258822
0.879016 0.120984
0.100244 0.899756
0.502171 0.368016 0.129813
0.759415 0.240585
1.000000
0.377902 0.622098
0.278111 0.721889
1.000000
0.605659 0.394341
1.000000
0.309415 0.690585
1.000000
1.000000
1.000000
0.000627 0.146481 0.158574 0.694318
0.860133 0.139867
0.116312 0.883688
1.000000
0.170669 0.829331
1.000000
1.000000
0.328759 0.671241
1.000000
0.119300 0.880700
1.000000
0.003675 0.996325
1.000000
1.000000
0.189838 0.810162
1.000000
0.606884 0.249242 0.143874
1.000000
0.000744 0.999256
0.501902 0.498098
0.158743 0.348253 0.493004
1.000000
0.759684 0.240316
1.000000
1.000000
1.000000
1.000000
0.367302 0.632698
0.838435 0.161565
1.000000
0.434902 0.565098
0.643940 0.194321 0.161739
1.000000
1.000000
1.000000
1.000000
0.131060 0.479728 0.389211
0.302753 0.697247
1.000000
0.905027 0.094973
0.074026 0.925974
1.000000
1.000000
1.000000
0.738545 0.261455
0.185413 0.814587
0.816043 0.183957
1.000000
1.000000
1.000000
0.071626 0.928374
0.537596 0.462404
1.000000
1.000000
0.276705 0.723295
1.000000
0.661064 0.338936
0.357881 0.642119
1.000000
0.854308 0.145692
1.000000
0.888804 0.111196
1.000000
1.000000
1.000000
1.000000
1.000000
0.333300 0.666700
0.330760 0.669240
1.000000
1.000000
1.000000
1.000000
1.000000
1.000000
1.000000
1.000000
1.000000
0.880113 0.119887
1.000000
0.512158 0.487842
1.000000
0.423286 0.576714
1.000000
1.000000
1.000000
0.462117 0.537883
1.000000
1.000000
0.842843 0.157157
0.101374 0.444637 0.453989
1.000000
0.472395 0.527605
0.280234 0.719766
1.000000
0.039999 0.960001
0.490373 0.509627
1.000000
1.000000
1.000000
0.874609 0.125391
1.000000
1.000000
0.894127 0.105873
1.000000
0.223318 0.453158 0.323523
1.000000
0.014352 0.985648
0.741127 0.258873
0.766179 0.233821
0.780667 0.219333
0.708753 0.291247
1.000000
1.000000
0.513057 0.486943
1.000000
1.000000
1.000000
1.000000
0.781602 0.218398
1.000000
0.000272 0.999728
0.015236 0.984764
0.780583 0.219417
0.791732 0.208268
1.000000
0.470268 0.414426 0.115306
0.000003 0.026211 0.973786
1.000000
1.000000
0.169887 0.830113
0.824130 0.175870
1.000000
0.409773 0.590227
1.000000
1.000000
0.609137 0.390863
0.415464 0.387755 0.196782
1.000000
1.000000
0.870967 0.129033
1.000000
1.000000
1.000000
1.000000
1.000000
0.322220 0.677780
1.000000
0.230376 0.769624
1.000000
1.000000
0.000000 0.000016 0.024105 0.975879
0.793806 0.206194
0.774153 0.225847
1.000000
1.000000
0.785905 0.214095
1.000000
0.116845 0.883155
1.000000
1.000000
0.253751 0.746249
0.487181 0.512819
1.000000
0.756770 0.243230
1.000000
0.229803 0.770197
0.324613 0.675387
0.037366 0.357219 0.605415
0.680491 0.319509
0.061751 0.425653 0.512595
0.810174 0.189826
0.106462 0.326308 0.567230
1.000000
0.845404 0.154596
1.000000
1.000000
0.795915 0.204085
1.000000
0.098966 0.901034
0.864832 0.135168
0.881783 0.118217
0.090585 0.329151 0.580264
1.000000
0.790341 0.209659
0.534972 0.465028
1.000000
0.047893 0.952107
0.370219 0.629781
1.000000
0.858282 0.141718
1.000000
0.407643 0.592357
1.000000
0.622503 0.377497
0.529676 0.470324
1.000000
0.422132 0.453686 0.124182
1.000000
1.000000
0.003343 0.996657
1.000000
0.875795 0.124205
0.769461 0.230539
0.585408 0.414592
1.000000
1.000000
1.000000
0.730160 0.269840
1.000000
1.000000
1.000000
1.000000
0.651856 0.348144
1.000000
0.688279 0.311721
1.000000
0.659430 0.340570
1.000000
1.000000
0.637797 0.362203
0.662320 0.337680
0.444677 0.555323
0.013328 0.986672
0.800430 0.199570
1.000000
1.000000
1.000000
0.090922 0.497359 0.411719
1.000000
0.894171 0.105829
0.000004 0.999996
0.487122 0.512878
0.725878 0.274122
0.140437 0.859563
0.866486 0.133514
1.000000
1.000000
1.000000
1.000000
1.000000
0.002342 0.997658
1.000000
0.777533 0.222467
1.000000
0.799923 0.200077
1.000000
0.744288 0.255712
0.734059 0.265941
0.627719 0.372281
1.000000
1.000000
1.000000
0.666184 0.333816
0.557066 0.442934
0.229367 0.770633
0.197454 0.802546
1.000000
1.000000
0.094146 0.299590 0.606265
1.000000
1.000000
0.121940 0.507111 0.370949
1.000000
1.000000
0.528269 0.471731
0.801732 0.198268
0.744054 0.255946
1.000000
1.000000
1.000000
0.899817 0.100183
0.196631 0.803369
1.000000
0.783966 0.216034
1.000000
0.166009 0.833991
1.000000
0.837807 0.162193
1.000000
1.000000
0.282455 0.717545
0.816916 0.183084
0.002969 0.997031
1.000000
0.410404 0.589596
0.807017 0.192983
1.000000
0.925494 0.074506
1.000000
1.000000
0.257380 0.607140 0.135479
1.000000
0.652185 0.347815
0.184857 0.815143
1.000000
1.000000
1.000000
0.454230 0.398138 0.147632
1.000000
1.000000
0.190910 0.809090
0.461238 0.538762
1.000000
1.000000
1.000000
0.852888 0.147112
0.514555 0.485445
0.282978 0.717022
1.000000
1.000000
1.000000
1.000000
1.000000
1.000000
1.000000
1.000000
1.000000
0.844305 0.155695
1.000000
1.000000
1.000000
0.573403 0.426597
1.000000
0.203857 0.511413 0.240070 0.044660
0.459677 0.540323
0.761440 0.238560
0.287778 0.712222
1.000000
0.521664 0.327948 0.150388
1.000000
0.602775 0.397225
1.000000
0.006771 0.993229
1.000000
0.069834 0.930166
1.000000
1.000000
0.080906 0.919094
1.000000
1.000000
0.000000 0.010662 0.989338
0.009947 0.990053
0.493931 0.330803 0.175265
0.475352 0.524648
1.000000
0.140991 0.859009
0.621176 0.378824
1.000000
0.000267 0.999733
1.000000
0.657701 0.342299
1.000000
0.784437 0.215563
1.000000
0.163330 0.836670
1.000000
1.000000
0.002578 0.567742 0.429680
1.000000
0.214719 0.785281
1.000000
0.008521 0.262670 0.728809
0.855083 0.144917
0.063512 0.936488
1.000000
0.773462 0.226538
1.000000
0.371979 0.628021
1.000000
1.000000
1.000000
0.827204 0.172796
1.000000
1.000000
0.849767 0.150233
0.592395 0.407605
0.010561 0.989439
0.477145 0.522855
1.000000
1.000000
0.054781 0.945219
0.302763 0.441519 0.255718
0.343261 0.656739
0.158951 0.841049
0.805265 0.194735
0.413769 0.586231
0.853387 0.146613
0.835641 0.164359
0.577215 0.358747 0.064037
1.000000
1.000000
0.901300 0.098700
0.205155 0.527942 0.266902
1.000000
0.029945 0.298359 0.671696
1.000000
0.566871 0.433129
1.000000
1.000000
1.000000
0.005220 0.994780
1.000000
0.672926 0.327074
1.000000
1.000000
1.000000
0.012662 0.987338
1.000000
1.000000
1.000000
0.729010 0.270990
1.000000
0.631307 0.368693
1.000000
0.905467 0.094533
0.201977 0.798023
0.167128 0.832872
1.000000
0.783227 0.216773
0.272098 0.727902
0.651779 0.348221
1.000000
0.690459 0.309541
0.781117 0.218883
1.000000
0.007122 0.992878
0.862965 0.137035
1.000000
1.000000
0.644971 0.355029
1.000000
1.000000
1.000000
0.715795 0.232058 0.052146
0.582718 0.324038 0.093244
0.958044 0.040713 0.001243
1.000000
1.000000
1.000000
0.880202 0.119798
1.000000
1.000000
1.000000
1.000000
0.367757 0.632243
0.700480 0.299520
0.101438 0.898562
0.576988 0.423012
1.000000
1.000000
0.008460 0.991540
1.000000
1.000000
1.000000
1.000000
1.000000
1.000000
1.000000
0.339502 0.660498
1.000000
1.000000
0.894995 0.105005
1.000000
0.194988 0.442679 0.362334
1.000000
1.000000
1.000000
0.329945 0.670055
1.000000
1.000000
1.000000
1.000000
1.000000
1.000000
0.568670 0.431330
1.000000
0.046281 0.953719
1.000000
0.802880 0.197120
1.000000
1.000000
0.393878 0.606122
0.905004 0.094996
1.000000
1.000000
0.000439 0.999561
0.558365 0.441635
0.225960 0.774040
1.000000
0.179211 0.820789
1.000000
1.000000
1.000000
1.000000
0.894859 0.105141
1.000000
1.000000
1.000000
1.000000
1.000000
0.478538 0.521462
1.000000
0.662115 0.337885
0.036132 0.462562 0.501306
1.000000
0.007619 0.992381
1.000000
1.000000
1.000000
1.000000
1.000000
0.002972 0.997028
1.000000
1.000000
1.000000
1.000000
1.000000
1.000000
0.885291 0.104621 0.010088
0.041694 0.958306
0.882731 0.117269
1.000000
1.000000
1.000000
1.000000
0.521977 0.478023
1.000000
0.620133 0.233875 0.145991
1.000000
1.000000
1.000000
1.000000
0.085148 0.303390 0.611463
0.793907 0.206093
0.343859 0.656141
1.000000
1.000000
1.000000
1.000000
1.000000
0.418142 0.581858
1.000000
1.000000
1.000000
0.908974 0.091026
0.444824 0.555176
1.000000
1.000000
0.275932 0.724068
0.372753 0.627247
