1.000000
1.000000
0.768177 0.231823
1.000000
1.000000
0.422555 0.577445
0.189205 0.810795
1.000000
0.000542 0.999458
0.722056 0.277944
1.000000
1.000000
1.000000
1.000000
0.681059 0.256545 0.062396
1.000000
1.000000
0.385274 0.614726
0.133734 0.315262 0.356316 0.194687
1.000000
1.000000
0.743321 0.256679
1.000000
1.000000
0.296239 0.703761
1.000000
1.000000
1.000000
1.000000
0.837952 0.162048
1.000000
1.000000
0.509967 0.490033
0.820409 0.179591
1.000000
1.000000
0.737771 0.262229
0.242934 0.757066
1.000000
0.657889 0.342111
1.000000
1.000000
0.026503 0.973497
1.000000
1.000000
0.969126 0.030874
1.000000
1.000000
0.843769 0.156231
1.000000
1.000000
1.000000
1.000000
0.684642 0.315358
1.000000
1.000000
1.000000
1.000000
0.380090 0.471589 0.148321
1.000000
0.893069 0.106931
1.000000
1.000000
0.621359 0.378641
1.000000
1.000000
0.804785 0.195215
1.000000
0.696923 0.303077
0.000011 0.999989
0.306466 0.693534
0.000276 0.999724
1.000000
0.003906 0.498432 0.497663
1.000000
1.000000
0.749411 0.250589
1.000000
0.834633 0.165367
1.000000
1.000000
1.000000
0.725827 0.274173
0.331377 0.668623
0.723129 0.276871
0.441870 0.558130
1.000000
1.000000
1.000000
1.000000
1.000000
1.000000
0.161572 0.450250 0.388178
0.225168 0.560655 0.214177
0.586799 0.413201
1.000000
1.000000
1.000000
1.000000
1.000000
0.036235 0.284440 0.679325
1.000000
0.478452 0.521548
0.327083 0.672917
0.929984 0.070016
0.388561 0.498684 0.112755
0.870523 0.129477
1.000000
1.000000
0.326063 0.673937
1.000000
1.000000
1.000000
1.000000
1.000000
0.666475 0.333525
0.276494 0.723506
1.000000
1.000000
1.000000
0.645400 0.354600
1.000000
1.000000
0.209901 0.790099
0.883244 0.116756
1.000000
1.000000
0.504372 0.495628
1.000000
0.618384 0.381616
0.591437 0.408563
1.000000
0.278334 0.721666
1.000000
1.000000
1.000000
1.000000
0.829161 0.170839
0.380310 0.619690
0.822719 0.177281
0.759581 0.240419
1.000000
1.000000
1.000000
0.664188 0.335812
0.038141 0.961859
0.021053 0.258874 0.327534 0.392538
1.000000
1.000000
1.000000
0.807827 0.192173
1.000000
0.463476 0.536524
1.000000
0.470328 0.529672
0.855770 0.144230
1.000000
0.825070 0.174930
0.755556 0.244444
0.186100 0.813900
1.000000
0.796333 0.160349 0.043318
0.373446 0.626554
1.000000
0.246354 0.753646
1.000000
0.170078 0.412771 0.417151
0.252863 0.747137
1.000000
0.901962 0.098038
0.449678 0.550322
1.000000
1.000000
1.000000
0.780709 0.219291
0.001188 0.998812
1.000000
1.000000
0.646810 0.353190
1.000000
0.003919 0.996081
1.000000
1.000000
0.774617 0.225383
1.000000
1.000000
1.000000
1.000000
1.000000
0.889220 0.110780
1.000000
1.000000
1.000000
1.000000
1.000000
1.000000
1.000000
1.000000
0.379756 0.620244
0.067951 0.346862 0.585186
0.762015 0.237985
1.000000
0.089021 0.910979
1.000000
1.000000
0.492735 0.507265
1.000000
1.000000
1.000000
0.138060 0.861940
1.000000
0.896480 0.103520
1.000000
1.000000
1.000000
1.000000
0.163853 0.836147
0.283321 0.716679
0.487575 0.512425
1.000000
0.480520 0.519480
0.513598 0.486402
1.000000
0.290062 0.431956 0.277982
0.590909 0.261267 0.147824
0.379950 0.620050
0.290573 0.709427
0.888018 0.111982
0.591076 0.408924
1.000000
0.364409 0.635591
1.000000
1.000000
0.000229 0.999771
1.000000
1.000000
1.000000
0.896407 0.103593
0.682665 0.317335
1.000000
0.020162 0.979838
1.000000
1.000000
1.000000
0.003420 0.996580
1.000000
1.000000
1.000000
1.000000
1.000000
0.092694 0.907306
1.000000
1.000000
1.000000
0.058284 0.941716
0.635621 0.364379
0.484543 0.515457
0.787948 0.212052
0.804869 0.195131
1.000000
1.000000
0.244091 0.755909
1.000000
1.000000
1.000000
1.000000
0.465833 0.304253 0.229914
0.506453 0.493547
0.811622 0.188378
0.131945 0.512640 0.355416
1.000000
0.236425 0.763575
1.000000
0.566468 0.433532
0.575482 0.424518
1.000000
0.308118 0.691882
1.000000
1.000000
1.000000
0.334155 0.665845
0.092084 0.449061 0.458854
0.195688 0.804312
1.000000
0.514339 0.485661
1.000000
0.803611 0.196389
1.000000
1.000000
1.000000
1.000000
0.038326 0.492960 0.468714
0.011256 0.988744
1.000000
1.000000
1.000000
1.000000
0.804965 0.195035
1.000000
0.654856 0.345144
1.000000
0.538395 0.461605
0.339449 0.660551
1.000000
1.000000
0.829516 0.170484
0.681229 0.318771
0.183446 0.816554
1.000000
1.000000
0.000068 0.999932
1.000000
0.474241 0.444136 0.081623
1.000000
1.000000
0.503723 0.496277
1.000000
1.000000
0.169640 0.830360
1.000000
0.425920 0.433492 0.140588
0.265069 0.734931
1.000000
0.912570 0.087430
1.000000
1.000000
1.000000
1.000000
0.781562 0.218438
1.000000
1.000000
0.856637 0.143363
0.751979 0.248021
1.000000
0.608532 0.391468
0.000085 0.999915
0.006879 0.993121
1.000000
1.000000
1.000000
1.000000
1.000000
0.861045 0.138955
1.000000
1.000000
0.501653 0.498347
1.000000
1.000000
0.118422 0.443333 0.438244
0.861259 0.138741
1.000000
1.000000
1.000000
0.370046 0.629954
0.001498 0.998502
1.000000
1.000000
1.000000
1.000000
0.123054 0.876946
1.000000
0.522041 0.373444 0.104515
1.000000
1.000000
0.290763 0.709237
0.006000 0.228240 0.765760
0.356814 0.643186
1.000000
0.183099 0.816901
1.000000
1.000000
1.000000
1.000000
1.000000
0.743948 0.256052
0.754289 0.245711
0.679493 0.320507
1.000000
1.000000
0.885094 0.114906
0.776616 0.223384
0.405350 0.594650
0.850406 0.149594
0.740345 0.259655
1.000000
1.000000
1.000000
0.001716 0.112390 0.275610 0.610284
0.140099 0.859901
1.000000
0.344956 0.655044
1.000000
0.797167 0.202833
1.000000
1.000000
0.003587 0.996413
1.000000
0.423617 0.441726 0.134657
0.528218 0.415038 0.056744
0.065813 0.934187
0.790425 0.209575
0.490350 0.212767 0.176966 0.119916
1.000000
0.570571 0.429429
1.000000
0.675829 0.197829 0.126343
0.148168 0.851832
0.000426 0.999574
0.690529 0.309471
0.500423 0.499577
1.000000
1.000000
1.000000
1.000000
0.636105 0.363895
1.000000
0.676671 0.323329
0.120183 0.879817
1.000000
1.000000
0.216812 0.580200 0.202989
1.000000
1.000000
1.000000
1.000000
0.081987 0.918013
1.000000
0.842985 0.157015
1.000000
0.152364 0.847636
1.000000
1.000000
1.000000
0.348328 0.651672
1.000000
1.000000
1.000000
1.000000
0.699986 0.300014
1.000000
0.329475 0.428768 0.241756
1.000000
1.000000
1.000000
0.158399 0.841601
1.000000
0.386721 0.613279
1.000000
1.000000
1.000000
1.000000
0.458989 0.541011
0.307299 0.692701
0.340242 0.659758
0.794681 0.205319
0.647768 0.352232
0.688611 0.311389
1.000000
1.000000
1.000000
1.000000
0.655923 0.344077
1.000000
1.000000
1.000000
1.000000
0.778316 0.147883 0.073801
0.865444 0.134556
1.000000
0.782406 0.217594
1.000000
1.000000
0.453608 0.546392
1.000000
0.202512 0.797488
1.000000
0.732865 0.267135
1.000000
0.860990 0.139010
1.000000
1.000000
1.000000
1.000000
0.401166 0.598834
1.000000
1.000000
0.823260 0.176740
0.653339 0.346661
1.000000
0.245817 0.754183
1.000000
0.685946 0.314054
0.092342 0.907658
1.000000
0.690037 0.309963
1.000000
1.000000
0.467962 0.532038
0.683873 0.316127
0.443125 0.556875
0.182204 0.817796
1.000000
1.000000
1.000000
1.000000
1.000000
0.258190 0.741810
0.604045 0.395955
1.000000
0.000056 0.999944
1.000000
0.612767 0.290213 0.097020
0.842256 0.157744
0.382289 0.617711
0.047037 0.265695 0.687268
0.002420 0.997580
1.000000
1.000000
1.000000
1.000000
1.000000
1.000000
1.000000
1.000000
1.000000
1.000000
0.097917 0.902083
1.000000
0.001040 0.998960
1.000000
0.390988 0.609012
1.000000
1.000000
1.000000
1.000000
1.000000
1.000000
0.318649 0.681351
1.000000
0.654524 0.216255 0.129220
0.789731 0.210269
1.000000
0.716782 0.283218
0.734686 0.265314
0.742679 0.257321
0.546092 0.453908
1.000000
0.480336 0.519664
1.000000
0.616552 0.383448
1.000000
1.000000
0.577004 0.261896 0.161100
1.000000
1.000000
0.824252 0.175748
1.000000
1.000000
0.473366 0.526634
1.000000
1.000000
0.021680 0.978320
1.000000
0.863280 0.123893 0.012827
0.624518 0.375482
0.508903 0.491097
0.442483 0.557517
1.000000
1.000000
0.734180 0.265820
0.737093 0.262907
0.852592 0.147408
0.633787 0.366213
0.239379 0.760621
1.000000
1.000000
0.687998 0.312002
0.267174 0.732826
1.000000
0.679053 0.320947
1.000000
1.000000
0.803401 0.196599
0.318009 0.681991
0.735762 0.264238
1.000000
1.000000
0.862696 0.137304
1.000000
0.188517 0.811483
1.000000
0.331239 0.668761
1.000000
0.473015 0.526985
1.000000
1.000000
1.000000
0.362506 0.637494
0.835823 0.164177
0.345590 0.654410
1.000000
0.749186 0.250814
1.000000
1.000000
1.000000
1.000000
1.000000
0.463112 0.536888
0.584572 0.415428
0.226851 0.773149
1.000000
0.763886 0.236114
1.000000
1.000000
0.456114 0.543886
0.305910 0.694090
1.000000
0.315719 0.417457 0.266823
0.831845 0.168155
0.309414 0.690586
0.062101 0.353566 0.584333
1.000000
0.553749 0.446251
1.000000
1.000000
1.000000
1.000000
1.000000
0.702389 0.297611
0.671390 0.328610
1.000000
1.000000
1.000000
0.838960 0.161040
0.229996 0.580213 0.189791
1.000000
1.000000
1.000000
0.290074 0.709926
1.000000
1.000000
0.820557 0.179443
1.000000
1.000000
1.000000
0.237931 0.762069
1.000000
0.333093 0.666907
1.000000
1.000000
0.000593 0.999407
1.000000
1.000000
0.794346 0.205654
0.924312 0.075688
1.000000
0.481875 0.518125
0.181385 0.818615
0.561044 0.438956
1.000000
1.000000
1.000000
1.000000
0.000564 0.999436
1.000000
0.358335 0.641665
1.000000
0.398945 0.601055
1.000000
0.009844 0.990156
1.000000
1.000000
1.000000
1.000000
0.000019 0.999981
0.054369 0.945631
1.000000
1.000000
1.000000
1.000000
1.000000
0.294440 0.705560
1.000000
0.509699 0.490301
0.843590 0.156410
1.000000
1.000000
1.000000
0.000019 0.999981
1.000000
0.724048 0.275952
0.001299 0.998701
0.006667 0.993333
1.000000
0.713344 0.286656
0.483826 0.516174
1.000000
0.247614 0.752386
1.000000
0.864452 0.135548
0.007135 0.992865
0.467291 0.532709
1.000000
1.000000
0.504026 0.440019 0.055955
0.552681 0.447319
0.720604 0.279396
1.000000
1.000000
0.483691 0.516309
1.000000
1.000000
0.833468 0.166532
0.004989 0.611073 0.383938
0.014856 0.351487 0.633657
1.000000
1.000000
0.225663 0.774337
1.000000
1.000000
1.000000
0.323430 0.676570
0.757035 0.242965
0.777504 0.222496
0.457365 0.456458 0.086178
0.462968 0.537032
0.705196 0.294804
1.000000
1.000000
1.000000
1.000000
0.274400 0.725600
0.195476 0.464125 0.340400
0.150616 0.849384
0.808350 0.191650
1.000000
0.834896 0.165104
1.000000
0.834605 0.165395
1.000000
0.601720 0.398280
0.000629 0.999371
1.000000
0.703852 0.296148
0.880946 0.119054
1.000000
0.505430 0.494570
0.040352 0.959648
0.000150 0.999850
0.336488 0.663512
0.422911 0.577089
1.000000
0.024501 0.415844 0.559656
0.716029 0.283971
1.000000
1.000000
0.000039 0.071510 0.928451
1.000000
1.000000
1.000000
0.031905 0.213684 0.451322 0.303089
1.000000
1.000000
1.000000
0.045528 0.319150 0.635322
1.000000
0.173769 0.457603 0.368628
1.000000
1.000000
0.016975 0.983025
0.787329 0.212671
1.000000
0.713602 0.286398
0.912273 0.087727
1.000000
1.000000
1.000000
1.000000
0.821819 0.178181
0.392340 0.607660
0.399704 0.600296
0.483307 0.329093 0.187599
0.816241 0.127009 0.056750
1.000000
1.000000
1.000000
0.650085 0.349915
1.000000
0.667228 0.332772
1.000000
1.000000
0.168288 0.831712
1.000000
1.000000
0.799403 0.200597
1.000000
1.000000
0.270697 0.729303
0.184269 0.566741 0.248990
1.000000
0.793522 0.206478
1.000000
0.240190 0.759810
1.000000
0.443157 0.556843
1.000000
1.000000
1.000000
0.697685 0.225936 0.076379
0.000205 0.999795
1.000000
0.001573 0.569376 0.429051
1.000000
1.000000
0.710332 0.289668
1.000000
1.000000
0.801745 0.198255
1.000000
1.000000
0.087673 0.912327
0.745057 0.254943
1.000000
1.000000
0.826090 0.132079 0.041831
0.474709 0.525291
1.000000
1.000000
0.306917 0.693083
0.903483 0.096517
1.000000
1.000000
0.482668 0.517332
1.000000
0.636341 0.363659
1.000000
1.000000
0.855348 0.144652
1.000000
1.000000
1.000000
0.029812 0.970188
0.798957 0.201043
0.916576 0.083424
1.000000
1.000000
0.206302 0.793698
0.249406 0.750594
0.000000 0.006379 0.993621
1.000000
0.847719 0.152281
0.236273 0.449282 0.255753 0.058692
1.000000
1.000000
1.000000
1.000000
0.847768 0.152232
1.000000
0.438607 0.561393
1.000000
1.000000
1.000000
1.000000
0.240117 0.759883
1.000000
1.000000
1.000000
1.000000
1.000000
0.724080 0.275920
1.000000
0.705935 0.294065
1.000000
1.000000
1.000000
1.000000
1.000000
0.791516 0.208484
1.000000
0.096371 0.903629
0.001970 0.998030
1.000000
1.000000
0.812792 0.187208
1.000000
0.804292 0.195708
1.000000
0.840848 0.159152
1.000000
1.000000
1.000000
1.000000
1.000000
1.000000
1.000000
1.000000
0.795183 0.204817
1.000000
0.857534 0.142466
0.165007 0.834993
1.000000
1.000000
0.512497 0.487503
1.000000
0.000414 0.999586
0.671948 0.328052
1.000000
0.005669 0.994331
1.000000
1.000000
0.766090 0.233910
0.002925 0.534828 0.462247
0.109771 0.890229
1.000000
1.000000
1.000000
1.000000
1.000000
0.755872 0.244128
1.000000
0.413344 0.586656
0.312836 0.687164
0.239940 0.760060
0.870645 0.129355
0.146529 0.853471
1.000000
0.141524 0.858476
1.000000
1.000000
1.000000
0.480153 0.519847
1.000000
1.000000
1.000000
1.000000
1.000000
0.400325 0.599675
0.874341 0.125659
0.042878 0.450297 0.506825
0.736588 0.263412
0.554235 0.445765
0.896837 0.103163
0.121385 0.878615
0.000021 0.999979
0.365200 0.634800
0.858929 0.141071
1.000000
1.000000
0.457794 0.542206
1.000000
1.000000
1.000000
0.149920 0.850080
1.000000
0.797224 0.202776
0.477115 0.522885
1.000000
1.000000
1.000000
0.071231 0.928769
0.861683 0.138317
1.000000
1.000000
1.000000
0.792970 0.207030
1.000000
0.549042 0.450958
0.027316 0.972684
0.008127 0.297368 0.694506
1.000000
0.167295 0.832705
0.160154 0.839846
1.000000
1.000000
1.000000
0.651650 0.228810 0.119540
0.348131 0.414168 0.237701
1.000000
0.711630 0.288370
0.215442 0.784558
1.000000
1.000000
1.000000
0.373854 0.626146
0.477930 0.522070
1.000000
1.000000
1.000000
1.000000
1.000000
1.000000
1.000000
1.000000
1.000000
1.000000
1.000000
1.000000
1.000000
1.000000
1.000000
1.000000
0.161912 0.838088
1.000000
1.000000
1.000000
1.000000
0.864679 0.135321
0.523945 0.476055
0.221074 0.778926
1.000000
1.000000
0.524366 0.475634
0.198522 0.801478
1.000000
0.281789 0.718211
0.749762 0.250238
0.661243 0.208153 0.096462 0.034142
0.838704 0.161296
0.643935 0.356065
0.528809 0.471191
0.807588 0.192412
1.000000
1.000000
1.000000
0.846696 0.153304
0.871330 0.128670
1.000000
1.000000
1.000000
1.000000
0.172523 0.827477
0.248684 0.751316
0.881406 0.118594
1.000000
0.725212 0.274788
1.000000
1.000000
0.086684 0.913316
1.000000
1.000000
0.594560 0.337992 0.067448
0.034766 0.965234
1.000000
0.774294 0.225706
0.202656 0.797344
1.000000
0.571666 0.428334
1.000000
0.774128 0.225872
1.000000
1.000000
0.642859 0.357141
1.000000
1.000000
0.268591 0.499868 0.231540
0.475135 0.524865
1.000000
0.638740 0.361260
0.017622 0.982378
0.634911 0.365089
1.000000
1.000000
1.000000
1.000000
1.000000
0.796897 0.203103
1.000000
1.000000
0.321953 0.678047
1.000000
1.000000
0.431020 0.568980
0.196951 0.803049
1.000000
1.000000
0.834464 0.165536
0.001352 0.998648
0.756362 0.243638
1.000000
0.395122 0.604878
0.371340 0.628660
1.000000
1.000000
1.000000
0.167698 0.832302
0.550242 0.449758
1.000000
1.000000
0.803898 0.196102
1.000000
0.514122 0.485878
1.000000
1.000000
0.538131 0.461869
1.000000
0.702620 0.178677 0.118703
1.000000
0.009706 0.990294
1.000000
1.000000
1.000000
1.000000
0.764708 0.235292
0.766703 0.233297
0.322667 0.677333
1.000000
1.000000
1.000000
0.594014 0.212134 0.122385 0.071467
0.091926 0.908074
0.383159 0.616841
0.025695 0.276092 0.698214
1.000000
1.000000
1.000000
1.000000
0.015685 0.443740 0.540575
0.001261 0.998739
1.000000
0.712332 0.287668
0.250237 0.749763
1.000000
0.729807 0.270193
1.000000
1.000000
0.000850 0.999150
1.000000
1.000000
0.843412 0.156588
1.000000
1.000000
0.665521 0.334479
0.838188 0.161812
0.102433 0.897567
0.700249 0.299751
0.610366 0.389634
0.736261 0.263739
0.161563 0.838437
0.489047 0.510953
0.043793 0.475285 0.480922
0.325987 0.674013
1.000000
0.697925 0.252224 0.049850
1.000000
1.000000
0.000409 0.999591
0.751750 0.248250
1.000000
0.502065 0.497935
0.454166 0.545834
1.000000
1.000000
0.144766 0.467799 0.387435
0.039391 0.960609
1.000000
0.758763 0.241237
0.892351 0.107649
0.329128 0.576630 0.094242
0.746818 0.253182
0.767462 0.232538
0.312608 0.687392
0.007811 0.992189
1.000000
1.000000
1.000000
1.000000
1.000000
0.411227 0.588773
1.000000
1.000000
1.000000
1.000000
0.688194 0.311806
1.000000
0.450846 0.549154
1.000000
1.000000
1.000000
0.546969 0.274651 0.178379
0.777619 0.222381
1.000000
0.190653 0.809347
1.000000
1.000000
1.000000
0.000044 0.999956
0.540052 0.459948
1.000000
1.000000
0.123637 0.876363
0.541699 0.313398 0.144903
1.000000
0.545812 0.454188
0.131938 0.868062
1.000000
1.000000
1.000000
0.863487 0.136513
1.000000
0.332193 0.667807
1.000000
0.337866 0.662134
1.000000
0.378637 0.621363
0.427963 0.572037
0.551362 0.448638
0.644029 0.355971
0.000163 0.999837
0.215935 0.784065
0.845391 0.154609
1.000000
0.027224 0.972776
0.764666 0.235334
1.000000
0.304770 0.695230
1.000000
0.705087 0.294913
0.938026 0.061974
0.786292 0.213708
1.000000
1.000000
1.000000
0.576817 0.198748 0.224435
1.000000
0.883996 0.116004
1.000000
0.465526 0.534474
1.000000
1.000000
1.000000
1.000000
1.000000
0.862753 0.137247
1.000000
1.000000
1.000000
1.000000
0.000015 0.999985
1.000000
0.679543 0.320457
0.814799 0.185201
0.437646 0.473355 0.088998
1.000000
1.000000
1.000000
1.000000
1.000000
0.843624 0.156376
0.000149 0.999851
0.572834 0.427166
0.224833 0.775167
1.000000
1.000000
1.000000
0.393629 0.456886 0.149485
1.000000
0.003046 0.996954
0.212721 0.787279
1.000000
1.000000
0.001798 0.998202
0.878092 0.121908
0.575758 0.424242
0.805213 0.194787
1.000000
0.374241 0.625759
1.000000
0.427326 0.572674
1.000000
1.000000
1.000000
0.007175 0.992825
0.129477 0.353813 0.516710
0.153402 0.383276 0.463322
1.000000
1.000000
0.519756 0.480244
1.000000
0.576542 0.423458
0.631884 0.368116
0.403218 0.596782
1.000000
1.000000
0.536549 0.463451
0.000000 0.004902 0.995098
1.000000
1.000000
1.000000
0.868498 0.131502
1.000000
1.000000
0.779769 0.220231
1.000000
0.092536 0.459616 0.447848
1.000000
0.473346 0.526654
1.000000
0.005554 0.994446
1.000000
1.000000
1.000000
0.227718 0.373313 0.398969
0.711878 0.288122
0.034590 0.294594 0.670816
0.688398 0.311602
1.000000
0.698211 0.224164 0.077626
0.771291 0.228709
1.000000
1.000000
1.000000
0.880709 0.119291
0.450639 0.549361
1.000000
1.000000
0.898720 0.101280
1.000000
1.000000
1.000000
0.306951 0.693049
1.000000
0.328792 0.671208
0.081303 0.918697
1.000000
1.000000
1.000000
1.000000
1.000000
1.000000
1.000000
1.000000
1.000000
1.000000
0.743185 0.256815
0.823544 0.176456
1.000000
0.290024 0.709976
1.000000
0.893146 0.106854
0.092302 0.907698
1.000000
1.000000
1.000000
0.552501 0.371403 0.076095
0.475492 0.524508
1.000000
0.014102 0.985898
1.000000
1.000000
1.000000
0.143829 0.856171
0.612428 0.271061 0.116511
0.099012 0.900988
0.725925 0.274075
0.796975 0.203025
1.000000
0.820311 0.179689
1.000000
0.001286 0.998714
1.000000
1.000000
0.665079 0.334921
0.000039 0.999961
0.237583 0.762417
0.675596 0.324404
1.000000
0.437658 0.562342
1.000000
1.000000
1.000000
1.000000
1.000000
0.532601 0.467399
1.000000
0.000029 0.172318 0.827654
1.000000
1.000000
1.000000
1.000000
0.556758 0.443242
0.380511 0.619489
1.000000
1.000000
0.376336 0.623664
1.000000
0.000688 0.999312
1.000000
1.000000
1.000000
0.123304 0.876696
1.000000
1.000000
0.893309 0.106691
0.787825 0.212175
1.000000
1.000000
1.000000
0.297517 0.702483
0.627299 0.372701
0.438619 0.561381
0.824073 0.175927
1.000000
1.000000
0.867093 0.132907
0.011132 0.988868
0.001077 0.998923
1.000000
1.000000
1.000000
0.646962 0.353038
1.000000
0.749612 0.250388
0.231446 0.768554
1.000000
1.000000
0.483755 0.516245
1.000000
1.000000
1.000000
1.000000
0.261831 0.738169
0.000406 0.270201 0.729393
1.000000
0.440014 0.559986
1.000000
1.000000
0.341327 0.424957 0.233716
0.729357 0.270643
1.000000
0.227377 0.772623
1.000000
1.000000
0.256800 0.743200
1.000000
0.710628 0.289372
0.870031 0.129969
0.096821 0.903179
0.496783 0.386118 0.117099
0.739820 0.260180
1.000000
0.379029 0.620971
0.305409 0.694591
1.000000
0.616212 0.383788
1.000000
0.326605 0.673395
1.000000
1.000000
1.000000
0.000402 0.137677 0.180680 0.681241
0.823744 0.176256
0.144451 0.855549
1.000000
0.178902 0.821098
1.000000
1.000000
0.335258 0.664742
1.000000
0.100692 0.899308
1.000000
0.002546 0.997454
1.000000
1.000000
0.195485 0.804515
1.000000
0.593695 0.272922 0.133382
1.000000
0.000521 0.999479
0.499133 0.500867
0.162159 0.354885 0.482956
1.000000
0.779128 0.220872
1.000000
1.000000
1.000000
1.000000
0.339020 0.660980
0.814559 0.185441
1.000000
0.444193 0.555807
0.636091 0.213103 0.150806
1.000000
1.000000
1.000000
1.000000
0.147649 0.462074 0.390277
0.323019 0.676981
1.000000
0.893816 0.106184
0.099213 0.900787
1.000000
1.000000
1.000000
0.744868 0.255132
0.218626 0.781374
0.780826 0.219174
1.000000
1.000000
1.000000
0.064033 0.935967
0.531588 0.468412
1.000000
1.000000
0.293756 0.706244
1.000000
0.680098 0.319902
0.374936 0.625064
1.000000
0.834363 0.165637
1.000000
0.890513 0.109487
1.000000
1.000000
1.000000
1.000000
1.000000
0.345102 0.654898
0.343554 0.656446
1.000000
1.000000
1.000000
1.000000
1.000000
1.000000
1.000000
1.000000
1.000000
0.858508 0.141492
1.000000
0.518382 0.481618
1.000000
0.442792 0.557208
1.000000
1.000000
1.000000
0.465412 0.534588
1.000000
1.000000
0.851016 0.148984
0.108562 0.440595 0.450843
1.000000
0.485677 0.514323
0.305619 0.694381
1.000000
0.033502 0.966498
0.498987 0.501013
1.000000
1.000000
1.000000
0.844658 0.155342
1.000000
1.000000
0.899211 0.100789
1.000000
0.231832 0.442310 0.325857
1.000000
0.011272 0.988728
0.723899 0.276101
0.774124 0.225876
0.758136 0.241864
0.677325 0.322675
1.000000
1.000000
0.517684 0.482316
1.000000
1.000000
1.000000
1.000000
0.760654 0.239346
1.000000
0.000160 0.999840
0.011962 0.988038
0.764336 0.235664
0.840147 0.159853
1.000000
0.459811 0.415222 0.124967
0.000001 0.022513 0.977486
1.000000
1.000000
0.184499 0.815501
0.842019 0.157981
1.000000
0.414573 0.585427
1.000000
1.000000
0.601473 0.398527
0.411860 0.389660 0.198480
1.000000
1.000000
0.871536 0.128464
1.000000
1.000000
1.000000
1.000000
1.000000
0.340529 0.659471
1.000000
0.216476 0.783524
1.000000
1.000000
0.000000 0.000008 0.020081 0.979912
0.780527 0.219473
0.739510 0.260490
1.000000
1.000000
0.766171 0.233829
1.000000
0.110688 0.889312
1.000000
1.000000
0.240084 0.759916
0.485767 0.514233
1.000000
0.725482 0.274518
1.000000
0.211439 0.788561
0.341889 0.658111
0.043419 0.373652 0.582929
0.652362 0.347638
0.070996 0.427357 0.501647
0.776362 0.223638
0.105937 0.339695 0.554368
1.000000
0.830768 0.169232
1.000000
1.000000
0.843290 0.156710
1.000000
0.093147 0.906853
0.829329 0.170671
0.872223 0.127777
0.090862 0.342127 0.567011
1.000000
0.801058 0.198942
0.526415 0.473585
1.000000
0.041842 0.958158
0.386325 0.613675
1.000000
0.835037 0.164963
1.000000
0.418759 0.581241
1.000000
0.650490 0.349510
0.530175 0.469825
1.000000
0.420517 0.453935 0.125548
1.000000
1.000000
0.002465 0.997535
1.000000
0.871156 0.128844
0.747484 0.252516
0.577992 0.422008
1.000000
1.000000
1.000000
0.701902 0.298098
1.000000
1.000000
1.000000
1.000000
0.667971 0.332029
1.000000
0.702353 0.297647
1.000000
0.658332 0.341668
1.000000
1.000000
0.659254 0.340746
0.639549 0.360451
0.456066 0.543934
0.010519 0.989481
0.779771 0.220229
1.000000
1.000000
1.000000
0.098021 0.485558 0.416421
1.000000
0.894763 0.105237
0.000001 0.999999
0.491584 0.508416
0.714943 0.285057
0.165566 0.834434
0.839250 0.160750
1.000000
1.000000
1.000000
1.000000
1.000000
0.001758 0.998242
1.000000
0.771227 0.228773
1.000000
0.847758 0.152242
1.000000
0.752156 0.247844
0.761849 0.238151
0.630065 0.369935
1.000000
1.000000
1.000000
0.640049 0.359951
0.573927 0.426073
0.261607 0.738393
0.191728 0.808272
1.000000
1.000000
0.089894 0.321429 0.588677
1.000000
1.000000
0.140254 0.484271 0.375475
1.000000
1.000000
0.531677 0.468323
0.803020 0.196980
0.749640 0.250360
1.000000
1.000000
1.000000
0.886552 0.113448
0.214537 0.785463
1.000000
0.797489 0.202511
1.000000
0.137813 0.862187
1.000000
0.808482 0.191518
1.000000
1.000000
0.281697 0.718303
0.803992 0.196008
0.002009 0.997991
1.000000
0.422553 0.577447
0.777473 0.222527
1.000000
0.918518 0.081482
1.000000
1.000000
0.261579 0.600996 0.137425
1.000000
0.637576 0.362424
0.196662 0.803338
1.000000
1.000000
1.000000
0.451176 0.392232 0.156592
1.000000
1.000000
0.210988 0.789012
0.473413 0.526587
1.000000
1.000000
1.000000
0.820105 0.179895
0.508274 0.491726
0.310990 0.689010
1.000000
1.000000
1.000000
1.000000
1.000000
1.000000
1.000000
1.000000
1.000000
0.829384 0.170616
1.000000
1.000000
1.000000
0.552275 0.447725
1.000000
0.217417 0.478686 0.252185 0.051712
0.476046 0.523954
0.730210 0.269790
0.299002 0.700998
1.000000
0.509081 0.343573 0.147346
1.000000
0.608386 0.391614
1.000000
0.004995 0.995005
1.000000
0.062157 0.937843
1.000000
1.000000
0.076586 0.923414
1.000000
1.000000
0.000000 0.008081 0.991919
0.008096 0.991904
0.482260 0.348025 0.169716
0.468089 0.531911
1.000000
0.131296 0.868704
0.603771 0.396229
1.000000
0.000187 0.999813
1.000000
0.690527 0.309473
1.000000
0.787005 0.212995
1.000000
0.180182 0.819818
1.000000
1.000000
0.001715 0.548905 0.449380
1.000000
0.240204 0.759796
1.000000
0.007003 0.269780 0.723216
0.830037 0.169963
0.055836 0.944164
1.000000
0.806711 0.193289
1.000000
0.383691 0.616309
1.000000
1.000000
1.000000
0.820227 0.179773
1.000000
1.000000
0.835072 0.164928
0.603963 0.396037
0.009003 0.990997
0.487909 0.512091
1.000000
1.000000
0.048824 0.951176
0.312661 0.419607 0.267732
0.361497 0.638503
0.173677 0.826323
0.771725 0.228275
0.421697 0.578303
0.858764 0.141236
0.805558 0.194442
0.560053 0.366515 0.073432
1.000000
1.000000
0.906585 0.093415
0.212978 0.504027 0.282994
1.000000
0.027677 0.314227 0.658096
1.000000
0.554783 0.445217
1.000000
1.000000
1.000000
0.004113 0.995887
1.000000
0.645814 0.354186
1.000000
1.000000
1.000000
0.010692 0.989308
1.000000
1.000000
1.000000
0.701897 0.298103
1.000000
0.635272 0.364728
1.000000
0.917979 0.082021
0.213745 0.786255
0.197787 0.802213
1.000000
0.751803 0.248197
0.284640 0.715360
0.670071 0.329929
1.000000
0.707381 0.292619
0.786428 0.213572
1.000000
0.005176 0.994824
0.862568 0.137432
1.000000
1.000000
0.621933 0.378067
1.000000
1.000000
1.000000
0.692683 0.263594 0.043723
0.559565 0.345595 0.094839
0.952847 0.045577 0.001576
1.000000
1.000000
1.000000
0.906165 0.093835
1.000000
1.000000
1.000000
1.000000
0.389668 0.610332
0.728807 0.271193
0.104969 0.895031
0.572435 0.427565
1.000000
1.000000
0.006455 0.993545
1.000000
1.000000
1.000000
1.000000
1.000000
1.000000
1.000000
0.352034 0.647966
1.000000
1.000000
0.904489 0.095511
1.000000
0.201991 0.434787 0.363222
1.000000
1.000000
1.000000
0.349285 0.650715
1.000000
1.000000
1.000000
1.000000
1.000000
1.000000
0.555958 0.444042
1.000000
0.040321 0.959679
1.000000
0.802202 0.197798
1.000000
1.000000
0.406539 0.593461
0.898664 0.101336
1.000000
1.000000
0.000307 0.999693
0.546461 0.453539
0.239675 0.760325
1.000000
0.171879 0.828121
1.000000
1.000000
1.000000
1.000000
0.861499 0.138501
1.000000
1.000000
1.000000
1.000000
1.000000
0.475846 0.524154
1.000000
0.635827 0.364173
0.031489 0.461991 0.506520
1.000000
0.005630 0.994370
1.000000
1.000000
1.000000
1.000000
1.000000
0.002091 0.997909
1.000000
1.000000
1.000000
1.000000
1.000000
1.000000
0.891492 0.098160 0.010348
0.036316 0.963684
0.907274 0.092726
1.000000
1.000000
1.000000
1.000000
0.529628 0.470372
1.000000
0.605914 0.259528 0.134558
1.000000
1.000000
1.000000
1.000000
0.083653 0.316752 0.599595
0.783196 0.216804
0.358921 0.641079
1.000000
1.000000
1.000000
1.000000
1.000000
0.429222 0.570778
1.000000
1.000000
1.000000
0.894860 0.105140
0.452595 0.547405
1.000000
1.000000
0.297941 0.702059
0.376165 0.623835
