2000 3
1 1 2 1 1 2 2 1 2 2 1 1 1 1 3 1 1 2 4 1 1 2 1 1 2 1 1 1 1 2 1 1 2 2 1 1 2 2 1 2 1 1 2 1 1 2 1 1 2 1 1 1 1 2 1 1 1 1 3 1 2 1 1 2 1 1 2 1 2 2 2 2 1 3 1 1 2 1 2 1 1 1 2 2 2 2 1 1 1 1 1 1 3 3 2 1 1 1 1 1 3 1 2 2 2 3 2 1 1 2 1 1 1 1 1 2 2 1 1 1 2 1 1 2 2 1 1 2 1 2 2 1 2 1 1 1 1 2 2 2 2 1 1 1 2 2 4 1 1 1 2 1 2 1 2 2 1 2 2 2 1 3 2 1 2 1 3 2 1 2 2 1 1 1 2 2 1 1 2 1 2 1 1 2 1 1 1 1 1 2 1 1 1 1 1 1 1 1 2 3 2 1 2 1 1 2 1 1 1 2 1 2 1 1 1 1 2 2 2 1 2 2 1 3 3 2 2 2 2 1 2 1 1 2 1 1 1 2 2 1 2 1 1 1 2 1 1 1 1 1 2 1 1 1 2 2 2 2 2 1 1 2 1 1 1 1 3 2 2 3 1 2 1 2 2 1 2 1 1 1 2 3 2 1 2 1 2 1 1 1 1 3 2 1 1 1 1 2 1 2 1 2 2 1 1 2 2 2 1 1 2 1 3 1 1 2 1 1 2 1 3 2 1 2 1 1 1 1 2 1 1 2 2 1 2 2 2 1 1 1 1 1 2 1 1 2 1 1 3 2 1 1 1 2 2 1 1 1 1 2 1 3 1 1 2 3 2 1 2 1 1 1 1 1 2 2 2 1 1 2 2 2 2 2 1 1 1 4 2 1 2 1 2 1 1 2 1 3 3 2 2 4 1 2 1 3 2 2 2 2 1 1 1 1 2 1 2 2 1 1 3 1 1 1 1 2 1 2 1 2 1 1 1 2 1 1 1 1 2 1 3 1 1 1 2 1 2 1 1 1 1 2 2 2 2 2 2 1 1 1 1 2 1 1 1 1 3 2 1 2 1 1 2 1 2 1 2 1 2 1 1 1 1 2 1 1 2 2 1 2 1 2 2 1 2 1 1 2 2 2 2 1 1 1 1 1 2 2 1 2 1 3 2 2 3 2 1 1 1 1 1 1 1 1 1 1 2 1 2 1 2 1 1 1 1 1 1 2 1 3 2 1 2 2 2 2 1 2 1 2 1 1 3 1 1 2 1 1 2 1 1 2 1 3 2 2 2 1 1 2 2 2 2 2 1 1 2 2 1 2 1 1 2 2 2 1 1 2 1 2 1 2 1 2 1 1 1 2 2 2 1 2 1 1 1 1 1 2 2 2 1 2 1 1 2 2 1 3 2 2 3 1 2 1 1 1 1 1 2 2 1 1 1 2 3 1 1 1 2 1 1 2 1 1 1 2 1 2 1 1 2 1 1 2 2 1 2 2 2 1 1 1 1 2 1 2 1 2 1 2 1 1 1 1 2 2 1 1 1 1 1 2 1 2 2 1 1 1 2 1 2 2 2 1 2 2 1 2 1 2 2 2 1 1 3 2 2 1 1 2 1 1 2 3 3 1 1 2 1 1 1 2 2 2 3 2 2 1 1 1 1 2 3 2 2 1 2 1 2 1 2 2 1 2 2 1 2 2 2 2 2 1 3 2 1 1 3 1 1 1 4 1 1 1 3 1 3 1 1 2 2 1 2 2 1 1 1 1 2 2 2 3 3 1 1 1 2 1 2 1 1 2 1 1 2 1 1 2 3 1 2 1 2 1 2 1 1 1 3 2 1 3 1 1 2 1 1 2 1 1 2 2 1 1 3 2 1 1 2 2 1 1 2 1 2 1 1 2 1 1 1 2 2 2 1 1 2 2 3 1 2 4 1 1 1 1 2 1 2 1 1 1 1 2 1 1 1 1 1 2 1 2 1 1 1 1 1 2 1 2 2 1 1 2 1 2 1 2 1 1 1 1 1 1 1 1 2 1 2 2 1 1 2 1 2 2 1 2 1 1 2 3 2 1 1 1 1 1 2 1 2 2 2 2 2 1 2 1 1 1 2 1 1 1 1 1 2 2 3 2 2 2 2 2 2 2 1 1 2 1 1 1 2 1 2 2 1 1 1 2 2 1 1 1 2 1 2 2 3 1 2 2 1 1 1 3 3 1 2 2 1 1 1 2 2 1 1 1 1 1 1 1 1 1 1 1 1 1 1 1 1 2 1 1 1 1 2 2 2 1 1 2 2 1 2 2 4 2 2 2 2 1 1 1 2 2 1 1 1 1 2 2 2 1 2 1 1 2 1 1 3 2 1 2 2 1 2 1 2 1 1 2 1 1 3 2 1 2 2 2 1 1 1 1 1 2 1 1 2 1 1 2 2 1 1 2 2 2 1 2 2 1 1 1 2 2 1 1 2 1 2 1 1 2 1 3 1 2 1 1 1 1 2 2 2 1 1 1 4 2 2 3 1 1 1 1 3 2 1 2 2 1 2 1 1 2 1 1 2 1 1 2 2 2 2 2 2 2 2 3 2 1 3 1 1 2 2 1 2 2 1 1 3 2 1 2 2 3 2 2 2 2 1 1 1 1 1 2 1 1 1 1 2 1 2 1 1 1 3 2 1 2 1 1 1 2 2 1 1 2 3 1 2 2 1 1 1 2 1 2 1 2 1 2 2 2 2 2 2 2 1 2 2 1 2 1 2 2 2 1 1 1 3 1 2 1 2 1 1 1 1 1 2 1 1 1 1 2 1 2 2 3 1 1 1 1 1 2 2 2 2 1 1 1 3 1 2 2 1 1 2 2 2 2 1 2 1 2 1 1 1 2 3 3 1 1 2 1 2 2 2 1 1 2 3 1 1 1 2 1 1 2 1 3 1 2 1 2 1 1 1 3 2 3 2 1 3 2 1 1 1 2 2 1 1 2 1 1 1 2 1 2 2 1 1 1 1 1 1 1 1 1 1 2 2 1 2 1 2 2 1 1 1 3 2 1 2 1 1 1 2 3 2 2 2 1 2 1 2 1 1 2 2 2 2 1 2 1 1 1 1 1 2 1 3 1 1 1 1 2 2 1 1 2 1 2 1 1 1 2 1 1 2 2 1 1 1 2 2 2 2 1 1 2 2 2 1 1 1 2 1 2 2 1 1 2 1 1 1 1 2 3 1 2 1 1 3 2 1 2 1 1 2 1 2 2 2 3 2 1 2 2 1 2 1 2 1 1 1 4 2 2 1 2 1 1 2 1 2 1 2 1 1 2 1 3 1 2 2 3 1 2 1 1 1 1 2 2 1 2 3 1 1 1 1 3 2 1 2 2 1 1 1 2 2 2 1 1 1 2 2 1 1 2 1 2 2 1 2 1 2 1 1 1 1 1 2 2 1 1 1 1 1 1 1 1 1 2 1 2 1 2 1 1 1 2 1 1 2 3 1 2 2 1 2 2 1 1 1 2 1 1 2 1 3 1 2 2 2 2 2 1 1 2 1 1 1 1 2 1 2 2 2 2 1 3 3 1 1 2 2 1 2 1 1 2 3 1 1 2 1 1 1 1 1 2 1 2 1 1 4 2 2 1 1 2 1 2 1 1 2 2 1 2 1 2 2 3 2 3 2 3 1 2 1 1 2 1 2 2 2 3 1 2 2 1 2 2 1 2 1 2 1 2 2 1 3 1 1 2 1 2 2 2 1 1 1 2 1 1 1 1 2 1 2 1 2 1 1 2 2 2 2 2 1 1 1 3 1 2 2 2 2 2 2 1 1 1 1 1 2 1 2 1 2 1 2 2 2 1 1 1 2 2 2 2 1 1 3 1 1 3 1 1 2 2 2 1 1 1 2 2 1 2 1 2 1 2 1 1 2 2 2 1 2 2 1 2 1 1 3 1 2 2 1 1 1 3 1 1 2 2 1 1 1 2 2 2 1 1 1 1 1 1 1 1 1 2 1 1 1 2 1 4 2 2 2 1 3 1 2 1 2 1 2 1 1 2 1 1 3 2 3 2 1 2 2 1 2 1 2 1 2 1 2 1 1 3 1 2 1 3 2 2 1 2 1 2 1 1 1 2 1 1 2 2 2 2 1 1 2 3 2 2 2 2 2 2 3 1 1 2 3 1 3 1 2 1 1 1 2 1 2 1 1 1 2 1 1 1 2 1 2 1 2 2 2 1 2 2 2 1 2 2 1 2 2 1 1 2 1 1 1 3 3 3 1 1 1 2 1 1 1 1 2 2 2 2 1 1 2 1 1 1 1 1 1 1 2 1 1 2 1 3 1 1 1 2 1 1 1 1 1 1 2 1 2 1 2 1 1 2 2 1 1 2 2 2 1 2 1 1 1 1 2 1 1 1 1 1 2 1 2 3 1 2 1 1 1 1 1 2 1 1 1 1 1 1 3 2 2 1 1 1 1 2 1 3 1 1 1 1 3 2 2 1 1 1 1 1 2 1 1 1 2 2 1 1 2 2
0.309112
0.688990
0.001898
0.072154
0.916243
0.011602
0.011033 0.000000
0.710573 0.074893
0.053914 0.149587
0.036831
0.953559
0.009610
0.054402
0.900943
0.044655
0.381979 0.000569
0.030682 0.586320
0.000010 0.000440
0.217350 0.127842
0.000922 0.653843
0.000000 0.000042
0.051060
0.947632
0.001308
0.000673 0.998304
0.000000 0.001023
0.000000 0.000000
0.007061 0.000000
0.585416 0.019533
0.123768 0.264222
0.000000
0.001690
0.998310
0.010686
0.971835
0.017480
0.000001
0.402335
0.597664
0.025698
0.961654
0.012648
0.000155 0.000000 0.000000
0.133085 0.000249 0.000000
0.548216 0.257979 0.060314
0.129537
0.864292
0.006171
0.000177
0.175381
0.824442
0.188980 0.000294
0.182548 0.620419
0.000535 0.007224
0.120555 0.128918 0.002317 0.000002
0.011709 0.188870 0.360465 0.180172
0.000029 0.000326 0.001621 0.005017
0.000015
0.510428
0.489557
0.000177
0.029004
0.970819
0.150921 0.000023
0.605905 0.207367
0.006008 0.029776
0.000929
0.778321
0.220751
0.000173
0.594084
0.405743
0.245909 0.132475
0.045230 0.566656
0.000759 0.008972
0.109293
0.880962
0.009744
0.000022
0.756925
0.243054
0.884552
0.115407
0.000041
0.009142
0.959072
0.031786
0.000000 0.000000
0.045624 0.000002
0.794292 0.160082
0.983069
0.016925
0.000006
0.000018
0.233500
0.766482
0.093272 0.000365
0.418168 0.473133
0.002080 0.012981
0.091697 0.000000
0.743718 0.119383
0.007335 0.037867
0.000029
0.433541
0.566430
0.997854
0.002142
0.000004
0.160485 0.000011
0.588552 0.220976
0.003996 0.025980
0.100715 0.000557
0.128439 0.760477
0.000588 0.009224
0.007489
0.969109
0.023402
0.219403 0.000024
0.455077 0.306753
0.002142 0.016601
0.000015
0.169314
0.830672
0.000269
0.499527
0.500204
0.028865 0.836234
0.000055 0.134845
0.000000 0.000001
0.000397
0.752590
0.247013
0.643609
0.355955
0.000436
0.000000 -0.000000
0.000111 0.000000
0.966155 0.033734
0.012104
0.965093
0.022803
0.384432
0.613994
0.001574
0.034990 0.000001
0.766527 0.050337
0.047972 0.100172
0.000000
0.096506
0.903493
0.069864
0.926006
0.004129
0.010579
0.963767
0.025654
0.983837
0.016160
0.000003
0.197219 0.000062
0.501347 0.276340
0.003600 0.021433
0.108594
0.886290
0.005116
0.000000
0.000088
0.999912
0.882415
0.115960
0.001624
0.000188
0.018745
0.981066
0.098687 0.000875 0.000000
0.274698 0.445179 0.074615
0.005085 0.028873 0.071988
0.921659
0.078336
0.000004
0.013787 0.000000
0.815592 0.016472
0.055710 0.098438
0.043453
0.949517
0.007030
0.007624
0.985634
0.006742
0.254152 0.000001
0.384377 0.351180
0.000588 0.009702
0.000026
0.231115
0.768859
0.299570
0.698978
0.001452
0.002762 0.000000
0.726333 0.016410
0.060111 0.194384
0.000073
0.621651
0.378276
0.008198 0.000000
0.454283 0.014487
0.230379 0.292653
0.000015 0.999868
0.000000 0.000117
0.000000 0.000000
0.212990 0.000566
0.083060 0.701122
0.000085 0.002176
0.000337 0.999133
0.000000 0.000530
0.000000 0.000000
0.092176
0.903099
0.004725
0.004504 0.507316 0.197707
0.000026 0.010618 0.279778
0.000000 0.000003 0.000048
0.911500
0.088456
0.000044
0.000000
0.040959
0.959041
0.000466 0.000000
0.604128 0.002511
0.130931 0.261963
0.000346
0.945732
0.053921
0.001420 0.000000
0.705638 0.002011
0.111043 0.179888
0.003409
0.856726
0.139865
0.000018
0.186092
0.813890
0.026795
0.961663
0.011543
0.000014 0.000000
0.264033 0.000045
0.456676 0.279231
0.212029 0.001210
0.101366 0.681105
0.000243 0.004048
0.005168 0.000000
0.110451 0.001672
0.611826 0.270883
0.024386 0.000007
0.417941 0.550420
0.000666 0.006580
0.189467
0.807924
0.002609
0.005199
0.983679
0.011122
0.000017
0.171824
0.828158
0.929351
0.070627
0.000022
0.006073
0.887715
0.106212
0.004159
0.958247
0.037594
0.134037 0.015298 0.000002
0.022633 0.443210 0.378288
0.000038 0.000803 0.005692
0.104859 0.001922 0.000000
0.110241 0.573472 0.172315
0.000653 0.007084 0.029453
0.000185 0.000000
0.020549 0.000017
0.587136 0.392113
0.019051
0.965575
0.015375
0.000000
0.000003
0.999997
0.159018
0.837103
0.003879
0.505211
0.494079
0.000710
0.041146
0.937997
0.020856
0.032964 0.073664 0.000485
0.003491 0.196405 0.690876
0.000010 0.000220 0.001886
0.127515
0.871885
0.000600
0.111535 0.000041
0.364869 0.489563
0.003167 0.030824
0.345058 0.094227
0.001305 0.559398
0.000000 0.000013
0.000000 -0.000000
0.002076 0.000000
0.926332 0.071592
0.155899 0.000700 0.000000
0.225389 0.500357 0.070019
0.001370 0.011145 0.035121
0.044744 0.000001
0.805223 0.057363
0.025804 0.066866
0.864193
0.135266
0.000541
0.223289
0.776235
0.000475
0.345135 0.093726
0.001189 0.559937
0.000000 0.000012
0.000335
0.060779
0.938886
0.013298
0.950360
0.036342
0.000000
0.000757
0.999243
0.996834
0.003162
0.000004
0.969976
0.030017
0.000006
0.002505 0.000000
0.451267 0.004409
0.207362 0.334456
0.122092 0.000454
0.136127 0.736483
0.000291 0.004553
0.006447
0.983472
0.010081
0.795769
0.203869
0.000363
0.125999
0.872206
0.001795
0.000156 0.000000
0.015508 0.000014
0.644937 0.339385
0.000000
0.000889
0.999111
0.300426
0.699077
0.000497
0.165522 0.006851
0.036624 0.789048
0.000077 0.001878
0.005710 0.000000
0.759702 0.006514
0.101500 0.126575
0.614002
0.385632
0.000367
0.451547
0.548235
0.000218
0.062380 0.000033
0.441749 0.453025
0.004755 0.038059
0.981426
0.018556
0.000018
0.248502 0.000230
0.378770 0.356179
0.002039 0.014280
0.121637 0.000315
0.466832 0.352753
0.009570 0.048893
0.021589
0.881782
0.096629
0.096776 0.000210
0.167261 0.722424
0.000847 0.012482
0.000114
0.443409
0.556478
0.804307
0.195541
0.000152
0.930838
0.069139
0.000023
0.968309
0.031687
0.000004
0.022117 0.000002
0.752839 0.063289
0.055847 0.105905
0.079543 0.001286
0.292789 0.589871
0.004462 0.032050
0.072636 0.000136
0.700638 0.099130
0.053206 0.074254
0.697948 0.000864
0.058981 0.227446
0.000937 0.013824
0.101360
0.895674
0.002966
0.878445
0.121505
0.000050
0.008029
0.986219
0.005752
0.216608 0.000050
0.458021 0.305492
0.002271 0.017558
0.039589 0.954489
0.000017 0.005889
0.000000 0.000015
0.020045 0.219756 0.136606 0.012578
0.001282 0.035178 0.189616 0.383495
0.000006 0.000061 0.000308 0.001070
0.000908
0.902963
0.096129
0.058479
0.935638
0.005883
0.035242
0.937177
0.027582
0.000071 0.000000
0.146607 0.000230
0.654932 0.198161
0.533726
0.465364
0.000909
0.101075 0.000028
0.360344 0.509675
0.002544 0.026334
0.116107
0.882414
0.001479
0.354294 0.002134
0.106120 0.534691
0.000181 0.002580
0.025213 0.000000
0.828607 0.075291
0.010750 0.060139
0.002133
0.850546
0.147321
0.000087 0.000000
0.655973 0.000272
0.153065 0.190604
0.032156 0.000008
0.740501 0.189277
0.008478 0.029580
0.175437 0.388479
0.014772 0.419399
0.000115 0.001799
0.997231
0.002769
0.000000
0.001274 0.000000 0.000000
0.391701 0.001560 0.000002
0.369556 0.184790 0.051117
0.277101 0.000041
0.092524 0.622068
0.000253 0.008013
0.013459
0.948155
0.038386
0.228966 0.197159
0.019367 0.553445
0.000049 0.001014
0.949070
0.050871
0.000060
0.165924 0.016822 0.000000
0.009273 0.395620 0.403274
0.000026 0.000831 0.008228
0.099482 0.000515
0.139713 0.749339
0.000685 0.010267
0.059590
0.932923
0.007487
0.015037 0.000000
0.846183 0.017683
0.036179 0.084918
0.036434 0.000002
0.080459 0.004362
0.352396 0.526347
0.834873
0.164897
0.000230
0.607430
0.391793
0.000776
0.778972
0.220826
0.000202
0.116683 0.000008
0.679709 0.156471
0.009521 0.037608
0.001312 0.998491
0.000000 0.000197
0.000000 0.000000
0.028268
0.968396
0.003336
0.049559
0.933773
0.016668
0.228474 0.000019
0.435051 0.319572
0.001793 0.015091
0.000060
0.092851
0.907089
0.004483 0.993680
0.000001 0.001837
0.000000 0.000000
0.000003
0.006595
0.993402
0.970665
0.029096
0.000239
0.000014 0.000000
0.052137 0.000016
0.722633 0.225201
0.000297
0.395897
0.603806
0.995514
0.004485
0.000001
0.092830
0.858764
0.048407
0.000122
0.937607
0.062271
0.000000
0.000138
0.999862
0.035721 0.000000
0.844791 0.043805
0.016505 0.059177
0.000052
0.712769
0.287180
0.373722
0.625300
0.000977
0.002849
0.984116
0.013036
0.999956
0.000044
0.000000
0.103401
0.894002
0.002596
0.000001
0.103715
0.896284
0.869330
0.130601
0.000069
0.800973
0.198880
0.000147
0.001957 0.000000
0.063802 0.000193
0.352443 0.581605
0.053112 0.045918 0.000168
0.010116 0.292014 0.597239
0.000010 0.000181 0.001241
0.631519 0.000513
0.125765 0.200740
0.003873 0.037591
0.001091
0.716921
0.281989
0.091593 0.537334
0.002956 0.367993
0.000003 0.000120
0.000000
0.024669
0.975331
0.021146
0.968788
0.010065
0.324729 0.015177
0.164415 0.489533
0.000700 0.005445
0.003018
0.984563
0.012419
0.007499
0.969220
0.023281
0.015562
0.939566
0.044872
0.133720 0.005040
0.005993 0.855151
0.000001 0.000094
0.997790
0.002206
0.000004
0.009475 0.000000
0.814785 0.011245
0.058963 0.105532
0.002993
0.154212
0.842795
0.000000
0.000051
0.999949
0.000000
0.015228
0.984772
0.408057
0.589805
0.002138
0.130953 0.000257
0.027460 0.840294
0.000019 0.001016
0.098011 0.000012
0.173808 0.717540
0.000407 0.010222
0.342898 0.003089
0.132668 0.517168
0.000377 0.003800
0.962516
0.036042
0.001442
0.348435 0.001630
0.123368 0.523228
0.000232 0.003107
0.325192 0.001442
0.184626 0.482832
0.000523 0.005384
0.000323
0.968247
0.031430
0.172641 0.019558 0.000067
0.109765 0.397454 0.217993
0.003106 0.020001 0.059414
0.013607 0.000014 0.000000
0.333261 0.027481 0.001028
0.242858 0.236799 0.144952
0.311137 0.008177
0.055711 0.623682
0.000066 0.001226
0.277064 0.036015
0.014077 0.672192
0.000019 0.000632
0.000002 0.000000
0.304590 0.000025
0.554924 0.140459
0.267408 0.000654
0.329094 0.388198
0.002031 0.012616
0.014009
0.981940
0.004052
0.119095 0.000669
0.234800 0.627953
0.001576 0.015906
0.958768
0.040886
0.000346
0.036696
0.944537
0.018767
0.000291 0.999216
0.000000 0.000493
0.000000 0.000000
0.002027
0.119675
0.878298
0.726932
0.272889
0.000179
0.000019
0.612028
0.387953
0.000000 0.000000
0.010689 0.000000
0.880509 0.108802
0.661163 0.049042
0.017003 0.269425
0.000162 0.003205
0.014782
0.862183
0.123035
0.022028 0.943337
0.000092 0.034540
0.000000 0.000002
0.037232
0.953174
0.009594
0.000627
0.964124
0.035249
0.026035
0.963709
0.010256
0.004021 0.994562
0.000001 0.001416
0.000000 0.000000
0.240718
0.750997
0.008285
0.000438
0.983685
0.015877
0.000524
0.857391
0.142084
0.839768
0.160127
0.000105
0.000259
0.970804
0.028937
0.092499 0.386630
0.004332 0.516481
0.000002 0.000057
0.000645
0.870559
0.128796
0.008009
0.965430
0.026560
0.005005
0.988579
0.006416
0.064793 0.397778
0.001503 0.535901
0.000000 0.000024
0.237228 0.000025
0.413592 0.333378
0.001648 0.014128
0.345625 0.001642
0.130857 0.518250
0.000261 0.003365
0.000004 0.000000
0.129857 0.000019
0.648019 0.222101
0.022973 0.000000
0.752643 0.086652
0.028139 0.109592
0.000025
0.809396
0.190579
0.004497
0.862685
0.132817
0.197992 0.000208
0.036874 0.763659
0.000027 0.001240
0.000048
0.829103
0.170849
0.964602
0.035381
0.000017
0.742218
0.257380
0.000402
0.153314
0.846369
0.000317
0.179044 0.000106 0.000000
0.257183 0.200879 0.009848
0.017273 0.102083 0.233584
0.295153 0.000154
0.208375 0.487851
0.000625 0.007841
0.031512 0.000000
0.751683 0.060927
0.031412 0.124466
0.079928 0.005940 0.000001
0.044811 0.520223 0.330463
0.000206 0.002895 0.015533
0.000643
0.889705
0.109652
0.139886 0.002025
0.082931 0.770734
0.000235 0.004189
0.789293
0.210643
0.000064
0.170802 0.000034
0.390056 0.366407
0.006645 0.066055
0.062176 0.000007
0.517876 0.364830
0.006143 0.048968
0.000148
0.303818
0.696034
0.211383 0.014553
0.078946 0.691196
0.000295 0.003627
0.529396
0.470073
0.000531
0.000011
0.320425
0.679564
0.023586
0.973277
0.003137
0.089245 0.000101
0.233058 0.657134
0.001495 0.018966
0.079486 0.008321 0.000000
0.011001 0.444827 0.451625
0.000014 0.000443 0.004283
0.101136 0.000870
0.080842 0.812101
0.000245 0.004806
0.035294
0.962991
0.001714
0.113676 0.000028
0.404034 0.462900
0.001869 0.017492
0.468052
0.531092
0.000856
0.000008 0.000000
0.025355 0.000006
0.786791 0.187840
0.000378
0.955767
0.043855
0.000136
0.918424
0.081440
0.044479
0.929605
0.025916
0.209019
0.780956
0.010025
0.038679 0.432292 0.058363
0.000913 0.061161 0.408400
0.000001 0.000020 0.000172
0.012303 0.968138
0.000021 0.019538
0.000000 0.000000
0.000594
0.811478
0.187927
0.324613
0.673471
0.001917
0.366311
0.632412
0.001277
0.000007
0.013148
0.986845
0.092281 0.000001
0.721769 0.122374
0.010514 0.053062
0.973394
0.026602
0.000004
0.001083 0.000000
0.375836 0.001779
0.275261 0.346041
0.775024
0.224666
0.000309
0.308862 0.000656
0.229138 0.453630
0.000723 0.006991
0.328352 0.139250
0.012015 0.520158
0.000008 0.000216
0.024615
0.965061
0.010325
0.043551
0.954238
0.002211
0.075694 0.000007
0.750662 0.099802
0.019614 0.054220
0.191981 0.001961
0.490437 0.276085
0.009957 0.029579
0.141922 0.000185
0.033980 0.822549
0.000028 0.001336
0.000132
0.894498
0.105370
0.042542
0.948944
0.008515
0.000093 0.999710
0.000000 0.000196
0.000000 0.000000
0.047984
0.941110
0.010906
0.079810 0.000012 0.000000
0.387635 0.401483 0.012487
0.003021 0.028539 0.087013
0.003397
0.982400
0.014203
0.000001
0.157221
0.842778
0.296786 0.000173
0.203552 0.491247
0.000607 0.007635
0.000000
0.032623
0.967377
0.981291
0.018709
0.000000
0.156697 0.068005
0.016570 0.757894
0.000028 0.000806
0.004793
0.899219
0.095988
0.173953 0.000356 0.000000
0.236772 0.384397 0.036721
0.005517 0.041620 0.120664
0.265743 0.084263
0.010631 0.638399
0.000028 0.000936
0.000030
0.363384
0.636586
0.003370 0.000000
0.886154 0.025700
0.026680 0.058096
0.002123
0.992633
0.005243
0.996416
0.003571
0.000013
0.020795
0.971874
0.007331
0.000038
0.113043
0.886919
0.012365 0.000000
0.738120 0.079154
0.033068 0.137293
0.461141
0.537073
0.001785
0.070331
0.924088
0.005581
0.804952 0.000020
0.040491 0.107472
0.001903 0.045161
0.001783 0.000000
0.567575 0.010709
0.174194 0.245740
0.831254
0.168622
0.000124
0.256757 0.000169
0.360637 0.367937
0.001661 0.012838
0.000109 0.999876
0.000000 0.000016
0.000000 0.000000
0.007535 0.978951
0.000018 0.013496
0.000000 0.000000
0.988151
0.011793
0.000055
0.039800
0.953514
0.006686
0.000495
0.969265
0.030240
0.005893
0.729135
0.264972
0.943186
0.056803
0.000011
0.841020 0.005739
0.014959 0.119051
0.001020 0.018211
0.000459
0.720606
0.278935
0.000033
0.301120
0.698847
0.055621 0.000007
0.452224 0.477158
0.001398 0.013593
0.952428
0.047553
0.000019
0.554379
0.445033
0.000588
0.076455 0.019028 0.000034
0.036873 0.427541 0.426660
0.000178 0.002212 0.011020
0.022853 0.000000
0.810168 0.036851
0.031174 0.098954
0.980110
0.019889
0.000001
0.946785
0.053153
0.000062
0.039315
0.952108
0.008577
0.141453 0.000008
0.220764 0.625014
0.000542 0.012218
0.001663 0.995647
0.000001 0.002689
0.000000 0.000000
0.000454
0.543007
0.456539
0.993735
0.006264
0.000001
0.001090
0.888191
0.110719
0.008440
0.917056
0.074504
0.139829 0.165630
0.001398 0.693104
0.000000 0.000039
0.000421
0.927743
0.071836
0.104075 0.000792 0.000000
0.418202 0.333103 0.044482
0.007903 0.032269 0.059173
0.412322
0.586423
0.001255
0.195799
0.800240
0.003960
0.040201 0.001504
0.238931 0.715697
0.000403 0.003265
0.006690 0.175677 0.005759
0.000179 0.053350 0.758192
0.000000 0.000010 0.000143
0.142250 0.000063
0.206756 0.637645
0.000690 0.012596
0.000469
0.891599
0.107932
0.140073 0.145550
0.040912 0.670414
0.000223 0.002827
0.000093
0.530113
0.469794
0.995436
0.004564
0.000000
0.979678
0.019745
0.000577
0.000000
0.004116
0.995884
0.013739
0.969107
0.017154
0.000206 0.000000
0.303876 0.001112
0.424898 0.269908
0.041157 0.000001
0.726935 0.179113
0.008325 0.044469
0.004604 0.000000
0.548261 0.010161
0.129566 0.307407
0.986653
0.013340
0.000007
0.067042
0.929316
0.003642
0.019475 0.000000
0.830641 0.031225
0.036096 0.082563
0.000018 0.000000
0.298083 0.000134
0.464767 0.236999
0.355658 0.049336
0.038838 0.555170
0.000064 0.000935
0.031205 0.000000
0.816778 0.077120
0.016945 0.057951
0.020707 0.000000
0.701788 0.137273
0.024684 0.115548
0.000000
0.085225
0.914775
0.001293
0.989653
0.009054
0.060328
0.917625
0.022047
0.001805 0.106215 0.119820 0.007473
0.000081 0.010040 0.150155 0.604075
0.000000 0.000005 0.000048 0.000283
0.087180 0.013693
0.040896 0.857681
0.000025 0.000525
0.384213
0.615612
0.000175
0.359568 0.057370
0.001794 0.581249
0.000000 0.000018
0.000000
0.021489
0.978511
0.003413 0.000000
0.670818 0.010248
0.110889 0.204632
0.014568
0.954472
0.030960
0.988532
0.011234
0.000233
0.004030 0.944091
0.000010 0.051869
0.000000 0.000000
0.961872
0.038120
0.000008
0.298280 0.003923 0.000000
0.122113 0.449939 0.108507
0.000385 0.003618 0.013236
0.277468 0.000303 0.000000
0.254067 0.403608 0.030313
0.000857 0.007989 0.025395
0.062328 0.494951
0.006146 0.436365
0.000009 0.000201
0.005328 0.000000
0.716059 0.032819
0.063890 0.181905
0.020582 0.000001 0.000000 -0.000000
0.407071 0.040178 0.000493 0.000002
0.076139 0.171453 0.173707 0.110374
0.006695
0.969125
0.024180
0.252195 0.000042
0.325621 0.406838
0.001357 0.013948
0.261189
0.470843
0.267967
0.006640 0.000000 0.000000
0.555719 0.025566 0.000215
0.111820 0.174363 0.125677
0.126716 0.013243
0.019554 0.839565
0.000028 0.000894
0.000517 0.998692
0.000000 0.000791
0.000000 0.000000
0.000178 0.000000
0.181706 0.000278
0.507450 0.310388
0.338332 0.000422
0.155601 0.501400
0.000294 0.003951
0.025202
0.965070
0.009728
0.000923
0.906009
0.093068
0.002976
0.553932
0.443092
0.019124
0.968296
0.012580
0.079997 0.000004
0.571903 0.315331
0.003816 0.028950
0.848375
0.151530
0.000095
0.074758 0.000014
0.564813 0.153592
0.043238 0.163585
0.048419 0.003835
0.055992 0.891244
0.000025 0.000485
0.000000
0.090223
0.909777
0.003640
0.853445
0.142914
0.074027 0.001017 0.000000
0.131990 0.587414 0.151647
0.001032 0.010659 0.042214
0.942613
0.057384
0.000003
0.111266
0.874544
0.014191
0.013673
0.843568
0.142758
0.161304
0.836330
0.002366
0.084863 0.779536
0.000937 0.134644
0.000001 0.000020
0.008087
0.864631
0.127282
0.008422 0.000000
0.717024 0.013529
0.108277 0.152749
0.115529
0.873005
0.011465
0.164326 0.023112
0.002756 0.809728
0.000001 0.000077
0.966831
0.033168
0.000002
0.105599
0.889174
0.005226
0.000020
0.799977
0.200003
0.284434 0.000176
0.060677 0.649591
0.000144 0.004977
0.107365
0.879118
0.013517
0.000067
0.737042
0.262891
0.995795
0.004189
0.000016
0.001969
0.963072
0.034959
0.132532 0.000009
0.581147 0.242876
0.005975 0.037460
0.963861
0.036136
0.000004
0.280093 0.013327 0.000001
0.043816 0.433229 0.222764
0.000080 0.001088 0.005602
0.129648
0.850693
0.019658
0.000289
0.328369
0.671342
0.000000
0.002738
0.997262
0.125963 0.021654
0.030905 0.819740
0.000071 0.001667
0.004918
0.899101
0.095981
0.358936 0.053976
0.023240 0.563380
0.000020 0.000449
0.000197
0.680476
0.319327
0.987345
0.012649
0.000006
0.299311
0.696763
0.003926
0.006940
0.984799
0.008262
0.361064 0.002431
0.086520 0.547871
0.000125 0.001989
0.231629 0.030662
0.059787 0.675014
0.000206 0.002702
0.087980 0.000151
0.241209 0.648551
0.001729 0.020380
0.000009 0.000000
0.004414 0.000001
0.793192 0.202384
0.058135 0.000002
0.599864 0.282302
0.007055 0.052643
0.003035 0.000000
0.390706 0.006807
0.291491 0.307961
0.025814
0.789754
0.184432
0.999968
0.000032
0.000000
0.001537
0.872128
0.126335
0.196232
0.802519
0.001249
0.095211 0.000047
0.527849 0.200083
0.033290 0.143520
0.000264
0.957370
0.042366
0.590483
0.408406
0.001112
0.174303
0.824613
0.001083
0.001127
0.566941
0.431931
0.014592 0.000000 0.000000
0.643852 0.017978 0.000109
0.112711 0.132949 0.077807
0.846786 0.000274
0.017730 0.117255
0.000601 0.017354
0.959969
0.039061
0.000970
0.015111 0.000002
0.660820 0.049934
0.103323 0.170809
0.000038
0.530218
0.469744
0.418278
0.580681
0.001041
0.371902 0.000047
0.073057 0.553780
0.000035 0.001179
0.013077
0.970672
0.016251
0.103996 0.000684
0.083023 0.807843
0.000214 0.004241
0.028623
0.970203
0.001174
0.717342 0.022904
0.012535 0.244808
0.000097 0.002314
0.868712
0.131044
0.000244
0.004437 0.000000
0.871637 0.089532
0.006901 0.027492
0.445479
0.552958
0.001563
0.060724
0.848301
0.090975
0.909193
0.090766
0.000041
0.701454
0.298001
0.000545
0.265027 0.000052
0.128979 0.599347
0.000250 0.006345
0.763419
0.232700
0.003881
0.265782
0.733242
0.000975
0.088390 0.000001
0.743931 0.116125
0.009597 0.041956
0.193504 0.000010
0.476444 0.303388
0.002873 0.023780
0.001768
0.980857
0.017375
0.174145 0.002162
0.056520 0.764748
0.000106 0.002319
0.046558
0.951085
0.002357
0.023863 0.000078
0.601890 0.166395
0.065063 0.142711
0.096058 0.670293
0.002025 0.231393
0.000008 0.000222
0.840506
0.159411
0.000083
0.008931 0.000000
0.508792 0.016709
0.167655 0.297912
0.000102
0.437564
0.562335
0.000144
0.829688
0.170168
0.271671 0.000042
0.194124 0.527373
0.000332 0.006458
0.671566 0.041617
0.008871 0.276435
0.000052 0.001459
0.369833 0.002771
0.059985 0.566089
0.000065 0.001257
0.188954 0.415205
0.001941 0.393867
0.000001 0.000032
0.562828
0.434515
0.002657
0.000025
0.846024
0.153950
0.999294
0.000705
0.000001
0.001193
0.926879
0.071929
0.005051
0.959824
0.035125
0.098370 0.000802
0.147240 0.741495
0.000819 0.011274
0.035044 0.000000
0.398794 0.009079
0.168640 0.388442
0.110188
0.886465
0.003347
0.000075 0.999815
0.000000 0.000110
0.000000 0.000000
0.151529
0.833907
0.014564
0.000349 0.000000 -0.000000
0.214531 0.000547 0.000000
0.391248 0.296293 0.097032
0.842351 0.028193
0.003805 0.122493
0.000077 0.003081
0.210419 0.000011
0.163104 0.619188
0.000265 0.007014
0.045705 0.076778 0.000031
0.001167 0.171644 0.704294
0.000001 0.000025 0.000355
0.002773 0.983639
0.000001 0.013587
0.000000 0.000000
0.707575
0.292375
0.000051
0.000587
0.317645
0.681769
0.980646
0.019349
0.000005
0.994829
0.005171
0.000001
0.985676
0.014316
0.000008
0.000088
0.915992
0.083920
0.515018
0.484353
0.000629
0.976701
0.023277
0.000022
0.000526
0.877827
0.121647
0.024299
0.744022
0.231679
0.108054 0.624006
0.000119 0.267815
0.000000 0.000006
0.245020
0.744647
0.010333
0.001264 0.996796
0.000000 0.001939
0.000000 0.000000
0.009650
0.989495
0.000854
0.353106 0.063461
0.028845 0.553881
0.000040 0.000666
0.090427
0.872934
0.036639
0.990079
0.009919
0.000001
0.013666
0.964897
0.021437
0.996132
0.003867
0.000001
0.000285
0.966167
0.033548
0.003463
0.971229
0.025308
0.245112 0.000084
0.067882 0.681758
0.000141 0.005024
0.644082
0.355441
0.000477
0.001185 0.000000 0.000000
0.494370 0.006807 0.000010
0.153488 0.216858 0.127283
0.002944 0.000000
0.649462 0.012370
0.129482 0.205742
0.031737
0.955998
0.012265
0.170740 0.000110
0.555519 0.238999
0.006319 0.028313
0.616987 0.000781
0.112703 0.236782
0.002801 0.029947
0.001171 0.000000
0.496480 0.006971
0.236009 0.259369
0.299219 0.002666
0.245104 0.442830
0.001327 0.008854
0.930930
0.069036
0.000034
0.353542 0.000087
0.122497 0.521378
0.000102 0.002394
0.404901
0.591490
0.003609
0.019561 0.000000
0.379300 0.005227
0.217662 0.378250
0.006855
0.949133
0.044012
0.011268
0.954352
0.034380
0.013050 0.000005 0.000000
0.366351 0.025720 0.000613
0.197550 0.237706 0.159005
0.985227
0.014689
0.000084
0.213975
0.775363
0.010662
0.056642 0.000000
0.786329 0.119318
0.006146 0.031565
0.008671
0.989696
0.001633
0.003268
0.855901
0.140831
0.075920 0.000020
0.397584 0.502450
0.002220 0.021806
0.993314
0.006685
0.000000
0.000159
0.023020
0.976821
0.023210 0.919985
0.000108 0.056693
0.000000 0.000004
0.861523
0.138456
0.000020
0.000006 0.000000 0.000000
0.058659 0.000019 0.000000
0.788803 0.137356 0.015156
0.242048 0.000584
0.389459 0.348856
0.002797 0.016256
0.088466 0.000059
0.424673 0.473787
0.001426 0.011588
0.060539 0.000008
0.093945 0.007304
0.307103 0.531100
0.005581
0.937184
0.057235
0.582087
0.417467
0.000446
0.724724 0.004777
0.009703 0.259696
0.000025 0.001075
0.000015 0.000000
0.190311 0.000071
0.537503 0.272100
0.001136 0.000000
0.730810 0.008145
0.114021 0.145889
0.241120 0.000027
0.404146 0.340227
0.001295 0.013186
0.246919 0.303065
0.002746 0.447207
0.000001 0.000062
0.061371
0.934716
0.003913
0.000775
0.975413
0.023812
0.193882 0.000115
0.505675 0.272882
0.004360 0.023086
0.133180 0.000606
0.113372 0.749497
0.000186 0.003158
0.050569
0.902582
0.046849
0.169067 0.000063
0.523381 0.266830
0.006826 0.033833
0.017257
0.950729
0.032014
0.001387
0.971076
0.027536
0.023511 0.000013
0.780590 0.137831
0.017312 0.040744
0.088515 0.001203
0.219164 0.673348
0.001665 0.016105
0.000627 0.000000
0.436650 0.003614
0.288825 0.270283
0.000000
0.005839
0.994161
0.001056
0.806022
0.192922
0.034343 0.000000
0.805112 0.043245
0.028744 0.088556
0.047225
0.949665
0.003109
0.140954 0.005858
0.033517 0.818871
0.000030 0.000771
0.026775
0.941287
0.031938
0.098030 0.000172
0.219312 0.671492
0.000808 0.010186
0.053593
0.938530
0.007877
0.341562 0.011649
0.125358 0.517476
0.000356 0.003599
0.987697
0.012262
0.000041
0.095533
0.891499
0.012968
0.068401
0.926807
0.004792
0.274934 0.002018
0.080105 0.633388
0.000512 0.009042
0.000093 0.000000
0.140494 0.000225
0.696528 0.162661
0.282115 0.000726
0.055719 0.658955
0.000077 0.002408
0.955944
0.042269
0.001787
0.040066 0.000000
0.729490 0.195644
0.003027 0.031773
0.025076
0.958018
0.016906
0.005405
0.961936
0.032658
0.000845
0.981167
0.017988
0.159149
0.837751
0.003101
0.000052
0.407926
0.592022
0.353591 0.008189
0.095540 0.539839
0.000236 0.002605
0.273695 0.000518
0.315848 0.397182
0.001499 0.011259
0.141620 0.001580
0.071078 0.782136
0.000171 0.003415
0.016850
0.979627
0.003524
0.057201 0.000001
0.719460 0.165364
0.008831 0.049143
0.952971
0.047023
0.000006
0.052478
0.940585
0.006937
0.279767 0.002320
0.168269 0.544251
0.000461 0.004933
0.040277 0.000067
0.253700 0.703047
0.000192 0.002717
0.993243
0.006756
0.000001
0.264707 0.021914 0.000007
0.045891 0.409220 0.251295
0.000098 0.001191 0.005678
0.006328 0.000000
0.787386 0.040791
0.027549 0.137946
0.204524 0.014158
0.095099 0.682499
0.000270 0.003449
0.049682 0.031344 0.000043
0.009414 0.312808 0.593159
0.000022 0.000422 0.003107
0.001156
0.911940
0.086904
0.054628 0.000008
0.500190 0.383227
0.006873 0.055073
0.000199
0.552119
0.447681
0.479193
0.520033
0.000774
0.002593
0.901928
0.095480
0.000000
0.006571
0.993429
0.041616
0.949468
0.008916
0.157276 0.000011
0.560318 0.244363
0.005102 0.032931
0.002465 0.000000
0.473945 0.004169
0.190454 0.328968
0.007616
0.976699
0.015686
0.000000
0.038254
0.961746
0.000008
0.339642
0.660350
0.005602 0.000000
0.792097 0.034991
0.032229 0.135081
0.106279 0.001526 0.000000
0.113810 0.600649 0.165005
0.000172 0.002265 0.010293
0.002748
0.989063
0.008189
0.999017
0.000983
0.000000
0.042884
0.949678
0.007438
0.286759 0.007203
0.006994 0.698831
0.000003 0.000209
0.001381
0.997722
0.000898
0.911153
0.088832
0.000014
0.022903 0.000000
0.771968 0.069076
0.035057 0.100995
0.389582
0.610207
0.000212
0.017028
0.929603
0.053369
0.602703
0.397273
0.000023
0.101454 0.000492
0.122324 0.766600
0.000525 0.008604
0.006799
0.958281
0.034920
0.284451 0.015152
0.041054 0.652739
0.000307 0.006298
0.019850
0.978140
0.002010
0.002742
0.890926
0.106332
0.000720 0.998177
0.000000 0.001103
0.000000 0.000000
0.022425
0.951012
0.026564
0.003487
0.995297
0.001216
0.032366 0.000000
0.784429 0.148061
0.005385 0.029758
0.000000 0.000000
0.007353 0.000000
0.910138 0.082508
0.182111
0.776590
0.041299
0.092094 0.000252
0.388744 0.497865
0.002839 0.018206
0.169571 0.001506
0.011468 0.817082
0.000005 0.000366
0.156221 0.000097
0.407551 0.403505
0.003768 0.028859
0.935490
0.064504
0.000006
0.143329
0.855833
0.000838
0.336513
0.662310
0.001176
0.000154
0.342157
0.657688
0.000665 0.999236
0.000000 0.000098
0.000000 0.000000
0.992352
0.007448
0.000200
0.351126 0.081540
0.009164 0.558011
0.000004 0.000155
0.388571
0.610377
0.001052
0.178232 0.000006
0.212007 0.603962
0.000232 0.005562
0.174663
0.821813
0.003524
0.010774 0.972104
0.000019 0.017103
0.000000 0.000000
0.920585
0.078134
0.001281
0.006514
0.975583
0.017903
0.996025
0.003975
0.000000
0.019793
0.935811
0.044396
0.000025 0.999926
0.000000 0.000049
0.000000 0.000000
0.057176 0.851067
0.000177 0.091577
0.000000 0.000003
0.005643
0.990075
0.004281
0.992119
0.007856
0.000025
0.021499
0.973759
0.004742
0.000726
0.944902
0.054373
0.978815
0.021173
0.000012
0.250208 0.010671
0.032531 0.705329
0.000049 0.001211
0.007374
0.962032
0.030594
0.000167 0.000000
0.213032 0.000124
0.325490 0.461186
0.773328 0.000354
0.046447 0.104784
0.005571 0.069516
0.084604
0.911206
0.004190
0.954966
0.044582
0.000452
0.801908
0.197978
0.000114
0.000026 0.999935
0.000000 0.000039
0.000000 0.000000
0.115217
0.861920
0.022863
0.166802 0.000013
0.575003 0.228962
0.004170 0.025050
0.001536 0.996083
0.000001 0.002380
0.000000 0.000000
0.007140 0.975545
0.000044 0.017267
0.000000 0.000004
0.071545
0.926720
0.001735
0.182281 0.000000
0.553378 0.245562
0.001446 0.017333
0.066511 0.000013
0.415946 0.472735
0.004213 0.040583
0.003308
0.932862
0.063830
0.140856 0.000092
0.094661 0.760474
0.000128 0.003789
0.018773
0.968026
0.013202
0.002976 0.000000
0.514140 0.003484
0.325589 0.153810
0.007912 0.979558
0.000011 0.012519
0.000000 0.000000
0.114885 0.000031
0.349837 0.504230
0.002698 0.028319
0.000178
0.197129
0.802693
0.000116
0.949251
0.050633
0.046803 0.000004 0.000000
0.460842 0.405827 0.009906
0.002052 0.018897 0.055669
0.042779 0.000000
0.521289 0.417638
0.001133 0.017160
0.009675 0.000000
0.606153 0.017404
0.096257 0.270511
0.796812
0.202235
0.000953
0.228560
0.764273
0.007167
0.064505 0.000148
0.413584 0.466211
0.007117 0.048436
0.073134
0.909441
0.017426
0.990694
0.009301
0.000005
0.015332 0.000000
0.789068 0.041511
0.033627 0.120462
0.005706 0.612949 0.125382
0.000017 0.008850 0.247088
0.000000 0.000000 0.000007
0.015691 0.292481 0.008768
0.000245 0.054647 0.628047
0.000000 0.000008 0.000111
0.983709
0.016291
0.000000
0.026925
0.952129
0.020946
0.170334 0.018101
0.048475 0.760715
0.000120 0.002256
0.000197
0.575399
0.424404
0.380210
0.618940
0.000850
0.009091
0.987987
0.002922
0.290988 0.000329
0.030477 0.675999
0.000046 0.002161
0.010195 0.000009
0.594377 0.057235
0.151035 0.187151
0.000011 0.000000
0.064173 0.000015
0.711443 0.224359
0.058344 0.000173 0.000000
0.403482 0.436335 0.043219
0.002888 0.016638 0.038921
0.100647 0.000059
0.359948 0.510308
0.002441 0.026596
0.038251 0.000001
0.663174 0.194283
0.015621 0.088671
0.794045
0.205492
0.000463
0.936515
0.062783
0.000702
0.044925
0.946462
0.008613
0.002900
0.921604
0.075496
0.273579 0.284413
0.005528 0.436383
0.000003 0.000094
0.126404 0.017322 0.000021
0.060524 0.458122 0.325632
0.000211 0.002225 0.009539
0.107672 0.010051
0.039220 0.840590
0.000105 0.002362
0.057732 0.000006
0.731642 0.102744
0.027534 0.080342
0.000000
0.000336
0.999664
0.757956 0.000990
0.049563 0.103110
0.007625 0.080756
0.754299
0.245541
0.000160
0.001763 0.000000
0.662536 0.002098
0.151761 0.181842
0.014119
0.701712
0.284169
0.260913 0.000363
0.347700 0.376420
0.001786 0.012818
0.000779 0.993236
0.000001 0.005984
0.000000 0.000000
0.940556
0.058748
0.000695
0.035871 0.000001
0.606810 0.090764
0.053856 0.212698
0.024574 0.000000
0.803788 0.030334
0.052022 0.089282
0.005785
0.969873
0.024343
0.328415 0.002920
0.172623 0.490390
0.000523 0.005130
0.042395 0.869232
0.000238 0.088131
0.000000 0.000004
0.000194 0.999743
0.000000 0.000063
0.000000 0.000000
0.274763 0.018436
0.054451 0.645035
0.000476 0.006838
0.189996 0.000785
0.221157 0.570520
0.001776 0.015766
0.000002
0.165585
0.834414
0.025970 0.375705 0.000813
0.000074 0.041480 0.555931
0.000000 0.000001 0.000026
0.014438 0.000000
0.582918 0.034000
0.114028 0.254616
0.106012
0.878310
0.015678
0.012849
0.939865
0.047286
0.000047 0.072970 0.917026
0.000000 0.000109 0.009847
0.000000 0.000000 0.000000
0.000713
0.677979
0.321308
0.000000
0.000677
0.999323
0.000146
0.929155
0.070699
0.026732 0.061209 0.000773 0.000000
0.003536 0.142525 0.469585 0.291731
0.000007 0.000106 0.000737 0.003061
0.019702
0.957562
0.022736
0.000000
0.137359
0.862641
0.009642
0.954743
0.035615
0.035994 0.043969 0.000217
0.007408 0.262662 0.647291
0.000016 0.000294 0.002150
0.010226
0.966598
0.023176
0.056969 0.014488 0.000187
0.111780 0.434239 0.332039
0.001913 0.012258 0.036127
0.013670
0.983163
0.003167
0.004551
0.977766
0.017683
0.018271 0.952571
0.000043 0.029114
0.000000 0.000001
0.000281 0.000000
0.104091 0.000492
0.683225 0.211912
0.000000
0.000472
0.999528
0.004451 0.000000
0.587083 0.011950
0.110810 0.285705
0.021405 0.000000
0.870732 0.025688
0.016774 0.065401
0.000000
0.007332
0.992668
0.425035
0.574144
0.000821
0.106614
0.888046
0.005340
0.220545
0.760340
0.019115
0.016153 0.000000
0.789140 0.076134
0.013915 0.104657
0.081117 0.000029
0.303127 0.587615
0.002189 0.025922
0.093419 0.000994
0.299076 0.598706
0.000900 0.006906
0.106624 0.003895 0.000024
0.336313 0.218497 0.051955
0.042693 0.102427 0.137572
0.043326 0.000001 0.000000
0.755025 0.054848 0.000339
0.023637 0.060481 0.062343
0.085285
0.908167
0.006548
0.011626
0.969568
0.018805
0.306049
0.692565
0.001386
0.225631 0.000025
0.440598 0.316067
0.001961 0.015718
0.985184
0.014762
0.000055
0.067795 0.000003
0.610201 0.264033
0.007330 0.050639
0.652324
0.347280
0.000395
0.188769
0.807840
0.003391
0.127743 0.002289
0.036305 0.832159
0.000041 0.001463
0.097783
0.896602
0.005615
0.000132
0.670952
0.328916
0.002777 0.000000
0.618459 0.013625
0.171039 0.194101
0.928714
0.071251
0.000035
0.000239
0.793979
0.205782
0.265291 0.694647
0.000288 0.039505
0.000006 0.000263
0.087745 0.002245 0.000000
0.083923 0.591807 0.219404
0.000213 0.002602 0.012061
0.372765
0.625232
0.002003
0.000067 0.000000
0.602470 0.000275
0.175484 0.221704
0.851412
0.147797
0.000791
0.238192 0.661244
0.000418 0.100085
0.000001 0.000060
0.000001
0.002616
0.997383
0.338387 0.041037
0.099639 0.517743
0.000301 0.002893
0.000373
0.472296
0.527331
0.812712
0.185227
0.002061
0.010733
0.945828
0.043439
0.017864 0.000025 0.000000
0.659242 0.152724 0.008170
0.027389 0.063799 0.070789
0.000267 0.999128
0.000000 0.000605
0.000000 0.000000
0.001059
0.597550
0.401391
0.001875 0.573510 0.260853
0.000003 0.003225 0.160530
0.000000 0.000000 0.000002
0.002025
0.915440
0.082535
0.991594
0.008389
0.000017
0.021363 0.000022
0.640991 0.154886
0.050493 0.132244
0.007201
0.967805
0.024994
0.990556
0.009412
0.000032
0.000009 0.000000
0.116551 0.000034
0.677327 0.206080
0.004467
0.957323
0.038210
0.024707
0.974810
0.000483
0.097055 0.425709
0.001646 0.475518
0.000001 0.000070
0.733865 0.003839
0.012382 0.248072
0.000047 0.001794
0.106049
0.887426
0.006525
0.600170
0.399357
0.000473
0.001356 0.000000 0.000000
0.571432 0.001404 0.000000
0.217698 0.157953 0.050157
0.093510 0.001696
0.374340 0.483380
0.007683 0.039391
0.030740
0.965744
0.003517
0.000000
0.015979
0.984021
0.201642 0.001145
0.095393 0.691891
0.000541 0.009387
0.017878 0.000000
0.854925 0.021103
0.028793 0.077301
0.033498
0.249725
0.716777
0.000026
0.915800
0.084174
0.344789 0.002787
0.130273 0.518416
0.000285 0.003449
0.507305
0.491999
0.000696
0.028044 0.000000
0.490263 0.006947
0.095759 0.378986
0.000489
0.084963
0.914548
0.790561
0.208551
0.000888
0.010101 0.000000
0.855153 0.091540
0.009490 0.033715
0.114678
0.871394
0.013928
0.007833
0.963397
0.028769
0.004790
0.747401
0.247809
0.030493 0.958036
0.000007 0.011463
0.000000 0.000001
0.004167 0.000000
0.728120 0.024980
0.060167 0.182566
0.003264 0.000000
0.896680 0.024546
0.021501 0.054010
0.507023
0.492825
0.000152
0.063560
0.935837
0.000603
0.204799 0.047545
0.011471 0.735303
0.000024 0.000859
0.121413 0.000138
0.117914 0.753994
0.000257 0.006284
0.000000 0.007364 0.992498
0.000000 0.000000 0.000137
0.000000 0.000000 0.000000
0.002600
0.916532
0.080868
0.802814 0.010130
0.026930 0.112740
0.004270 0.043115
0.135790 0.010313 0.000009 0.000000
0.092141 0.452313 0.230720 0.027457
0.000527 0.004209 0.014760 0.031760
0.646430
0.353211
0.000360
0.849831
0.150156
0.000013
0.000001
0.186689
0.813309
0.989833
0.010166
0.000002
0.000001 0.000000
0.043012 0.000002
0.806635 0.150350
0.999778
0.000221
0.000001
0.365795 0.008664
0.062256 0.561814
0.000083 0.001388
0.963903
0.036089
0.000009
0.659066
0.340569
0.000365
0.000001
0.080165
0.919834
0.040845
0.948970
0.010184
0.249426 0.141403
0.006130 0.602510
0.000013 0.000517
0.570695
0.428651
0.000654
0.139939
0.855397
0.004664
0.057900
0.941052
0.001047
0.000000
0.002793
0.997207
0.000722
0.880295
0.118983
0.000002 0.000000
0.067325 0.000002
0.667128 0.265543
0.003753
0.895385
0.100862
0.006215 0.000000
0.573941 0.010919
0.118168 0.290757
0.723459
0.276307
0.000234
0.023997
0.962520
0.013483
0.285697
0.711696
0.002607
0.000010
0.303056
0.696934
0.908007
0.091986
0.000007
0.031133 0.000000
0.718611 0.058018
0.022213 0.170024
0.646952
0.352779
0.000270
0.106609 0.015961
0.002574 0.874790
0.000001 0.000065
0.002311 0.992190
0.000002 0.005497
0.000000 0.000000
0.066904
0.931703
0.001393
0.000146
0.780968
0.218886
0.000028 0.000000
0.125242 0.000156
0.682092 0.192481
0.846329
0.153650
0.000021
0.023618 0.000002
0.794707 0.135945
0.010953 0.034775
0.950526
0.046869
0.002605
0.075334 0.000000
0.774831 0.097126
0.009447 0.043260
0.004070
0.822151
0.173779
0.279129
0.715604
0.005267
0.009685
0.976949
0.013366
0.392680
0.604419
0.002901
0.000096
0.703850
0.296055
0.992059
0.007941
0.000001
0.002387
0.924350
0.073263
0.010264
0.920948
0.068788
0.081301 0.000006
0.713788 0.121981
0.019207 0.063717
0.000776
0.984593
0.014631
0.000001 0.000000
0.045894 0.000004
0.805937 0.148164
0.122891 0.001043
0.032358 0.842996
0.000017 0.000695
0.992954
0.007045
0.000001
0.004640
0.986453
0.008906
0.326665 0.001172
0.181794 0.484687
0.000486 0.005197
0.001531
0.917946
0.080523
0.000514 0.998705
0.000000 0.000781
0.000000 0.000000
0.208310 0.000018
0.481459 0.289781
0.002407 0.018024
0.469397
0.527867
0.002735
0.006344 0.978443
0.000011 0.015202
0.000000 0.000000
0.090337
0.890316
0.019347
0.013967
0.876388
0.109645
0.000544 0.000000
0.510617 0.001665
0.241580 0.245595
0.003582 0.564784 0.009411
0.000004 0.008504 0.413703
0.000000 0.000000 0.000011
0.083299 0.052138
0.027673 0.835293
0.000070 0.001527
0.997539
0.002436
0.000025
0.002079
0.979406
0.018515
0.996242
0.003748
0.000011
0.000054
0.896413
0.103533
0.000058
0.871712
0.128231
0.450238 0.000005
0.293322 0.161580
0.007892 0.086962
0.000000
0.001531
0.998469
0.301053 0.001584
0.105131 0.589765
0.000127 0.002341
0.116519 0.000284
0.180134 0.696126
0.000471 0.006465
0.262607 0.093229
0.002055 0.641998
0.000001 0.000111
0.008894 0.000000
0.835627 0.030219
0.019745 0.105515
0.087987 0.005138
0.043376 0.862934
0.000024 0.000541
0.460636
0.538605
0.000758
0.120013 0.040792
0.016448 0.822546
0.000006 0.000194
0.157185
0.827159
0.015656
0.942929
0.057055
0.000016
0.020707
0.869501
0.109792
0.351957 0.000564
0.118136 0.526384
0.000180 0.002780
0.624989
0.374860
0.000151
0.001997
0.990310
0.007693
0.904766
0.095225
0.000009
0.003124
0.776502
0.220374
0.117009
0.875505
0.007486
0.309076 0.001674
0.075369 0.612120
0.000090 0.001670
0.012864 0.000000
0.871963 0.069865
0.008867 0.036441
0.043241 0.372090 0.023901
0.001047 0.077299 0.482099
0.000001 0.000032 0.000290
0.000371 0.000000
0.454911 0.001187
0.269210 0.274322
0.296657 0.000490
0.260794 0.433183
0.000794 0.008082
0.026355 0.000000
0.859680 0.035560
0.011026 0.067379
0.103705 0.016735
0.018692 0.859911
0.000030 0.000928
0.000029 0.999962
0.000000 0.000009
0.000000 0.000000
0.083971 0.000176
0.271839 0.617148
0.002341 0.024525
0.000001 0.000000
0.045037 0.000006
0.809204 0.145752
0.774038
0.225935
0.000028
0.900421
0.099565
0.000015
0.361600 0.002550
0.084714 0.549076
0.000121 0.001940
0.000052
0.325522
0.674426
0.035832
0.910958
0.053210
0.000410
0.705201
0.294389
0.131983 0.114140
0.020787 0.732077
0.000042 0.000971
0.051349
0.947522
0.001129
0.002998 0.000000
0.698525 0.010501
0.087491 0.200484
0.049592 0.000014
0.429221 0.502393
0.001817 0.016964
0.000473
0.772954
0.226574
0.000413
0.775133
0.224454
0.507593
0.484784
0.007623
0.076745 0.388631
0.001807 0.532797
0.000000 0.000019
0.828146 0.000099
0.027916 0.112773
0.001201 0.029865
0.101658
0.890662
0.007680
0.825635
0.174264
0.000101
0.000063
0.520740
0.479198
0.013855 0.000001
0.722335 0.064220
0.058595 0.140994
0.000000
0.000590
0.999410
0.300702 0.000659
0.249326 0.440505
0.000879 0.007929
0.029206 0.918052
0.000080 0.052661
0.000000 0.000002
0.007999 0.240871 0.092118
0.000508 0.053935 0.604476
0.000000 0.000009 0.000083
0.005185
0.986095
0.008720
0.109511 0.000217
0.050757 0.837094
0.000062 0.002360
0.155206 0.074462
0.007870 0.762307
0.000004 0.000151
0.025309
0.960711
0.013980
0.003381
0.953561
0.043058
0.931837
0.068106
0.000056
0.571953 0.020916 0.000011
0.065480 0.188662 0.063152
0.002994 0.021576 0.065255
0.265065 0.021746 0.000019
0.076562 0.406912 0.218384
0.000290 0.002390 0.008632
0.262653
0.729596
0.007750
0.015330 0.000001
0.719898 0.247995
0.002616 0.014159
0.154648 0.048907
0.057420 0.735145
0.000248 0.003632
0.999684
0.000316
0.000000
0.000000
0.026300
0.973700
0.007566
0.921332
0.071102
0.271920 0.000998
0.093426 0.622380
0.000613 0.010663
0.363278 0.009517
0.107448 0.514980
0.000382 0.004396
0.997303
0.002697
0.000000
0.000313
0.791701
0.207986
0.003897
0.989578
0.006525
0.000441
0.604440
0.395119
0.985284
0.014367
0.000349
0.063470
0.929909
0.006621
0.024874
0.963267
0.011859
0.024830
0.933254
0.041915
0.955632
0.044363
0.000005
0.011963
0.780057
0.207980
0.628632
0.370956
0.000413
0.000091
0.933048
0.066861
0.000214
0.957493
0.042293
0.000000
0.000246
0.999754
0.000000
0.014708
0.985292
0.132087
0.865268
0.002645
0.068201 0.002280
0.077303 0.849096
0.000166 0.002954
0.996561
0.003439
0.000000
0.968825
0.031164
0.000010
0.013067
0.983886
0.003047
0.001212
0.931489
0.067300
0.003504 0.000000
0.581429 0.004079
0.257621 0.153367
0.316701 0.002477
0.201929 0.471398
0.000849 0.006646
0.214320 0.127357
0.011178 0.646030
0.000035 0.001082
0.000827
0.911532
0.087641
0.042511
0.914532
0.042957
0.027336 0.000003
0.508724 0.456031
0.000796 0.007111
0.124099 0.008673
0.066943 0.795890
0.000244 0.004151
0.983675
0.016321
0.000004
0.136748 0.000629
0.130222 0.724514
0.000478 0.007409
0.703440 0.000256
0.048072 0.240751
0.000293 0.007189
0.001374 0.000000 0.000000 0.000000
0.410525 0.008590 0.000052 0.000000
0.232461 0.209066 0.101990 0.035941
0.009492 0.000000
0.778953 0.033760
0.043639 0.134155
0.235342 0.000004
0.424630 0.326671
0.000969 0.012385
0.190831 0.000085
0.333354 0.414039
0.006099 0.055592
0.006250 0.000000
0.754093 0.040377
0.044817 0.154463
0.999900
0.000100
0.000000
0.008263
0.966932
0.024805
0.000002
0.059226
0.940772
0.017529 0.000000
0.843130 0.097703
0.007988 0.033650
0.001877 0.000000
0.706696 0.001970
0.139765 0.149692
0.838462
0.161399
0.000139
0.000000
0.000465
0.999535
0.000535
0.796524
0.202941
0.247066
0.750440
0.002494
0.104949 0.000054
0.057045 0.835515
0.000058 0.002380
0.131498 0.001790
0.104572 0.754708
0.000444 0.006988
0.002844 0.000000
0.754442 0.003042
0.104700 0.134972
0.159963
0.837439
0.002598
0.034863 0.000001
0.633375 0.084754
0.054199 0.192809
0.033681
0.956360
0.009959
0.000002
0.012393
0.987605
0.077695 0.002130
0.007653 0.912418
0.000001 0.000102
0.999847
0.000153
0.000000
0.000097
0.651269
0.348634
0.208218 0.000228 0.000000
0.392781 0.300620 0.018553
0.004401 0.023801 0.051399
0.039344 0.722950
0.000371 0.237319
0.000000 0.000017
0.806286
0.193565
0.000148
0.001874 0.000000
0.654905 0.011149
0.104108 0.227964
0.201100 0.727925
0.000262 0.070672
0.000001 0.000040
0.024265
0.954451
0.021285
0.144375 0.001687
0.401223 0.316528
0.028788 0.107400
0.956342
0.043646
0.000012
0.033846 0.000008
0.738375 0.155749
0.016737 0.055286
0.000158
0.950617
0.049225
0.008470
0.960597
0.030932
0.035914 0.000047
0.586286 0.252246
0.025648 0.099859
0.000033
0.858581
0.141386
0.018653
0.968855
0.012492
0.064708 0.002575 0.000002
0.194762 0.486997 0.163468
0.004168 0.022987 0.060332
0.354762 0.000238
0.115693 0.526855
0.000109 0.002344
0.001161
0.980988
0.017851
0.046979 0.000009
0.594704 0.272813
0.014112 0.071382
0.019405 0.923281
0.000056 0.057255
0.000000 0.000004
0.074523 0.000019
0.564031 0.298752
0.008975 0.053700
0.679498
0.320400
0.000103
0.001239
0.939899
0.058862
0.451978
0.543771
0.004252
0.405938
0.443223
0.150839
0.108926
0.889065
0.002009
0.000237 0.000000
0.410734 0.000268
0.368934 0.219826
0.011571
0.983598
0.004831
0.025866
0.944573
0.029561
0.291338 0.000324
0.028705 0.677585
0.000041 0.002007
0.001355
0.146967
0.851677
0.000019
0.345796
0.654185
0.372482 0.005704
0.046128 0.574705
0.000045 0.000936
0.201673 0.470425
0.001049 0.326841
0.000000 0.000011
0.000000
0.000781
0.999219
0.000124
0.934651
0.065225
0.761401 0.003416
0.043719 0.104923
0.009133 0.077408
0.001619 0.994851
0.000001 0.003529
0.000000 0.000000
0.418748 0.000015
0.313468 0.124898
0.018536 0.124336
0.001133
0.784257
0.214609
0.262372 0.001486
0.121406 0.606485
0.000539 0.007711
0.370318 0.033173
0.006216 0.590217
0.000001 0.000075
0.760594
0.230065
0.009340
0.683168
0.316534
0.000299
0.937418
0.062496
0.000086
0.103254 0.001794
0.053755 0.838074
0.000131 0.002991
0.114581 0.000078
0.429356 0.368323
0.012321 0.075340
0.841004
0.158666
0.000330
0.067484
0.929205
0.003311
0.000173 0.000000
0.187933 0.001062
0.610741 0.200091
0.035359
0.956312
0.008329
0.087566 0.000081
0.425864 0.446275
0.004742 0.035472
0.151592
0.844559
0.003849
0.659607
0.340306
0.000088
0.315469 0.000013
0.227130 0.452038
0.000265 0.005086
0.885581
0.113588
0.000830
0.005644 0.000000 0.000000
0.609876 0.025191 0.000140
0.087285 0.153977 0.117886
0.000046
0.883413
0.116541
0.010614 0.987829
0.000006 0.001544
0.000000 0.000007
0.001528
0.969222
0.029249
0.997259
0.002706
0.000035
0.982131
0.017866
0.000003
0.000004
0.345486
0.654510
0.542478 0.000045
0.217879 0.175489
0.006526 0.057582
0.136434 0.000017
0.635476 0.187656
0.006912 0.033506
0.219683 0.009320
0.093444 0.674870
0.000159 0.002524
0.739040
0.260706
0.000254
0.160479
0.837411
0.002110
0.008615
0.202197
0.789188
0.007719 0.000007 0.000000 0.000000
0.470784 0.051501 0.001936 0.000038
0.115785 0.159735 0.122642 0.069851
0.102957 0.064125
0.003627 0.829166
0.000002 0.000124
0.379478 0.010587
0.005790 0.604078
0.000001 0.000066
0.020830 0.098333 0.006650
0.004378 0.166363 0.701276
0.000019 0.000284 0.001866
0.050538
0.944697
0.004764
0.000192
0.901334
0.098474
0.466251
0.533599
0.000150
0.327985
0.670859
0.001156
0.016792 0.415059 0.121720
0.000402 0.039723 0.405755
0.000003 0.000055 0.000491
0.001456 0.995001
0.000000 0.003542
0.000000 0.000000
0.175557
0.823502
0.000941
0.025393 0.000002
0.670845 0.171487
0.023505 0.108768
0.191503 0.008629
0.050031 0.747245
0.000122 0.002470
0.064373
0.923986
0.011641
0.000371 0.000000
0.504674 0.001974
0.213985 0.278995
0.025635
0.963735
0.010630
0.003040
0.941027
0.055933
0.001028 0.998559
0.000000 0.000413
0.000000 0.000000
0.009021
0.941720
0.049259
0.074645
0.920190
0.005165
0.000071 0.000000
0.172594 0.000357
0.666310 0.160668
0.006759
0.951951
0.041291
0.060607
0.917329
0.022064
0.117769 0.000114
0.539758 0.254208
0.016259 0.071893
0.004590 0.000000
0.789902 0.027237
0.028240 0.150032
0.107831 0.007656
0.003898 0.880514
0.000001 0.000101
0.028679 0.000001
0.664199 0.193362
0.017456 0.096303
0.257296 0.000031
0.365546 0.364182
0.001238 0.011706
0.711344 0.021812
0.021731 0.240336
0.000251 0.004526
0.162883 0.438364
0.006275 0.391749
0.000030 0.000699
0.342042 0.002951
0.135206 0.515526
0.000388 0.003887
0.044519 0.400112 0.022382
0.000897 0.069963 0.461904
0.000001 0.000023 0.000198
0.073297 0.000002
0.241627 0.671010
0.000564 0.013501
0.055026
0.938217
0.006758
0.144842 0.000051 0.000000
0.562861 0.199881 0.006538
0.007293 0.029614 0.048920
0.018053
0.617909
0.364038
0.230473
0.767260
0.002267
0.000517 0.999313
0.000000 0.000171
0.000000 0.000000
0.703280 0.006735
0.045311 0.232983
0.000798 0.010893
0.329022
0.670860
0.000118
0.334741 0.001015
0.161598 0.497910
0.000369 0.004367
0.228690 0.000340
0.218565 0.547268
0.000410 0.004727
0.384306
0.608368
0.007326
0.527961
0.471166
0.000873
0.075135 0.013494 0.000027
0.059632 0.465640 0.372943
0.000275 0.002542 0.010313
0.049284 0.546689
0.000135 0.403888
0.000000 0.000004
0.000000
0.023608
0.976392
0.012402 0.000002
0.766008 0.199711
0.004173 0.017705
0.002247 0.000000
0.802046 0.002375
0.068885 0.124446
0.110202 0.000093 0.000000
0.206942 0.569370 0.044767
0.001014 0.013121 0.054491
0.000386 0.000000
0.548941 0.001750
0.187005 0.261918
0.002332 0.000000
0.610230 0.014931
0.147426 0.225082
0.290880 0.001908
0.011374 0.695560
0.000004 0.000273
0.008854 0.942019
0.000032 0.049094
0.000000 0.000001
0.000139
0.278573
0.721288
0.978243
0.020882
0.000875
0.105135
0.871121
0.023744
0.020881
0.976174
0.002945
0.182673
0.813115
0.004212
0.079280 0.000007
0.327314 0.567081
0.001519 0.024799
0.965255
0.034743
0.000002
0.376791
0.622495
0.000714
0.001136
0.780955
0.217909
0.025211
0.914472
0.060317
0.031559 0.000001
0.655182 0.212478
0.013746 0.087035
0.971148
0.028846
0.000006
0.154617 0.000001
0.162743 0.018407
0.127265 0.536967
0.000001
0.025623
0.974377
0.017127
0.980203
0.002670
0.001065
0.901001
0.097934
0.041223 0.000150 0.000000
0.426460 0.105902 0.008086
0.084201 0.163622 0.170357
0.000002 -0.000000
0.003851 0.000000
0.785504 0.210643
0.000010
0.429022
0.570968
0.100146 0.022777
0.084449 0.787006
0.000412 0.005210
0.059186
0.932179
0.008634
0.999188
0.000812
0.000001
0.000226
0.957589
0.042185
0.000058 0.999933
0.000000 0.000008
0.000000 0.000000
0.306882 0.001110
0.230532 0.452849
0.000978 0.007648
0.002791
0.519264
0.477945
0.003065
0.910463
0.086472
0.122078 0.051895
0.008694 0.816949
0.000009 0.000374
0.028198 0.000371 0.000001
0.473405 0.211647 0.031218
0.041806 0.095744 0.117610
0.993303
0.006695
0.000002
0.301417 0.001526
0.242678 0.444818
0.001161 0.008401
0.132497 0.653542
0.002128 0.211795
0.000001 0.000036
0.142539
0.853754
0.003707
0.101158
0.888046
0.010796
0.000001
0.053886
0.946112
0.000011 0.000000
0.005572 0.000003
0.855998 0.138415
0.073186
0.921324
0.005489
0.324697 0.149794
0.009749 0.515583
0.000006 0.000171
0.001443
0.982246
0.016311
0.173463 0.003563
0.149851 0.661570
0.001065 0.010487
0.036973
0.469641
0.493385
0.364390 0.046130
0.012421 0.576838
0.000007 0.000214
0.243839 0.001563
0.173225 0.551934
0.002821 0.026618
0.054633 0.000014
0.496207 0.384996
0.007550 0.056600
0.147342 0.000849
0.501373 0.324042
0.005433 0.020962
0.000196 0.999735
0.000000 0.000069
0.000000 0.000000
0.208254 0.030719
0.014636 0.745241
0.000034 0.001115
0.023026 0.000001
0.734966 0.029515
0.084537 0.127955
0.000541
0.985114
0.014345
0.028868 0.924906
0.000093 0.046131
0.000000 0.000001
0.050446 0.000001
0.707817 0.135312
0.018840 0.087583
0.000129
0.940260
0.059611
0.088816 0.000194
0.202611 0.692329
0.001144 0.014906
0.000528
0.950043
0.049429
0.000138 0.000000
0.137248 0.000224
0.562699 0.299692
0.002938 0.000000
0.923618 0.014463
0.011367 0.047613
0.000057 0.000000
0.205421 0.000350
0.572646 0.221527
0.052456
0.941537
0.006007
0.087969
0.896848
0.015183
0.064202
0.929010
0.006788
0.021430 0.000000 0.000000
0.511685 0.040703 0.000117
0.040879 0.165041 0.220144
0.000000
0.000394
0.999606
0.011819 0.000000
0.773175 0.014258
0.087194 0.113555
0.021605
0.825676
0.152719
0.365227 0.000034
0.093560 0.539531
0.000052 0.001597
0.900559
0.099432
0.000009
0.004142
0.992557
0.003301
0.000115
0.707670
0.292215
0.000000
0.052698
0.947302
0.776571
0.223251
0.000178
0.068458 0.000000
0.807822 0.085586
0.004023 0.034110
0.999685
0.000315
0.000000
0.006725
0.987639
0.005636
0.487503
0.511601
0.000896
0.032362
0.963542
0.004096
0.000021 0.999948
0.000000 0.000030
0.000000 0.000000
0.041849
0.936741
0.021410
0.017339 0.000003
0.682921 0.283952
0.002480 0.013304
0.009110 0.000000
0.771366 0.048702
0.036547 0.134275
0.142570 0.000256 0.000000
0.292640 0.460296 0.041471
0.002074 0.015620 0.045072
0.995492
0.004503
0.000006
0.939651
0.060344
0.000005
0.863131
0.136824
0.000045
0.000000
0.000378
0.999622
0.646968
0.352638
0.000394
0.822454 0.005132
0.019943 0.146905
0.000304 0.005262
0.000196 0.999514
0.000000 0.000290
0.000000 0.000000
0.152469 0.000356
0.406089 0.330655
0.018280 0.092151
0.150438 0.003812
0.056788 0.787565
0.000064 0.001332
0.012935
0.964581
0.022484
0.000001
0.065133
0.934866
0.009379
0.700654
0.289966
0.188286 0.000892 0.000000
0.192119 0.421473 0.060018
0.004020 0.032307 0.100884
0.000004
0.225858
0.774138
0.003538 0.990941
0.000002 0.005519
0.000000 0.000000
0.178793 0.000328
0.025794 0.794323
0.000014 0.000748
0.000000
0.145206
0.854793
0.000001
0.314357
0.685643
0.002065 0.994207
0.000000 0.003728
0.000000 0.000000
0.013574 0.000000
0.864255 0.059646
0.014307 0.048217
0.277565 0.000160
0.301664 0.405338
0.001495 0.013777
0.000268 0.000000
0.510419 0.000577
0.272847 0.215889
0.028470
0.941252
0.030277
0.358216 0.061104
0.014231 0.566188
0.000009 0.000253
0.126031
0.858257
0.015712
0.373156 0.006777
0.042095 0.577090
0.000040 0.000842
0.325012
0.674277
0.000711
0.000000
0.028175
0.971825
0.000541
0.870638
0.128821
0.007927 0.977881
0.000014 0.014177
0.000000 0.000000
0.129907 0.034089 0.000001
0.004636 0.311652 0.514755
0.000011 0.000401 0.004548
0.146024 0.027824 0.000001
0.007982 0.353991 0.460239
0.000012 0.000366 0.003561
0.000001
0.102859
0.897140
0.174902
0.823676
0.001422
0.322911 0.000660
0.193738 0.476704
0.000499 0.005487
0.928435
0.066904
0.004661
0.278197 0.001087
0.301699 0.406330
0.001586 0.011101
0.029257 0.000030
0.611940 0.327091
0.005474 0.026208
0.364814 0.033580
0.031466 0.569478
0.000031 0.000633
0.968349
0.031441
0.000210
0.021083
0.965647
0.013270
0.057973 0.000005
0.480733 0.406369
0.005494 0.049426
0.000000 0.005606 0.994302
0.000000 0.000000 0.000092
0.000000 0.000000 0.000000
0.003931
0.989168
0.006901
0.058335
0.918483
0.023181
0.205427
0.792828
0.001745
0.004607 0.000000
0.645100 0.005383
0.198092 0.146818
0.899425
0.100523
0.000051
0.000000
0.026929
0.973070
0.040659 0.000000
0.755050 0.164444
0.004221 0.035626
0.182844
0.815040
0.002116
0.080710 0.007114 0.000000
0.011145 0.457777 0.438355
0.000014 0.000451 0.004433
0.208139
0.789906
0.001955
0.268929 0.000186
0.197305 0.496071
0.002754 0.034755
0.088823
0.910190
0.000987
0.006318 0.983757
0.000004 0.009921
0.000000 0.000000
0.065983
0.924102
0.009915
0.866096
0.133839
0.000065
0.010262
0.913848
0.075890
0.220240 0.027977 0.000001
0.007562 0.348308 0.394461
0.000004 0.000130 0.001316
0.027953 0.000024
0.693852 0.245243
0.007056 0.025872
0.027021 0.069592 0.001952
0.006735 0.212236 0.678431
0.000038 0.000549 0.003445
0.192548 0.000248
0.504338 0.272686
0.005378 0.024802
0.053148
0.934919
0.011933
0.628186 0.002520 0.000000
0.056478 0.205599 0.031517
0.001139 0.014300 0.060261
0.026109 0.000000
0.756190 0.152236
0.010224 0.055242
0.426153
0.570650
0.003197
0.000054
0.680456
0.319490
0.000120
0.046914
0.952966
0.000027 0.000000
0.096753 0.000028
0.769631 0.133561
0.155434 0.000002
0.155819 0.018671
0.135946 0.534127
0.000279
0.873103
0.126618
0.000190
0.995643
0.004167
0.022950 0.000000
0.850006 0.027628
0.026285 0.073131
0.000000
0.007764
0.992236
0.980320
0.019675
0.000005
0.015333
0.916195
0.068472
0.209674 0.019659
0.080744 0.685813
0.000323 0.003786
0.001274
0.712966
0.285760
0.122536 0.002732
0.196734 0.662831
0.001444 0.013724
0.075694 0.245518
0.007926 0.670778
0.000003 0.000081
0.159708
0.839443
0.000850
0.000000
0.089928
0.910072
0.005594
0.808987
0.185419
0.002647
0.455244
0.542109
0.006683
0.835090
0.158227
0.012904
0.967036
0.020059
0.016233
0.972203
0.011564
0.000003
0.033383
0.966614
0.146670
0.849343
0.003987
0.994499
0.005472
0.000029
0.000102 0.000000
0.372928 0.000525
0.356701 0.269743
0.007239 0.000000
0.712734 0.016480
0.101476 0.162070
0.049459
0.940806
0.009734
0.217989 0.000278
0.060118 0.720193
0.000041 0.001380
0.000001
0.118396
0.881603
0.000339 0.000000
0.741686 0.001516
0.133876 0.122583
0.093283 0.677846
0.002601 0.226026
0.000008 0.000237
0.088733
0.902683
0.008583
0.005337
0.877803
0.116861
0.017150
0.969702
0.013148
0.241502 0.001063 0.000000
0.319498 0.351485 0.040705
0.002681 0.013435 0.029630
0.347687 0.005925
0.115006 0.527809
0.000318 0.003256
0.081243
0.910692
0.008065
0.014691 0.961370
0.000030 0.023909
0.000000 0.000000
0.112733
0.863941
0.023326
0.126075
0.869066
0.004858
0.941743
0.058157
0.000100
0.110388 0.125523
0.033913 0.728118
0.000116 0.001942
0.037085 0.000013 0.000000
0.563392 0.179029 0.005757
0.020094 0.076013 0.118617
0.104281 0.013397
0.005072 0.877089
0.000002 0.000160
0.000312 0.000000
0.483535 0.001649
0.231182 0.283321
0.000001 -0.000000
0.108104 0.000001
0.687226 0.204668
0.004303
0.987117
0.008580
0.013710 0.000000
0.763896 0.042860
0.042291 0.137243
0.000843
0.870766
0.128391
0.001497 0.991195
0.000000 0.007307
0.000000 0.000000
0.000005
0.329432
0.670563
0.190565
0.799826
0.009608
0.059272 0.000266
0.608175 0.294908
0.008811 0.028569
0.000049 0.999804
0.000000 0.000146
0.000000 0.000000
0.246164 0.152473
0.006331 0.594481
0.000014 0.000538
0.044991 0.000001
0.650933 0.269370
0.004244 0.030461
0.002318
0.955718
0.041964
0.371866 0.003362
0.052385 0.571263
0.000053 0.001071
0.008451
0.969616
0.021933
0.000029
0.650261
0.349710
0.080660
0.741455
0.177886
0.000018
0.368493
0.631489
0.061819
0.933379
0.004802
0.076805 0.000016
0.462300 0.435866
0.002599 0.022414
0.000233
0.643597
0.356170
0.000038 0.171434 0.815575
0.000000 0.000061 0.012892
0.000000 0.000000 0.000000
0.000000
0.093745
0.906255
0.000743
0.978699
0.020557
0.000027
0.480774
0.519199
0.152773
0.843557
0.003670
0.207665 0.000032
0.342154 0.370723
0.007474 0.071952
0.139553 0.000004
0.233858 0.613213
0.000553 0.012818
0.936946
0.062967
0.000087
0.046949
0.942941
0.010110
0.349922 0.077057
0.022949 0.549600
0.000021 0.000451
0.045710
0.906432
0.047858
0.000822 0.999058
0.000000 0.000121
0.000000 0.000000
0.997956
0.002044
0.000000
0.981725
0.018274
0.000001
0.424256
0.574790
0.000955
0.086018 0.018659
0.034965 0.858341
0.000087 0.001929
0.003839
0.941771
0.054390
0.000019
0.673873
0.326108
0.002892 0.000000
0.803554 0.003128
0.068512 0.121914
0.000000 0.000000
0.030078 0.000000
0.765353 0.204568
0.024229
0.950984
0.024787
0.992941
0.006926
0.000133
0.018432
0.977227
0.004341
0.283052 0.022345
0.018461 0.674406
0.000056 0.001679
0.030109 0.000003
0.614762 0.330543
0.003100 0.021482
0.365478 0.009000
0.062700 0.561335
0.000085 0.001404
0.088420 0.000001
0.747815 0.115402
0.008364 0.039998
0.006592
0.989068
0.004339
0.026513
0.959410
0.014077
0.054602 0.000000
0.814955 0.068781
0.011915 0.049746
0.012308 0.982856
0.000013 0.004822
0.000000 0.000002
0.001271 0.998213
0.000000 0.000515
0.000000 0.000000
0.974635
0.025364
0.000001
0.000039
0.075618
0.924343
0.000040
0.039353
0.960607
0.000036 0.000000
0.026826 0.000010
0.635054 0.338074
0.976060
0.023940
0.000001
0.145692 0.000026
0.615873 0.200189
0.006753 0.031467
0.194536 0.106527
0.034648 0.663153
0.000062 0.001074
0.011432
0.958989
0.029579
0.991901
0.008097
0.000001
0.221180 0.000003
0.264231 0.510027
0.000200 0.004359
0.115510
0.866773
0.017717
0.846349
0.151531
0.002120
0.999049
0.000950
0.000001
0.008559
0.967923
0.023518
0.101123 0.000009
0.148099 0.742382
0.000281 0.008106
0.000466 0.264752 0.730880
0.000000 0.000066 0.003833
0.000000 0.000000 0.000002
0.000038
0.442256
0.557705
0.197881 0.000104
0.235411 0.534376
0.002417 0.029810
0.004751
0.695098
0.300151
0.984506
0.015113
0.000381
0.171692 0.006525 0.000005
0.151009 0.381338 0.125329
0.006952 0.042077 0.115074
0.666370 0.001110
0.058179 0.260954
0.000814 0.012573
0.000073
0.801887
0.198040
0.231141 0.197207
0.005790 0.565606
0.000006 0.000249
0.038039
0.959301
0.002660
0.002228
0.988639
0.009132
0.191081 0.006549
0.055917 0.743510
0.000143 0.002801
0.302656
0.695714
0.001630
0.027065 0.000000
0.683057 0.189690
0.014027 0.086161
0.028559 0.000000
0.818569 0.039647
0.026553 0.086672
0.086795 0.305023
0.010799 0.597243
0.000005 0.000135
0.045236 0.000014 0.000000
0.438433 0.318622 0.012017
0.007348 0.051839 0.126493
0.020126 0.000001
0.697522 0.133894
0.027899 0.120558
0.306559
0.551683
0.141758
0.363939 0.047020
0.013022 0.575785
0.000007 0.000226
0.060197 0.000089
0.228662 0.705380
0.000408 0.005264
0.330255
0.661552
0.008193
0.000453 0.000000
0.244864 0.000617
0.379705 0.374360
0.135069
0.858321
0.006611
0.085506 0.000257
0.229519 0.665066
0.001576 0.018076
0.964256
0.034327
0.001417
0.967298
0.032693
0.000009
0.230543
0.766813
0.002644
0.000494 0.142001 0.050318 0.000064
0.000002 0.002291 0.113272 0.691516
0.000000 0.000000 0.000003 0.000039
0.024283 0.000000
0.818304 0.117105
0.006647 0.033661
0.048707 0.000059
0.076425 0.874275
0.000016 0.000518
0.059998
0.923473
0.016529
0.138329 0.009675
0.035321 0.814649
0.000081 0.001945
0.988978
0.011020
0.000001
0.612754
0.384993
0.002253
0.294823 0.207536
0.035794 0.460824
0.000081 0.000942
0.000036
0.298763
0.701201
0.106634 0.033319
0.005972 0.853857
0.000003 0.000215
0.066350
0.801682
0.131968
0.002980 0.978446
0.000006 0.018567
0.000000 0.000000
0.006847
0.988678
0.004475
0.000000
0.006510
0.993490
0.100115 0.027610
0.091434 0.772803
0.000640 0.007398
0.021009
0.949854
0.029137
0.023557 0.000010 0.000000
0.551037 0.169774 0.005711
0.024624 0.089505 0.135781
0.001570
0.788678
0.209753
0.000606 0.998425
0.000000 0.000969
0.000000 0.000000
0.028394 0.000111
0.474742 0.487111
0.001409 0.008233
0.152057 0.079873 0.000068
0.007859 0.271386 0.486652
0.000012 0.000245 0.001848
0.094944
0.891289
0.013768
0.003171 0.000000
0.586413 0.009742
0.179449 0.221225
0.105174
0.887928
0.006899
0.000000
0.055761
0.944239
0.000071
0.702277
0.297652
0.987704
0.011752
0.000545
0.353250 0.073928
0.001858 0.570945
0.000000 0.000019
0.102041 0.000001
0.721921 0.135235
0.005734 0.035068
0.001871
0.907953
0.090176
0.346571 0.028830
0.091360 0.530524
0.000227 0.002487
0.012724 0.000001 0.000000
0.589782 0.083448 0.001015
0.038698 0.121224 0.153109
0.805127
0.194725
0.000147
0.000443
0.074725
0.924832
0.003293
0.802183
0.194525
0.972691
0.027209
0.000100
0.079625 0.015257 0.000032
0.057021 0.460108 0.381016
0.000143 0.001333 0.005465
0.091154 0.000075
0.218914 0.671507
0.001247 0.017103
0.000000
0.104193
0.895807
0.027864 0.000000
0.855137 0.037866
0.011389 0.067745
0.025318 0.000021
0.055997 0.918215
0.000011 0.000439
0.000000
0.152917
0.847083
0.007072
0.957244
0.035684
0.022650
0.969636
0.007714
0.736632 0.002915
0.009039 0.250186
0.000026 0.001202
0.022445 0.000068
0.174683 0.800369
0.000156 0.002280
0.047032 0.000000
0.745329 0.142703
0.010007 0.054929
0.009363
0.984648
0.005989
0.008373
0.979672
0.011955
0.026154
0.967469
0.006377
0.066512 0.826197
0.000709 0.106560
0.000001 0.000022
0.182553 0.000542
0.339784 0.400614
0.009910 0.066598
0.079475
0.915778
0.004747
0.000002
0.167121
0.832877
0.089056 0.000845
0.193162 0.700375
0.001355 0.015207
0.124740
0.871188
0.004072
0.003313 0.000000
0.502826 0.005686
0.168697 0.319478
0.116365 0.001091
0.246131 0.615623
0.002321 0.018468
0.002753
0.917872
0.079375
0.005580 0.000001
0.831593 0.117727
0.012505 0.032594
0.038492
0.954750
0.006758
0.000003 0.000000
0.083868 0.000003
0.792889 0.123238
0.256045
0.743240
0.000715
0.040262
0.958984
0.000754
0.032119
0.966642
0.001239
0.983533
0.016464
0.000003
0.003865
0.903624
0.092510
0.310331 0.014390
0.026458 0.648048
0.000029 0.000744
0.230431 0.003359
0.105659 0.647697
0.000841 0.012014
0.017841
0.962693
0.019466
0.000121
0.674997
0.324882
0.881751
0.118200
0.000049
0.764914
0.234656
0.000430
0.934976
0.064721
0.000302
0.000913
0.965487
0.033600
0.759348
0.240055
0.000597
0.777999
0.221830
0.000170
0.119616
0.864608
0.015775
0.019790 0.000000
0.832808 0.057969
0.018109 0.071324
0.004037
0.944756
0.051207
0.323528 0.000768
0.191561 0.478192
0.000501 0.005451
0.814821
0.185000
0.000179
0.369162 0.003360
0.060788 0.565333
0.000069 0.001289
0.033426
0.936486
0.030089
0.000152
0.754098
0.245751
0.006172
0.965250
0.028578
0.225604 0.000420
0.233857 0.501049
0.003459 0.035610
0.000000
0.012677
0.987323
0.002675
0.988812
0.008512
0.842456 0.020888
0.007076 0.121585
0.000332 0.007663
0.077966 0.016407 0.000010
0.026099 0.427812 0.441232
0.000100 0.001516 0.008857
0.799606
0.200205
0.000189
0.345436 0.001377
0.132142 0.517411
0.000258 0.003376
0.163696 0.000718
0.125908 0.703212
0.000390 0.006076
0.049559
0.847731
0.102710
0.035919 0.877025
0.000345 0.086691
0.000001 0.000020
0.333205 0.002825
0.160498 0.498415
0.000443 0.004613
0.000350
0.800485
0.199165
0.012504
0.821572
0.165924
0.006005
0.982574
0.011421
0.021244 0.000000
0.834662 0.095558
0.009410 0.039126
0.990022
0.009959
0.000019
0.999238
0.000762
0.000000
0.017264 0.000000
0.841957 0.020582
0.036278 0.083919
0.000679
0.651834
0.347487
0.123374 0.027535 0.000258
0.102432 0.416907 0.306294
0.000816 0.005517 0.016866
0.764113
0.235718
0.000169
0.012475 0.967557
0.000013 0.019954
0.000000 0.000000
0.053223 0.000001
0.631803 0.105456
0.036205 0.173312
0.009475 0.000003
0.606787 0.044066
0.153296 0.186373
0.017828 0.000000
0.721547 0.116466
0.024956 0.119204
0.183460 0.000000
0.514930 0.279760
0.001424 0.020426
0.814694
0.185093
0.000214
0.899438
0.100503
0.000059
0.319190 0.003080
0.195659 0.475189
0.000702 0.006180
0.000001
0.071503
0.928496
0.000016
0.411180
0.588804
0.061946
0.905541
0.032513
0.561052
0.438450
0.000499
0.391721 0.000002
0.350275 0.138116
0.010467 0.109420
0.009347
0.965480
0.025174
0.000201 0.999445
0.000000 0.000354
0.000000 0.000000
0.013259 0.956348
0.000021 0.030371
0.000000 0.000001
0.558831 0.000063
0.197658 0.172338
0.007190 0.063921
0.000240 0.000000
0.486974 0.000223
0.319924 0.192639
0.555112
0.443749
0.001138
0.091375 0.001144 0.000001
0.369004 0.383794 0.065793
0.006607 0.027743 0.054539
0.000002 0.023924 0.975229
0.000000 0.000003 0.000842
0.000000 0.000000 0.000000
0.001856
0.965570
0.032574
0.339077
0.660709
0.000213
0.108098 0.000162
0.067853 0.820419
0.000101 0.003367
0.002087 0.000000
0.358692 0.002811
0.467247 0.169163
0.916185
0.083742
0.000073
0.059353 0.000278
0.348091 0.553313
0.004553 0.034412
0.019157
0.975862
0.004981
0.949631
0.050355
0.000014
0.255284 0.003102
0.348948 0.373650
0.003256 0.015760
0.135078 0.002113 0.000001
0.257762 0.315992 0.061486
0.015309 0.068722 0.143537
0.999416
0.000584
0.000000
0.000021
0.471782
0.528198
0.037109 0.000002
0.790874 0.047811
0.043281 0.080923
0.160039
0.836012
0.003949
0.001774
0.803694
0.194531
0.000048
0.041997
0.957956
0.000000
0.009570
0.990430
0.000862
0.833504
0.165634
0.279310 0.010132
0.048356 0.661379
0.000040 0.000783
0.000000
0.015380
0.984620
0.223080 0.417070
0.001783 0.358038
0.000001 0.000028
0.991971
0.007891
0.000138
0.199218
0.784891
0.015890
0.000000 0.000010 0.021625 0.978349
0.000000 0.000000 0.000000 0.000016
-0.000000 0.000000 0.000000 0.000000
0.000055 0.000000
0.006469 0.000005
0.773824 0.219646
0.162066 0.000000
0.600513 0.216088
0.001721 0.019612
0.928938
0.070976
0.000086
0.999018
0.000975
0.000007
0.015723 0.000000
0.728119 0.108023
0.028217 0.119918
0.384285
0.613917
0.001798
0.113833 0.700355
0.000220 0.185590
0.000000 0.000002
0.880683
0.119273
0.000044
0.082824
0.915826
0.001350
0.245961 0.357194
0.002420 0.394386
0.000001 0.000039
0.122058 0.000001
0.366604 0.491347
0.001020 0.018970
0.031524
0.916812
0.051664
0.038933 0.000001
0.689324 0.182738
0.012896 0.076108
0.000000
0.018365
0.981635
0.217817 0.016873
0.003344 0.761915
0.000001 0.000051
0.285144 0.000263
0.047333 0.665344
0.000049 0.001868
0.027693 0.013015 0.000011
0.011134 0.352644 0.591839
0.000023 0.000437 0.003205
0.055833 0.000003
0.604832 0.275372
0.008011 0.055950
0.043194 0.011931 0.000009
0.021239 0.417513 0.501594
0.000039 0.000622 0.003859
0.012858 0.000000
0.770467 0.135864
0.012849 0.067962
0.102546 0.146315 0.000299
0.002995 0.183757 0.563174
0.000004 0.000090 0.000819
0.004543
0.951040
0.044417
0.000000 0.000000
0.018056 0.000000
0.817262 0.164682
0.000102
0.088440
0.911458
0.327463
0.672269
0.000268
0.000334 0.000000
0.506307 0.000319
0.304684 0.188356
0.131757
0.862084
0.006159
0.089152 0.597687
0.006333 0.306610
0.000011 0.000206
0.093720 0.000000
0.755641 0.119317
0.002893 0.028429
0.000009 0.000000
0.011813 0.000002
0.859200 0.128976
0.085516 0.126278 0.000668
0.005007 0.207270 0.572720
0.000015 0.000290 0.002237
0.023641
0.968627
0.007732
0.004353 0.000000
0.686938 0.019151
0.104009 0.185549
0.201224 0.000004
0.326237 0.428660
0.002474 0.041401
0.009814
0.965986
0.024200
0.044270 0.884786
0.000119 0.070823
0.000000 0.000002
0.092596 0.000001
0.286546 0.609915
0.000466 0.010475
0.005927
0.988816
0.005258
0.017547 0.000000
0.813834 0.084139
0.018193 0.066287
0.099322
0.182565
0.718113
0.110132 0.000046
0.301563 0.567066
0.001698 0.019496
0.003143
0.826515
0.170343
0.000395 0.000000
0.446183 0.000736
0.199332 0.353356
0.277549 0.000290
0.252754 0.457615
0.001064 0.010727
0.999232
0.000767
0.000001
0.079662 0.000475 0.000000
0.334011 0.418512 0.057469
0.004933 0.030637 0.074303
0.069518
0.925373
0.005109
0.003085
0.985455
0.011459
0.002787 0.996798
0.000000 0.000415
0.000000 0.000000
0.003300
0.778625
0.218076
0.011755 0.000001
0.818024 0.053494
0.045212 0.071513
0.016008 0.000001
0.700856 0.104897
0.040875 0.137363
0.280572 0.000203
0.303023 0.405254
0.001103 0.009844
0.643917
0.356057
0.000027
0.004353
0.990030
0.005616
0.015387
0.904031
0.080582
0.028928 0.000001
0.668876 0.194033
0.015515 0.092647
0.827246
0.172443
0.000311
0.003075
0.981513
0.015411
0.489696
0.509723
0.000581
0.205274
0.792281
0.002445
0.000120 0.000000
0.231986 0.000217
0.433728 0.333949
0.028589
0.960518
0.010893
0.003977 0.000000
0.419783 0.011056
0.273705 0.291480
0.002585
0.985514
0.011902
0.459752 0.001296
0.104010 0.060700
0.075427 0.298815
0.777605
0.221945
0.000450
0.058756
0.935615
0.005629
0.001507 0.000000
0.404689 0.002518
0.249943 0.341344
0.234050 0.000026
0.420936 0.328689
0.001734 0.014565
0.365608 0.000403
0.083739 0.548625
0.000063 0.001563
0.011631 0.960305
0.000025 0.028037
0.000000 0.000002
0.011474 0.000000
0.747102 0.094213
0.027098 0.120113
0.000202
0.933437
0.066361
0.000185
0.329790
0.670025
0.561279
0.438378
0.000343
0.062390 0.007293 0.000001
0.031194 0.485949 0.397278
0.000146 0.002279 0.013469
0.021969
0.955972
0.022059
0.023013 0.000000
0.838869 0.028007
0.031962 0.078149
0.000002 0.999995
0.000000 0.000003
0.000000 0.000000
0.340228 0.000869
0.149236 0.505786
0.000241 0.003639
0.024337 0.000000
0.629790 0.059042
0.060440 0.226390
0.089107 0.001367
0.058761 0.849251
0.000065 0.001450
0.043043 0.000000
0.797824 0.081772
0.008354 0.069007
0.000291
0.937705
0.062004
0.132015
0.855563
0.012421
0.521622
0.460049
0.018329
0.709181
0.289727
0.001093
0.000311
0.809578
0.190111
0.001984 0.994897
0.000003 0.003116
0.000000 0.000000
0.043161
0.929192
0.027647
0.138429 0.000000
0.573322 0.039062
0.030757 0.218430
0.888816
0.111130
0.000054
0.000482 0.000000
0.555701 0.000469
0.260698 0.182650
0.075167
0.923327
0.001507
0.000009 0.000000
0.153526 0.000040
0.590154 0.256271
0.000519 0.000000
0.576103 0.001976
0.173290 0.248113
0.087941 0.000012
0.334149 0.025250
0.208299 0.344349
0.365860
0.633420
0.000721
0.999112
0.000888
0.000000
0.516295
0.482912
0.000792
0.053247 0.000000
0.598523 0.300048
0.003195 0.044987
0.002515 0.000000
0.285134 0.000605
0.293347 0.418399
0.132128 0.003779
0.107655 0.752628
0.000293 0.003518
0.167059 0.206264
0.029072 0.594566
0.000178 0.002862
0.953295
0.046187
0.000518
0.406872
0.561790
0.031338
0.090938 0.040885 0.000003
0.002858 0.267844 0.594471
0.000005 0.000220 0.002776
0.416552
0.583111
0.000336
0.001246
0.961991
0.036764
0.064658 0.009375 0.000012
0.063442 0.491651 0.362726
0.000166 0.001564 0.006407
0.000626
0.941677
0.057697
0.413165
0.582311
0.004524
0.316192 0.000243
0.214432 0.462641
0.000519 0.005974
0.000008 0.000000
0.114202 0.000032
0.681006 0.204753
0.008692 0.000006
0.594871 0.061384
0.142330 0.192718
0.004906
0.736090
0.259004
0.997731
0.002266
0.000004
0.000040
0.133179
0.866781
0.037062 0.000000
0.839567 0.045772
0.017481 0.060119
0.148662 0.000126
0.055062 0.794093
0.000052 0.002005
0.768752
0.231093
0.000155
0.005221 0.000000
0.675692 0.015869
0.109276 0.193942
0.429256
0.569978
0.000766
0.155453 0.271457
0.001234 0.571798
0.000001 0.000057
0.999881
0.000119
0.000000
0.016974 0.000000
0.791530 0.100871
0.015433 0.075192
0.080137
0.917392
0.002471
0.000052
0.142832
0.857116
0.266970 0.296359
0.014791 0.421566
0.000015 0.000299
0.008616 0.000000
0.760877 0.056534
0.035112 0.138860
0.002377 0.997281
0.000000 0.000342
0.000000 0.000000
0.008309
0.984638
0.007052
0.379872 0.001332
0.034442 0.583813
0.000014 0.000526
0.025918 0.000000
0.748220 0.121262
0.016714 0.087887
0.260120
0.737971
0.001909
0.000001 0.000000
0.010513 0.000001
0.909805 0.079681
0.056272
0.937888
0.005841
0.080435
0.863042
0.056523
0.257842 0.565300 0.012453
0.001253 0.037685 0.112023
0.000130 0.001849 0.011465
0.164546
0.831862
0.003592
0.037542 0.000033
0.584613 0.263131
0.021392 0.093290
0.103653 0.006892
0.085350 0.797534
0.000411 0.006159
0.000894
0.356688
0.642418
0.050686
0.948909
0.000405
0.988528
0.011471
0.000001
0.250013 0.013395 0.000030
0.202339 0.373887 0.130810
0.001645 0.008368 0.019513
0.994642
0.005356
0.000002
0.020207
0.898466
0.081326
0.106461 0.000029
0.092780 0.795942
0.000138 0.004650
0.270752 0.000234
0.195751 0.524428
0.000644 0.008190
0.804913
0.194928
0.000160
0.903549
0.096413
0.000038
0.672877
0.326347
0.000775
0.004412 0.000000
0.837691 0.135804
0.002533 0.019560
0.100725 0.000194
0.404797 0.444784
0.006916 0.042584
0.161840 0.000684
0.131413 0.700745
0.000326 0.004991
0.002474
0.785274
0.212252
0.003709
0.952296
0.043995
0.000146
0.928070
0.071784
0.259386
0.740276
0.000338
0.002200
0.903334
0.094465
0.842363
0.157093
0.000543
0.318517
0.676213
0.005270
0.000270
0.701804
0.297926
0.016473
0.981349
0.002178
0.000002 0.000000
0.002728 0.000000
0.826478 0.170791
0.000004
0.240613
0.759382
0.019960
0.699366
0.280674
0.975969
0.024026
0.000004
0.000031 0.000000
0.017787 0.000002
0.570842 0.411338
0.000606
0.848437
0.150957
0.086460 0.006076 0.000007 0.000000
0.122178 0.491680 0.230842 0.027874
0.000443 0.003214 0.010381 0.020845
0.352978 0.001039
0.112982 0.530119
0.000181 0.002700
0.161897 0.000012
0.585809 0.221854
0.004439 0.025988
0.243215 0.005829
0.050260 0.695682
0.000230 0.004783
0.034476
0.956079
0.009445
0.035401 0.000215 0.000000
0.454799 0.252508 0.028117
0.025396 0.080339 0.123226
0.944184
0.055801
0.000015
0.037526 0.000000
0.372448 0.012101
0.201442 0.376483
0.010792
0.974392
0.014816
0.005683 0.985388
0.000004 0.008925
0.000000 0.000000
0.023244
0.965733
0.011023
0.065410 0.829599
0.000186 0.104803
0.000000 0.000003
0.000643
0.596763
0.402594
0.125384
0.871363
0.003253
0.077836 0.910508
0.000029 0.011601
0.000000 0.000025
0.000938
0.893586
0.105475
0.996504
0.003496
0.000000
0.000000 0.009076 0.990805
0.000000 0.000000 0.000119
0.000000 0.000000 0.000000
0.008819 0.989876
0.000002 0.001302
0.000000 0.000002
0.118125 0.000238 0.000000
0.345849 0.255160 0.019728
0.018502 0.082106 0.160291
0.176454 0.000001
0.162050 0.021195
0.120150 0.520149
0.626614
0.371415
0.001971
0.124412 0.042946
0.012630 0.819390
0.000018 0.000604
0.142573 0.000032
0.452153 0.302510
0.012792 0.089941
0.366121
0.631916
0.001963
0.000218 0.999435
0.000000 0.000348
0.000000 0.000000
0.970435
0.028409
0.001155
0.000054 0.000000
0.415372 0.000255
0.267231 0.317089
0.042182
0.936186
0.021632
0.000016 0.000000
0.128252 0.000080
0.652176 0.219476
0.877782
0.121818
0.000400
0.119359 0.008961
0.048889 0.821231
0.000073 0.001486
0.007786
0.967276
0.024938
0.064221
0.915430
0.020348
0.002079 0.562576 0.199949
0.000005 0.004853 0.230531
0.000000 0.000000 0.000007
0.025320
0.899599
0.075082
0.080143 0.000204
0.143682 0.766074
0.000578 0.009319
0.000251
0.991472
0.008277
0.007350 0.212479 0.009945
0.000179 0.049915 0.720092
0.000000 0.000003 0.000038
0.082326 0.000002
0.752663 0.108198
0.011458 0.045353
0.059138 0.833725
0.000179 0.106954
0.000000 0.000004
0.363573
0.635152
0.001276
0.000800 0.000000
0.445859 0.001100
0.336717 0.215524
0.003463
0.804315
0.192223
0.081990 0.000056
0.293042 0.597065
0.002262 0.025584
0.004986
0.984205
0.010808
0.001812
0.977651
0.020537
0.008886
0.974780
0.016334
0.017731 0.000008
0.748462 0.076686
0.060073 0.097040
0.025676
0.972502
0.001822
0.003857
0.955008
0.041134
0.000002 0.000000
0.002526 0.000000
0.831933 0.165539
0.002516 0.000000
0.401326 0.004194
0.207764 0.384199
0.009561 0.986372
0.000001 0.004066
0.000000 0.000000
0.257742 0.001985
0.222661 0.504317
0.001525 0.011770
0.375485
0.623120
0.001395
0.038648
0.958438
0.002914
0.050276 0.717354
0.001303 0.231032
0.000001 0.000035
0.268800 0.018357 0.000003
0.038515 0.416820 0.251497
0.000069 0.000952 0.004987
0.083959 0.000264
0.266685 0.640265
0.000784 0.008043
0.132267 0.006572
0.030644 0.829686
0.000030 0.000802
0.058775 0.000001
0.720455 0.145529
0.011846 0.063395
0.202428 0.000603
0.211892 0.554059
0.002619 0.028399
0.000005 0.000000
0.141566 0.000021
0.703996 0.154411
0.009702 0.000000
0.796563 0.100798
0.016126 0.076811
0.237344 0.000933 0.000000
0.331864 0.344594 0.037641
0.002870 0.014132 0.030621
0.000425
0.824640
0.174935
0.000689
0.821809
0.177502
0.018912 0.000000
0.855171 0.022917
0.026176 0.076824
0.144597 0.006735 0.000001
0.062943 0.502344 0.241148
0.000596 0.007291 0.034346
0.008225
0.716613
0.275162
0.027566 0.205597 0.003160
0.000777 0.096474 0.666112
0.000001 0.000026 0.000287
0.017850
0.968113
0.014037
0.068743 0.000019
0.496767 0.420952
0.001531 0.011989
0.000739
0.158882
0.840379
0.017665
0.980478
0.001857
0.677343
0.322489
0.000168
0.004537 0.987345
0.000010 0.008107
0.000000 0.000000
0.189063
0.808686
0.002252
0.039126 0.000001
0.608828 0.266968
0.010565 0.074512
0.001970
0.690852
0.307178
0.008159
0.971775
0.020066
0.007297
0.956159
0.036544
0.011447 0.960055
0.000008 0.028490
0.000000 0.000000
0.030181
0.950354
0.019465
0.923633
0.076342
0.000025
0.000201
0.173177
0.826622
0.040291 0.000000
0.666782 0.222425
0.006072 0.064430
0.032130
0.966567
0.001304
0.012489 0.000000
0.210532 0.003962
0.414913 0.358103
0.416274
0.583633
0.000093
0.006183 0.000000
0.864466 0.011061
0.037808 0.080482
0.142955 0.012733
0.063017 0.777722
0.000200 0.003374
0.086954 0.000037
0.090664 0.821365
0.000029 0.000951
0.006053
0.963920
0.030027
0.152013 0.000001
0.619519 0.203674
0.002349 0.022443
0.110328 0.006992
0.165360 0.702964
0.001386 0.012971
0.000091 0.000000
0.245256 0.000196
0.421306 0.333151
0.036826
0.941530
0.021644
0.003122 0.000000
0.543703 0.008188
0.154576 0.290411
0.000032 0.000000
0.141069 0.000046
0.636176 0.222677
0.061736
0.930981
0.007283
0.005941 0.970630
0.000010 0.023418
0.000000 0.000000
0.854664 0.003895
0.010157 0.121303
0.000330 0.009650
0.770896
0.228536
0.000569
0.000190
0.670773
0.329037
0.134778 0.000007
0.481357 0.281680
0.011506 0.090672
0.002645
0.919455
0.077900
0.783440
0.216245
0.000316
0.000012
0.042064
0.957924
0.157691 0.000013 0.000000
0.544839 0.216595 0.004265
0.004015 0.023853 0.048729
0.038556 0.000100 0.000000
0.524860 0.285549 0.022565
0.012171 0.043792 0.072407
0.000000 0.000000 0.000000
0.001587 0.000000 0.000000
0.946039 0.050440 0.001934
0.047546
0.890064
0.062390
0.000000
0.014323
0.985677
0.033473
0.957492
0.009035
0.000244 0.000000
0.787694 0.001428
0.102999 0.107635
0.000360
0.761258
0.238382
0.655023
0.344232
0.000745
0.465763
0.533320
0.000917
0.000005
0.231525
0.768471
0.306993 0.003383
0.068676 0.618462
0.000130 0.002356
0.000075 0.000000
0.350074 0.000307
0.365834 0.283709
0.071931 0.061938
0.029259 0.836136
0.000034 0.000701
0.279387 0.002063
0.295397 0.410041
0.001770 0.011342
0.036460
0.962520
0.001020
0.650662
0.349078
0.000260
0.007233 0.981348
0.000007 0.011411
0.000000 0.000000
0.113568
0.884699
0.001733
0.004063
0.971847
0.024089
0.000153
0.418799
0.581047
0.000001
0.274021
0.725979
0.001227
0.979101
0.019672
0.027315
0.969469
0.003216
0.025471
0.965658
0.008871
0.317070 0.001195
0.026786 0.654363
0.000013 0.000573
0.256121
0.739501
0.004378
0.023041
0.959909
0.017049
0.002682 0.000000
0.839537 0.011127
0.055855 0.090800
0.865357
0.134375
0.000268
0.074478 0.025473 0.000815
0.121034 0.403407 0.333339
0.002127 0.010961 0.028365
0.348931
0.649602
0.001468
0.000004
0.527928
0.472068
0.047664
0.944707
0.007629
0.187904 0.002001
0.148225 0.641493
0.001780 0.018597
0.348083
0.648144
0.003773
0.702631
0.297003
0.000365
0.751874
0.247925
0.000201
0.159238
0.840254
0.000508
0.000128
0.170421
0.829451
0.987418
0.012582
0.000000
0.065315 0.000014
0.500572 0.414830
0.002139 0.017131
0.000766
0.978829
0.020404
0.042710 0.888864
0.000111 0.068314
0.000000 0.000002
0.001585
0.967243
0.031172
0.007447 0.000000
0.716949 0.033225
0.079676 0.162703
0.029393
0.961409
0.009198
0.994963
0.005037
0.000000
0.334429 0.017500
0.063748 0.582101
0.000137 0.002085
0.000002 0.000000
0.018180 0.000004
0.875529 0.106285
0.247441
0.740826
0.011733
0.001090
0.888419
0.110491
0.000357 0.997591
0.000000 0.002052
0.000000 0.000000
0.093164 0.000022
0.455280 0.403078
0.005283 0.043173
0.194257 0.005961
0.036579 0.761471
0.000067 0.001665
0.723334
0.276130
0.000537
0.161357 0.089479
0.014538 0.734032
0.000020 0.000574
0.196673
0.800374
0.002953
0.936527
0.063469
0.000003
0.000024
0.022770
0.977206
0.029483
0.940411
0.030107
0.006108 0.000000
0.875418 0.092212
0.004868 0.021394
0.090648
0.904892
0.004460
0.092444
0.900683
0.006873
0.003256
0.950539
0.046205
0.013642
0.961561
0.024796
0.800135
0.199713
0.000152
0.067302 0.000027
0.405718 0.481443
0.004556 0.040954
0.055085
0.940194
0.004722
0.038621 0.000000
0.616748 0.320943
0.001586 0.022103
0.033051 0.407691 0.006328
0.000261 0.052228 0.500362
0.000000 0.000006 0.000073
0.221642
0.773025
0.005334
0.006401 0.983540
0.000004 0.010054
0.000000 0.000000
0.851562
0.148354
0.000084
0.005309
0.850201
0.144490
0.002179
0.916393
0.081428
0.427796
0.571810
0.000394
0.009976
0.988087
0.001937
0.002429 0.989208
0.000003 0.008360
0.000000 0.000000
0.256851
0.741721
0.001428
0.939463
0.060520
0.000017
0.000023
0.393282
0.606696
0.011148
0.963403
0.025449
0.312919
0.685131
0.001949
0.997114
0.002881
0.000005
0.000055 0.000000 0.000000
0.118168 0.000054 0.000000
0.757051 0.112585 0.012087
0.038391 0.955910
0.000029 0.005636
0.000001 0.000034
0.002516 0.000000
0.843214 0.002614
0.044229 0.107428
0.999219
0.000774
0.000007
0.001393
0.942970
0.055637
0.000662
0.809724
0.189614
0.983547
0.016452
0.000000
0.314939 0.001147
0.210108 0.466281
0.000807 0.006719
0.231146
0.764122
0.004732
0.021572 0.000004 0.000000
0.566123 0.153903 0.003835
0.024379 0.091262 0.138921
0.184943
0.813076
0.001981
0.994321
0.005678
0.000001
0.838437
0.161487
0.000076
0.857177
0.142740
0.000083
0.081858 0.108513 0.000135
0.002842 0.199630 0.605522
0.000004 0.000129 0.001367
0.000231 0.000000
0.008125 0.000024
0.781469 0.210151
0.087981 0.000003
0.262969 0.631209
0.000789 0.017050
0.001638
0.883856
0.114505
0.935003
0.064992
0.000005
0.063285
0.921575
0.015140
0.017285
0.956974
0.025741
0.004524
0.969344
0.026131
0.289099 0.000203
0.134299 0.571955
0.000205 0.004238
0.191470
0.754880
0.053650
0.100351
0.895973
0.003676
0.001633
0.871675
0.126692
0.004224 0.000000
0.883286 0.035986
0.011787 0.064717
0.228713 0.001816
0.214158 0.514618
0.004551 0.036145
0.367416
0.631551
0.001033
0.000000
0.004627
0.995373
0.153046 0.000890
0.131158 0.705829
0.000574 0.008504
0.353531 0.070040
0.019566 0.556478
0.000015 0.000370
