1.000000
1.000000
0.775519 0.224481
1.000000
1.000000
0.412671 0.587329
0.218273 0.781727
1.000000
0.000673 0.999327
0.716245 0.283755
1.000000
1.000000
1.000000
1.000000
0.681457 0.258229 0.060314
1.000000
1.000000
0.372063 0.627937
0.132293 0.318113 0.364403 0.185191
1.000000
1.000000
0.762835 0.237165
1.000000
1.000000
0.291898 0.708102
1.000000
1.000000
1.000000
1.000000
0.839916 0.160084
1.000000
1.000000
0.513520 0.486480
0.842750 0.157250
1.000000
1.000000
0.753034 0.246966
0.229742 0.770258
1.000000
0.676622 0.323378
1.000000
1.000000
0.028920 0.971080
1.000000
1.000000
0.966266 0.033734
1.000000
1.000000
0.849489 0.150511
1.000000
1.000000
1.000000
1.000000
0.702165 0.297835
1.000000
1.000000
1.000000
1.000000
0.378470 0.474927 0.146603
1.000000
0.885090 0.114910
1.000000
1.000000
0.639117 0.360883
1.000000
1.000000
0.789206 0.210794
1.000000
0.692860 0.307140
0.000015 0.999985
0.296135 0.703865
0.000337 0.999663
1.000000
0.004530 0.517937 0.477533
1.000000
1.000000
0.735525 0.264475
1.000000
0.818101 0.181899
1.000000
1.000000
1.000000
0.720723 0.279277
0.313637 0.686363
0.727445 0.272555
0.442993 0.557007
1.000000
1.000000
1.000000
1.000000
1.000000
1.000000
0.156708 0.459311 0.383981
0.215754 0.582478 0.201768
0.607870 0.392130
1.000000
1.000000
1.000000
1.000000
1.000000
0.036465 0.270289 0.693247
1.000000
0.479572 0.520428
0.346363 0.653637
0.928408 0.071592
0.382658 0.512202 0.105140
0.875770 0.124230
1.000000
1.000000
0.346325 0.653675
1.000000
1.000000
1.000000
1.000000
1.000000
0.661135 0.338865
0.258511 0.741489
1.000000
1.000000
1.000000
0.660600 0.339400
1.000000
1.000000
0.202223 0.797777
0.866912 0.133088
1.000000
1.000000
0.508883 0.491117
1.000000
0.629311 0.370689
0.598039 0.401961
1.000000
0.264884 0.735116
1.000000
1.000000
1.000000
1.000000
0.830803 0.169197
0.376794 0.623206
0.826480 0.173520
0.757865 0.242135
1.000000
1.000000
1.000000
0.676900 0.323100
0.039607 0.960393
0.021333 0.254994 0.326530 0.397143
1.000000
1.000000
1.000000
0.801609 0.198391
1.000000
0.463963 0.536037
1.000000
0.460595 0.539405
0.864570 0.135430
1.000000
0.809125 0.190875
0.781135 0.218865
0.190323 0.809677
1.000000
0.762531 0.186351 0.051119
0.369878 0.630122
1.000000
0.248382 0.751618
1.000000
0.175224 0.413274 0.411502
0.239879 0.760121
1.000000
0.897399 0.102601
0.469289 0.530711
1.000000
1.000000
1.000000
0.805913 0.194087
0.001312 0.998688
1.000000
1.000000
0.665318 0.334682
1.000000
0.004483 0.995517
1.000000
1.000000
0.774783 0.225217
1.000000
1.000000
1.000000
1.000000
1.000000
0.897018 0.102982
1.000000
1.000000
1.000000
1.000000
1.000000
1.000000
1.000000
1.000000
0.418202 0.581798
0.063238 0.338113 0.598648
0.761157 0.238843
1.000000
0.094553 0.905447
1.000000
1.000000
0.489845 0.510155
1.000000
1.000000
1.000000
0.139714 0.860286
1.000000
0.883223 0.116777
1.000000
1.000000
1.000000
1.000000
0.158433 0.841567
0.272226 0.727774
0.475943 0.524057
1.000000
0.472035 0.527965
0.510342 0.489658
1.000000
0.285512 0.437013 0.277474
0.589726 0.264293 0.145980
0.366915 0.633085
0.291161 0.708839
0.859515 0.140485
0.598532 0.401468
1.000000
0.355472 0.644528
1.000000
1.000000
0.000291 0.999709
1.000000
1.000000
1.000000
0.891197 0.108803
0.678327 0.321673
1.000000
0.022121 0.977879
1.000000
1.000000
1.000000
0.004022 0.995978
1.000000
1.000000
1.000000
1.000000
1.000000
0.096833 0.903167
1.000000
1.000000
1.000000
0.066297 0.933703
0.652469 0.347531
0.476743 0.523257
0.777880 0.222120
0.803756 0.196244
1.000000
1.000000
0.234893 0.765107
1.000000
1.000000
1.000000
1.000000
0.453500 0.303068 0.243432
0.504153 0.495847
0.814607 0.185393
0.124945 0.529058 0.345997
1.000000
0.223052 0.776948
1.000000
0.567503 0.432497
0.586195 0.413805
1.000000
0.290624 0.709376
1.000000
1.000000
1.000000
0.323799 0.676201
0.090502 0.453591 0.455908
0.182223 0.817777
1.000000
0.519579 0.480421
1.000000
0.812154 0.187846
1.000000
1.000000
1.000000
1.000000
0.039592 0.493473 0.466935
0.012324 0.987676
1.000000
1.000000
1.000000
1.000000
0.824563 0.175437
1.000000
0.652180 0.347820
1.000000
0.538722 0.461278
0.340375 0.659625
1.000000
1.000000
0.845971 0.154029
0.692374 0.307626
0.175930 0.824070
1.000000
1.000000
0.000093 0.999907
1.000000
0.470466 0.430034 0.099501
1.000000
1.000000
0.500945 0.499055
1.000000
1.000000
0.173296 0.826704
1.000000
0.416242 0.426373 0.157385
0.276402 0.723598
1.000000
0.916204 0.083796
1.000000
1.000000
1.000000
1.000000
0.783554 0.216446
1.000000
1.000000
0.847346 0.152654
0.743551 0.256449
1.000000
0.619056 0.380944
0.000109 0.999891
0.007553 0.992447
1.000000
1.000000
1.000000
1.000000
1.000000
0.856999 0.143001
1.000000
1.000000
0.509242 0.490758
1.000000
1.000000
0.113506 0.448781 0.437713
0.864195 0.135805
1.000000
1.000000
1.000000
0.362760 0.637240
0.001664 0.998336
1.000000
1.000000
1.000000
1.000000
0.141227 0.858773
1.000000
0.530180 0.366165 0.103655
1.000000
1.000000
0.279534 0.720466
0.006869 0.229037 0.764094
0.349696 0.650304
1.000000
0.181209 0.818791
1.000000
1.000000
1.000000
1.000000
1.000000
0.728980 0.271020
0.776417 0.223583
0.682432 0.317568
1.000000
1.000000
0.886212 0.113788
0.762868 0.237132
0.394559 0.605441
0.864929 0.135071
0.747179 0.252821
1.000000
1.000000
1.000000
0.001886 0.116260 0.270023 0.611831
0.128101 0.871899
1.000000
0.361362 0.638638
1.000000
0.785120 0.214880
1.000000
1.000000
0.004040 0.995960
1.000000
0.420777 0.457480 0.121743
0.532392 0.411900 0.055707
0.068483 0.931517
0.785276 0.214724
0.503792 0.211633 0.174199 0.110376
1.000000
0.579173 0.420827
1.000000
0.674179 0.199929 0.125892
0.146298 0.853702
0.000517 0.999483
0.689334 0.310666
0.494227 0.505773
1.000000
1.000000
1.000000
1.000000
0.655715 0.344285
1.000000
0.682809 0.317191
0.104436 0.895564
1.000000
1.000000
0.207050 0.599090 0.193860
1.000000
1.000000
1.000000
1.000000
0.085800 0.914200
1.000000
0.833723 0.166277
1.000000
0.167082 0.832918
1.000000
1.000000
1.000000
0.345256 0.654744
1.000000
1.000000
1.000000
1.000000
0.719654 0.280346
1.000000
0.323989 0.447644 0.228367
1.000000
1.000000
1.000000
0.156939 0.843061
1.000000
0.382196 0.617804
1.000000
1.000000
1.000000
1.000000
0.447709 0.552291
0.291622 0.708378
0.330919 0.669081
0.797615 0.202385
0.665053 0.334947
0.685232 0.314768
1.000000
1.000000
1.000000
1.000000
0.656350 0.343650
1.000000
1.000000
1.000000
1.000000
0.771155 0.150928 0.077917
0.865117 0.134883
1.000000
0.779255 0.220745
1.000000
1.000000
0.444994 0.555006
1.000000
0.187233 0.812767
1.000000
0.729974 0.270026
1.000000
0.882976 0.117024
1.000000
1.000000
1.000000
1.000000
0.394256 0.605744
1.000000
1.000000
0.841918 0.158082
0.672822 0.327178
1.000000
0.230771 0.769229
1.000000
0.690816 0.309184
0.098091 0.901909
1.000000
0.685378 0.314622
1.000000
1.000000
0.466127 0.533873
0.680489 0.319511
0.429883 0.570117
0.190896 0.809104
1.000000
1.000000
1.000000
1.000000
1.000000
0.246430 0.753570
0.602479 0.397521
1.000000
0.000075 0.999925
1.000000
0.606128 0.296840 0.097032
0.846234 0.153766
0.373787 0.626213
0.046873 0.248447 0.704680
0.002774 0.997226
1.000000
1.000000
1.000000
1.000000
1.000000
1.000000
1.000000
1.000000
1.000000
1.000000
0.108173 0.891827
1.000000
0.001264 0.998736
1.000000
0.381991 0.618009
1.000000
1.000000
1.000000
1.000000
1.000000
1.000000
0.313135 0.686865
1.000000
0.649043 0.223665 0.127292
0.781888 0.218112
1.000000
0.732578 0.267422
0.732491 0.267509
0.733660 0.266340
0.545651 0.454349
1.000000
0.476141 0.523859
1.000000
0.616523 0.383477
1.000000
1.000000
0.576950 0.263432 0.159618
1.000000
1.000000
0.849117 0.150883
1.000000
1.000000
0.475725 0.524275
1.000000
1.000000
0.023317 0.976683
1.000000
0.847468 0.137376 0.015156
0.634304 0.365696
0.514566 0.485434
0.461588 0.538412
1.000000
1.000000
0.734452 0.265548
0.727829 0.272171
0.845967 0.154033
0.646561 0.353439
0.249667 0.750333
1.000000
1.000000
0.703917 0.296083
0.246739 0.753261
1.000000
0.699273 0.300727
1.000000
1.000000
0.821412 0.178588
0.309344 0.690656
0.726102 0.273898
1.000000
1.000000
0.868199 0.131801
1.000000
0.174500 0.825500
1.000000
0.318150 0.681850
1.000000
0.467276 0.532724
1.000000
1.000000
1.000000
0.355551 0.644449
0.837114 0.162886
0.337912 0.662088
1.000000
0.772583 0.227417
1.000000
1.000000
1.000000
1.000000
1.000000
0.449367 0.550633
0.591042 0.408958
0.212869 0.787131
1.000000
0.785492 0.214508
1.000000
1.000000
0.448496 0.551504
0.294169 0.705831
1.000000
0.310695 0.432325 0.256980
0.821264 0.178736
0.299893 0.700107
0.059117 0.344573 0.596310
1.000000
0.561692 0.438308
1.000000
1.000000
1.000000
1.000000
1.000000
0.722695 0.277305
0.666863 0.333137
1.000000
1.000000
1.000000
0.829928 0.170072
0.220261 0.604440 0.175298
1.000000
1.000000
1.000000
0.293756 0.706244
1.000000
1.000000
0.829929 0.170071
1.000000
1.000000
1.000000
0.224304 0.775696
1.000000
0.325811 0.674189
1.000000
1.000000
0.000720 0.999280
1.000000
1.000000
0.822180 0.177820
0.917492 0.082508
1.000000
0.483677 0.516323
0.181045 0.818955
0.567539 0.432461
1.000000
1.000000
1.000000
1.000000
0.000665 0.999335
1.000000
0.360294 0.639706
1.000000
0.390471 0.609529
1.000000
0.010793 0.989207
1.000000
1.000000
1.000000
1.000000
0.000025 0.999975
0.057353 0.942647
1.000000
1.000000
1.000000
1.000000
1.000000
0.282789 0.717211
1.000000
0.538690 0.461310
0.825346 0.174654
1.000000
1.000000
1.000000
0.000026 0.999974
1.000000
0.745975 0.254025
0.001537 0.998463
0.007184 0.992816
1.000000
0.737105 0.262895
0.486669 0.513331
1.000000
0.235645 0.764355
1.000000
0.842706 0.157294
0.007923 0.992077
0.467421 0.532579
1.000000
1.000000
0.509697 0.424728 0.065575
0.565202 0.434798
0.712086 0.287914
1.000000
1.000000
0.485205 0.514795
1.000000
1.000000
0.838027 0.161973
0.005723 0.621800 0.372477
0.015937 0.347137 0.636926
1.000000
1.000000
0.218929 0.781071
1.000000
1.000000
1.000000
0.321511 0.678489
0.755606 0.244394
0.775627 0.224373
0.464714 0.453146 0.082140
0.463037 0.536963
0.717045 0.282955
1.000000
1.000000
1.000000
1.000000
0.279110 0.720890
0.187138 0.477669 0.335192
0.146997 0.853003
0.816908 0.183092
1.000000
0.815144 0.184856
1.000000
0.816060 0.183940
1.000000
0.610399 0.389601
0.000780 0.999220
1.000000
0.696537 0.303463
0.880384 0.119616
1.000000
0.501560 0.498440
0.042634 0.957366
0.000194 0.999806
0.329691 0.670309
0.412929 0.587071
1.000000
0.026044 0.417187 0.556769
0.711384 0.288616
1.000000
1.000000
0.000048 0.073079 0.926873
1.000000
1.000000
1.000000
0.030274 0.203840 0.471094 0.294792
1.000000
1.000000
1.000000
0.043417 0.306925 0.649658
1.000000
0.170662 0.460984 0.368353
1.000000
1.000000
0.018314 0.981686
0.787597 0.212403
1.000000
0.702345 0.297655
0.908911 0.091089
1.000000
1.000000
1.000000
1.000000
0.819209 0.180791
0.386433 0.613567
0.393395 0.606605
0.485630 0.324819 0.189551
0.821988 0.115329 0.062683
1.000000
1.000000
1.000000
0.668190 0.331810
1.000000
0.685325 0.314675
1.000000
1.000000
0.164090 0.835910
1.000000
1.000000
0.792274 0.207726
1.000000
1.000000
0.265585 0.734415
0.171881 0.596654 0.231465
1.000000
0.778021 0.221979
1.000000
0.238611 0.761389
1.000000
0.438327 0.561673
1.000000
1.000000
1.000000
0.704494 0.216548 0.078958
0.000267 0.999733
1.000000
0.001878 0.576736 0.421386
1.000000
1.000000
0.712848 0.287152
1.000000
1.000000
0.793887 0.206113
1.000000
1.000000
0.098702 0.901298
0.746295 0.253705
1.000000
1.000000
0.790485 0.159358 0.050158
0.475533 0.524467
1.000000
1.000000
0.297576 0.702424
0.901596 0.098404
1.000000
1.000000
0.475347 0.524653
1.000000
0.614067 0.385933
1.000000
1.000000
0.874744 0.125256
1.000000
1.000000
1.000000
0.030500 0.969500
0.792454 0.207546
0.921445 0.078555
1.000000
1.000000
0.216294 0.783706
0.239584 0.760416
0.000000 0.007364 0.992636
1.000000
0.834014 0.165986
0.228459 0.466835 0.245489 0.059217
1.000000
1.000000
1.000000
1.000000
0.849647 0.150353
1.000000
0.428134 0.571866
1.000000
1.000000
1.000000
1.000000
0.255570 0.744430
1.000000
1.000000
1.000000
1.000000
1.000000
0.734455 0.265545
1.000000
0.698324 0.301676
1.000000
1.000000
1.000000
1.000000
1.000000
0.771957 0.228043
1.000000
0.109184 0.890816
0.002313 0.997687
1.000000
1.000000
0.807362 0.192638
1.000000
0.829277 0.170723
1.000000
0.859613 0.140387
1.000000
1.000000
1.000000
1.000000
1.000000
1.000000
1.000000
1.000000
0.814295 0.185705
1.000000
0.851832 0.148168
0.155265 0.844735
1.000000
1.000000
0.508944 0.491056
1.000000
0.000514 0.999486
0.692176 0.307824
1.000000
0.006355 0.993645
1.000000
1.000000
0.752740 0.247260
0.003586 0.573289 0.423125
0.111042 0.888958
1.000000
1.000000
1.000000
1.000000
1.000000
0.751452 0.248548
1.000000
0.406310 0.593690
0.297124 0.702876
0.264662 0.735338
0.864266 0.135734
0.131387 0.868613
1.000000
0.136467 0.863533
1.000000
1.000000
1.000000
0.470273 0.529727
1.000000
1.000000
1.000000
1.000000
1.000000
0.384535 0.615465
0.893694 0.106306
0.044289 0.449422 0.506289
0.724492 0.275508
0.558245 0.441755
0.897061 0.102939
0.122427 0.877573
0.000029 0.999971
0.358151 0.641849
0.854242 0.145758
1.000000
1.000000
0.446435 0.553565
1.000000
1.000000
1.000000
0.152812 0.847188
1.000000
0.789015 0.210985
0.480629 0.519371
1.000000
1.000000
1.000000
0.078553 0.921447
0.857263 0.142737
1.000000
1.000000
1.000000
0.794786 0.205214
1.000000
0.550907 0.449093
0.029286 0.970714
0.008508 0.294815 0.696677
1.000000
0.160330 0.839670
0.163080 0.836920
1.000000
1.000000
1.000000
0.640428 0.231153 0.128418
0.341917 0.431049 0.227035
1.000000
0.737844 0.262156
0.212316 0.787684
1.000000
1.000000
1.000000
0.365959 0.634041
0.471108 0.528892
1.000000
1.000000
1.000000
1.000000
1.000000
1.000000
1.000000
1.000000
1.000000
1.000000
1.000000
1.000000
1.000000
1.000000
1.000000
1.000000
0.145670 0.854330
1.000000
1.000000
1.000000
1.000000
0.842554 0.157446
0.519479 0.480521
0.225532 0.774468
1.000000
1.000000
0.536855 0.463145
0.191285 0.808715
1.000000
0.267449 0.732551
0.751805 0.248195
0.644361 0.217656 0.102042 0.035941
0.832084 0.167916
0.660940 0.339060
0.530284 0.469716
0.805160 0.194840
1.000000
1.000000
1.000000
0.868647 0.131353
0.848338 0.151662
1.000000
1.000000
1.000000
1.000000
0.162051 0.837949
0.236515 0.763485
0.861986 0.138014
1.000000
0.722437 0.277563
1.000000
1.000000
0.085349 0.914651
1.000000
1.000000
0.605399 0.324649 0.069952
0.039715 0.960285
1.000000
0.760887 0.239113
0.201363 0.798637
1.000000
0.574386 0.425614
1.000000
0.788957 0.211043
1.000000
1.000000
0.647847 0.352153
1.000000
1.000000
0.263639 0.512559 0.223802
0.470563 0.529437
1.000000
0.655796 0.344204
0.019460 0.980540
0.647529 0.352471
1.000000
1.000000
1.000000
1.000000
1.000000
0.779906 0.220094
1.000000
1.000000
0.320084 0.679916
1.000000
1.000000
0.418655 0.581345
0.202723 0.797277
1.000000
1.000000
0.814253 0.185747
0.001619 0.998381
0.750752 0.249248
1.000000
0.384317 0.615683
0.376535 0.623465
1.000000
1.000000
1.000000
0.157141 0.842859
0.556259 0.443741
1.000000
1.000000
0.798847 0.201153
1.000000
0.518172 0.481828
1.000000
1.000000
0.542863 0.457137
1.000000
0.702805 0.179168 0.118026
1.000000
0.010620 0.989380
1.000000
1.000000
1.000000
1.000000
0.766883 0.233117
0.778821 0.221179
0.313286 0.686714
1.000000
1.000000
1.000000
0.594289 0.211244 0.124578 0.069890
0.106585 0.893415
0.385268 0.614732
0.025228 0.264980 0.709792
1.000000
1.000000
1.000000
1.000000
0.017196 0.454837 0.527967
0.001456 0.998544
1.000000
0.719743 0.280257
0.241656 0.758344
1.000000
0.719030 0.280970
1.000000
1.000000
0.001028 0.998972
1.000000
1.000000
0.838975 0.161025
1.000000
1.000000
0.673785 0.326215
0.822731 0.177269
0.111730 0.888270
0.710334 0.289666
0.624081 0.375919
0.733326 0.266674
0.169188 0.830812
0.477635 0.522365
0.045417 0.470099 0.484484
0.315488 0.684512
1.000000
0.714997 0.229546 0.055458
1.000000
1.000000
0.000517 0.999483
0.749389 0.250611
1.000000
0.496708 0.503292
0.447665 0.552335
1.000000
1.000000
0.135042 0.481676 0.383283
0.049419 0.950581
1.000000
0.782582 0.217418
0.873178 0.126822
0.318158 0.582584 0.099258
0.736332 0.263668
0.759987 0.240013
0.302259 0.697741
0.008886 0.991114
1.000000
1.000000
1.000000
1.000000
1.000000
0.408113 0.591887
1.000000
1.000000
1.000000
1.000000
0.700487 0.299513
1.000000
0.444626 0.555374
1.000000
1.000000
1.000000
0.551884 0.269674 0.178442
0.789357 0.210643
1.000000
0.185006 0.814994
1.000000
1.000000
1.000000
0.000058 0.999942
0.538393 0.461607
1.000000
1.000000
0.130781 0.869219
0.543409 0.307762 0.148828
1.000000
0.545256 0.454744
0.134626 0.865374
1.000000
1.000000
1.000000
0.861582 0.138418
1.000000
0.334451 0.665549
1.000000
0.324379 0.675621
1.000000
0.376818 0.623182
0.419885 0.580115
0.558390 0.441610
0.654147 0.345853
0.000196 0.999804
0.222924 0.777076
0.842530 0.157470
1.000000
0.028961 0.971039
0.777104 0.222896
1.000000
0.292571 0.707429
1.000000
0.700084 0.299916
0.937924 0.062076
0.778124 0.221876
1.000000
1.000000
1.000000
0.573994 0.205744 0.220262
1.000000
0.872187 0.127813
1.000000
0.458839 0.541161
1.000000
1.000000
1.000000
1.000000
1.000000
0.880304 0.119696
1.000000
1.000000
1.000000
1.000000
0.000021 0.999979
1.000000
0.702740 0.297260
0.817023 0.182977
0.437285 0.476172 0.086543
1.000000
1.000000
1.000000
1.000000
1.000000
0.842701 0.157299
0.000196 0.999804
0.576838 0.423162
0.207291 0.792709
1.000000
1.000000
1.000000
0.384426 0.454672 0.160902
1.000000
0.003539 0.996461
0.204601 0.795399
1.000000
1.000000
0.002065 0.997935
0.892137 0.107863
0.580725 0.419275
0.783534 0.216466
1.000000
0.372456 0.627544
1.000000
0.415291 0.584709
1.000000
1.000000
1.000000
0.007941 0.992059
0.134554 0.346142 0.519304
0.154018 0.382182 0.463801
1.000000
1.000000
0.517149 0.482851
1.000000
0.581482 0.418518
0.646671 0.353329
0.396310 0.603690
1.000000
1.000000
0.544200 0.455800
0.000000 0.005606 0.994394
1.000000
1.000000
1.000000
0.847799 0.152201
1.000000
1.000000
0.799930 0.200070
1.000000
0.091869 0.465343 0.442788
1.000000
0.468988 0.531012
1.000000
0.006322 0.993678
1.000000
1.000000
1.000000
0.227806 0.376416 0.395778
0.728861 0.271139
0.033794 0.282377 0.683828
0.702264 0.297736
1.000000
0.685803 0.222419 0.091778
0.792523 0.207477
1.000000
1.000000
1.000000
0.866411 0.133589
0.447200 0.552800
1.000000
1.000000
0.899241 0.100759
1.000000
1.000000
1.000000
0.290741 0.709259
1.000000
0.320713 0.679287
0.083623 0.916377
1.000000
1.000000
1.000000
1.000000
1.000000
1.000000
1.000000
1.000000
1.000000
1.000000
0.729732 0.270268
0.821450 0.178550
1.000000
0.278148 0.721852
1.000000
0.875901 0.124099
0.095892 0.904108
1.000000
1.000000
1.000000
0.563682 0.365984 0.070334
0.463010 0.536990
1.000000
0.014720 0.985280
1.000000
1.000000
1.000000
0.144417 0.855583
0.620571 0.255055 0.124374
0.109354 0.890646
0.715029 0.284971
0.795331 0.204669
1.000000
0.819897 0.180103
1.000000
0.001498 0.998502
1.000000
1.000000
0.676257 0.323743
0.000049 0.999951
0.252509 0.747491
0.700168 0.299832
1.000000
0.424304 0.575696
1.000000
1.000000
1.000000
1.000000
1.000000
0.541704 0.458296
1.000000
0.000038 0.171495 0.828467
1.000000
1.000000
1.000000
1.000000
0.557292 0.442708
0.373964 0.626036
1.000000
1.000000
0.372892 0.627108
1.000000
0.000822 0.999178
1.000000
1.000000
1.000000
0.121070 0.878930
1.000000
1.000000
0.874958 0.125042
0.795431 0.204569
1.000000
1.000000
1.000000
0.301569 0.698431
0.647971 0.352029
0.428262 0.571738
0.844599 0.155401
1.000000
1.000000
0.881473 0.118527
0.012320 0.987680
0.001271 0.998729
1.000000
1.000000
1.000000
0.661916 0.338084
1.000000
0.768318 0.231682
0.229246 0.770754
1.000000
1.000000
0.485611 0.514389
1.000000
1.000000
1.000000
1.000000
0.249503 0.750497
0.000467 0.264818 0.734715
1.000000
0.435709 0.564291
1.000000
1.000000
0.329653 0.429940 0.240407
0.725363 0.274637
1.000000
0.236938 0.763062
1.000000
1.000000
0.247141 0.752859
1.000000
0.724149 0.275851
0.873680 0.126320
0.097599 0.902401
0.491016 0.370474 0.138510
0.745547 0.254453
1.000000
0.376969 0.623031
0.289267 0.710733
1.000000
0.625023 0.374977
1.000000
0.316601 0.683399
1.000000
1.000000
1.000000
0.000496 0.144292 0.163593 0.691619
0.849234 0.150766
0.125148 0.874852
1.000000
0.173731 0.826269
1.000000
1.000000
0.330699 0.669301
1.000000
0.112610 0.887390
1.000000
0.002986 0.997014
1.000000
1.000000
0.192189 0.807811
1.000000
0.599219 0.259289 0.141492
1.000000
0.000606 0.999394
0.504545 0.495455
0.159929 0.351503 0.488568
1.000000
0.769033 0.230967
1.000000
1.000000
1.000000
1.000000
0.355108 0.644892
0.829697 0.170303
1.000000
0.438159 0.561841
0.641204 0.204672 0.154124
1.000000
1.000000
1.000000
1.000000
0.136789 0.476698 0.386513
0.311315 0.688685
1.000000
0.894390 0.105610
0.081325 0.918675
1.000000
1.000000
1.000000
0.745697 0.254303
0.197283 0.802717
0.802368 0.197632
1.000000
1.000000
1.000000
0.067222 0.932778
0.532247 0.467753
1.000000
1.000000
0.283573 0.716427
1.000000
0.674837 0.325163
0.364818 0.635182
1.000000
0.849678 0.150322
1.000000
0.876760 0.123240
1.000000
1.000000
1.000000
1.000000
1.000000
0.336818 0.663182
0.336930 0.663070
1.000000
1.000000
1.000000
1.000000
1.000000
1.000000
1.000000
1.000000
1.000000
0.870707 0.129293
1.000000
0.515589 0.484411
1.000000
0.430019 0.569981
1.000000
1.000000
1.000000
0.462921 0.537079
1.000000
1.000000
0.849864 0.150136
0.104166 0.445736 0.450099
1.000000
0.477836 0.522164
0.289994 0.710006
1.000000
0.036265 0.963735
0.494147 0.505853
1.000000
1.000000
1.000000
0.865316 0.134684
1.000000
1.000000
0.895500 0.104500
1.000000
0.226622 0.449959 0.323419
1.000000
0.012488 0.987512
0.721231 0.278769
0.769558 0.230442
0.764330 0.235670
0.699814 0.300186
1.000000
1.000000
0.515551 0.484449
1.000000
1.000000
1.000000
1.000000
0.752462 0.247538
1.000000
0.000201 0.999799
0.013280 0.986720
0.763679 0.236321
0.807138 0.192862
1.000000
0.466986 0.412682 0.120332
0.000002 0.023927 0.976071
1.000000
1.000000
0.176051 0.823949
0.828026 0.171974
1.000000
0.411997 0.588003
1.000000
1.000000
0.607488 0.392512
0.408149 0.386827 0.205024
1.000000
1.000000
0.871265 0.128735
1.000000
1.000000
1.000000
1.000000
1.000000
0.327706 0.672294
1.000000
0.224864 0.775136
1.000000
1.000000
0.000000 0.000010 0.021625 0.978365
0.780348 0.219652
0.764299 0.235701
1.000000
1.000000
0.772058 0.227942
1.000000
0.114053 0.885947
1.000000
1.000000
0.248381 0.751619
0.489682 0.510318
1.000000
0.741153 0.258847
1.000000
0.221162 0.778838
0.332525 0.667475
0.038849 0.366096 0.595055
0.668676 0.331324
0.064472 0.430065 0.505462
0.796174 0.203826
0.105545 0.330163 0.564292
1.000000
0.835317 0.164683
1.000000
1.000000
0.811324 0.188676
1.000000
0.095496 0.904504
0.852254 0.147746
0.871022 0.128978
0.090537 0.333838 0.575625
1.000000
0.795300 0.204700
0.529935 0.470065
1.000000
0.044389 0.955611
0.379609 0.620391
1.000000
0.849574 0.150426
1.000000
0.413393 0.586607
1.000000
0.645909 0.354091
0.531367 0.468633
1.000000
0.418605 0.449623 0.131772
1.000000
1.000000
0.002787 0.997213
1.000000
0.874992 0.125008
0.757740 0.242260
0.584699 0.415301
1.000000
1.000000
1.000000
0.713320 0.286680
1.000000
1.000000
1.000000
1.000000
0.665834 0.334166
1.000000
0.697464 0.302536
1.000000
0.639189 0.360811
1.000000
1.000000
0.656138 0.343862
0.656720 0.343280
0.449409 0.550591
0.011656 0.988344
0.785673 0.214327
1.000000
1.000000
1.000000
0.093730 0.495521 0.410748
1.000000
0.893844 0.106156
0.000002 0.999998
0.489705 0.510295
0.714567 0.285433
0.147933 0.852067
0.849221 0.150779
1.000000
1.000000
1.000000
1.000000
1.000000
0.001987 0.998013
1.000000
0.742507 0.257493
1.000000
0.816881 0.183119
1.000000
0.743688 0.256312
0.749911 0.250089
0.630389 0.369611
1.000000
1.000000
1.000000
0.654965 0.345035
0.580996 0.419004
0.240075 0.759925
0.196309 0.803691
1.000000
1.000000
0.093802 0.308949 0.597250
1.000000
1.000000
0.128266 0.502589 0.369145
1.000000
1.000000
0.531142 0.468858
0.795216 0.204784
0.745892 0.254108
1.000000
1.000000
1.000000
0.894109 0.105891
0.203775 0.796225
1.000000
0.790188 0.209812
1.000000
0.156688 0.843312
1.000000
0.823937 0.176063
1.000000
1.000000
0.281775 0.718225
0.804605 0.195395
0.002377 0.997623
1.000000
0.414329 0.585671
0.790851 0.209149
1.000000
0.920318 0.079682
1.000000
1.000000
0.259225 0.604833 0.135941
1.000000
0.643546 0.356454
0.189414 0.810586
1.000000
1.000000
1.000000
0.453997 0.395649 0.150353
1.000000
1.000000
0.199380 0.800620
0.467147 0.532853
1.000000
1.000000
1.000000
0.844636 0.155364
0.512438 0.487562
0.293580 0.706420
1.000000
1.000000
1.000000
1.000000
1.000000
1.000000
1.000000
1.000000
1.000000
0.829208 0.170792
1.000000
1.000000
1.000000
0.588660 0.411340
1.000000
0.209081 0.500970 0.241230 0.048719
0.466141 0.533859
0.752145 0.247855
0.293705 0.706295
1.000000
0.515595 0.333062 0.151343
1.000000
0.611416 0.388584
1.000000
0.005687 0.994313
1.000000
0.065596 0.934404
1.000000
1.000000
0.077865 0.922135
1.000000
1.000000
0.000000 0.009076 0.990924
0.008820 0.991180
0.482477 0.337504 0.180019
0.458654 0.541346
1.000000
0.137060 0.862940
0.607518 0.392482
1.000000
0.000218 0.999782
1.000000
0.682656 0.317344
1.000000
0.780444 0.219556
1.000000
0.168321 0.831679
1.000000
1.000000
0.002084 0.567429 0.430487
1.000000
0.224403 0.775597
1.000000
0.007529 0.262397 0.730074
0.846447 0.153553
0.059317 0.940683
1.000000
0.783376 0.216624
1.000000
0.377295 0.622705
1.000000
1.000000
1.000000
0.826266 0.173734
1.000000
1.000000
0.834461 0.165539
0.611607 0.388393
0.009562 0.990438
0.481928 0.518072
1.000000
1.000000
0.051580 0.948420
0.307384 0.436129 0.256487
0.351428 0.648572
0.162941 0.837059
0.791075 0.208925
0.416939 0.583061
0.845567 0.154433
0.822391 0.177609
0.572079 0.359660 0.068262
1.000000
1.000000
0.900259 0.099741
0.208136 0.516369 0.275495
1.000000
0.028345 0.302097 0.669559
1.000000
0.567041 0.432959
1.000000
1.000000
1.000000
0.004548 0.995452
1.000000
0.658519 0.341481
1.000000
1.000000
1.000000
0.011456 0.988544
1.000000
1.000000
1.000000
0.713145 0.286855
1.000000
0.637934 0.362066
1.000000
0.908456 0.091544
0.206172 0.793828
0.177647 0.822353
1.000000
0.773882 0.226118
0.277074 0.722926
0.666653 0.333347
1.000000
0.701401 0.298599
0.777277 0.222723
1.000000
0.005951 0.994049
0.865152 0.134848
1.000000
1.000000
0.627641 0.372359
1.000000
1.000000
1.000000
0.706545 0.240461 0.052994
0.575587 0.329442 0.094972
0.947626 0.050440 0.001934
1.000000
1.000000
1.000000
0.890937 0.109063
1.000000
1.000000
1.000000
1.000000
0.375800 0.624200
0.715984 0.284016
0.101224 0.898776
0.576554 0.423446
1.000000
1.000000
0.007240 0.992760
1.000000
1.000000
1.000000
1.000000
1.000000
1.000000
1.000000
0.343869 0.656131
1.000000
1.000000
0.898073 0.101927
1.000000
0.197639 0.439842 0.362519
1.000000
1.000000
1.000000
0.337908 0.662092
1.000000
1.000000
1.000000
1.000000
1.000000
1.000000
0.568025 0.431975
1.000000
0.042821 0.957179
1.000000
0.804072 0.195928
1.000000
1.000000
0.398314 0.601686
0.893711 0.106289
1.000000
1.000000
0.000357 0.999643
0.553727 0.446273
0.230903 0.769097
1.000000
0.175915 0.824085
1.000000
1.000000
1.000000
1.000000
0.886394 0.113606
1.000000
1.000000
1.000000
1.000000
1.000000
0.477576 0.522424
1.000000
0.656954 0.343046
0.033313 0.459924 0.506764
1.000000
0.006406 0.993594
1.000000
1.000000
1.000000
1.000000
1.000000
0.002432 0.997568
1.000000
1.000000
1.000000
1.000000
1.000000
1.000000
0.875274 0.112638 0.012087
0.038420 0.961580
0.889959 0.110041
1.000000
1.000000
1.000000
1.000000
0.525854 0.474146
1.000000
0.612075 0.245169 0.142757
1.000000
1.000000
1.000000
1.000000
0.084704 0.308273 0.607023
0.789825 0.210175
0.351738 0.648262
1.000000
1.000000
1.000000
1.000000
1.000000
0.423603 0.576397
1.000000
1.000000
1.000000
0.899297 0.100703
0.447422 0.552578
1.000000
1.000000
0.284777 0.715223
0.373113 0.626887
