2000 3
1 1 2 1 1 2 2 1 2 2 1 1 1 1 3 1 1 2 4 1 1 2 1 1 2 1 1 1 1 2 1 1 2 2 1 1 2 2 1 2 1 1 2 1 1 2 1 1 2 1 1 1 1 2 1 1 1 1 3 1 2 1 1 2 1 1 2 1 2 2 2 2 1 3 1 1 2 1 2 1 1 1 2 2 2 2 1 1 1 1 1 1 3 3 2 1 1 1 1 1 3 1 2 2 2 3 2 1 1 2 1 1 1 1 1 2 2 1 1 1 2 1 1 2 2 1 1 2 1 2 2 1 2 1 1 1 1 2 2 2 2 1 1 1 2 2 4 1 1 1 2 1 2 1 2 2 1 2 2 2 1 3 2 1 2 1 3 2 1 2 2 1 1 1 2 2 1 1 2 1 2 1 1 2 1 1 1 1 1 2 1 1 1 1 1 1 1 1 2 3 2 1 2 1 1 2 1 1 1 2 1 2 1 1 1 1 2 2 2 1 2 2 1 3 3 2 2 2 2 1 2 1 1 2 1 1 1 2 2 1 2 1 1 1 2 1 1 1 1 1 2 1 1 1 2 2 2 2 2 1 1 2 1 1 1 1 3 2 2 3 1 2 1 2 2 1 2 1 1 1 2 3 2 1 2 1 2 1 1 1 1 3 2 1 1 1 1 2 1 2 1 2 2 1 1 2 2 2 1 1 2 1 3 1 1 2 1 1 2 1 3 2 1 2 1 1 1 1 2 1 1 2 2 1 2 2 2 1 1 1 1 1 2 1 1 2 1 1 3 2 1 1 1 2 2 1 1 1 1 2 1 3 1 1 2 3 2 1 2 1 1 1 1 1 2 2 2 1 1 2 2 2 2 2 1 1 1 4 2 1 2 1 2 1 1 2 1 3 3 2 2 4 1 2 1 3 2 2 2 2 1 1 1 1 2 1 2 2 1 1 3 1 1 1 1 2 1 2 1 2 1 1 1 2 1 1 1 1 2 1 3 1 1 1 2 1 2 1 1 1 1 2 2 2 2 2 2 1 1 1 1 2 1 1 1 1 3 2 1 2 1 1 2 1 2 1 2 1 2 1 1 1 1 2 1 1 2 2 1 2 1 2 2 1 2 1 1 2 2 2 2 1 1 1 1 1 2 2 1 2 1 3 2 2 3 2 1 1 1 1 1 1 1 1 1 1 2 1 2 1 2 1 1 1 1 1 1 2 1 3 2 1 2 2 2 2 1 2 1 2 1 1 3 1 1 2 1 1 2 1 1 2 1 3 2 2 2 1 1 2 2 2 2 2 1 1 2 2 1 2 1 1 2 2 2 1 1 2 1 2 1 2 1 2 1 1 1 2 2 2 1 2 1 1 1 1 1 2 2 2 1 2 1 1 2 2 1 3 2 2 3 1 2 1 1 1 1 1 2 2 1 1 1 2 3 1 1 1 2 1 1 2 1 1 1 2 1 2 1 1 2 1 1 2 2 1 2 2 2 1 1 1 1 2 1 2 1 2 1 2 1 1 1 1 2 2 1 1 1 1 1 2 1 2 2 1 1 1 2 1 2 2 2 1 2 2 1 2 1 2 2 2 1 1 3 2 2 1 1 2 1 1 2 3 3 1 1 2 1 1 1 2 2 2 3 2 2 1 1 1 1 2 3 2 2 1 2 1 2 1 2 2 1 2 2 1 2 2 2 2 2 1 3 2 1 1 3 1 1 1 4 1 1 1 3 1 3 1 1 2 2 1 2 2 1 1 1 1 2 2 2 3 3 1 1 1 2 1 2 1 1 2 1 1 2 1 1 2 3 1 2 1 2 1 2 1 1 1 3 2 1 3 1 1 2 1 1 2 1 1 2 2 1 1 3 2 1 1 2 2 1 1 2 1 2 1 1 2 1 1 1 2 2 2 1 1 2 2 3 1 2 4 1 1 1 1 2 1 2 1 1 1 1 2 1 1 1 1 1 2 1 2 1 1 1 1 1 2 1 2 2 1 1 2 1 2 1 2 1 1 1 1 1 1 1 1 2 1 2 2 1 1 2 1 2 2 1 2 1 1 2 3 2 1 1 1 1 1 2 1 2 2 2 2 2 1 2 1 1 1 2 1 1 1 1 1 2 2 3 2 2 2 2 2 2 2 1 1 2 1 1 1 2 1 2 2 1 1 1 2 2 1 1 1 2 1 2 2 3 1 2 2 1 1 1 3 3 1 2 2 1 1 1 2 2 1 1 1 1 1 1 1 1 1 1 1 1 1 1 1 1 2 1 1 1 1 2 2 2 1 1 2 2 1 2 2 4 2 2 2 2 1 1 1 2 2 1 1 1 1 2 2 2 1 2 1 1 2 1 1 3 2 1 2 2 1 2 1 2 1 1 2 1 1 3 2 1 2 2 2 1 1 1 1 1 2 1 1 2 1 1 2 2 1 1 2 2 2 1 2 2 1 1 1 2 2 1 1 2 1 2 1 1 2 1 3 1 2 1 1 1 1 2 2 2 1 1 1 4 2 2 3 1 1 1 1 3 2 1 2 2 1 2 1 1 2 1 1 2 1 1 2 2 2 2 2 2 2 2 3 2 1 3 1 1 2 2 1 2 2 1 1 3 2 1 2 2 3 2 2 2 2 1 1 1 1 1 2 1 1 1 1 2 1 2 1 1 1 3 2 1 2 1 1 1 2 2 1 1 2 3 1 2 2 1 1 1 2 1 2 1 2 1 2 2 2 2 2 2 2 1 2 2 1 2 1 2 2 2 1 1 1 3 1 2 1 2 1 1 1 1 1 2 1 1 1 1 2 1 2 2 3 1 1 1 1 1 2 2 2 2 1 1 1 3 1 2 2 1 1 2 2 2 2 1 2 1 2 1 1 1 2 3 3 1 1 2 1 2 2 2 1 1 2 3 1 1 1 2 1 1 2 1 3 1 2 1 2 1 1 1 3 2 3 2 1 3 2 1 1 1 2 2 1 1 2 1 1 1 2 1 2 2 1 1 1 1 1 1 1 1 1 1 2 2 1 2 1 2 2 1 1 1 3 2 1 2 1 1 1 2 3 2 2 2 1 2 1 2 1 1 2 2 2 2 1 2 1 1 1 1 1 2 1 3 1 1 1 1 2 2 1 1 2 1 2 1 1 1 2 1 1 2 2 1 1 1 2 2 2 2 1 1 2 2 2 1 1 1 2 1 2 2 1 1 2 1 1 1 1 2 3 1 2 1 1 3 2 1 2 1 1 2 1 2 2 2 3 2 1 2 2 1 2 1 2 1 1 1 4 2 2 1 2 1 1 2 1 2 1 2 1 1 2 1 3 1 2 2 3 1 2 1 1 1 1 2 2 1 2 3 1 1 1 1 3 2 1 2 2 1 1 1 2 2 2 1 1 1 2 2 1 1 2 1 2 2 1 2 1 2 1 1 1 1 1 2 2 1 1 1 1 1 1 1 1 1 2 1 2 1 2 1 1 1 2 1 1 2 3 1 2 2 1 2 2 1 1 1 2 1 1 2 1 3 1 2 2 2 2 2 1 1 2 1 1 1 1 2 1 2 2 2 2 1 3 3 1 1 2 2 1 2 1 1 2 3 1 1 2 1 1 1 1 1 2 1 2 1 1 4 2 2 1 1 2 1 2 1 1 2 2 1 2 1 2 2 3 2 3 2 3 1 2 1 1 2 1 2 2 2 3 1 2 2 1 2 2 1 2 1 2 1 2 2 1 3 1 1 2 1 2 2 2 1 1 1 2 1 1 1 1 2 1 2 1 2 1 1 2 2 2 2 2 1 1 1 3 1 2 2 2 2 2 2 1 1 1 1 1 2 1 2 1 2 1 2 2 2 1 1 1 2 2 2 2 1 1 3 1 1 3 1 1 2 2 2 1 1 1 2 2 1 2 1 2 1 2 1 1 2 2 2 1 2 2 1 2 1 1 3 1 2 2 1 1 1 3 1 1 2 2 1 1 1 2 2 2 1 1 1 1 1 1 1 1 1 2 1 1 1 2 1 4 2 2 2 1 3 1 2 1 2 1 2 1 1 2 1 1 3 2 3 2 1 2 2 1 2 1 2 1 2 1 2 1 1 3 1 2 1 3 2 2 1 2 1 2 1 1 1 2 1 1 2 2 2 2 1 1 2 3 2 2 2 2 2 2 3 1 1 2 3 1 3 1 2 1 1 1 2 1 2 1 1 1 2 1 1 1 2 1 2 1 2 2 2 1 2 2 2 1 2 2 1 2 2 1 1 2 1 1 1 3 3 3 1 1 1 2 1 1 1 1 2 2 2 2 1 1 2 1 1 1 1 1 1 1 2 1 1 2 1 3 1 1 1 2 1 1 1 1 1 1 2 1 2 1 2 1 1 2 2 1 1 2 2 2 1 2 1 1 1 1 2 1 1 1 1 1 2 1 2 3 1 2 1 1 1 1 1 2 1 1 1 1 1 1 3 2 2 1 1 1 1 2 1 3 1 1 1 1 3 2 2 1 1 1 1 1 2 1 1 1 2 2 1 1 2 2
0.708929
0.290454
0.000618
0.928474
0.065621
0.005905
0.721362 0.103210
0.009007 0.000000
0.037809 0.128613
0.965354
0.030992
0.003653
0.921252
0.048615
0.030133
0.042193 0.576972
0.380361 0.000388
0.000001 0.000085
0.002321 0.716330
0.186885 0.094463
0.000000 0.000002
0.960021
0.039740
0.000239
0.000001 0.002587
0.000541 0.996871
0.000000 0.000000
0.620554 0.030511
0.005718 0.000000
0.095784 0.247433
0.003312
0.000000
0.996688
0.984621
0.008447
0.006932
0.526370
0.000001
0.473630
0.973857
0.021009
0.005134
0.171442 0.000569 0.000000
0.000106 0.000000 0.000000
0.509511 0.255976 0.062395
0.882569
0.115269
0.002162
0.222969
0.000128
0.776903
0.202024 0.611586
0.183105 0.000202
0.000145 0.002938
0.015990 0.195100 0.353953 0.192556
0.117738 0.120071 0.001794 0.000001
0.000006 0.000091 0.000569 0.002130
0.607926
0.000008
0.392065
0.040522
0.000123
0.959355
0.600736 0.237892
0.139664 0.000015
0.002921 0.018771
0.839546
0.000638
0.159816
0.669465
0.000112
0.330422
0.057831 0.580438
0.238187 0.119872
0.000221 0.003451
0.902603
0.094104
0.003293
0.839710
0.000012
0.160278
0.158930
0.841067
0.000004
0.978206
0.007212
0.014582
0.075898 0.000008
0.000000 -0.000000
0.762054 0.162040
0.030096
0.969904
0.000000
0.357181
0.000011
0.642808
0.419228 0.482124
0.089776 0.000286
0.000963 0.007624
0.734804 0.155155
0.082155 0.000000
0.003450 0.024435
0.535195
0.000016
0.464789
0.003782
0.996218
0.000000
0.587596 0.246924
0.148390 0.000007
0.001785 0.015299
0.152650 0.753374
0.090143 0.000374
0.000140 0.003317
0.981613
0.005760
0.012627
0.453574 0.333518
0.203531 0.000014
0.000785 0.008578
0.230459
0.000009
0.769532
0.587036
0.000175
0.412789
0.000197 0.199570
0.026306 0.773926
0.000000 0.000000
0.821186
0.000279
0.178535
0.394273
0.605641
0.000086
0.000359 0.000000
0.000000 0.000000
0.968767 0.030874
0.977938
0.009746
0.012316
0.655155
0.344489
0.000357
0.779241 0.071382
0.030073 0.000001
0.034455 0.084849
0.146101
0.000000
0.853899
0.936059
0.062305
0.001636
0.977228
0.008402
0.014370
0.028227
0.971773
0.000000
0.498858 0.302874
0.184201 0.000041
0.001583 0.012443
0.898792
0.099100
0.002108
0.000352
0.000000
0.999648
0.130315
0.869133
0.000552
0.025833
0.000135
0.974032
0.285348 0.453880 0.096664
0.092424 0.000643 0.000000
0.002318 0.017067 0.051656
0.109495
0.890505
0.000000
0.843689 0.026410
0.011123 0.000000
0.038257 0.080520
0.957502
0.039538
0.002959
0.991773
0.005983
0.002243
0.390799 0.374893
0.230421 0.000001
0.000140 0.003747
0.289557
0.000018
0.710425
0.721053
0.278538
0.000408
0.762913 0.026471
0.002139 0.000000
0.039733 0.168744
0.732751
0.000040
0.267209
0.492666 0.021128
0.006782 0.000000
0.197475 0.281949
0.000000 0.000506
0.000011 0.999483
0.000000 0.000000
0.100055 0.692457
0.206395 0.000409
0.000017 0.000668
0.000000 0.001354
0.000275 0.998371
0.000000 0.000000
0.918317
0.080220
0.001463
0.000085 0.017738 0.328623
0.003820 0.480693 0.169036
0.000000 0.000000 0.000004
0.140209
0.859788
0.000004
0.066727
0.000000
0.933273
0.653038 0.005132
0.000321 0.000000
0.096052 0.245458
0.972154
0.000224
0.027622
0.753841 0.004151
0.001020 0.000000
0.079772 0.161216
0.893121
0.002638
0.104241
0.295753
0.000011
0.704236
0.971723
0.022695
0.005582
0.336990 0.000153
0.000008 0.000000
0.388828 0.274021
0.121290 0.666343
0.210033 0.000896
0.000054 0.001384
0.132761 0.002552
0.004326 0.000000
0.586042 0.274319
0.419673 0.555170
0.021991 0.000004
0.000206 0.002956
0.824140
0.174982
0.000878
0.991445
0.004095
0.004460
0.236560
0.000010
0.763430
0.096308
0.903690
0.000002
0.928251
0.004678
0.067071
0.974899
0.003293
0.021808
0.030217 0.437124 0.386100
0.131348 0.012910 0.000001
0.000007 0.000215 0.002077
0.126940 0.556431 0.198834
0.098046 0.001422 0.000000
0.000181 0.002803 0.015343
0.027766 0.000052
0.000119 0.000000
0.558914 0.413149
0.977500
0.015629
0.006871
0.000013
0.000000
0.999987
0.850668
0.148022
0.001310
0.523524
0.476302
0.000173
0.951165
0.037117
0.011718
0.006150 0.219478 0.678539
0.030084 0.064924 0.000330
0.000001 0.000039 0.000456
0.889678
0.110206
0.000116
0.376413 0.506049
0.100938 0.000025
0.001102 0.015474
0.002976 0.599086
0.324107 0.073830
0.000000 0.000001
0.004923 0.000000
0.000000 -0.000000
0.925061 0.070016
0.235562 0.492438 0.089722
0.152489 0.000515 0.000000
0.000510 0.005731 0.023033
0.814919 0.077935
0.039276 0.000000
0.016329 0.051541
0.172590
0.827278
0.000131
0.799865
0.200043
0.000093
0.002777 0.600943
0.323285 0.072994
0.000000 0.000001
0.085326
0.000237
0.914437
0.967151
0.010790
0.022059
0.001612
0.000000
0.998388
0.005823
0.994177
0.000000
0.046708
0.953291
0.000000
0.496833 0.007519
0.001971 0.000000
0.167671 0.326006
0.158792 0.721573
0.117635 0.000321
0.000068 0.001612
0.990519
0.005079
0.004402
0.242021
0.757926
0.000053
0.881082
0.118334
0.000584
0.021442 0.000042
0.000102 0.000000
0.623856 0.354558
0.002367
0.000000
0.997633
0.725728
0.274177
0.000095
0.051869 0.784393
0.158021 0.005264
0.000011 0.000442
0.806017 0.011602
0.004291 0.000000
0.072937 0.105153
0.421122
0.578807
0.000071
0.605859
0.394116
0.000025
0.447932 0.474372
0.054516 0.000020
0.001924 0.021235
0.025582
0.974416
0.000002
0.382490 0.373833
0.235077 0.000163
0.000818 0.007621
0.471848 0.375157
0.114354 0.000240
0.005236 0.033166
0.915410
0.018328
0.066263
0.192325 0.716806
0.085798 0.000133
0.000211 0.004726
0.523956
0.000073
0.475971
0.242246
0.757736
0.000019
0.093745
0.906253
0.000002
0.049126
0.950873
0.000000
0.768290 0.080458
0.019395 0.000002
0.041475 0.090380
0.308311 0.600351
0.069967 0.000966
0.002032 0.018372
0.717794 0.117554
0.065513 0.000104
0.039412 0.059622
0.069664 0.234310
0.689675 0.000588
0.000243 0.005521
0.909328
0.089739
0.000933
0.153324
0.846670
0.000006
0.990929
0.006765
0.002306
0.460748 0.326214
0.202504 0.000034
0.000935 0.009564
0.000048 0.008882
0.038093 0.952975
0.000000 0.000001
0.002179 0.043224 0.199762 0.381632
0.018874 0.215637 0.127687 0.010558
0.000001 0.000014 0.000085 0.000348
0.938339
0.000665
0.060995
0.946023
0.051566
0.002411
0.956889
0.030038
0.013073
0.200783 0.000525
0.000049 0.000000
0.606995 0.191648
0.491070
0.508664
0.000266
0.372002 0.523821
0.090641 0.000016
0.000834 0.012687
0.891307
0.108247
0.000446
0.122342 0.527179
0.347944 0.001602
0.000042 0.000891
0.827643 0.100571
0.022485 0.000000
0.005642 0.043660
0.890982
0.001585
0.107433
0.713123 0.000798
0.000052 0.000000
0.111895 0.174132
0.720856 0.222858
0.029707 0.000005
0.004993 0.021580
0.021977 0.459411
0.164100 0.353995
0.000023 0.000494
0.007211
0.992789
0.000000
0.488628 0.003489 0.000009
0.000868 0.000000 0.000000
0.306837 0.156860 0.043309
0.114331 0.624247
0.259074 0.000023
0.000041 0.002283
0.965519
0.010935
0.023546
0.026950 0.575934
0.219395 0.177440
0.000010 0.000273
0.080717
0.919277
0.000006
0.014791 0.399601 0.414933
0.155284 0.013022 0.000000
0.000003 0.000149 0.002217
0.163873 0.742970
0.088820 0.000346
0.000170 0.003821
0.943971
0.052897
0.003132
0.866584 0.029858
0.012155 0.000000
0.023224 0.068180
0.094385 0.006539
0.032878 0.000002
0.322415 0.543782
0.211740
0.788216
0.000044
0.417307
0.582458
0.000235
0.311528
0.688450
0.000022
0.669292 0.193629
0.106369 0.000005
0.005048 0.025657
0.000000 0.000366
0.001187 0.998447
0.000000 0.000000
0.972612
0.026013
0.001376
0.947966
0.043685
0.008349
0.434617 0.345706
0.211577 0.000011
0.000616 0.007473
0.144361
0.000043
0.855596
0.000004 0.003530
0.003915 0.992551
0.000000 0.000000
0.010003
0.000002
0.989996
0.039743
0.960225
0.000032
0.078144 0.000055
0.000008 0.000000
0.696464 0.225328
0.470980
0.000223
0.528797
0.009667
0.990333
0.000000
0.883113
0.087044
0.029843
0.967558
0.000069
0.032373
0.000524
0.000000
0.999476
0.849359 0.066917
0.030609 0.000000
0.009252 0.043863
0.780841
0.000030
0.219129
0.652111
0.347649
0.000240
0.989636
0.002402
0.007962
0.000162
0.999838
0.000000
0.908651
0.090644
0.000706
0.166597
0.000000
0.833402
0.204732
0.795262
0.000006
0.230738
0.769235
0.000027
0.077579 0.000451
0.001490 0.000000
0.300687 0.619793
0.015090 0.304099 0.584687
0.052860 0.042722 0.000120
0.000002 0.000042 0.000379
0.138814 0.217403
0.621733 0.000359
0.001468 0.020223
0.788164
0.000758
0.211078
0.005518 0.426093
0.083503 0.484869
0.000000 0.000017
0.045848
0.000000
0.954152
0.976496
0.018616
0.004888
0.175813 0.491488
0.316647 0.013118
0.000275 0.002660
0.990708
0.002463
0.006829
0.980381
0.006273
0.013346
0.960022
0.013054
0.026924
0.011049 0.858249
0.127010 0.003682
0.000000 0.000009
0.004151
0.995848
0.000000
0.849087 0.017506
0.007694 0.000000
0.039699 0.086014
0.209830
0.002431
0.787739
0.000145
0.000000
0.999855
0.032979
0.000000
0.967021
0.616482
0.382910
0.000608
0.041138 0.835801
0.122713 0.000163
0.000002 0.000182
0.198572 0.713348
0.084668 0.000006
0.000080 0.003325
0.149544 0.508641
0.337929 0.002324
0.000101 0.001460
0.046393
0.953302
0.000306
0.139563 0.517145
0.340899 0.001210
0.000058 0.001125
0.198369 0.483001
0.315066 0.001088
0.000162 0.002313
0.984700
0.000200
0.015100
0.123488 0.404315 0.239460
0.165220 0.016716 0.000046
0.001354 0.010925 0.038476
0.361258 0.035158 0.001600
0.011639 0.000010 0.000000
0.218012 0.226099 0.146223
0.070410 0.613124
0.309527 0.006570
0.000013 0.000356
0.022798 0.680201
0.267773 0.029120
0.000002 0.000106
0.453595 0.000107
0.000001 0.000000
0.434422 0.111876
0.334231 0.401718
0.256024 0.000471
0.000821 0.006735
0.988071
0.010807
0.001122
0.252163 0.627378
0.111688 0.000496
0.000558 0.007717
0.050179
0.949735
0.000085
0.957742
0.032006
0.010253
0.000001 0.001404
0.000229 0.998367
0.000000 0.000000
0.162624
0.001611
0.835765
0.311401
0.688571
0.000028
0.707609
0.000011
0.292380
0.023230 0.000001
0.000000 -0.000000
0.873177 0.103592
0.022960 0.274894
0.659671 0.041464
0.000033 0.000978
0.903754
0.012415
0.083831
0.000296 0.052619
0.019866 0.927218
0.000000 0.000000
0.963325
0.032192
0.004483
0.981963
0.000433
0.017604
0.973264
0.021954
0.004782
0.000007 0.002887
0.003413 0.993693
0.000000 0.000000
0.766400
0.229535
0.004064
0.990496
0.000326
0.009179
0.902705
0.000378
0.096918
0.196943
0.803043
0.000015
0.984863
0.000177
0.014960
0.007656 0.559724
0.085038 0.347575
0.000000 0.000007
0.916971
0.000396
0.082634
0.978132
0.006614
0.015254
0.993890
0.003906
0.002203
0.003556 0.610635
0.054729 0.331079
0.000000 0.000002
0.414681 0.357452
0.220380 0.000015
0.000560 0.006912
0.146799 0.512981
0.337677 0.001224
0.000067 0.001252
0.195074 0.000078
0.000002 0.000000
0.592872 0.211974
0.767078 0.108982
0.020300 0.000000
0.017492 0.086149
0.869044
0.000015
0.130941
0.898618
0.003512
0.097870
0.052087 0.755526
0.192000 0.000134
0.000003 0.000250
0.890800
0.000028
0.109171
0.049621
0.950376
0.000003
0.283314
0.716573
0.000113
0.875578
0.124376
0.000046
0.272455 0.229069 0.016732
0.183913 0.000075 0.000000
0.009465 0.075109 0.213182
0.224713 0.490271
0.281572 0.000098
0.000167 0.003178
0.764916 0.088179
0.027651 0.000000
0.019055 0.100199
0.057666 0.507138 0.348942
0.074236 0.004611 0.000000
0.000043 0.000891 0.006474
0.920638
0.000453
0.078909
0.103529 0.760725
0.132847 0.001507
0.000050 0.001342
0.249126
0.750865
0.000009
0.407982 0.395824
0.155737 0.000022
0.002749 0.037685
0.518482 0.396620
0.054534 0.000004
0.002466 0.027894
0.367754
0.000100
0.632146
0.097386 0.678356
0.210659 0.012240
0.000073 0.001286
0.503298
0.496590
0.000112
0.422527
0.000006
0.577467
0.976553
0.021998
0.001449
0.255724 0.657777
0.078008 0.000062
0.000423 0.008006
0.017066 0.442457 0.457697
0.075016 0.006524 0.000000
0.000002 0.000080 0.001158
0.103538 0.802284
0.092104 0.000595
0.000046 0.001432
0.971214
0.028425
0.000361
0.407139 0.476740
0.106540 0.000018
0.000660 0.008904
0.600075
0.399773
0.000152
0.034282 0.000016
0.000005 0.000000
0.769323 0.196373
0.970939
0.000266
0.028795
0.954332
0.000085
0.045583
0.945866
0.038894
0.015240
0.809354
0.186932
0.003713
0.001613 0.073419 0.417935
0.036712 0.419538 0.050742
0.000000 0.000003 0.000037
0.000074 0.031057
0.011182 0.957687
0.000000 0.000000
0.868717
0.000373
0.130911
0.712462
0.287058
0.000480
0.656104
0.343534
0.000361
0.020882
0.000004
0.979115
0.715510 0.157421
0.083971 0.000000
0.005484 0.037614
0.046460
0.953540
0.000000
0.422274 0.003793
0.000766 0.000000
0.231816 0.341351
0.253018
0.746911
0.000071
0.241316 0.458000
0.296846 0.000476
0.000233 0.003130
0.018518 0.538075
0.320930 0.122437
0.000001 0.000039
0.976822
0.019790
0.003388
0.961664
0.037676
0.000660
0.749412 0.129501
0.067880 0.000004
0.012225 0.040979
0.492193 0.296409
0.182927 0.001626
0.006108 0.020737
0.049214 0.816179
0.134229 0.000117
0.000003 0.000258
0.933202
0.000084
0.066715
0.962342
0.034960
0.002698
0.000000 0.000952
0.000068 0.998980
0.000000 0.000000
0.953283
0.042101
0.004616
0.399791 0.429131 0.021061
0.073363 0.000007 0.000000
0.001087 0.014998 0.060562
0.989093
0.002802
0.008105
0.236034
0.000000
0.763965
0.220058 0.493081
0.283503 0.000111
0.000162 0.003085
0.058788
0.000000
0.941212
0.031299
0.968701
0.000000
0.025460 0.773941
0.144177 0.056264
0.000004 0.000155
0.931838
0.003592
0.064570
0.257652 0.409753 0.053881
0.166012 0.000246 0.000000
0.002256 0.023493 0.086707
0.017914 0.666111
0.247153 0.068666
0.000003 0.000154
0.458421
0.000017
0.541562
0.891674 0.039271
0.002770 0.000000
0.018127 0.048158
0.996464
0.001626
0.001910
0.005639
0.994360
0.000002
0.979269
0.017578
0.003153
0.156958
0.000028
0.843014
0.751675 0.109797
0.010122 0.000000
0.019764 0.108641
0.573073
0.426471
0.000455
0.937166
0.061004
0.001831
0.051620 0.125421
0.804572 0.000012
0.000445 0.017930
0.608884 0.017161
0.001324 0.000000
0.141770 0.230861
0.219481
0.780505
0.000013
0.365358 0.384805
0.242553 0.000116
0.000621 0.006547
0.000000 0.000052
0.000085 0.999864
0.000000 0.000000
0.000057 0.021649
0.006822 0.971473
0.000000 0.000000
0.016531
0.983459
0.000010
0.961135
0.035951
0.002914
0.985656
0.000336
0.014008
0.787070
0.004707
0.208223
0.083294
0.916705
0.000001
0.020177 0.128178
0.840634 0.004298
0.000234 0.006479
0.783930
0.000338
0.215733
0.392124
0.000020
0.607857
0.450301 0.491575
0.050880 0.000004
0.000472 0.006768
0.065643
0.934355
0.000003
0.535236
0.464688
0.000076
0.046628 0.426482 0.433398
0.071749 0.016092 0.000022
0.000045 0.000759 0.004825
0.821722 0.056688
0.019549 0.000000
0.019988 0.082053
0.030980
0.969020
0.000000
0.083888
0.916106
0.000006
0.963278
0.033377
0.003344
0.242578 0.625676
0.127352 0.000004
0.000115 0.004274
0.000003 0.004716
0.001495 0.993786
0.000000 0.000000
0.611862
0.000319
0.387819
0.013020
0.986980
0.000000
0.926281
0.000714
0.073005
0.941493
0.006716
0.051791
0.003075 0.749101
0.119979 0.127842
0.000000 0.000003
0.951776
0.000285
0.047939
0.417782 0.349705 0.056116
0.099546 0.000635 0.000000
0.004713 0.023104 0.048399
0.637148
0.362614
0.000238
0.834313
0.164552
0.001135
0.251993 0.706448
0.038621 0.001267
0.000149 0.001522
0.000513 0.074329 0.761734
0.005488 0.153911 0.004012
0.000000 0.000001 0.000014
0.226508 0.638144
0.130125 0.000040
0.000181 0.005001
0.939961
0.000309
0.059730
0.053353 0.687318
0.129690 0.128656
0.000056 0.000928
0.617677
0.000058
0.382265
0.009056
0.990944
0.000000
0.026728
0.973170
0.000102
0.009875
0.000000
0.990125
0.980017
0.011103
0.008880
0.368431 0.002460
0.000132 0.000000
0.375385 0.253592
0.713365 0.215773
0.036773 0.000001
0.004151 0.029938
0.574465 0.018048
0.003721 0.000000
0.101307 0.302459
0.027263
0.972736
0.000000
0.934879
0.063571
0.001551
0.844095 0.046433
0.016460 0.000000
0.024539 0.068473
0.371716 0.000403
0.000010 0.000000
0.404890 0.222981
0.051955 0.552112
0.353384 0.042290
0.000012 0.000248
0.811530 0.103060
0.028188 0.000000
0.010688 0.046533
0.709147 0.173635
0.017291 0.000000
0.013908 0.086019
0.147473
0.000000
0.852527
0.995439
0.000965
0.003596
0.932740
0.054296
0.012964
0.000190 0.014645 0.169910 0.604493
0.001526 0.097745 0.105692 0.005738
0.000000 0.000001 0.000007 0.000053
0.054789 0.848055
0.085306 0.011715
0.000004 0.000131
0.659002
0.340975
0.000023
0.003871 0.610669
0.341084 0.044374
0.000000 0.000001
0.038046
0.000000
0.961954
0.710913 0.016054
0.002745 0.000000
0.083509 0.186779
0.971230
0.012064
0.016706
0.016215
0.983752
0.000032
0.000042 0.089100
0.003545 0.907312
0.000000 0.000000
0.057610
0.942389
0.000001
0.134144 0.437281 0.127875
0.289364 0.003005 0.000000
0.000110 0.001440 0.006782
0.263522 0.411160 0.041772
0.264414 0.000210 0.000000
0.000281 0.003668 0.014973
0.010557 0.489728
0.055256 0.444426
0.000001 0.000033
0.741932 0.050267
0.004197 0.000000
0.044295 0.159308
0.414459 0.056810 0.001204 0.000008
0.017284 0.000001 0.000000 -0.000000
0.058607 0.155957 0.175763 0.119908
0.980795
0.005545
0.013660
0.334499 0.422939
0.235647 0.000025
0.000424 0.006465
0.569704
0.254977
0.175319
0.579804 0.037248 0.000495
0.005402 0.000000 0.000000
0.090623 0.160581 0.125847
0.030953 0.841526
0.117212 0.010149
0.000003 0.000157
0.000001 0.001914
0.000425 0.997660
0.000000 0.000000
0.228053 0.000686
0.000118 0.000000
0.462358 0.308785
0.172478 0.497855
0.327874 0.000285
0.000071 0.001437
0.976638
0.020241
0.003121
0.935212
0.000706
0.064082
0.612956
0.002412
0.384631
0.978087
0.015802
0.006111
0.560949 0.347118
0.073602 0.000002
0.001555 0.016774
0.190586
0.809402
0.000012
0.581193 0.191531
0.067835 0.000009
0.027643 0.131789
0.072788 0.876502
0.047391 0.003192
0.000004 0.000123
0.142022
0.000000
0.857978
0.902883
0.002731
0.094386
0.150281 0.575052 0.179963
0.066229 0.000711 0.000000
0.000302 0.004436 0.023025
0.082979
0.917020
0.000000
0.886362
0.105344
0.008294
0.893017
0.011760
0.095223
0.864979
0.134539
0.000482
0.002143 0.169750
0.079844 0.748261
0.000000 0.000002
0.898227
0.006532
0.095241
0.752844 0.021218
0.006749 0.000000
0.083392 0.135796
0.886848
0.107009
0.006143
0.005718 0.830883
0.146646 0.016747
0.000000 0.000006
0.069251
0.930748
0.000000
0.901571
0.096265
0.002164
0.870089
0.000011
0.129900
0.078647 0.650241
0.269659 0.000111
0.000022 0.001320
0.895417
0.097914
0.006670
0.812525
0.000042
0.187433
0.006566
0.993432
0.000001
0.980868
0.001464
0.017669
0.575656 0.276818
0.121623 0.000006
0.002708 0.023190
0.049926
0.950073
0.000000
0.054851 0.417788 0.239583
0.274609 0.010669 0.000001
0.000016 0.000311 0.002173
0.866952
0.120963
0.012086
0.390615
0.000210
0.609175
0.006490
0.000000
0.993510
0.043764 0.824040
0.114623 0.017163
0.000011 0.000398
0.931368
0.003825
0.064808
0.032572 0.566981
0.354147 0.046197
0.000003 0.000100
0.749950
0.000128
0.249922
0.029329
0.970671
0.000000
0.730573
0.268174
0.001253
0.991082
0.005654
0.003264
0.102753 0.538557
0.356209 0.001821
0.000026 0.000633
0.075953 0.665167
0.231296 0.026623
0.000049 0.000911
0.262729 0.650643
0.076987 0.000096
0.000526 0.009019
0.007387 0.000003
0.000005 0.000000
0.787289 0.205316
0.593226 0.320749
0.051593 0.000001
0.002948 0.031483
0.431360 0.010741
0.002379 0.000000
0.254873 0.300648
0.832425
0.022451
0.145124
0.000116
0.999884
0.000000
0.915071
0.001037
0.083892
0.830223
0.169517
0.000260
0.547834 0.233883
0.087567 0.000033
0.020521 0.110161
0.979122
0.000169
0.020709
0.463030
0.536674
0.000296
0.842616
0.157092
0.000292
0.662775
0.000819
0.336406
0.674546 0.028587 0.000297
0.011580 0.000000 0.000000
0.092190 0.119296 0.073504
0.023652 0.128641
0.841673 0.000178
0.000119 0.005737
0.048739
0.950998
0.000263
0.687482 0.064385
0.013040 0.000001
0.081884 0.153207
0.627440
0.000021
0.372539
0.606475
0.393244
0.000281
0.090543 0.546088
0.363061 0.000028
0.000005 0.000277
0.981208
0.010515
0.008277
0.106065 0.795768
0.096407 0.000467
0.000040 0.001253
0.974817
0.024843
0.000340
0.017938 0.248417
0.714912 0.018137
0.000015 0.000581
0.177414
0.822555
0.000032
0.853463 0.119434
0.003786 0.000000
0.003741 0.019576
0.574620
0.424845
0.000535
0.883681
0.054095
0.062225
0.116579
0.883416
0.000005
0.323348
0.676488
0.000164
0.149341 0.596747
0.251775 0.000032
0.000049 0.002056
0.258151
0.740627
0.001222
0.753855
0.245899
0.000246
0.738603 0.148313
0.079712 0.000001
0.004945 0.028426
0.474626 0.334031
0.177660 0.000005
0.001053 0.012625
0.988345
0.001411
0.010244
0.075256 0.751960
0.170543 0.001605
0.000018 0.000619
0.958573
0.040715
0.000712
0.616000 0.191892
0.020374 0.000057
0.049572 0.122105
0.004400 0.288535
0.087941 0.619095
0.000001 0.000028
0.192806
0.807182
0.000012
0.546433 0.025543
0.007365 0.000000
0.136239 0.284420
0.532053
0.000061
0.467886
0.885565
0.000094
0.114340
0.211573 0.529618
0.256310 0.000026
0.000079 0.002394
0.013664 0.282092
0.670203 0.033726
0.000007 0.000309
0.075590 0.554480
0.367525 0.002055
0.000011 0.000340
0.004255 0.448657
0.177950 0.369136
0.000000 0.000003
0.485313
0.514096
0.000590
0.908555
0.000014
0.091431
0.001836
0.998164
0.000000
0.951305
0.000846
0.047849
0.976034
0.003762
0.020204
0.170270 0.736799
0.087697 0.000558
0.000223 0.004453
0.441367 0.016205
0.030017 0.000000
0.132660 0.379751
0.898041
0.100758
0.001200
0.000000 0.000410
0.000056 0.999534
0.000000 0.000000
0.859729
0.134523
0.005748
0.260963 0.001387 0.000001
0.000227 0.000000 -0.000000
0.351577 0.288825 0.097019
0.005852 0.134229
0.836393 0.022763
0.000012 0.000751
0.185465 0.615487
0.196775 0.000006
0.000049 0.002217
0.002404 0.195465 0.687189
0.044633 0.070227 0.000019
0.000000 0.000003 0.000060
0.000005 0.029486
0.002415 0.968094
0.000000 0.000000
0.350997
0.648998
0.000004
0.397667
0.000395
0.601939
0.030579
0.969420
0.000001
0.011221
0.988779
0.000000
0.021137
0.978862
0.000001
0.954701
0.000049
0.045250
0.515313
0.484542
0.000145
0.041888
0.958111
0.000002
0.918097
0.000347
0.081556
0.792696
0.021179
0.186125
0.000436 0.368287
0.097481 0.533796
0.000000 0.000000
0.775156
0.220789
0.004056
0.000003 0.004488
0.001038 0.994472
0.000000 0.000000
0.991615
0.008171
0.000214
0.040783 0.554374
0.350198 0.054484
0.000006 0.000154
0.898552
0.080492
0.020956
0.019120
0.980880
0.000000
0.978696
0.011006
0.010299
0.012747
0.987253
0.000000
0.983606
0.000174
0.016220
0.982968
0.002609
0.014424
0.087669 0.679997
0.230959 0.000050
0.000021 0.001303
0.399505
0.600409
0.000086
0.528606 0.012620 0.000039
0.000825 0.000000 0.000000
0.125093 0.203636 0.129181
0.685413 0.019973
0.002284 0.000000
0.102034 0.190296
0.966660
0.027243
0.006096
0.553641 0.264947
0.159884 0.000079
0.003256 0.018192
0.125077 0.249517
0.608615 0.000556
0.000994 0.015241
0.543147 0.011382
0.000853 0.000000
0.198679 0.245940
0.255205 0.447336
0.290370 0.002082
0.000516 0.004490
0.112057
0.887940
0.000003
0.139755 0.518875
0.340561 0.000055
0.000019 0.000734
0.636805
0.362306
0.000889
0.421377 0.009650
0.016045 0.000000
0.179131 0.373798
0.967399
0.005402
0.027200
0.970497
0.009017
0.020486
0.391967 0.035393 0.001151
0.010855 0.000003 0.000000
0.174182 0.226499 0.159949
0.019885
0.980097
0.000018
0.804005
0.191880
0.004115
0.770796 0.155308
0.050560 0.000000
0.002896 0.020440
0.992174
0.007291
0.000535
0.893899
0.002502
0.103600
0.404221 0.515843
0.068392 0.000012
0.000754 0.010779
0.012868
0.987132
0.000000
0.030814
0.000121
0.969065
0.000313 0.082572
0.021367 0.895748
0.000000 0.000000
0.205969
0.794030
0.000001
0.112641 0.000084 0.000000
0.000004 0.000000 -0.000000
0.750636 0.123809 0.012827
0.393027 0.365706
0.230223 0.000444
0.001268 0.009333
0.425161 0.484999
0.083200 0.000040
0.000542 0.006057
0.109170 0.011061
0.055218 0.000006
0.278095 0.546450
0.959978
0.004456
0.035566
0.451364
0.548544
0.000093
0.013959 0.262056
0.720218 0.003532
0.000003 0.000232
0.256599 0.000241
0.000009 0.000000
0.480485 0.262666
0.761115 0.013634
0.000843 0.000000
0.090634 0.133773
0.408780 0.359763
0.224557 0.000017
0.000451 0.006432
0.005764 0.496976
0.233615 0.263640
0.000000 0.000006
0.944157
0.054337
0.001507
0.986936
0.000579
0.012485
0.504063 0.297952
0.181876 0.000081
0.002060 0.013968
0.135488 0.731319
0.131645 0.000440
0.000041 0.001067
0.923269
0.045003
0.031728
0.518136 0.299088
0.157552 0.000041
0.003365 0.021819
0.967998
0.014204
0.017798
0.985094
0.000983
0.013923
0.770030 0.164188
0.021500 0.000009
0.011871 0.032402
0.237439 0.673183
0.079956 0.000901
0.000614 0.007907
0.488735 0.006396
0.000439 0.000000
0.246587 0.257842
0.012772
0.000000
0.987228
0.855278
0.000749
0.143973
0.814082 0.063804
0.029917 0.000000
0.018697 0.073501
0.956341
0.042606
0.001054
0.048175 0.806649
0.140338 0.004664
0.000004 0.000170
0.958232
0.023340
0.018428
0.239763 0.664376
0.091246 0.000115
0.000230 0.004270
0.952932
0.044351
0.002716
0.138498 0.515638
0.334402 0.009814
0.000115 0.001533
0.017693
0.982301
0.000006
0.909917
0.084003
0.006080
0.934531
0.063431
0.002038
0.100043 0.633010
0.262352 0.001451
0.000111 0.003032
0.181753 0.000428
0.000070 0.000000
0.654001 0.163748
0.070744 0.653227
0.274833 0.000517
0.000013 0.000666
0.053910
0.945701
0.000389
0.712548 0.233085
0.035537 0.000000
0.001101 0.017729
0.972938
0.020531
0.006531
0.976264
0.004167
0.019570
0.992087
0.000579
0.007334
0.852349
0.146690
0.000961
0.541834
0.000030
0.458136
0.112215 0.529456
0.350838 0.006509
0.000059 0.000923
0.322988 0.409276
0.261006 0.000380
0.000578 0.005772
0.091723 0.771007
0.135096 0.001147
0.000032 0.000994
0.984768
0.014168
0.001063
0.708414 0.203385
0.051184 0.000000
0.004287 0.032729
0.062304
0.937695
0.000001
0.954633
0.043131
0.002236
0.182999 0.539921
0.272969 0.001815
0.000146 0.002150
0.267843 0.692967
0.038013 0.000048
0.000054 0.001075
0.014252
0.985748
0.000000
0.056090 0.398739 0.264476
0.259607 0.018343 0.000004
0.000022 0.000376 0.002344
0.811261 0.060575
0.005102 0.000000
0.015482 0.107579
0.110796 0.677242
0.198539 0.011992
0.000078 0.001352
0.014726 0.326107 0.583391
0.047372 0.027369 0.000027
0.000003 0.000090 0.000916
0.942174
0.000822
0.057004
0.504767 0.415068
0.046226 0.000004
0.002755 0.031179
0.665850
0.000122
0.334028
0.548840
0.450969
0.000191
0.932197
0.001973
0.065830
0.014874
0.000000
0.985126
0.959685
0.036211
0.004104
0.555559 0.277774
0.144594 0.000006
0.002236 0.019831
0.516777 0.008273
0.001832 0.000000
0.152782 0.320337
0.988623
0.005790
0.005586
0.071073
0.000000
0.928927
0.441346
0.000004
0.558650
0.814997 0.051717
0.004562 0.000000
0.019402 0.109322
0.127168 0.578163 0.184725
0.102782 0.001193 0.000000
0.000046 0.000856 0.005066
0.994763
0.002020
0.003217
0.001966
0.998034
0.000000
0.958762
0.038103
0.003135
0.012248 0.704589
0.277826 0.005312
0.000000 0.000025
0.998695
0.001065
0.000240
0.114313
0.885685
0.000001
0.775111 0.091366
0.020613 0.000000
0.024833 0.088077
0.693141
0.306840
0.000019
0.957131
0.013870
0.028999
0.466728
0.533270
0.000002
0.146865 0.758748
0.090947 0.000327
0.000120 0.002994
0.974653
0.005484
0.019863
0.054919 0.652710
0.278113 0.012302
0.000061 0.001895
0.983260
0.016183
0.000557
0.924554
0.002060
0.073386
0.000002 0.002607
0.000591 0.996800
0.000000 0.000000
0.965763
0.019358
0.014879
0.996800
0.002850
0.000350
0.762465 0.185899
0.029301 0.000000
0.002581 0.019755
0.018172 0.000002
0.000000 -0.000000
0.906139 0.075686
0.807738
0.167339
0.024923
0.392612 0.507354
0.088018 0.000182
0.001245 0.010589
0.019350 0.817528
0.162035 0.001038
0.000000 0.000049
0.411906 0.422427
0.147561 0.000066
0.001577 0.016463
0.105685
0.894315
0.000000
0.875250
0.124576
0.000175
0.682064
0.317575
0.000361
0.421242
0.000101
0.578657
0.000000 0.000241
0.000564 0.999194
0.000000 0.000000
0.010762
0.989201
0.000037
0.015470 0.573204
0.342865 0.068439
0.000000 0.000022
0.636216
0.363509
0.000275
0.231759 0.599196
0.167141 0.000003
0.000046 0.001855
0.838539
0.160243
0.001218
0.000066 0.027269
0.009778 0.962888
0.000000 0.000000
0.089335
0.910200
0.000465
0.985393
0.005353
0.009254
0.007785
0.992215
0.000000
0.959786
0.016397
0.023817
0.000000 0.000180
0.000019 0.999801
0.000000 0.000000
0.000523 0.126089
0.053846 0.819541
0.000000 0.000000
0.993395
0.004811
0.001794
0.012255
0.987743
0.000002
0.979214
0.018925
0.001861
0.963056
0.000523
0.036420
0.030287
0.969712
0.000001
0.045792 0.696728
0.248641 0.008548
0.000007 0.000284
0.976776
0.005790
0.017434
0.236618 0.000359
0.000109 0.000000
0.272972 0.489943
0.057563 0.121573
0.784198 0.000237
0.001829 0.034600
0.922798
0.075646
0.001556
0.059349
0.940585
0.000067
0.233607
0.766376
0.000017
0.000000 0.000154
0.000019 0.999827
0.000000 0.000000
0.880259
0.106791
0.012950
0.568455 0.261243
0.153784 0.000008
0.001808 0.014702
0.000004 0.005033
0.001295 0.993668
0.000000 0.000000
0.000116 0.027292
0.006551 0.966040
0.000000 0.000000
0.937218
0.062324
0.000458
0.549056 0.278607
0.163853 0.000000
0.000435 0.008049
0.425906 0.495574
0.056455 0.000007
0.001465 0.020593
0.957825
0.002535
0.039640
0.115834 0.751231
0.131758 0.000058
0.000022 0.001096
0.978005
0.015502
0.006493
0.603861 0.005861
0.002285 0.000000
0.258306 0.129688
0.000041 0.020927
0.007094 0.971939
0.000000 0.000000
0.362636 0.519099
0.103777 0.000018
0.000878 0.013592
0.273813
0.000136
0.726051
0.972336
0.000074
0.027590
0.460988 0.430122 0.017261
0.042305 0.000002 0.000000
0.000733 0.009895 0.038694
0.514719 0.439515
0.037639 0.000000
0.000323 0.007804
0.643478 0.029866
0.007900 0.000000
0.069227 0.249530
0.245325
0.754432
0.000243
0.796196
0.201671
0.002133
0.424469 0.487144
0.055938 0.000101
0.003284 0.029064
0.929431
0.063380
0.007189
0.021150
0.978850
0.000000
0.798431 0.063621
0.013294 0.000000
0.021743 0.102911
0.000061 0.014733 0.277947
0.004929 0.596340 0.105990
0.000000 0.000000 0.000000
0.000634 0.072898 0.626968
0.014222 0.278588 0.006676
0.000000 0.000001 0.000013
0.027411
0.972589
0.000000
0.965232
0.022973
0.011795
0.063168 0.758728
0.162470 0.014940
0.000024 0.000670
0.661389
0.000123
0.338488
0.655481
0.344347
0.000172
0.991655
0.007472
0.000873
0.043954 0.675922
0.279470 0.000210
0.000005 0.000439
0.620597 0.071465
0.008567 0.000006
0.127872 0.171493
0.097879 0.000054
0.000006 0.000000
0.679619 0.222441
0.401465 0.446360 0.057939
0.054565 0.000124 0.000000
0.001335 0.009973 0.028239
0.371459 0.523234
0.090587 0.000040
0.000922 0.013758
0.664048 0.234016
0.033266 0.000001
0.007882 0.060788
0.260521
0.739414
0.000066
0.082432
0.917461
0.000106
0.957360
0.039159
0.003482
0.949430
0.002172
0.048397
0.009621 0.470570
0.264779 0.255018
0.000000 0.000013
0.071240 0.448157 0.335669
0.124173 0.015089 0.000014
0.000062 0.000879 0.004717
0.054363 0.841169
0.096236 0.007618
0.000017 0.000597
0.737980 0.127663
0.052236 0.000004
0.018134 0.063983
0.000965
0.000000
0.999035
0.060623 0.119921
0.771338 0.000730
0.002935 0.044453
0.282571
0.717404
0.000025
0.718919 0.004648
0.001208 0.000000
0.114478 0.160747
0.783799
0.011046
0.205154
0.353130 0.391280
0.247883 0.000263
0.000708 0.006736
0.000008 0.016482
0.000621 0.982889
0.000000 0.000000
0.069092
0.930691
0.000217
0.633342 0.113287
0.033504 0.000001
0.037007 0.182860
0.823988 0.046070
0.020293 0.000000
0.036665 0.072984
0.985652
0.004389
0.009959
0.186001 0.490014
0.319259 0.002303
0.000170 0.002254
0.000612 0.118067
0.039741 0.841581
0.000000 0.000000
0.000000 0.000199
0.000150 0.999651
0.000000 0.000000
0.072572 0.646694
0.263816 0.014669
0.000101 0.002149
0.239429 0.569011
0.182882 0.000558
0.000601 0.007521
0.248214
0.000001
0.751785
0.000225 0.057078 0.559117
0.024276 0.358766 0.000536
0.000000 0.000000 0.000002
0.615529 0.048498
0.012279 0.000000
0.088221 0.235473
0.900012
0.093519
0.006469
0.956354
0.011074
0.032572
0.000000 0.000270 0.016111
0.000039 0.071240 0.912339
0.000000 0.000000 0.000000
0.755111
0.000481
0.244408
0.001193
0.000000
0.998807
0.961826
0.000091
0.038083
0.006051 0.156063 0.450568 0.302082
0.025852 0.057602 0.000568 0.000000
0.000001 0.000020 0.000186 0.001007
0.968459
0.017754
0.013787
0.214108
0.000000
0.785891
0.972461
0.007710
0.019829
0.011604 0.279871 0.634543
0.033922 0.039215 0.000149
0.000002 0.000064 0.000630
0.979233
0.008089
0.012678
0.122263 0.438772 0.345757
0.050618 0.012051 0.000136
0.000888 0.006780 0.022735
0.988488
0.010719
0.000793
0.987957
0.003629
0.008413
0.000135 0.043768
0.016840 0.939256
0.000000 0.000000
0.136610 0.000911
0.000213 0.000000
0.650505 0.211760
0.001552
0.000000
0.998448
0.628047 0.019158
0.003634 0.000000
0.081920 0.267240
0.884994 0.039657
0.018135 0.000000
0.009143 0.048070
0.016222
0.000000
0.983778
0.602974
0.396831
0.000195
0.904372
0.093830
0.001798
0.789878
0.201058
0.009063
0.801890 0.107048
0.013567 0.000000
0.006362 0.071133
0.321944 0.596147
0.069751 0.000017
0.000645 0.011496
0.308501 0.595895
0.090838 0.000807
0.000364 0.003594
0.349557 0.238976 0.062618
0.100799 0.003359 0.000018
0.032951 0.086758 0.124964
0.763327 0.079491 0.000913
0.037731 0.000000 0.000000
0.015183 0.047518 0.055837
0.919939
0.077182
0.002879
0.980857
0.009275
0.009868
0.715143
0.284474
0.000383
0.439955 0.341923
0.209429 0.000015
0.000701 0.007977
0.020752
0.979239
0.000009
0.603067 0.301541
0.060941 0.000001
0.003219 0.031229
0.397860
0.602080
0.000060
0.832992
0.166092
0.000916
0.049012 0.829650
0.119270 0.001702
0.000006 0.000360
0.916831
0.081438
0.001732
0.759027
0.000074
0.240898
0.655170 0.020140
0.002202 0.000000
0.142031 0.180456
0.092902
0.907093
0.000005
0.853245
0.000148
0.146607
0.000658 0.052168
0.270038 0.677098
0.000001 0.000037
0.099264 0.564104 0.243341
0.084954 0.001729 0.000000
0.000051 0.000908 0.005649
0.645137
0.354151
0.000712
0.663271 0.000803
0.000040 0.000000
0.130211 0.205675
0.174268
0.825593
0.000140
0.001050 0.127320
0.239140 0.632485
0.000000 0.000006
0.004722
0.000000
0.995278
0.111277 0.519100
0.331777 0.036493
0.000103 0.001251
0.541523
0.000263
0.458215
0.208461
0.790986
0.000554
0.965079
0.008927
0.025994
0.661445 0.172664 0.011215
0.016121 0.000019 0.000000
0.020119 0.053254 0.065164
0.000001 0.001937
0.000205 0.997857
0.000000 0.000000
0.672136
0.000758
0.327106
0.000015 0.006499 0.200514
0.001558 0.562877 0.228536
0.000000 0.000000 0.000000
0.945246
0.001408
0.053346
0.013334
0.986665
0.000002
0.655716 0.179722
0.018293 0.000015
0.036323 0.109930
0.981286
0.005787
0.012927
0.014444
0.985554
0.000002
0.173295 0.000115
0.000005 0.000000
0.628445 0.198141
0.975711
0.003400
0.020890
0.978624
0.021278
0.000098
0.003864 0.555061
0.083809 0.357261
0.000000 0.000005
0.017183 0.251674
0.727867 0.002832
0.000007 0.000437
0.894267
0.102171
0.003562
0.431386
0.568508
0.000106
0.660941 0.003367 0.000003
0.000878 0.000000 -0.000000
0.164270 0.128712 0.041829
0.384366 0.498098
0.086123 0.001370
0.004219 0.025823
0.970481
0.028109
0.001411
0.041640
0.000000
0.958360
0.117647 0.689095
0.189151 0.000799
0.000119 0.003189
0.871054 0.035452
0.014624 0.000000
0.017805 0.061065
0.323147
0.031388
0.645465
0.949457
0.000015
0.050528
0.145449 0.513842
0.337141 0.002156
0.000078 0.001334
0.521659
0.478172
0.000169
0.548760 0.013584
0.024195 0.000000
0.063385 0.350075
0.119591
0.000352
0.880057
0.252776
0.747064
0.000161
0.840760 0.119268
0.008989 0.000000
0.005599 0.025384
0.894761
0.100072
0.005167
0.977745
0.006457
0.015797
0.787684
0.003919
0.208397
0.000024 0.017206
0.029789 0.952981
0.000000 0.000000
0.755050 0.041144
0.003218 0.000000
0.040689 0.159899
0.899855 0.039108
0.002673 0.000000
0.014049 0.044316
0.537047
0.462931
0.000022
0.943183
0.056682
0.000135
0.019609 0.756386
0.186692 0.037181
0.000002 0.000131
0.139246 0.748429
0.110105 0.000090
0.000054 0.002076
0.000000 0.000002 0.000494
0.000000 0.006377 0.993127
0.000000 0.000000 0.000000
0.946021
0.001992
0.051986
0.034067 0.123654
0.812210 0.007995
0.001442 0.020632
0.104447 0.438909 0.247838 0.038303
0.131656 0.008565 0.000005 0.000000
0.000170 0.001808 0.007909 0.020389
0.386906
0.613020
0.000074
0.192165
0.807834
0.000001
0.264070
0.000001
0.735929
0.018760
0.981240
0.000000
0.071343 0.000009
0.000000 -0.000000
0.776425 0.152223
0.000660
0.999340
0.000000
0.076416 0.554013
0.362174 0.006959
0.000017 0.000421
0.054266
0.945734
0.000001
0.380970
0.618964
0.000066
0.160739
0.000000
0.839260
0.959543
0.035581
0.004876
0.011468 0.644178
0.228648 0.115638
0.000001 0.000067
0.457302
0.542529
0.000169
0.874808
0.123669
0.001523
0.955158
0.044672
0.000170
0.007416
0.000000
0.992584
0.923668
0.000447
0.075885
0.101908 0.000011
0.000001 -0.000000
0.622172 0.275909
0.929674
0.002753
0.067573
0.613011 0.019852
0.004919 0.000000
0.088005 0.274212
0.310534
0.689421
0.000044
0.973288
0.020193
0.006519
0.732574
0.266556
0.000870
0.400637
0.000006
0.599357
0.152565
0.847435
0.000000
0.754041 0.087192
0.026976 0.000000
0.010499 0.121293
0.393667
0.606287
0.000046
0.005469 0.892589
0.090902 0.011035
0.000000 0.000004
0.000010 0.011398
0.001959 0.986632
0.000000 0.000000
0.942542
0.057126
0.000332
0.846904
0.000096
0.153001
0.176065 0.000376
0.000019 0.000000
0.636709 0.186832
0.236144
0.763855
0.000001
0.776098 0.169315
0.021472 0.000001
0.006722 0.026391
0.058461
0.940861
0.000677
0.768965 0.129904
0.067139 0.000000
0.004744 0.029248
0.871297
0.003246
0.125457
0.752600
0.245848
0.001552
0.984915
0.008250
0.006835
0.622453
0.376323
0.001224
0.776536
0.000056
0.223408
0.015840
0.984160
0.000000
0.950711
0.001809
0.047480
0.946807
0.008414
0.044779
0.709975 0.156016
0.073437 0.000003
0.011771 0.048797
0.991861
0.000588
0.007551
0.082033 0.000018
0.000000 0.000000
0.775500 0.142448
0.045136 0.834072
0.119869 0.000771
0.000002 0.000150
0.014339
0.985660
0.000000
0.991503
0.003902
0.004595
0.195957 0.484448
0.316395 0.000871
0.000146 0.002184
0.949971
0.001141
0.048889
0.000001 0.001997
0.000413 0.997589
0.000000 0.000000
0.478335 0.318540
0.192711 0.000011
0.000902 0.009501
0.577858
0.421576
0.000566
0.000044 0.025558
0.005625 0.968773
0.000000 0.000000
0.905300
0.083323
0.011376
0.914680
0.011519
0.073801
0.567910 0.003581
0.000369 0.000000
0.197811 0.230329
0.000018 0.015348 0.455808
0.002907 0.519480 0.006438
0.000000 0.000000 0.000000
0.038479 0.848556
0.071280 0.041291
0.000012 0.000382
0.004352
0.995646
0.000002
0.989695
0.001515
0.008790
0.006081
0.993918
0.000001
0.941918
0.000031
0.058051
0.924228
0.000034
0.075739
0.316491 0.192411
0.436208 0.000003
0.003173 0.051714
0.004260
0.000000
0.995740
0.119326 0.584575
0.293985 0.001226
0.000032 0.000855
0.201619 0.684445
0.111094 0.000197
0.000123 0.002522
0.004318 0.688542
0.235622 0.071509
0.000000 0.000009
0.852540 0.047947
0.007485 0.000000
0.010621 0.081408
0.059251 0.849131
0.087275 0.004212
0.000004 0.000128
0.568055
0.431765
0.000180
0.025512 0.823546
0.116011 0.034898
0.000001 0.000032
0.855171
0.139095
0.005734
0.080227
0.919771
0.000001
0.908278
0.017474
0.074249
0.136019 0.518552
0.344097 0.000383
0.000038 0.000911
0.465169
0.534813
0.000018
0.995860
0.001465
0.002675
0.124560
0.875440
0.000001
0.820545
0.002470
0.176984
0.891022
0.105824
0.003154
0.092968 0.597960
0.307339 0.001224
0.000017 0.000491
0.858134 0.098747
0.011319 0.000000
0.004887 0.026912
0.001922 0.092403 0.486898
0.040956 0.357888 0.019865
0.000000 0.000005 0.000062
0.513801 0.002720
0.000246 0.000000
0.222540 0.260693
0.270973 0.441532
0.282976 0.000369
0.000286 0.003865
0.869134 0.055964
0.022461 0.000000
0.005242 0.047199
0.029616 0.865873
0.091766 0.012581
0.000003 0.000162
0.000000 0.000036
0.000021 0.999943
0.000000 0.000000
0.291100 0.623009
0.073311 0.000114
0.000789 0.011677
0.078774 0.000025
0.000001 0.000000
0.780155 0.141045
0.273739
0.726259
0.000003
0.125527
0.874471
0.000002
0.100879 0.539677
0.356890 0.001915
0.000025 0.000613
0.414149
0.000031
0.585820
0.939136
0.030670
0.030194
0.770253
0.000276
0.229471
0.029647 0.752584
0.120266 0.097266
0.000007 0.000230
0.958199
0.041594
0.000207
0.731293 0.019303
0.002298 0.000000
0.063633 0.183474
0.430915 0.514028
0.045541 0.000009
0.000659 0.008848
0.838783
0.000292
0.160924
0.834475
0.000267
0.165258
0.518540
0.478642
0.002818
0.004047 0.595984
0.067184 0.332783
0.000000 0.000001
0.036037 0.127056
0.825374 0.000062
0.000272 0.011200
0.911291
0.085907
0.002802
0.272178
0.727814
0.000008
0.634711
0.000034
0.365255
0.738026 0.084029
0.012023 0.000000
0.042920 0.123001
0.002036
0.000000
0.997964
0.260272 0.446784
0.288471 0.000481
0.000299 0.003693
0.000253 0.077185
0.027063 0.895499
0.000000 0.000000
0.001094 0.070294 0.614747
0.007032 0.227072 0.079747
0.000000 0.000001 0.000012
0.992546
0.004101
0.003353
0.068393 0.832009
0.098893 0.000138
0.000009 0.000559
0.014129 0.777907
0.146025 0.061921
0.000000 0.000018
0.972890
0.020984
0.006126
0.973435
0.002527
0.024037
0.097212
0.902782
0.000007
0.074280 0.198459 0.074945
0.576043 0.018099 0.000007
0.001327 0.012251 0.044587
0.087805 0.394938 0.233495
0.260243 0.018304 0.000011
0.000084 0.000926 0.004195
0.746441
0.249619
0.003939
0.696626 0.279988
0.013838 0.000001
0.001167 0.008381
0.070749 0.741215
0.144625 0.042038
0.000067 0.001305
0.000737
0.999263
0.000000
0.054298
0.000000
0.945702
0.946659
0.006197
0.047144
0.114887 0.621819
0.258832 0.000686
0.000134 0.003640
0.121255 0.512330
0.356555 0.007869
0.000120 0.001872
0.007127
0.992873
0.000000
0.850783
0.000199
0.149018
0.994222
0.003166
0.002612
0.726405
0.000290
0.273305
0.020111
0.979835
0.000055
0.945435
0.052443
0.002121
0.973938
0.021091
0.004971
0.956802
0.020839
0.022359
0.059990
0.940009
0.000001
0.835872
0.010731
0.153397
0.411425
0.588499
0.000076
0.957411
0.000057
0.042532
0.978797
0.000128
0.021076
0.000614
0.000000
0.999386
0.028906
0.000000
0.971094
0.878988
0.120238
0.000775
0.096866 0.835329
0.065009 0.001784
0.000037 0.000975
0.006976
0.993024
0.000000
0.047401
0.952598
0.000001
0.989352
0.009912
0.000736
0.956923
0.000863
0.042214
0.661622 0.006888
0.002652 0.000000
0.200404 0.128434
0.214982 0.471102
0.308674 0.001891
0.000289 0.003063
0.018001 0.669168
0.203069 0.109555
0.000004 0.000203
0.939334
0.000571
0.060095
0.938806
0.036763
0.024431
0.499287 0.472366
0.024827 0.000002
0.000252 0.003266
0.084383 0.793301
0.114084 0.006817
0.000056 0.001360
0.028237
0.971763
0.000000
0.153180 0.715091
0.128494 0.000440
0.000115 0.002681
0.057705 0.247577
0.691994 0.000169
0.000063 0.002492
0.456746 0.014976 0.000156 0.000001
0.000964 0.000000 0.000000 0.000000
0.203533 0.193177 0.096306 0.034141
0.801352 0.047609
0.008146 0.000000
0.029206 0.113687
0.428079 0.350582
0.215573 0.000002
0.000284 0.005481
0.351126 0.440939
0.175348 0.000054
0.002335 0.030198
0.773690 0.061982
0.004974 0.000000
0.028924 0.130430
0.000371
0.999629
0.000000
0.979958
0.006418
0.013624
0.094636
0.000001
0.905362
0.826645 0.129004
0.015693 0.000000
0.004358 0.024299
0.769661 0.004355
0.001270 0.000000
0.100399 0.124315
0.197989
0.801991
0.000020
0.001013
0.000000
0.998987
0.844820
0.000370
0.154811
0.768917
0.230287
0.000796
0.077167 0.826915
0.095348 0.000031
0.000007 0.000531
0.126013 0.747504
0.122564 0.001321
0.000107 0.002491
0.805636 0.006430
0.001989 0.000000
0.073782 0.112164
0.852232
0.146801
0.000967
0.658223 0.112523
0.030864 0.000001
0.036125 0.162265
0.966388
0.028935
0.004677
0.019344
0.000001
0.980655
0.013715 0.911786
0.072970 0.001519
0.000000 0.000011
0.000623
0.999377
0.000000
0.758457
0.000052
0.241491
0.392973 0.322785 0.027988
0.199456 0.000159 0.000000
0.002131 0.015048 0.039461
0.001148 0.327804
0.033617 0.637430
0.000000 0.000001
0.224569
0.775404
0.000028
0.696241 0.017754
0.001430 0.000000
0.076623 0.207952
0.000689 0.092792
0.201967 0.704548
0.000000 0.000004
0.969341
0.020109
0.010550
0.417461 0.344943
0.135495 0.001363
0.018710 0.082029
0.062975
0.937024
0.000001
0.732122 0.182634
0.031229 0.000005
0.010776 0.043233
0.974517
0.000100
0.025384
0.975585
0.006609
0.017806
0.595966 0.282109
0.030944 0.000033
0.015949 0.075000
0.920190
0.000017
0.079793
0.979061
0.015510
0.005430
0.208736 0.485021 0.190778
0.058016 0.001927 0.000001
0.001839 0.012920 0.040761
0.131723 0.523946
0.343389 0.000163
0.000023 0.000756
0.991790
0.000815
0.007396
0.590036 0.312522
0.041438 0.000005
0.007266 0.048732
0.000215 0.093154
0.017408 0.889223
0.000000 0.000000
0.563087 0.330394
0.067452 0.000012
0.004372 0.034683
0.376993
0.622994
0.000012
0.970153
0.000864
0.028983
0.585226
0.413759
0.001014
0.526138
0.392424
0.081438
0.901199
0.098221
0.000580
0.496985 0.000652
0.000158 0.000000
0.299755 0.202451
0.989021
0.009302
0.001677
0.960101
0.022045
0.017854
0.041863 0.677446
0.280086 0.000206
0.000004 0.000396
0.179076
0.001084
0.819840
0.487673
0.000010
0.512316
0.060124 0.564351
0.370889 0.004393
0.000007 0.000237
0.002157 0.377986
0.194794 0.425062
0.000000 0.000001
0.001553
0.000000
0.998447
0.965756
0.000075
0.034169
0.053441 0.119464
0.777343 0.002608
0.003680 0.043465
0.000005 0.007613
0.001347 0.991035
0.000000 0.000000
0.338391 0.157380
0.408782 0.000009
0.009189 0.086249
0.837187
0.000814
0.162000
0.140585 0.600820
0.254397 0.001097
0.000140 0.002961
0.010386 0.602013
0.360954 0.026637
0.000000 0.000009
0.249701
0.745846
0.004454
0.350509
0.649431
0.000060
0.096152
0.903840
0.000008
0.073334 0.830269
0.094343 0.001262
0.000021 0.000770
0.440752 0.402213
0.103731 0.000049
0.005759 0.047496
0.208319
0.791636
0.000046
0.944166
0.054877
0.000957
0.239784 0.001881
0.000126 0.000000
0.563987 0.194222
0.967854
0.029172
0.002974
0.431834 0.465297
0.080249 0.000055
0.002038 0.020527
0.873070
0.125907
0.001023
0.427468
0.572523
0.000009
0.242620 0.460079
0.295453 0.000008
0.000058 0.001782
0.131972
0.867836
0.000192
0.629536 0.038106 0.000369
0.004516 0.000000 0.000000
0.068568 0.140571 0.118334
0.933281
0.000026
0.066693
0.000018 0.002624
0.009689 0.987669
0.000000 0.000001
0.980657
0.001162
0.018182
0.004618
0.995379
0.000004
0.030162
0.969838
0.000000
0.459722
0.000002
0.540275
0.233949 0.201842
0.528154 0.000027
0.002604 0.033423
0.636698 0.211714
0.126459 0.000012
0.003546 0.021571
0.105457 0.668276
0.217161 0.008018
0.000050 0.001039
0.301674
0.698284
0.000042
0.850140
0.149148
0.000712
0.241561
0.007367
0.751072
0.490266 0.065937 0.003225 0.000087
0.006227 0.000005 0.000000 0.000000
0.097521 0.146193 0.119159 0.071381
0.006725 0.860973
0.085202 0.047088
0.000000 0.000012
0.010183 0.608874
0.372977 0.007959
0.000000 0.000007
0.007275 0.188749 0.692587
0.018416 0.087282 0.005116
0.000003 0.000060 0.000511
0.952432
0.045556
0.002012
0.943144
0.000116
0.056741
0.613922
0.386065
0.000013
0.695534
0.304170
0.000296
0.000909 0.054442 0.436793
0.014776 0.389291 0.103697
0.000000 0.000007 0.000085
0.000001 0.007944
0.001260 0.990795
0.000000 0.000000
0.842217
0.157544
0.000239
0.677570 0.207542
0.021413 0.000001
0.013350 0.080125
0.066096 0.742229
0.184118 0.006837
0.000023 0.000697
0.936020
0.058252
0.005728
0.557058 0.004357
0.000241 0.000000
0.172508 0.265836
0.973387
0.021608
0.005005
0.963766
0.002165
0.034069
0.000001 0.000967
0.000849 0.998184
0.000000 0.000000
0.960544
0.007560
0.031896
0.933691
0.064672
0.001637
0.222092 0.000704
0.000051 0.000000
0.621269 0.155884
0.971122
0.005303
0.023575
0.938626
0.051960
0.009414
0.545866 0.282592
0.110175 0.000084
0.009480 0.051803
0.819171 0.044270
0.003606 0.000000
0.015411 0.117542
0.007782 0.892277
0.094651 0.005281
0.000000 0.000008
0.667212 0.233072
0.024073 0.000001
0.008964 0.066678
0.370087 0.384208
0.239889 0.000018
0.000390 0.005407
0.028256 0.244530
0.707949 0.017719
0.000055 0.001489
0.011393 0.445247
0.150166 0.393072
0.000003 0.000119
0.152028 0.507236
0.336914 0.002215
0.000105 0.001502
0.001885 0.087106 0.462744
0.041907 0.388176 0.018145
0.000000 0.000003 0.000033
0.264826 0.669474
0.061049 0.000001
0.000112 0.004538
0.952587
0.045255
0.002158
0.558769 0.232444 0.011345
0.135309 0.000034 0.000000
0.003847 0.019747 0.038506
0.664295
0.016163
0.319541
0.811045
0.188439
0.000516
0.000000 0.000472
0.000409 0.999119
0.000000 0.000000
0.053996 0.238462
0.697525 0.005266
0.000230 0.004522
0.708897
0.291088
0.000015
0.176966 0.495472
0.324998 0.000740
0.000101 0.001723
0.233747 0.543692
0.220305 0.000237
0.000114 0.001906
0.632092
0.364451
0.003456
0.503586
0.496197
0.000217
0.072102 0.455289 0.382475
0.072587 0.011545 0.000017
0.000077 0.000965 0.004944
0.000495 0.539813
0.038896 0.420796
0.000000 0.000000
0.044399
0.000000
0.955601
0.745438 0.229818
0.011204 0.000001
0.002121 0.011418
0.845893 0.004937
0.001616 0.000000
0.044842 0.102711
0.227237 0.571098 0.063178
0.101611 0.000058 0.000000
0.000280 0.005473 0.031064
0.600150 0.003496
0.000271 0.000000
0.146397 0.249687
0.647269 0.022992
0.001771 0.000000
0.118423 0.209546
0.018550 0.685979
0.294058 0.001373
0.000000 0.000040
0.000138 0.086059
0.007673 0.906130
0.000000 0.000000
0.342260
0.000102
0.657638
0.027357
0.972441
0.000202
0.896248
0.093058
0.010694
0.981445
0.017630
0.000925
0.845239
0.153530
0.001231
0.343893 0.578222
0.066913 0.000004
0.000422 0.010547
0.051696
0.948304
0.000000
0.681248
0.318657
0.000095
0.832130
0.000822
0.167047
0.937516
0.021484
0.041001
0.655396 0.254864
0.026347 0.000000
0.006452 0.056941
0.045050
0.954949
0.000000
0.201111 0.030776
0.157059 0.000000
0.092676 0.518377
0.043360
0.000001
0.956640
0.985211
0.013971
0.000818
0.937469
0.000685
0.061846
0.441154 0.126170 0.011869
0.036996 0.000113 0.000000
0.068819 0.148368 0.166510
0.006363 0.000001
0.000001 0.000000
0.771255 0.222381
0.554547
0.000005
0.445447
0.099854 0.788399
0.090672 0.018864
0.000127 0.002085
0.943740
0.052437
0.003823
0.002089
0.997911
0.000000
0.978740
0.000146
0.021114
0.000000 0.000031
0.000044 0.999925
0.000000 0.000000
0.242487 0.455595
0.297235 0.000803
0.000330 0.003550
0.610853
0.001998
0.387148
0.941567
0.002198
0.056234
0.015639 0.835992
0.107998 0.040325
0.000001 0.000046
0.485390 0.233090 0.038798
0.024688 0.000290 0.000000
0.031622 0.080018 0.106105
0.018374
0.981626
0.000000
0.253447 0.448966
0.291944 0.001140
0.000420 0.004082
0.003829 0.245518
0.128109 0.622538
0.000000 0.000005
0.867643
0.130966
0.001390
0.901327
0.093048
0.005625
0.091918
0.000001
0.908082
0.009469 0.000011
0.000007 0.000000
0.854010 0.136503
0.933415
0.064722
0.001863
0.015678 0.536618
0.316514 0.131161
0.000001 0.000028
0.991611
0.001018
0.007372
0.171161 0.654853
0.166374 0.002757
0.000330 0.004524
0.531009
0.032647
0.436344
0.020009 0.583368
0.358627 0.037962
0.000001 0.000033
0.195536 0.558454
0.231495 0.001118
0.000932 0.012466
0.501681 0.415577
0.046486 0.000008
0.003195 0.033052
0.501038 0.341634
0.139982 0.000690
0.003009 0.013648
0.000000 0.000184
0.000163 0.999653
0.000000 0.000000
0.024088 0.760074
0.191844 0.023805
0.000003 0.000187
0.759841 0.040834
0.019690 0.000000
0.065860 0.113775
0.992753
0.000395
0.006852
0.000264 0.065656
0.026960 0.907120
0.000000 0.000000
0.708494 0.170011
0.045532 0.000001
0.010640 0.065323
0.968127
0.000080
0.031793
0.225777 0.688946
0.078674 0.000125
0.000320 0.006160
0.967768
0.000361
0.031871
0.178343 0.000599
0.000088 0.000000
0.526656 0.294314
0.929391 0.025251
0.002405 0.000000
0.006230 0.036724
0.264533 0.000778
0.000037 0.000000
0.521721 0.212931
0.951597
0.045944
0.002459
0.909208
0.082632
0.008160
0.940457
0.056780
0.002763
0.532710 0.060719 0.000366
0.018486 0.000000 0.000000
0.025621 0.138028 0.224069
0.000857
0.000000
0.999143
0.811413 0.022072
0.009471 0.000000
0.063111 0.093932
0.862869
0.019370
0.117760
0.112037 0.534049
0.353482 0.000019
0.000008 0.000406
0.169067
0.830933
0.000000
0.995672
0.003289
0.001039
0.782528
0.000067
0.217404
0.110271
0.000000
0.889729
0.263088
0.736885
0.000027
0.801411 0.117733
0.059836 0.000000
0.001505 0.019515
0.000820
0.999180
0.000000
0.991506
0.005809
0.002684
0.544640
0.455149
0.000211
0.968451
0.029798
0.001752
0.000000 0.000147
0.000015 0.999838
0.000000 0.000000
0.955015
0.035424
0.009561
0.662657 0.312623
0.015770 0.000002
0.001116 0.007832
0.783952 0.072714
0.007624 0.000000
0.023222 0.112487
0.300462 0.464824 0.058252
0.136382 0.000175 0.000000
0.000802 0.008357 0.030747
0.007902
0.992098
0.000000
0.082372
0.917627
0.000000
0.191127
0.808869
0.000003
0.001222
0.000000
0.998778
0.395960
0.603973
0.000067
0.025363 0.150762
0.818194 0.003818
0.000067 0.001795
0.000000 0.000931
0.000149 0.998920
0.000000 0.000000
0.420809 0.363106
0.142068 0.000256
0.009957 0.063804
0.074270 0.771759
0.150552 0.003039
0.000012 0.000369
0.978648
0.010400
0.010953
0.105223
0.000001
0.894777
0.756129
0.007762
0.236108
0.212084 0.438989 0.080999
0.179984 0.000645 0.000000
0.001561 0.017253 0.068486
0.312501
0.000002
0.687497
0.000010 0.010879
0.003036 0.986075
0.000000 0.000000
0.038599 0.786931
0.174121 0.000215
0.000001 0.000132
0.231503
0.000000
0.768497
0.432058
0.000000
0.567942
0.000001 0.008094
0.001796 0.990109
0.000000 0.000000
0.857388 0.083939
0.011951 0.000000
0.008752 0.037969
0.310008 0.417160
0.265215 0.000107
0.000535 0.006974
0.587982 0.001502
0.000167 0.000000
0.217064 0.193285
0.957107
0.024428
0.018466
0.021993 0.574201
0.352247 0.051515
0.000001 0.000044
0.882635
0.111115
0.006250
0.055604 0.567211
0.371716 0.005257
0.000006 0.000207
0.729178
0.270728
0.000094
0.050369
0.000000
0.949631
0.918064
0.000365
0.081572
0.000050 0.023422
0.007125 0.969403
0.000000 0.000000
0.008104 0.326270 0.515661
0.121373 0.027482 0.000001
0.000001 0.000061 0.001048
0.012592 0.360149 0.462372
0.140808 0.023061 0.000001
0.000001 0.000067 0.000949
0.163548
0.000000
0.836452
0.838751
0.160848
0.000400
0.207998 0.477496
0.311613 0.000471
0.000145 0.002277
0.081641
0.917004
0.001355
0.309320 0.416772
0.266576 0.000837
0.000646 0.005849
0.602262 0.350614
0.026700 0.000021
0.002923 0.017480
0.042227 0.568271
0.360987 0.028354
0.000005 0.000157
0.043661
0.956315
0.000024
0.975847
0.017574
0.006580
0.485758 0.437175
0.048789 0.000003
0.002002 0.026274
0.000000 0.000001 0.000359
0.000000 0.004901 0.994740
0.000000 0.000000 0.000000
0.994792
0.002954
0.002254
0.937029
0.052502
0.010469
0.814265
0.185263
0.000472
0.713666 0.008959
0.003498 0.000000
0.151334 0.122542
0.131966
0.868028
0.000006
0.057616
0.000000
0.942384
0.741464 0.198740
0.036562 0.000000
0.001744 0.021491
0.833578
0.165831
0.000591
0.017419 0.454103 0.446678
0.075115 0.005434 0.000000
0.000002 0.000079 0.001170
0.808103
0.191314
0.000583
0.219950 0.510978
0.252578 0.000118
0.000818 0.015558
0.931173
0.068671
0.000156
0.000022 0.018273
0.005532 0.976172
0.000000 0.000000
0.940777
0.055741
0.003483
0.165074
0.834917
0.000009
0.947111
0.008145
0.044744
0.012094 0.350377 0.398664
0.215623 0.022916 0.000000
0.000000 0.000020 0.000304
0.681825 0.269891
0.025934 0.000018
0.004118 0.018214
0.010855 0.234500 0.668399
0.023729 0.059969 0.001397
0.000006 0.000125 0.001020
0.504146 0.295765
0.181509 0.000185
0.002743 0.015651
0.947037
0.047114
0.005850
0.066531 0.215777 0.041583
0.631323 0.001919 0.000000
0.000356 0.006468 0.036043
0.743021 0.190351
0.023092 0.000000
0.005177 0.038358
0.617975
0.381274
0.000751
0.783012
0.000032
0.216956
0.067925
0.000079
0.931997
0.176238 0.000112
0.000018 0.000000
0.704453 0.119179
0.191431 0.030336
0.157511 0.000001
0.101696 0.519025
0.911983
0.000179
0.087838
0.998190
0.000136
0.001674
0.863444 0.044126
0.019152 0.000000
0.016124 0.057154
0.015907
0.000000
0.984093
0.032870
0.967130
0.000000
0.945158
0.012661
0.042180
0.098478 0.674803
0.208387 0.016850
0.000086 0.001397
0.764769
0.000936
0.234295
0.214078 0.662288
0.114173 0.002160
0.000542 0.006760
0.012769 0.702660
0.068534 0.216025
0.000000 0.000012
0.857766
0.142032
0.000202
0.143899
0.000000
0.856101
0.853324
0.004470
0.142206
0.512063
0.002118
0.485819
0.876164
0.005260
0.118576
0.978856
0.010396
0.010748
0.982867
0.012964
0.004170
0.056957
0.000002
0.943041
0.877039
0.121885
0.001076
0.008203
0.991794
0.000003
0.440639 0.001317
0.000063 0.000000
0.302483 0.255498
0.736526 0.025198
0.005957 0.000000
0.081061 0.151258
0.947418
0.046881
0.005702
0.077021 0.709438
0.212997 0.000189
0.000006 0.000348
0.183616
0.000000
0.816384
0.793591 0.003361
0.000220 0.000000
0.099335 0.103493
0.004607 0.271578
0.087694 0.636074
0.000001 0.000046
0.919066
0.077335
0.003599
0.920672
0.004081
0.075246
0.979516
0.014057
0.006426
0.320166 0.362979 0.055860
0.231145 0.000777 0.000000
0.001191 0.007647 0.020236
0.131605 0.518630
0.343803 0.004649
0.000085 0.001229
0.922622
0.073595
0.003782
0.000074 0.033392
0.014028 0.952506
0.000000 0.000000
0.888969
0.100190
0.010842
0.882142
0.115861
0.001997
0.087783
0.912207
0.000010
0.043876 0.747096
0.099925 0.108462
0.000028 0.000614
0.566787 0.212750 0.010104
0.033300 0.000009 0.000000
0.012341 0.058302 0.106407
0.009355 0.891492
0.089657 0.009479
0.000000 0.000016
0.537837 0.003711
0.000201 0.000000
0.187887 0.270365
0.168845 0.000008
0.000001 -0.000000
0.628129 0.203017
0.993635
0.003320
0.003045
0.781071 0.064125
0.011594 0.000000
0.027645 0.115564
0.916182
0.000533
0.083285
0.000003 0.016609
0.001283 0.982105
0.000000 0.000000
0.426388
0.000003
0.573609
0.832515
0.164678
0.002807
0.602990 0.313814
0.056517 0.000217
0.005571 0.020890
0.000000 0.000425
0.000039 0.999536
0.000000 0.000000
0.011688 0.636729
0.225895 0.125616
0.000001 0.000072
0.633336 0.306256
0.040487 0.000001
0.001773 0.018147
0.971985
0.001847
0.026169
0.067395 0.559556
0.370254 0.002510
0.000009 0.000276
0.981697
0.006567
0.011736
0.744914
0.000016
0.255070
0.801360
0.071263
0.127378
0.468398
0.000010
0.531592
0.943501
0.054618
0.001880
0.461728 0.455569
0.069911 0.000010
0.000963 0.011820
0.725927
0.000162
0.273911
0.000000 0.000226 0.024014
0.000028 0.172092 0.803640
0.000000 0.000000 0.000000
0.167834
0.000000
0.832166
0.990820
0.000507
0.008673
0.620525
0.000014
0.379462
0.857753
0.140862
0.001384
0.362048 0.404239
0.191944 0.000019
0.002765 0.038984
0.255621 0.615084
0.124778 0.000002
0.000113 0.004402
0.095505
0.904486
0.000009
0.955979
0.040013
0.004008
0.031825 0.556343
0.344507 0.067216
0.000003 0.000105
0.926979
0.041066
0.031955
0.000000 0.000321
0.000688 0.998991
0.000000 0.000000
0.004777
0.995223
0.000000
0.042409
0.957591
0.000000
0.601595
0.398158
0.000247
0.048335 0.861823
0.074954 0.014382
0.000015 0.000490
0.963862
0.002797
0.033341
0.786696
0.000010
0.213294
0.846165 0.006130
0.002131 0.000000
0.045013 0.100561
0.049133 0.000002
0.000000 -0.000000
0.738693 0.212173
0.966343
0.020343
0.013314
0.010405
0.989576
0.000018
0.983105
0.015313
0.001582
0.028953 0.684791
0.268558 0.017368
0.000007 0.000324
0.599058 0.360172
0.026934 0.000002
0.001307 0.012527
0.076818 0.553704
0.361783 0.007249
0.000018 0.000429
0.740572 0.149467
0.079392 0.000000
0.004109 0.026460
0.993412
0.005108
0.001480
0.970305
0.022508
0.007187
0.812947 0.097867
0.047891 0.000000
0.006255 0.035040
0.000041 0.007905
0.011090 0.980963
0.000000 0.000000
0.000001 0.001111
0.001076 0.997812
0.000000 0.000000
0.039675
0.960325
0.000000
0.118050
0.000027
0.881923
0.058229
0.000028
0.941743
0.035917 0.000035
0.000022 0.000000
0.611023 0.353003
0.038879
0.961121
0.000000
0.611309 0.230119
0.134909 0.000017
0.003394 0.020252
0.044824 0.673137
0.186608 0.095092
0.000014 0.000325
0.975116
0.009192
0.015691
0.015386
0.984614
0.000000
0.279678 0.514836
0.204038 0.000001
0.000038 0.001408
0.885252
0.105295
0.009453
0.171285
0.828086
0.000629
0.002228
0.997772
0.000000
0.981484
0.006797
0.011719
0.174017 0.735770
0.087765 0.000005
0.000048 0.002395
0.000000 0.000155 0.005964
0.000406 0.270046 0.723429
0.000000 0.000000 0.000000
0.543183
0.000022
0.456795
0.257279 0.546614
0.182019 0.000064
0.000716 0.013309
0.760488
0.003759
0.235753
0.021025
0.978914
0.000061
0.166778 0.393512 0.148778
0.171183 0.005526 0.000003
0.003366 0.025919 0.084934
0.069087 0.264991
0.660066 0.000767
0.000204 0.004885
0.876964
0.000043
0.122993
0.010567 0.603774
0.216810 0.168815
0.000001 0.000033
0.967816
0.031526
0.000658
0.995273
0.001600
0.003127
0.072856 0.737250
0.183916 0.005134
0.000027 0.000815
0.751042
0.248661
0.000298
0.681322 0.231970
0.022609 0.000000
0.006698 0.057402
0.829240 0.060549
0.024405 0.000000
0.016386 0.069420
0.015894 0.624800
0.080926 0.278352
0.000001 0.000027
0.453940 0.354145 0.019383
0.039513 0.000008 0.000000
0.003330 0.031965 0.097716
0.706578 0.168363
0.016850 0.000000
0.016391 0.091817
0.642981
0.285497
0.071522
0.020738 0.582096
0.358291 0.038839
0.000001 0.000036
0.248662 0.692425
0.056637 0.000059
0.000110 0.002107
0.694104
0.303396
0.002500
0.284386 0.001264
0.000328 0.000000
0.331498 0.382525
0.876904
0.120685
0.002411
0.250567 0.665108
0.075542 0.000171
0.000496 0.008116
0.044145
0.955547
0.000309
0.048980
0.951019
0.000001
0.783789
0.215281
0.000930
0.000011 0.004592 0.139182 0.681203
0.000391 0.133086 0.041497 0.000035
0.000000 0.000000 0.000000 0.000003
0.798801 0.153070
0.021610 0.000000
0.003334 0.023186
0.096650 0.855388
0.047799 0.000041
0.000002 0.000121
0.936801
0.054165
0.009034
0.049992 0.813149
0.128897 0.007486
0.000012 0.000463
0.020883
0.979117
0.000000
0.432157
0.567374
0.000468
0.045464 0.471765
0.289774 0.192671
0.000020 0.000307
0.386931
0.000021
0.613049
0.010283 0.874747
0.090409 0.024534
0.000000 0.000027
0.857389
0.057585
0.085025
0.000035 0.037163
0.002511 0.960292
0.000000 0.000000
0.993129
0.005325
0.001546
0.013758
0.000000
0.986242
0.106801 0.778816
0.088470 0.022563
0.000213 0.003137
0.965002
0.017639
0.017359
0.557848 0.202917 0.009930
0.020297 0.000006 0.000000
0.015550 0.069999 0.123452
0.850571
0.001106
0.148323
0.000000 0.002028
0.000521 0.997451
0.000000 0.000000
0.471897 0.496238
0.026617 0.000085
0.000619 0.004543
0.012550 0.283718 0.482411
0.149607 0.071119 0.000042
0.000002 0.000047 0.000504
0.917100
0.078683
0.004217
0.630727 0.014333
0.002570 0.000000
0.145832 0.206539
0.900464
0.096388
0.003148
0.097928
0.000000
0.902072
0.778112
0.000045
0.221843
0.015776
0.984080
0.000144
0.003930 0.602762
0.335089 0.058217
0.000000 0.000001
0.719385 0.163766
0.092561 0.000000
0.002613 0.021674
0.939608
0.001359
0.059033
0.103755 0.529668
0.340367 0.025139
0.000070 0.001001
0.599535 0.111700 0.002312
0.010532 0.000000 0.000000
0.026024 0.101402 0.148494
0.270101
0.729883
0.000015
0.104852
0.000318
0.894830
0.859775
0.002601
0.137624
0.036715
0.963272
0.000013
0.068956 0.448207 0.387743
0.078654 0.013382 0.000021
0.000038 0.000485 0.002513
0.242973 0.670094
0.079720 0.000045
0.000326 0.006842
0.168724
0.000000
0.831276
0.864463 0.058523
0.023857 0.000000
0.005495 0.047662
0.075793 0.900686
0.023419 0.000013
0.000001 0.000089
0.242299
0.000000
0.757701
0.973324
0.005730
0.020946
0.977249
0.019592
0.003159
0.013273 0.252809
0.731591 0.002077
0.000003 0.000246
0.198322 0.780543
0.020269 0.000045
0.000036 0.000786
0.733479 0.180747
0.042280 0.000000
0.005067 0.038427
0.990431
0.007523
0.002047
0.989513
0.006429
0.004058
0.974518
0.022670
0.002812
0.001624 0.136010
0.062409 0.799955
0.000000 0.000002
0.356870 0.426346
0.169917 0.000401
0.004801 0.041665
0.927103
0.071055
0.001842
0.272230
0.000001
0.727769
0.214017 0.698771
0.079297 0.000604
0.000442 0.006868
0.884378
0.114061
0.001560
0.544389 0.010896
0.002515 0.000000
0.133194 0.309007
0.263922 0.614816
0.110136 0.000816
0.000878 0.009432
0.947293
0.001951
0.050756
0.821494 0.140940
0.004866 0.000001
0.008004 0.024696
0.963354
0.033886
0.002760
0.171962 0.000016
0.000002 0.000000
0.718549 0.109470
0.765614
0.234231
0.000155
0.965192
0.034650
0.000157
0.970531
0.029054
0.000416
0.028647
0.971353
0.000000
0.932690
0.003041
0.064269
0.038198 0.643272
0.306900 0.011466
0.000004 0.000159
0.125559 0.649168
0.217765 0.002548
0.000230 0.004730
0.974860
0.015202
0.009938
0.754814
0.000072
0.245113
0.149380
0.850614
0.000006
0.276428
0.723488
0.000084
0.079494
0.920453
0.000053
0.982137
0.000629
0.017234
0.277811
0.722044
0.000145
0.286166
0.713814
0.000020
0.888579
0.105179
0.006242
0.830390 0.084565
0.017290 0.000000
0.010829 0.056927
0.965890
0.002955
0.031156
0.205749 0.478788
0.312486 0.000555
0.000147 0.002275
0.212656
0.787305
0.000039
0.076173 0.554323
0.366607 0.002529
0.000012 0.000357
0.950889
0.029921
0.019190
0.821621
0.000090
0.178288
0.979543
0.004914
0.015544
0.254052 0.516522
0.210136 0.000291
0.001224 0.017776
0.027164
0.000000
0.972836
0.994661
0.001964
0.003375
0.010539 0.130493
0.840420 0.016379
0.000057 0.002113
0.035398 0.426615 0.447484
0.073144 0.013552 0.000006
0.000020 0.000428 0.003353
0.250919
0.749056
0.000025
0.148297 0.512064
0.337314 0.001014
0.000065 0.001245
0.147795 0.691678
0.157732 0.000513
0.000093 0.002190
0.884614
0.043827
0.071559
0.000955 0.122273
0.032548 0.844224
0.000000 0.000001
0.174469 0.496841
0.324380 0.002214
0.000138 0.001958
0.871656
0.000234
0.128110
0.866005
0.010264
0.123731
0.990702
0.004704
0.004594
0.820311 0.126453
0.019084 0.000000
0.005263 0.028889
0.015221
0.984777
0.000002
0.002779
0.997221
0.000000
0.861648 0.033525
0.014128 0.000000
0.023435 0.067264
0.709656
0.000523
0.289822
0.111087 0.414354 0.315188
0.120380 0.024977 0.000202
0.000365 0.002979 0.010467
0.270545
0.729426
0.000029
0.000056 0.033262
0.011215 0.955466
0.000000 0.000000
0.655372 0.141133
0.047502 0.000000
0.021025 0.134968
0.637968 0.055398
0.008029 0.000002
0.128127 0.170476
0.729477 0.152750
0.014765 0.000000
0.013894 0.089114
0.513565 0.313555
0.163365 0.000000
0.000394 0.009120
0.218904
0.781052
0.000044
0.130114
0.869878
0.000008
0.207867 0.476980
0.309569 0.002456
0.000248 0.002880
0.115337
0.000000
0.884662
0.511688
0.000009
0.488303
0.923127
0.055949
0.020924
0.471441
0.528451
0.000107
0.377892 0.171513
0.378413 0.000001
0.004349 0.067832
0.975241
0.008193
0.016566
0.000000 0.001000
0.000160 0.998840
0.000000 0.000000
0.000088 0.050138
0.011875 0.937900
0.000000 0.000000
0.214758 0.198355
0.546685 0.000039
0.002893 0.037270
0.599389 0.000698
0.000140 0.000000
0.240618 0.159155
0.466905
0.532711
0.000385
0.368645 0.395411 0.082178
0.087458 0.000912 0.000000
0.003708 0.018899 0.042789
0.000000 0.000012 0.001854
0.000001 0.022501 0.975632
0.000000 0.000000 0.000000
0.979898
0.001441
0.018661
0.706404
0.293569
0.000027
0.087471 0.814511
0.097012 0.000102
0.000016 0.000888
0.438346 0.004625
0.001660 0.000000
0.402013 0.153356
0.109588
0.890400
0.000012
0.361478 0.565702
0.051114 0.000192
0.001981 0.019532
0.981596
0.016520
0.001885
0.071497
0.928502
0.000001
0.354636 0.386420
0.245189 0.002583
0.001648 0.009524
0.272497 0.338628 0.079071
0.130378 0.001706 0.000001
0.008985 0.049327 0.119408
0.001364
0.998636
0.000000
0.568294
0.000011
0.431695
0.809417 0.063774
0.032301 0.000001
0.029818 0.064689
0.856350
0.142468
0.001182
0.847035
0.001338
0.151627
0.061967
0.000034
0.938000
0.017442
0.000000
0.982558
0.880332
0.000597
0.119071
0.062749 0.651042
0.277773 0.008225
0.000007 0.000203
0.033909
0.000000
0.966091
0.003972 0.411507
0.212504 0.372014
0.000000 0.000002
0.011875
0.988108
0.000017
0.811027
0.182950
0.006022
0.000000 0.000000 0.000000 0.000063
0.000000 0.000008 0.020080 0.979849
0.000000 -0.000000 0.000000 0.000000
0.010419 0.000016
0.000036 0.000000
0.770072 0.219457
0.593931 0.251093
0.145044 0.000000
0.000535 0.009398
0.106423
0.893569
0.000008
0.002025
0.997974
0.000000
0.736420 0.141125
0.013091 0.000000
0.016660 0.092704
0.631499
0.367797
0.000704
0.000589 0.238377
0.110099 0.650935
0.000000 0.000000
0.173910
0.826086
0.000004
0.932355
0.067386
0.000259
0.005086 0.443288
0.234997 0.316625
0.000000 0.000003
0.378157 0.506760
0.107366 0.000001
0.000245 0.007472
0.939371
0.026787
0.033842
0.685249 0.223277
0.033955 0.000000
0.006278 0.051241
0.039482
0.000000
0.960518
0.006698 0.776029
0.204741 0.012528
0.000000 0.000004
0.062780 0.657495
0.279103 0.000173
0.000007 0.000443
0.017240 0.362464 0.581941
0.026176 0.011092 0.000006
0.000003 0.000096 0.000982
0.599781 0.313372
0.049087 0.000001
0.003494 0.034264
0.029591 0.417032 0.500264
0.041399 0.010161 0.000005
0.000007 0.000164 0.001377
0.758360 0.173638
0.011121 0.000000
0.006882 0.050000
0.005519 0.204576 0.553995
0.100418 0.135105 0.000196
0.000000 0.000014 0.000177
0.970833
0.003550
0.025617
0.031641 0.000001
0.000000 0.000000
0.799127 0.169231
0.118223
0.000077
0.881701
0.713888
0.286075
0.000037
0.613901 0.000922
0.000201 0.000000
0.229188 0.155788
0.876300
0.121102
0.002597
0.010155 0.346447
0.082991 0.560363
0.000002 0.000043
0.746033 0.155593
0.082311 0.000000
0.000985 0.015078
0.021369 0.000007
0.000006 0.000000
0.850848 0.127770
0.008214 0.225882 0.565918
0.082646 0.116186 0.000473
0.000002 0.000059 0.000619
0.976451
0.020147
0.003402
0.717099 0.029294
0.003473 0.000000
0.080485 0.169648
0.345966 0.455382
0.179762 0.000002
0.000687 0.018200
0.978924
0.007738
0.013338
0.000367 0.100322
0.041475 0.857836
0.000000 0.000000
0.304390 0.610042
0.081840 0.000001
0.000095 0.003632
0.993525
0.004580
0.001896
0.808096 0.111871
0.015608 0.000000
0.011334 0.053092
0.224976
0.096860
0.678164
0.317214 0.572366
0.101029 0.000028
0.000517 0.008847
0.878525
0.002337
0.119139
0.497380 0.001815
0.000267 0.000000
0.152843 0.347695
0.265472 0.464646
0.264356 0.000199
0.000347 0.004980
0.001526
0.998474
0.000000
0.344506 0.434579 0.071044
0.073578 0.000363 0.000000
0.002433 0.018994 0.054504
0.936229
0.061756
0.002016
0.993290
0.002334
0.004376
0.000000 0.000951
0.002465 0.996584
0.000000 0.000000
0.838781
0.002623
0.158596
0.826765 0.067899
0.010315 0.000001
0.034076 0.060944
0.707733 0.139966
0.013210 0.000000
0.026542 0.112549
0.311392 0.417222
0.266227 0.000138
0.000372 0.004648
0.435718
0.564280
0.000002
0.995024
0.003222
0.001754
0.937638
0.012843
0.049519
0.670174 0.235732
0.024158 0.000000
0.007570 0.062366
0.222561
0.777371
0.000068
0.991045
0.002320
0.006635
0.542691
0.457187
0.000122
0.809151
0.190039
0.000811
0.284882 0.000623
0.000074 0.000000
0.383014 0.331406
0.971815
0.023885
0.004301
0.458934 0.017160
0.003083 0.000000
0.240336 0.280486
0.993044
0.001926
0.005030
0.124130 0.078820
0.479907 0.001084
0.054296 0.261764
0.261374
0.738530
0.000096
0.945965
0.051764
0.002271
0.449733 0.005131
0.001090 0.000000
0.208431 0.335615
0.421539 0.353230
0.217411 0.000015
0.000599 0.007206
0.099010 0.543194
0.357045 0.000281
0.000012 0.000459
0.000098 0.047954
0.010421 0.941526
0.000000 0.000000
0.754784 0.127393
0.009296 0.000000
0.015691 0.092835
0.956173
0.000131
0.043696
0.408643
0.000127
0.591229
0.498553
0.501395
0.000052
0.042356 0.479408 0.411338
0.055638 0.005524 0.000001
0.000027 0.000626 0.005082
0.967689
0.019057
0.013255
0.855088 0.043330
0.019263 0.000000
0.020413 0.061907
0.000000 0.000018
0.000001 0.999981
-0.000000 0.000000
0.162920 0.506325
0.328596 0.000655
0.000068 0.001436
0.651574 0.083641
0.022009 0.000000
0.041360 0.201416
0.078549 0.833027
0.087007 0.001023
0.000011 0.000383
0.796850 0.113456
0.038635 0.000000
0.003765 0.047294
0.965586
0.000192
0.034222
0.880003
0.115553
0.004444
0.493638
0.498210
0.008152
0.342377
0.657400
0.000223
0.853107
0.000229
0.146664
0.000010 0.005700
0.001748 0.992542
0.000000 0.000000
0.950847
0.036563
0.012590
0.626710 0.062273
0.128812 0.000000
0.015705 0.166501
0.139176
0.860816
0.000008
0.653781 0.001281
0.000296 0.000000
0.193682 0.150961
0.933244
0.066351
0.000405
0.216611 0.000148
0.000005 0.000000
0.535540 0.247696
0.627300 0.003898
0.000369 0.000000
0.134181 0.234253
0.369489 0.034604
0.081359 0.000008
0.179218 0.335322
0.657349
0.342441
0.000210
0.001902
0.998098
0.000000
0.549693
0.450171
0.000136
0.594377 0.338517
0.044729 0.000000
0.000944 0.021434
0.330532 0.001391
0.001870 0.000000
0.241525 0.424682
0.129768 0.734078
0.131765 0.003026
0.000074 0.001288
0.038159 0.625695
0.153523 0.181610
0.000046 0.000967
0.060980
0.938939
0.000081
0.599931
0.384574
0.015495
0.005382 0.287911 0.588113
0.084512 0.033489 0.000001
0.000000 0.000029 0.000562
0.622845
0.377095
0.000060
0.977882
0.000954
0.021164
0.076303 0.475602 0.372459
0.063907 0.008094 0.000007
0.000045 0.000576 0.003008
0.970962
0.000425
0.028613
0.624809
0.373891
0.001300
0.228644 0.465741
0.302890 0.000161
0.000143 0.002421
0.170563 0.000109
0.000005 0.000000
0.632452 0.196871
0.624067 0.074897
0.007198 0.000004
0.118375 0.175458
0.778582
0.004065
0.217354
0.004057
0.995943
0.000000
0.217247
0.000030
0.782723
0.844688 0.068625
0.031891 0.000000
0.009974 0.044823
0.073474 0.784916
0.141056 0.000080
0.000007 0.000467
0.266699
0.733275
0.000025
0.709091 0.025132
0.004180 0.000000
0.084219 0.177379
0.599776
0.400049
0.000175
0.002737 0.645759
0.135076 0.216424
0.000000 0.000004
0.000323
0.999677
0.000000
0.785552 0.136032
0.014603 0.000000
0.008327 0.055486
0.929466
0.069841
0.000692
0.193262
0.000038
0.806700
0.020556 0.443214
0.261138 0.275014
0.000003 0.000075
0.775637 0.083318
0.006962 0.000000
0.021393 0.112690
0.000001 0.000789
0.002008 0.997202
0.000000 0.000000
0.990542
0.006623
0.002835
0.045719 0.576365
0.376833 0.000966
0.000002 0.000115
0.746398 0.159337
0.022355 0.000000
0.008720 0.063191
0.786282
0.213351
0.000367
0.019359 0.000002
0.000000 0.000000
0.899159 0.081479
0.946343
0.051023
0.002635
0.893490
0.071933
0.034576
0.002242 0.046277 0.123502
0.259312 0.554237 0.010016
0.000024 0.000481 0.003907
0.848196
0.150564
0.001240
0.592693 0.294499
0.032279 0.000022
0.012604 0.067903
0.103928 0.795800
0.092627 0.005305
0.000107 0.002233
0.419363
0.000675
0.579961
0.957407
0.042526
0.000067
0.017533
0.982467
0.000000
0.208382 0.375882 0.144025
0.242016 0.011624 0.000022
0.000779 0.004726 0.012545
0.008707
0.991293
0.000000
0.935378
0.016785
0.047837
0.116405 0.787768
0.094562 0.000016
0.000021 0.001227
0.212894 0.523067
0.260342 0.000155
0.000176 0.003365
0.225167
0.774801
0.000031
0.124516
0.875479
0.000005
0.367946
0.631880
0.000174
0.815487 0.168516
0.003603 0.000000
0.001015 0.011379
0.412543 0.465999
0.092593 0.000132
0.003138 0.025595
0.152682 0.686696
0.158229 0.000496
0.000079 0.001818
0.849436
0.001809
0.148755
0.971975
0.002832
0.025193
0.959292
0.000093
0.040616
0.787869
0.212092
0.000039
0.937119
0.001588
0.061293
0.200946
0.798946
0.000108
0.714722
0.283816
0.001461
0.770386
0.000174
0.229440
0.985836
0.013565
0.000599
0.005028 0.000001
0.000001 0.000000
0.824355 0.170615
0.335143
0.000002
0.664855
0.749656
0.017236
0.233108
0.039189
0.960811
0.000000
0.024621 0.000010
0.000018 0.000000
0.527636 0.447715
0.891408
0.000408
0.108184
0.132996 0.472121 0.246401 0.038021
0.084267 0.005103 0.000004 0.000000
0.000154 0.001461 0.005780 0.013691
0.130112 0.522304
0.345894 0.000742
0.000040 0.000908
0.579069 0.254351
0.149185 0.000008
0.001956 0.015432
0.067112 0.695215
0.231847 0.004410
0.000043 0.001373
0.965991
0.029638
0.004371
0.461137 0.280340 0.038836
0.030960 0.000155 0.000000
0.016985 0.063078 0.108510
0.079069
0.920930
0.000001
0.407322 0.019063
0.032781 0.000000
0.168282 0.372552
0.986422
0.008448
0.005131
0.000020 0.016397
0.004975 0.978608
0.000000 0.000000
0.975326
0.019459
0.005216
0.000571 0.144257
0.061587 0.793586
0.000000 0.000000
0.672291
0.000448
0.327260
0.885009
0.113919
0.001072
0.000088 0.017444
0.076498 0.905968
0.000000 0.000002
0.924844
0.000678
0.074478
0.007026
0.992974
0.000000
0.000000 0.000001 0.000403
0.000000 0.008080 0.991516
-0.000000 0.000000 0.000000
0.000006 0.002234
0.008090 0.989670
0.000000 0.000000
0.360128 0.288107 0.031180
0.111513 0.000166 0.000000
0.010619 0.059752 0.138535
0.200538 0.034734
0.180824 0.000001
0.086727 0.497176
0.421353
0.578158
0.000489
0.021053 0.835191
0.110242 0.033421
0.000002 0.000092
0.467518 0.339460
0.130351 0.000020
0.005901 0.056749
0.656760
0.342631
0.000610
0.000000 0.000740
0.000186 0.999073
0.000000 0.000000
0.036822
0.962924
0.000254
0.479250 0.000718
0.000032 0.000000
0.211246 0.308754
0.954924
0.035737
0.009339
0.182144 0.000228
0.000010 0.000000
0.604851 0.212767
0.159061
0.840854
0.000085
0.064603 0.812067
0.115566 0.007339
0.000014 0.000412
0.981119
0.006170
0.012711
0.935381
0.055497
0.009122
0.000023 0.009543 0.280443
0.001692 0.539362 0.168937
0.000000 0.000000 0.000000
0.929734
0.021576
0.048690
0.169459 0.756367
0.070613 0.000128
0.000132 0.003301
0.996246
0.000177
0.003577
0.000486 0.068182 0.715528
0.006517 0.201598 0.007685
0.000000 0.000000 0.000004
0.749605 0.138357
0.074238 0.000001
0.006194 0.031605
0.000559 0.148827
0.055277 0.795337
0.000000 0.000000
0.658846
0.340795
0.000360
0.526700 0.002586
0.000524 0.000000
0.279487 0.190703
0.847351
0.002681
0.149968
0.312066 0.604604
0.070924 0.000034
0.000702 0.011671
0.989965
0.004244
0.005792
0.989568
0.001317
0.009115
0.984630
0.007200
0.008171
0.758250 0.095865
0.015396 0.000005
0.046581 0.083903
0.978307
0.021198
0.000495
0.978680
0.002974
0.018345
0.004723 0.000001
0.000001 -0.000000
0.830348 0.164928
0.430405 0.008043
0.001939 0.000000
0.171618 0.387994
0.000005 0.006676
0.008998 0.984321
0.000000 0.000000
0.236424 0.504629
0.250913 0.001515
0.000571 0.005947
0.663222
0.336358
0.000420
0.968596
0.030653
0.000752
0.002595 0.279705
0.046229 0.671467
0.000000 0.000004
0.048799 0.404313 0.265831
0.263848 0.015025 0.000001
0.000013 0.000269 0.001900
0.281611 0.634542
0.079623 0.000191
0.000264 0.003769
0.044865 0.821001
0.128809 0.005155
0.000004 0.000167
0.711631 0.182549
0.053845 0.000000
0.006249 0.045725
0.232466 0.564220
0.188339 0.000425
0.000893 0.013658
0.223611 0.000081
0.000003 0.000000
0.635150 0.141155
0.788080 0.135126
0.008321 0.000000
0.009157 0.059315
0.331839 0.357701 0.052312
0.226922 0.000678 0.000000
0.001292 0.008136 0.021120
0.877269
0.000273
0.122458
0.871362
0.000469
0.128168
0.874890 0.034379
0.015990 0.000000
0.015705 0.059035
0.077698 0.496174 0.266405
0.135129 0.005196 0.000000
0.000151 0.002657 0.016589
0.772620
0.006734
0.220645
0.001687 0.118140 0.655682
0.025990 0.196084 0.002366
0.000000 0.000003 0.000048
0.979421
0.014552
0.006027
0.489788 0.438862
0.064413 0.000012
0.000582 0.006343
0.230646
0.000613
0.768742
0.984331
0.015106
0.000563
0.386174
0.613806
0.000021
0.000033 0.013466
0.004079 0.982421
0.000000 0.000000
0.825593
0.173701
0.000706
0.608468 0.308304
0.032739 0.000001
0.004607 0.045881
0.767576
0.001436
0.230988
0.979710
0.007237
0.013053
0.973619
0.005832
0.020550
0.000033 0.046413
0.010659 0.942895
0.000000 0.000000
0.963205
0.025945
0.010850
0.102626
0.897371
0.000003
0.229345
0.000149
0.770506
0.665840 0.262276
0.033831 0.000000
0.002227 0.035826
0.972688
0.026984
0.000328
0.240297 0.006510
0.010149 0.000000
0.384826 0.358218
0.631980
0.368009
0.000010
0.888774 0.017760
0.004975 0.000000
0.024230 0.064262
0.079313 0.774794
0.134386 0.010356
0.000046 0.001104
0.112375 0.801951
0.085408 0.000024
0.000004 0.000238
0.978521
0.004578
0.016900
0.613695 0.236566
0.137281 0.000000
0.000827 0.011631
0.182234 0.703236
0.101870 0.005725
0.000536 0.006399
0.301162 0.000590
0.000054 0.000000
0.368855 0.329339
0.956748
0.032218
0.011034
0.583066 0.014620
0.002381 0.000000
0.121934 0.277999
0.203786 0.000153
0.000020 0.000000
0.582622 0.213419
0.941859
0.054910
0.003231
0.000052 0.044333
0.005124 0.950491
0.000000 0.000000
0.013957 0.131431
0.848544 0.002929
0.000067 0.003072
0.266694
0.733213
0.000094
0.740500
0.000123
0.259377
0.495368 0.323360
0.121725 0.000004
0.004841 0.054702
0.948544
0.001866
0.049590
0.253786
0.746157
0.000057
0.055569
0.000008
0.944422
0.544022 0.249389 0.007729
0.146890 0.000008 0.000000
0.001771 0.014196 0.035993
0.517139 0.313065 0.033162
0.035004 0.000070 0.000000
0.007422 0.032461 0.061677
0.004675 0.000000 0.000000
0.000000 -0.000000 0.000000
0.948172 0.045576 0.001576
0.913007
0.042402
0.044591
0.027099
0.000000
0.972901
0.967860
0.028637
0.003502
0.832609 0.002861
0.000165 0.000000
0.073391 0.090974
0.822104
0.000234
0.177662
0.368624
0.631136
0.000240
0.563123
0.436662
0.000215
0.328172
0.000002
0.671825
0.085328 0.607020
0.304314 0.002583
0.000026 0.000729
0.419050 0.000874
0.000045 0.000000
0.309712 0.270319
0.039391 0.841815
0.065572 0.053032
0.000006 0.000183
0.303064 0.419735
0.268605 0.001653
0.000767 0.006177
0.969010
0.030770
0.000220
0.401759
0.598196
0.000045
0.000031 0.019834
0.006424 0.973711
0.000000 0.000000
0.897880
0.101588
0.000532
0.983189
0.003106
0.013705
0.507596
0.000100
0.492304
0.382973
0.000000
0.617026
0.990322
0.000897
0.008781
0.975853
0.023058
0.001089
0.972553
0.022963
0.004484
0.037727 0.646998
0.314305 0.000853
0.000002 0.000115
0.755213
0.242860
0.001927
0.971529
0.019403
0.009068
0.861868 0.016884
0.002178 0.000000
0.040442 0.078627
0.181856
0.818112
0.000033
0.130176 0.405384 0.343751
0.070731 0.022902 0.000660
0.001084 0.006502 0.018811
0.675635
0.323963
0.000401
0.639384
0.000002
0.360614
0.954905
0.041724
0.003371
0.172258 0.641302
0.176496 0.001443
0.000531 0.007970
0.665059
0.333251
0.001691
0.326630
0.673283
0.000088
0.321874
0.678103
0.000022
0.861470
0.138436
0.000093
0.234153
0.000080
0.765767
0.025772
0.974228
0.000000
0.493658 0.434328
0.061436 0.000009
0.000863 0.009706
0.990872
0.000523
0.008604
0.000347 0.097263
0.039974 0.862416
0.000000 0.000000
0.979259
0.001220
0.019521
0.735529 0.050614
0.006015 0.000000
0.060658 0.147184
0.970862
0.024959
0.004179
0.009914
0.990086
0.000000
0.077460 0.578103
0.329046 0.014648
0.000033 0.000711
0.036325 0.000018
0.000002 0.000000
0.862337 0.101319
0.771655
0.223732
0.004613
0.919837
0.000777
0.079386
0.000001 0.004524
0.000306 0.995169
0.000000 0.000000
0.460612 0.429481
0.083755 0.000013
0.002094 0.024045
0.051855 0.755389
0.187810 0.004551
0.000010 0.000386
0.300553
0.699279
0.000168
0.022626 0.752862
0.149250 0.075153
0.000002 0.000106
0.830786
0.168401
0.000813
0.089147
0.910853
0.000000
0.034462
0.000014
0.965524
0.957032
0.025796
0.017171
0.853775 0.124229
0.005308 0.000000
0.002416 0.014272
0.923506
0.075240
0.001253
0.912781
0.084124
0.003095
0.967058
0.002618
0.030324
0.976436
0.011031
0.012533
0.291820
0.708166
0.000014
0.416596 0.502584
0.057559 0.000016
0.001692 0.021554
0.953579
0.045174
0.001247
0.602156 0.353743
0.033204 0.000000
0.000467 0.010430
0.000672 0.068975 0.501814
0.030817 0.393015 0.004698
0.000000 0.000000 0.000008
0.805980
0.192546
0.001474
0.000022 0.018492
0.005608 0.975878
0.000000 0.000000
0.198747
0.801245
0.000009
0.893221
0.004050
0.102729
0.944631
0.001573
0.053795
0.645794
0.354147
0.000059
0.990338
0.008946
0.000716
0.000017 0.016378
0.002074 0.981531
0.000000 0.000000
0.762577
0.237050
0.000373
0.094937
0.905061
0.000001
0.480865
0.000015
0.519120
0.976836
0.008893
0.014272
0.704905
0.294450
0.000645
0.004998
0.995001
0.000000
0.221070 0.000194 0.000000
0.000040 0.000000 0.000000
0.670383 0.097966 0.010348
0.000080 0.008608
0.036236 0.955073
0.000000 0.000004
0.878610 0.005751
0.001810 0.000000
0.026854 0.086975
0.001601
0.998398
0.000001
0.967146
0.001020
0.031834
0.863620
0.000419
0.135961
0.027545
0.972455
0.000000
0.223519 0.466558
0.305852 0.000823
0.000258 0.002990
0.790479
0.207801
0.001720
0.572290 0.188247 0.007238
0.018472 0.000003 0.000000
0.015152 0.071277 0.127320
0.828885
0.170484
0.000631
0.012851
0.987149
0.000000
0.196634
0.803356
0.000010
0.172710
0.827277
0.000013
0.004837 0.218591 0.599176
0.078816 0.098138 0.000089
0.000000 0.000022 0.000330
0.011551 0.000051
0.000173 0.000000
0.771472 0.216753
0.284594 0.634958
0.074156 0.000002
0.000172 0.006120
0.919142
0.001196
0.079662
0.088972
0.911028
0.000000
0.936334
0.056425
0.007241
0.971772
0.014653
0.013575
0.985829
0.003383
0.010788
0.151611 0.569133
0.277563 0.000139
0.000048 0.001506
0.781858
0.187009
0.031133
0.908381
0.090303
0.001316
0.908457
0.001215
0.090328
0.884949 0.055131
0.003565 0.000000
0.006346 0.050009
0.234501 0.526965
0.216321 0.001344
0.001773 0.019095
0.681510
0.318237
0.000254
0.012027
0.000000
0.987973
0.153285 0.698236
0.144512 0.000638
0.000144 0.003185
0.028113 0.563373
0.348050 0.060383
0.000002 0.000078
