1.000000
1.000000
0.712609 0.287391
1.000000
1.000000
0.349924 0.650076
0.196665 0.803335
1.000000
0.104710 0.895290
0.657104 0.342896
1.000000
1.000000
1.000000
1.000000
0.816621 0.161126 0.022253
1.000000
1.000000
0.400200 0.599800
0.127293 0.344852 0.356296 0.171559
1.000000
1.000000
0.715079 0.284921
1.000000
1.000000
0.272495 0.727505
1.000000
1.000000
1.000000
1.000000
0.909043 0.090957
1.000000
1.000000
0.534072 0.465928
0.773549 0.226451
1.000000
1.000000
0.747826 0.252174
0.258116 0.741884
1.000000
0.640967 0.359033
1.000000
1.000000
0.087816 0.912184
1.000000
1.000000
0.995368 0.004632
1.000000
1.000000
0.800992 0.199008
1.000000
1.000000
1.000000
1.000000
0.663272 0.336728
1.000000
1.000000
1.000000
1.000000
0.339672 0.454163 0.206164
1.000000
0.899871 0.100129
1.000000
1.000000
0.659117 0.340883
1.000000
1.000000
0.758684 0.241316
1.000000
0.722858 0.277142
0.038597 0.961403
0.302701 0.697299
0.071003 0.928997
1.000000
0.060781 0.320331 0.618888
1.000000
1.000000
0.783919 0.216081
1.000000
0.906837 0.093163
1.000000
1.000000
1.000000
0.865027 0.134973
0.292967 0.707033
0.912700 0.087300
0.515284 0.484716
1.000000
1.000000
1.000000
1.000000
1.000000
1.000000
0.118817 0.530387 0.350796
0.216256 0.523672 0.260073
0.942217 0.057783
1.000000
1.000000
1.000000
1.000000
1.000000
0.036291 0.333119 0.630590
1.000000
0.474300 0.525700
0.199384 0.800616
0.982229 0.017771
0.378581 0.503882 0.117538
0.845241 0.154759
1.000000
1.000000
0.198531 0.801469
1.000000
1.000000
1.000000
1.000000
1.000000
0.721080 0.278920
0.300718 0.699282
1.000000
1.000000
1.000000
0.949966 0.050034
1.000000
1.000000
0.164482 0.835518
0.925738 0.074262
1.000000
1.000000
0.504914 0.495086
1.000000
0.599750 0.400250
0.570304 0.429696
1.000000
0.299941 0.700059
1.000000
1.000000
1.000000
1.000000
0.818170 0.181830
0.379792 0.620208
0.805681 0.194319
0.475561 0.524439
1.000000
1.000000
1.000000
0.682137 0.317863
0.176582 0.823418
0.054757 0.188780 0.348115 0.408347
1.000000
1.000000
1.000000
0.880290 0.119710
1.000000
0.472138 0.527862
1.000000
0.412809 0.587191
0.843902 0.156098
1.000000
0.940850 0.059150
0.752130 0.247870
0.263184 0.736816
1.000000
0.889723 0.099514 0.010763
0.438477 0.561523
1.000000
0.181495 0.818505
1.000000
0.198711 0.440614 0.360675
0.268942 0.731058
1.000000
0.888407 0.111593
0.848611 0.151389
1.000000
1.000000
1.000000
0.718776 0.281224
0.063957 0.936043
1.000000
1.000000
0.631988 0.368012
1.000000
0.135106 0.864894
1.000000
1.000000
0.876926 0.123074
1.000000
1.000000
1.000000
1.000000
1.000000
0.844582 0.155418
1.000000
1.000000
1.000000
1.000000
1.000000
1.000000
1.000000
1.000000
0.935208 0.064792
0.065759 0.415094 0.519147
0.544615 0.455385
1.000000
0.115145 0.884855
1.000000
1.000000
0.430768 0.569232
1.000000
1.000000
1.000000
0.087799 0.912201
1.000000
0.940769 0.059231
1.000000
1.000000
1.000000
1.000000
0.151484 0.848516
0.319459 0.680541
0.418340 0.581660
1.000000
0.430117 0.569883
0.475705 0.524295
1.000000
0.249108 0.402537 0.348355
0.636175 0.269694 0.094131
0.307206 0.692794
0.184249 0.815751
0.974328 0.025672
0.545842 0.454158
1.000000
0.373693 0.626307
1.000000
1.000000
0.089117 0.910883
1.000000
1.000000
1.000000
0.935304 0.064696
0.348770 0.651230
1.000000
0.177697 0.822303
1.000000
1.000000
1.000000
0.154097 0.845903
1.000000
1.000000
1.000000
1.000000
1.000000
0.091500 0.908500
1.000000
1.000000
1.000000
0.086083 0.913917
0.621814 0.378186
0.435888 0.564112
0.868902 0.131098
0.760743 0.239257
1.000000
1.000000
0.213456 0.786544
1.000000
1.000000
1.000000
1.000000
0.540954 0.380313 0.078732
0.490407 0.509593
0.755666 0.244334
0.122827 0.517770 0.359403
1.000000
0.237683 0.762317
1.000000
0.514293 0.485707
0.555741 0.444259
1.000000
0.246272 0.753728
1.000000
1.000000
1.000000
0.354594 0.645406
0.075612 0.519747 0.404641
0.206161 0.793839
1.000000
0.536147 0.463853
1.000000
0.973820 0.026180
1.000000
1.000000
1.000000
1.000000
0.080975 0.338399 0.580626
0.143383 0.856617
1.000000
1.000000
1.000000
1.000000
0.777135 0.222865
1.000000
0.730152 0.269848
1.000000
0.511276 0.488724
0.245525 0.754475
1.000000
1.000000
0.772990 0.227010
0.638010 0.361990
0.161181 0.838819
1.000000
1.000000
0.092699 0.907301
1.000000
0.450209 0.415185 0.134606
1.000000
1.000000
0.486763 0.513237
1.000000
1.000000
0.115664 0.884336
1.000000
0.320924 0.395081 0.283995
0.285794 0.714206
1.000000
0.923403 0.076597
1.000000
1.000000
1.000000
1.000000
0.700085 0.299915
1.000000
1.000000
0.603962 0.396038
0.773611 0.226389
1.000000
0.591504 0.408496
0.061763 0.938237
0.126640 0.873360
1.000000
1.000000
1.000000
1.000000
1.000000
0.451555 0.548445
1.000000
1.000000
0.555402 0.444598
1.000000
1.000000
0.116117 0.471474 0.412409
0.833502 0.166498
1.000000
1.000000
1.000000
0.397367 0.602633
0.073301 0.926699
1.000000
1.000000
1.000000
1.000000
0.067914 0.932086
1.000000
0.509125 0.384448 0.106427
1.000000
1.000000
0.338501 0.661499
0.014285 0.190847 0.794868
0.372173 0.627827
1.000000
0.155078 0.844922
1.000000
1.000000
1.000000
1.000000
1.000000
0.805677 0.194323
0.726832 0.273168
0.780425 0.219575
1.000000
1.000000
0.884016 0.115984
0.895698 0.104302
0.302876 0.697124
0.857335 0.142665
0.663621 0.336379
1.000000
1.000000
1.000000
0.010965 0.076674 0.298535 0.613826
0.140398 0.859602
1.000000
0.208597 0.791403
1.000000
0.821056 0.178944
1.000000
1.000000
0.050335 0.949665
1.000000
0.350806 0.486274 0.162920
0.502671 0.428745 0.068584
0.091702 0.908298
0.739245 0.260755
0.465083 0.323036 0.153086 0.058795
1.000000
0.559149 0.440851
1.000000
0.715033 0.211100 0.073867
0.109158 0.890842
0.089008 0.910992
0.810409 0.189591
0.467832 0.532168
1.000000
1.000000
1.000000
1.000000
0.641214 0.358786
1.000000
0.542697 0.457303
0.150618 0.849382
1.000000
1.000000
0.211091 0.520996 0.267913
1.000000
1.000000
1.000000
1.000000
0.201473 0.798527
1.000000
0.869611 0.130389
1.000000
0.074574 0.925426
1.000000
1.000000
1.000000
0.413404 0.586596
1.000000
1.000000
1.000000
1.000000
0.667359 0.332641
1.000000
0.253655 0.503119 0.243226
1.000000
1.000000
1.000000
0.136344 0.863656
1.000000
0.277594 0.722406
1.000000
1.000000
1.000000
1.000000
0.393749 0.606251
0.241700 0.758300
0.357681 0.642319
0.973153 0.026847
0.618718 0.381282
0.745757 0.254243
1.000000
1.000000
1.000000
1.000000
0.545196 0.454804
1.000000
1.000000
1.000000
1.000000
0.852157 0.134777 0.013066
0.525114 0.474886
1.000000
0.777349 0.222651
1.000000
1.000000
0.439714 0.560286
1.000000
0.220754 0.779246
1.000000
0.349721 0.650279
1.000000
0.859612 0.140388
1.000000
1.000000
1.000000
1.000000
0.386293 0.613707
1.000000
1.000000
0.781416 0.218584
0.630510 0.369490
1.000000
0.220187 0.779813
1.000000
0.651107 0.348893
0.230185 0.769815
1.000000
0.673246 0.326754
1.000000
1.000000
0.492646 0.507354
0.328754 0.671246
0.365046 0.634954
0.180625 0.819375
1.000000
1.000000
1.000000
1.000000
1.000000
0.271339 0.728661
0.823089 0.176911
1.000000
0.074534 0.925466
1.000000
0.734506 0.221357 0.044138
0.364528 0.635472
0.412337 0.587663
0.055323 0.372482 0.572195
0.070966 0.929034
1.000000
1.000000
1.000000
1.000000
1.000000
1.000000
1.000000
1.000000
1.000000
1.000000
0.172861 0.827139
1.000000
0.115083 0.884917
1.000000
0.288028 0.711972
1.000000
1.000000
1.000000
1.000000
1.000000
1.000000
0.379712 0.620288
1.000000
0.713058 0.214633 0.072309
0.804308 0.195692
1.000000
0.693306 0.306694
0.522369 0.477631
0.785136 0.214864
0.491360 0.508640
1.000000
0.481642 0.518358
1.000000
0.848427 0.151573
1.000000
1.000000
0.590804 0.297076 0.112119
1.000000
1.000000
0.794692 0.205308
1.000000
1.000000
0.499197 0.500803
1.000000
1.000000
0.129415 0.870585
1.000000
0.892028 0.098849 0.009123
0.602273 0.397727
0.546422 0.453578
0.787308 0.212692
1.000000
1.000000
0.371807 0.628193
0.832033 0.167967
0.890989 0.109011
0.657710 0.342290
0.204263 0.795737
1.000000
1.000000
0.666144 0.333856
0.285152 0.714848
1.000000
0.627898 0.372102
1.000000
1.000000
0.803932 0.196068
0.335315 0.664685
0.795009 0.204991
1.000000
1.000000
0.857765 0.142235
1.000000
0.164544 0.835456
1.000000
0.366658 0.633342
1.000000
0.405336 0.594664
1.000000
1.000000
1.000000
0.388159 0.611841
0.933953 0.066047
0.280895 0.719105
1.000000
0.757127 0.242873
1.000000
1.000000
1.000000
1.000000
1.000000
0.379208 0.620792
0.562569 0.437431
0.227204 0.772796
1.000000
0.722853 0.277147
1.000000
1.000000
0.425400 0.574600
0.386097 0.613903
1.000000
0.246444 0.493392 0.260164
0.745390 0.254610
0.278906 0.721094
0.058850 0.421402 0.519748
1.000000
0.526047 0.473953
1.000000
1.000000
1.000000
1.000000
1.000000
0.669352 0.330648
0.693159 0.306841
1.000000
1.000000
1.000000
0.774503 0.225497
0.250124 0.578546 0.171331
1.000000
1.000000
1.000000
0.166785 0.833215
1.000000
1.000000
0.830729 0.169271
1.000000
1.000000
1.000000
0.253624 0.746376
1.000000
0.292254 0.707746
1.000000
1.000000
0.098428 0.901572
1.000000
1.000000
0.791868 0.208132
0.944283 0.055717
1.000000
0.498737 0.501263
0.113325 0.886675
0.548168 0.451832
1.000000
1.000000
1.000000
1.000000
0.076668 0.923332
1.000000
0.246936 0.753064
1.000000
0.456326 0.543674
1.000000
0.139679 0.860321
1.000000
1.000000
1.000000
1.000000
0.043707 0.956293
0.172731 0.827269
1.000000
1.000000
1.000000
1.000000
1.000000
0.198490 0.801510
1.000000
0.946777 0.053223
0.552582 0.447418
1.000000
1.000000
1.000000
0.052251 0.947749
1.000000
0.697045 0.302955
0.110725 0.889275
0.116527 0.883473
1.000000
0.729895 0.270105
0.476765 0.523235
1.000000
0.272711 0.727289
1.000000
0.955951 0.044049
0.135554 0.864446
0.466306 0.533694
1.000000
1.000000
0.525339 0.397039 0.077622
0.617749 0.382251
0.635568 0.364432
1.000000
1.000000
0.472063 0.527937
1.000000
1.000000
0.823676 0.176324
0.056668 0.297628 0.645704
0.047913 0.272654 0.679433
1.000000
1.000000
0.194892 0.805108
1.000000
1.000000
1.000000
0.385071 0.614929
0.759959 0.240041
0.875009 0.124991
0.471041 0.430120 0.098839
0.476539 0.523461
0.640919 0.359081
1.000000
1.000000
1.000000
1.000000
0.221684 0.778316
0.177760 0.505153 0.317087
0.130056 0.869944
0.774583 0.225417
1.000000
0.551152 0.448848
1.000000
0.903196 0.096804
1.000000
0.581642 0.418358
0.057264 0.942736
1.000000
0.727136 0.272864
0.852716 0.147284
1.000000
0.459607 0.540393
0.153633 0.846367
0.084630 0.915370
0.347998 0.652002
0.404595 0.595405
1.000000
0.074979 0.357135 0.567886
0.664167 0.335833
1.000000
1.000000
0.019568 0.196559 0.783873
1.000000
1.000000
1.000000
0.038345 0.258231 0.446043 0.257382
1.000000
1.000000
1.000000
0.049245 0.381029 0.569726
1.000000
0.165754 0.452864 0.381383
1.000000
1.000000
0.149263 0.850737
0.871382 0.128618
1.000000
0.686333 0.313667
0.906424 0.093576
1.000000
1.000000
1.000000
1.000000
0.719594 0.280406
0.407299 0.592701
0.428354 0.571646
0.405883 0.368847 0.225270
0.793410 0.188838 0.017752
1.000000
1.000000
1.000000
0.634265 0.365735
1.000000
0.638002 0.361998
1.000000
1.000000
0.137246 0.862754
1.000000
1.000000
0.841284 0.158716
1.000000
1.000000
0.242003 0.757997
0.194922 0.562529 0.242549
1.000000
0.895470 0.104530
1.000000
0.225401 0.774599
1.000000
0.362555 0.637445
1.000000
1.000000
1.000000
0.713133 0.232774 0.054092
0.095223 0.904777
1.000000
0.046176 0.276149 0.677675
1.000000
1.000000
0.672750 0.327250
1.000000
1.000000
0.876224 0.123776
1.000000
1.000000
0.082054 0.917946
0.379501 0.620499
1.000000
1.000000
0.926956 0.070402 0.002642
0.465572 0.534428
1.000000
1.000000
0.368333 0.631667
0.879213 0.120787
1.000000
1.000000
0.429147 0.570853
1.000000
0.852505 0.147495
1.000000
1.000000
0.861209 0.138791
1.000000
1.000000
1.000000
0.132925 0.867075
0.744289 0.255711
0.922487 0.077513
1.000000
1.000000
0.266204 0.733796
0.273767 0.726233
0.018121 0.188623 0.793255
1.000000
0.463340 0.536660
0.205393 0.448719 0.257879 0.088009
1.000000
1.000000
1.000000
1.000000
0.913663 0.086337
1.000000
0.352756 0.647244
1.000000
1.000000
1.000000
1.000000
0.268449 0.731551
1.000000
1.000000
1.000000
1.000000
1.000000
0.876483 0.123517
1.000000
0.652198 0.347802
1.000000
1.000000
1.000000
1.000000
1.000000
0.586995 0.413005
1.000000
0.051639 0.948361
0.112263 0.887737
1.000000
1.000000
0.874431 0.125569
1.000000
0.796617 0.203383
1.000000
0.793158 0.206842
1.000000
1.000000
1.000000
1.000000
1.000000
1.000000
1.000000
1.000000
0.730143 0.269857
1.000000
0.900742 0.099258
0.146385 0.853615
1.000000
1.000000
0.475945 0.524055
1.000000
0.096722 0.903278
0.653172 0.346828
1.000000
0.121041 0.878959
1.000000
1.000000
0.841727 0.158273
0.060145 0.355428 0.584427
0.090224 0.909776
1.000000
1.000000
1.000000
1.000000
1.000000
0.682843 0.317157
1.000000
0.386401 0.613599
0.343463 0.656537
0.240638 0.759362
0.815152 0.184848
0.153566 0.846434
1.000000
0.109286 0.890714
1.000000
1.000000
1.000000
0.437164 0.562836
1.000000
1.000000
1.000000
1.000000
1.000000
0.348166 0.651834
0.868313 0.131687
0.083523 0.343451 0.573026
0.821242 0.178758
0.559954 0.440046
0.851793 0.148207
0.092506 0.907494
0.050697 0.949303
0.377823 0.622177
0.901342 0.098658
1.000000
1.000000
0.391463 0.608537
1.000000
1.000000
1.000000
0.120280 0.879720
1.000000
0.791557 0.208443
0.530299 0.469701
1.000000
1.000000
1.000000
0.075282 0.924718
0.565590 0.434410
1.000000
1.000000
1.000000
0.771739 0.228261
1.000000
0.523250 0.476750
0.157036 0.842964
0.024191 0.203388 0.772421
1.000000
0.164889 0.835111
0.104165 0.895835
1.000000
1.000000
1.000000
0.356956 0.443386 0.199657
0.269357 0.473122 0.257522
1.000000
0.735633 0.264367
0.172879 0.827121
1.000000
1.000000
1.000000
0.399476 0.600524
0.401799 0.598201
1.000000
1.000000
1.000000
1.000000
1.000000
1.000000
1.000000
1.000000
1.000000
1.000000
1.000000
1.000000
1.000000
1.000000
1.000000
1.000000
0.202704 0.797296
1.000000
1.000000
1.000000
1.000000
0.949589 0.050411
0.466069 0.533931
0.199409 0.800591
1.000000
1.000000
0.585642 0.414358
0.189815 0.810185
1.000000
0.290814 0.709186
0.504690 0.495310
0.707982 0.204708 0.068465 0.018846
0.819011 0.180989
0.673317 0.326683
0.477163 0.522837
0.741838 0.258162
1.000000
1.000000
1.000000
0.843339 0.156661
0.940599 0.059401
1.000000
1.000000
1.000000
1.000000
0.186055 0.813945
0.243184 0.756816
0.932469 0.067531
1.000000
0.613264 0.386736
1.000000
1.000000
0.100089 0.899911
1.000000
1.000000
0.555814 0.377843 0.066343
0.066228 0.933772
1.000000
0.771078 0.228922
0.216923 0.783077
1.000000
0.495711 0.504289
1.000000
0.773673 0.226327
1.000000
1.000000
0.600142 0.399858
1.000000
1.000000
0.251569 0.466192 0.282239
0.464512 0.535488
1.000000
0.598179 0.401821
0.158583 0.841417
0.607148 0.392852
1.000000
1.000000
1.000000
1.000000
1.000000
0.944928 0.055072
1.000000
1.000000
0.383373 0.616627
1.000000
1.000000
0.339680 0.660320
0.171875 0.828125
1.000000
1.000000
0.507053 0.492947
0.108688 0.891312
0.661772 0.338228
1.000000
0.342996 0.657004
0.236128 0.763872
1.000000
1.000000
1.000000
0.166187 0.833813
0.475968 0.524032
1.000000
1.000000
0.863834 0.136166
1.000000
0.513907 0.486093
1.000000
1.000000
0.570205 0.429795
1.000000
0.723760 0.205080 0.071160
1.000000
0.155485 0.844515
1.000000
1.000000
1.000000
1.000000
0.609831 0.390169
0.774339 0.225661
0.263455 0.736545
1.000000
1.000000
1.000000
0.621505 0.241742 0.098484 0.038268
0.039158 0.960842
0.248614 0.751386
0.033531 0.290279 0.676190
1.000000
1.000000
1.000000
1.000000
0.090600 0.342542 0.566858
0.089055 0.910945
1.000000
0.644672 0.355328
0.207738 0.792262
1.000000
0.786186 0.213814
1.000000
1.000000
0.108795 0.891205
1.000000
1.000000
0.963107 0.036893
1.000000
1.000000
0.628301 0.371699
0.741648 0.258352
0.058533 0.941467
0.630153 0.369847
0.599080 0.400920
0.374759 0.625241
0.254685 0.745315
0.420606 0.579394
0.096050 0.346523 0.557426
0.377101 0.622899
1.000000
0.651664 0.304213 0.044123
1.000000
1.000000
0.103939 0.896061
0.434978 0.565022
1.000000
0.463629 0.536371
0.459309 0.540691
1.000000
1.000000
0.146550 0.487963 0.365487
0.025611 0.974389
1.000000
0.775652 0.224348
0.957326 0.042674
0.313810 0.504899 0.181291
0.822864 0.177136
0.778144 0.221856
0.199481 0.800519
0.090208 0.909792
1.000000
1.000000
1.000000
1.000000
1.000000
0.429139 0.570861
1.000000
1.000000
1.000000
1.000000
0.618129 0.381871
1.000000
0.763039 0.236961
1.000000
1.000000
1.000000
0.495066 0.335783 0.169151
0.984641 0.015359
1.000000
0.184142 0.815858
1.000000
1.000000
1.000000
0.058037 0.941963
0.489262 0.510738
1.000000
1.000000
0.078828 0.921172
0.515847 0.333207 0.150946
1.000000
0.494053 0.505947
0.191539 0.808461
1.000000
1.000000
1.000000
0.958440 0.041560
1.000000
0.240220 0.759780
1.000000
0.317598 0.682402
1.000000
0.260811 0.739189
0.413987 0.586013
0.524381 0.475619
0.638759 0.361241
0.059867 0.940133
0.276141 0.723859
0.893799 0.106201
1.000000
0.157279 0.842721
0.710152 0.289848
1.000000
0.329265 0.670735
1.000000
0.817205 0.182795
0.949773 0.050227
0.866066 0.133934
1.000000
1.000000
1.000000
0.496404 0.341756 0.161840
1.000000
0.912661 0.087339
1.000000
0.464929 0.535071
1.000000
1.000000
1.000000
1.000000
1.000000
0.837091 0.162909
1.000000
1.000000
1.000000
1.000000
0.058939 0.941061
1.000000
0.708662 0.291338
0.769366 0.230634
0.424453 0.457903 0.117644
1.000000
1.000000
1.000000
1.000000
1.000000
0.443200 0.556800
0.090479 0.909521
0.486662 0.513338
0.201499 0.798501
1.000000
1.000000
1.000000
0.304050 0.399719 0.296231
1.000000
0.129239 0.870761
0.185485 0.814515
1.000000
1.000000
0.094175 0.905825
0.877851 0.122149
0.552852 0.447148
0.897970 0.102030
1.000000
0.260884 0.739116
1.000000
0.332323 0.667677
1.000000
1.000000
1.000000
0.132401 0.867599
0.178272 0.441813 0.379915
0.109552 0.487972 0.402475
1.000000
1.000000
0.489252 0.510748
1.000000
0.549818 0.450182
0.650096 0.349904
0.296247 0.703753
1.000000
1.000000
0.514288 0.485712
0.010952 0.162901 0.826147
1.000000
1.000000
1.000000
0.941845 0.058155
1.000000
1.000000
0.778975 0.221025
1.000000
0.083666 0.520925 0.395409
1.000000
0.450988 0.549012
1.000000
0.138943 0.861057
1.000000
1.000000
1.000000
0.180715 0.511739 0.307545
0.726937 0.273063
0.036789 0.324162 0.639049
0.666482 0.333518
1.000000
0.401170 0.454873 0.143957
0.740260 0.259740
1.000000
1.000000
1.000000
0.957754 0.042246
0.764098 0.235902
1.000000
1.000000
0.870442 0.129558
1.000000
1.000000
1.000000
0.244731 0.755269
1.000000
0.334064 0.665936
0.088292 0.911708
1.000000
1.000000
1.000000
1.000000
1.000000
1.000000
1.000000
1.000000
1.000000
1.000000
0.831247 0.168753
0.876022 0.123978
1.000000
0.282013 0.717987
1.000000
0.970461 0.029539
0.201811 0.798189
1.000000
1.000000
1.000000
0.473908 0.412805 0.113287
0.398341 0.601659
1.000000
0.105043 0.894957
1.000000
1.000000
1.000000
0.115780 0.884220
0.567074 0.312402 0.120524
0.048157 0.951843
0.788532 0.211468
0.943424 0.056576
1.000000
0.767799 0.232201
1.000000
0.069338 0.930662
1.000000
1.000000
0.679961 0.320039
0.041519 0.958481
0.267211 0.732789
0.678464 0.321536
1.000000
0.353896 0.646104
1.000000
1.000000
1.000000
1.000000
1.000000
0.552108 0.447892
1.000000
0.028110 0.237987 0.733903
1.000000
1.000000
1.000000
1.000000
0.485928 0.514072
0.410205 0.589795
1.000000
1.000000
0.271883 0.728117
1.000000
0.086601 0.913399
1.000000
1.000000
1.000000
0.109526 0.890474
1.000000
1.000000
0.955473 0.044527
0.919936 0.080064
1.000000
1.000000
1.000000
0.317674 0.682326
0.649426 0.350574
0.352695 0.647305
0.778868 0.221132
1.000000
1.000000
0.817665 0.182335
0.166638 0.833362
0.105121 0.894879
1.000000
1.000000
1.000000
0.923843 0.076157
1.000000
0.721299 0.278701
0.192837 0.807163
1.000000
1.000000
0.548156 0.451844
1.000000
1.000000
1.000000
1.000000
0.299967 0.700033
0.036290 0.266059 0.697651
1.000000
0.438937 0.561063
1.000000
1.000000
0.294150 0.434913 0.270937
0.467031 0.532969
1.000000
0.158089 0.841911
1.000000
1.000000
0.217712 0.782288
1.000000
0.640798 0.359202
0.824221 0.175779
0.093951 0.906049
0.439208 0.385534 0.175257
0.666963 0.333037
1.000000
0.261814 0.738186
0.372317 0.627683
1.000000
0.781281 0.218719
1.000000
0.347039 0.652961
1.000000
1.000000
1.000000
0.006712 0.055193 0.291927 0.646169
0.811288 0.188712
0.208161 0.791839
1.000000
0.144980 0.855020
1.000000
1.000000
0.278026 0.721974
1.000000
0.047622 0.952378
1.000000
0.090178 0.909822
1.000000
1.000000
0.180243 0.819757
1.000000
0.545687 0.316008 0.138305
1.000000
0.067418 0.932582
0.547286 0.452714
0.146883 0.446842 0.406275
1.000000
0.830249 0.169751
1.000000
1.000000
1.000000
1.000000
0.206108 0.793892
0.809369 0.190631
1.000000
0.361839 0.638161
0.597834 0.276104 0.126061
1.000000
1.000000
1.000000
1.000000
0.153174 0.492993 0.353833
0.346534 0.653466
1.000000
0.850415 0.149585
0.170284 0.829716
1.000000
1.000000
1.000000
0.369187 0.630813
0.303276 0.696724
0.744065 0.255935
1.000000
1.000000
1.000000
0.185359 0.814641
0.479748 0.520252
1.000000
1.000000
0.309316 0.690684
1.000000
0.681795 0.318205
0.377638 0.622362
1.000000
0.844054 0.155946
1.000000
0.986778 0.013222
1.000000
1.000000
1.000000
1.000000
1.000000
0.261749 0.738251
0.362408 0.637592
1.000000
1.000000
1.000000
1.000000
1.000000
1.000000
1.000000
1.000000
1.000000
0.835319 0.164681
1.000000
0.486460 0.513540
1.000000
0.363603 0.636397
1.000000
1.000000
1.000000
0.449347 0.550653
1.000000
1.000000
0.396547 0.603453
0.101004 0.477826 0.421170
1.000000
0.438852 0.561148
0.304885 0.695115
1.000000
0.151753 0.848247
0.451459 0.548541
1.000000
1.000000
1.000000
0.840706 0.159294
1.000000
1.000000
0.885331 0.114669
1.000000
0.218647 0.469969 0.311383
1.000000
0.144112 0.855888
0.566007 0.433993
0.784322 0.215678
0.675057 0.324943
0.688482 0.311518
1.000000
1.000000
0.474667 0.525333
1.000000
1.000000
1.000000
1.000000
0.706322 0.293678
1.000000
0.067570 0.932430
0.121743 0.878257
0.599794 0.400206
0.962346 0.037654
1.000000
0.437652 0.420829 0.141519
0.014984 0.183654 0.801362
1.000000
1.000000
0.191056 0.808944
0.936048 0.063952
1.000000
0.423918 0.576082
1.000000
1.000000
0.570487 0.429513
0.340862 0.399654 0.259484
1.000000
1.000000
0.865571 0.134429
1.000000
1.000000
1.000000
1.000000
1.000000
0.279165 0.720835
1.000000
0.205291 0.794709
1.000000
1.000000
0.001609 0.028044 0.198985 0.771361
0.955184 0.044816
0.748933 0.251067
1.000000
1.000000
0.693431 0.306569
1.000000
0.152968 0.847032
1.000000
1.000000
0.210029 0.789971
0.518642 0.481358
1.000000
0.665127 0.334873
1.000000
0.136714 0.863286
0.278971 0.721029
0.063993 0.442968 0.493039
0.613873 0.386127
0.093008 0.479125 0.427867
0.751337 0.248663
0.119777 0.410852 0.469370
1.000000
0.921748 0.078252
1.000000
1.000000
0.960894 0.039106
1.000000
0.157115 0.842885
0.811398 0.188602
0.965901 0.034099
0.083684 0.385891 0.530425
1.000000
0.798041 0.201959
0.501181 0.498819
1.000000
0.168065 0.831935
0.451835 0.548165
1.000000
0.824880 0.175120
1.000000
0.438040 0.561960
1.000000
0.744314 0.255686
0.511794 0.488206
1.000000
0.396923 0.432479 0.170598
1.000000
1.000000
0.102067 0.897933
1.000000
0.898247 0.101753
0.678551 0.321449
0.560813 0.439187
1.000000
1.000000
1.000000
0.628666 0.371334
1.000000
1.000000
1.000000
1.000000
0.794802 0.205198
1.000000
0.709675 0.290325
1.000000
0.622070 0.377930
1.000000
1.000000
0.719459 0.280541
0.625172 0.374828
0.427046 0.572954
0.152515 0.847485
0.704423 0.295577
1.000000
1.000000
1.000000
0.093255 0.495158 0.411587
1.000000
0.874895 0.125105
0.034715 0.965285
0.476002 0.523998
0.723381 0.276619
0.201609 0.798391
0.848431 0.151569
1.000000
1.000000
1.000000
1.000000
1.000000
0.096970 0.903030
1.000000
0.801762 0.198238
1.000000
0.957179 0.042821
1.000000
0.841629 0.158371
0.829367 0.170633
0.808411 0.191589
1.000000
1.000000
1.000000
0.608703 0.391297
0.907832 0.092168
0.263704 0.736296
0.253405 0.746595
1.000000
1.000000
0.138006 0.437274 0.424719
1.000000
1.000000
0.153020 0.507238 0.339742
1.000000
1.000000
0.510154 0.489846
0.876907 0.123093
0.746187 0.253813
1.000000
1.000000
1.000000
0.844458 0.155542
0.214687 0.785313
1.000000
0.803565 0.196435
1.000000
0.190514 0.809486
1.000000
0.757756 0.242244
1.000000
1.000000
0.236362 0.763638
0.727593 0.272407
0.128559 0.871441
1.000000
0.345794 0.654206
0.704831 0.295169
1.000000
0.959553 0.040447
1.000000
1.000000
0.170307 0.413670 0.416023
1.000000
0.593248 0.406752
0.189502 0.810498
1.000000
1.000000
1.000000
0.392056 0.441367 0.166578
1.000000
1.000000
0.235867 0.764133
0.453079 0.546921
1.000000
1.000000
1.000000
0.829889 0.170111
0.488609 0.511391
0.308147 0.691853
1.000000
1.000000
1.000000
1.000000
1.000000
1.000000
1.000000
1.000000
1.000000
0.978112 0.021888
1.000000
1.000000
1.000000
0.968847 0.031153
1.000000
0.223635 0.484058 0.239722 0.052584
0.426709 0.573291
0.702271 0.297729
0.320797 0.679203
1.000000
0.464479 0.363173 0.172348
1.000000
0.823137 0.176863
1.000000
0.135803 0.864197
1.000000
0.175763 0.824237
1.000000
1.000000
0.200013 0.799987
1.000000
1.000000
0.012738 0.174102 0.813160
0.135983 0.864017
0.356394 0.384876 0.258730
0.755565 0.244435
1.000000
0.101991 0.898009
0.507098 0.492902
1.000000
0.045244 0.954756
1.000000
0.805411 0.194589
1.000000
0.858926 0.141074
1.000000
0.164808 0.835192
1.000000
1.000000
0.036419 0.230518 0.733063
1.000000
0.274250 0.725750
1.000000
0.019976 0.200767 0.779257
0.790428 0.209572
0.170049 0.829951
1.000000
0.903871 0.096129
1.000000
0.397982 0.602018
1.000000
1.000000
1.000000
0.807794 0.192206
1.000000
1.000000
0.978835 0.021165
0.760902 0.239098
0.110292 0.889708
0.441975 0.558025
1.000000
1.000000
0.095426 0.904574
0.240874 0.498807 0.260319
0.410964 0.589036
0.151269 0.848731
0.744905 0.255095
0.423495 0.576505
0.935853 0.064147
0.777814 0.222186
0.481856 0.408502 0.109641
1.000000
1.000000
0.916044 0.083956
0.220397 0.424024 0.355580
1.000000
0.055829 0.307081 0.637090
1.000000
0.592865 0.407135
1.000000
1.000000
1.000000
0.112843 0.887157
1.000000
0.588567 0.411433
1.000000
1.000000
1.000000
0.097870 0.902130
1.000000
1.000000
1.000000
0.633289 0.366711
1.000000
0.851915 0.148085
1.000000
0.946917 0.053083
0.191540 0.808460
0.255432 0.744568
1.000000
0.758033 0.241967
0.277808 0.722192
0.783227 0.216773
1.000000
0.679086 0.320914
0.896307 0.103693
1.000000
0.109015 0.890985
0.452254 0.547746
1.000000
1.000000
0.509843 0.490157
1.000000
1.000000
1.000000
0.677706 0.294086 0.028208
0.528071 0.356501 0.115428
0.981941 0.017633 0.000426
1.000000
1.000000
1.000000
0.981076 0.018924
1.000000
1.000000
1.000000
1.000000
0.319476 0.680524
0.830796 0.169204
0.130391 0.869609
0.541198 0.458802
1.000000
1.000000
0.137143 0.862857
1.000000
1.000000
1.000000
1.000000
1.000000
1.000000
1.000000
0.286648 0.713352
1.000000
1.000000
0.957461 0.042539
1.000000
0.190826 0.441983 0.367191
1.000000
1.000000
1.000000
0.379944 0.620056
1.000000
1.000000
1.000000
1.000000
1.000000
1.000000
0.599254 0.400746
1.000000
0.167485 0.832515
1.000000
0.771864 0.228136
1.000000
1.000000
0.328112 0.671888
0.931202 0.068798
1.000000
1.000000
0.052419 0.947581
0.528268 0.471732
0.193078 0.806922
1.000000
0.136306 0.863694
1.000000
1.000000
1.000000
1.000000
0.862198 0.137802
1.000000
1.000000
1.000000
1.000000
1.000000
0.469606 0.530394
1.000000
0.666930 0.333070
0.085513 0.347703 0.566784
1.000000
0.139168 0.860832
1.000000
1.000000
1.000000
1.000000
1.000000
0.109428 0.890572
1.000000
1.000000
1.000000
1.000000
1.000000
1.000000
0.977921 0.021759 0.000319
0.201045 0.798955
0.951689 0.048311
1.000000
1.000000
1.000000
1.000000
0.477115 0.522885
1.000000
0.555888 0.308481 0.135630
1.000000
1.000000
1.000000
1.000000
0.075222 0.395463 0.529315
0.965667 0.034333
0.391973 0.608027
1.000000
1.000000
1.000000
1.000000
1.000000
0.433165 0.566835
1.000000
1.000000
1.000000
0.879638 0.120362
0.425969 0.574031
1.000000
1.000000
0.289829 0.710171
0.268173 0.731827
