1.000000
1.000000
0.735336 0.264664
1.000000
1.000000
0.439799 0.560201
0.161443 0.838557
1.000000
0.000614 0.999386
0.734920 0.265080
1.000000
1.000000
1.000000
1.000000
0.705410 0.231864 0.062725
1.000000
1.000000
0.405846 0.594154
0.138816 0.314431 0.339514 0.207239
1.000000
1.000000
0.709032 0.290968
1.000000
1.000000
0.248122 0.751878
1.000000
1.000000
1.000000
1.000000
0.833953 0.166047
1.000000
1.000000
0.511543 0.488457
0.773019 0.226981
1.000000
1.000000
0.708519 0.291481
0.259598 0.740402
1.000000
0.632114 0.367886
1.000000
1.000000
0.025347 0.974653
1.000000
1.000000
0.934587 0.065413
1.000000
1.000000
0.831777 0.168223
1.000000
1.000000
1.000000
1.000000
0.657663 0.342337
1.000000
1.000000
1.000000
1.000000
0.361524 0.450224 0.188252
1.000000
0.910466 0.089534
1.000000
1.000000
0.601991 0.398009
1.000000
1.000000
0.797704 0.202296
1.000000
0.733878 0.266122
0.000014 0.999986
0.324157 0.675843
0.000316 0.999684
1.000000
0.004256 0.476878 0.518866
1.000000
1.000000
0.806755 0.193245
1.000000
0.895139 0.104861
1.000000
1.000000
1.000000
0.816953 0.183047
0.375844 0.624156
0.738477 0.261523
0.443572 0.556428
1.000000
1.000000
1.000000
1.000000
1.000000
1.000000
0.184175 0.429368 0.386457
0.227440 0.510454 0.262107
0.616006 0.383994
1.000000
1.000000
1.000000
1.000000
1.000000
0.041001 0.310779 0.648220
1.000000
0.466394 0.533606
0.301581 0.698419
0.888317 0.111683
0.387327 0.463739 0.148934
0.854417 0.145583
1.000000
1.000000
0.299593 0.700407
1.000000
1.000000
1.000000
1.000000
1.000000
0.726927 0.273073
0.307260 0.692740
1.000000
1.000000
1.000000
0.653581 0.346419
1.000000
1.000000
0.232402 0.767598
0.926775 0.073225
1.000000
1.000000
0.480929 0.519071
1.000000
0.604238 0.395762
0.569214 0.430786
1.000000
0.293197 0.706803
1.000000
1.000000
1.000000
1.000000
0.823808 0.176192
0.375810 0.624190
0.818649 0.181351
0.786016 0.213984
1.000000
1.000000
1.000000
0.644529 0.355471
0.041235 0.958765
0.023384 0.263665 0.331668 0.381283
1.000000
1.000000
1.000000
0.821507 0.178493
1.000000
0.452137 0.547863
1.000000
0.486776 0.513224
0.811025 0.188975
1.000000
0.910074 0.089926
0.716524 0.283476
0.194049 0.805951
1.000000
0.843911 0.118353 0.037736
0.391908 0.608092
1.000000
0.254686 0.745314
1.000000
0.175418 0.394429 0.430154
0.268694 0.731306
1.000000
0.905567 0.094433
0.498030 0.501970
1.000000
1.000000
1.000000
0.737029 0.262971
0.001270 0.998730
1.000000
1.000000
0.622522 0.377478
1.000000
0.004331 0.995669
1.000000
1.000000
0.763970 0.236030
1.000000
1.000000
1.000000
1.000000
1.000000
0.860346 0.139654
1.000000
1.000000
1.000000
1.000000
1.000000
1.000000
1.000000
1.000000
0.497934 0.502066
0.084356 0.364749 0.550895
0.761524 0.238476
1.000000
0.087062 0.912938
1.000000
1.000000
0.498469 0.501531
1.000000
1.000000
1.000000
0.142040 0.857960
1.000000
0.925191 0.074809
1.000000
1.000000
1.000000
1.000000
0.173352 0.826648
0.296381 0.703619
0.504795 0.495205
1.000000
0.495475 0.504525
0.521350 0.478650
1.000000
0.284683 0.402772 0.312545
0.622145 0.254086 0.123769
0.399849 0.600151
0.306709 0.693291
0.953458 0.046542
0.582642 0.417358
1.000000
0.377659 0.622341
1.000000
1.000000
0.000260 0.999740
1.000000
1.000000
1.000000
0.843098 0.156902
0.727459 0.272541
1.000000
0.021916 0.978084
1.000000
1.000000
1.000000
0.003740 0.996260
1.000000
1.000000
1.000000
1.000000
1.000000
0.097182 0.902818
1.000000
1.000000
1.000000
0.053262 0.946738
0.614192 0.385808
0.498584 0.501416
0.810043 0.189957
0.768158 0.231842
1.000000
1.000000
0.263449 0.736551
1.000000
1.000000
1.000000
1.000000
0.385647 0.359548 0.254805
0.512152 0.487848
0.766144 0.233856
0.141939 0.477075 0.380986
1.000000
0.257343 0.742657
1.000000
0.522433 0.477567
0.536303 0.463697
1.000000
0.351861 0.648139
1.000000
1.000000
1.000000
0.340897 0.659103
0.101131 0.439848 0.459021
0.215817 0.784183
1.000000
0.510354 0.489646
1.000000
0.801361 0.198639
1.000000
1.000000
1.000000
1.000000
0.039667 0.487645 0.472687
0.012224 0.987776
1.000000
1.000000
1.000000
1.000000
0.756386 0.243614
1.000000
0.727242 0.272758
1.000000
0.541324 0.458676
0.338400 0.661600
1.000000
1.000000
0.797597 0.202403
0.663942 0.336058
0.203615 0.796385
1.000000
1.000000
0.000105 0.999895
1.000000
0.438986 0.445653 0.115361
1.000000
1.000000
0.510106 0.489894
1.000000
1.000000
0.176263 0.823737
1.000000
0.385800 0.414705 0.199494
0.272773 0.727227
1.000000
0.907937 0.092063
1.000000
1.000000
1.000000
1.000000
0.727292 0.272708
1.000000
1.000000
0.732717 0.267283
0.793175 0.206825
1.000000
0.595758 0.404242
0.000097 0.999903
0.007467 0.992533
1.000000
1.000000
1.000000
1.000000
1.000000
0.820398 0.179602
1.000000
1.000000
0.488967 0.511033
1.000000
1.000000
0.125941 0.431102 0.442957
0.838477 0.161523
1.000000
1.000000
1.000000
0.381968 0.618032
0.001634 0.998366
1.000000
1.000000
1.000000
1.000000
0.107686 0.892314
1.000000
0.499548 0.382905 0.117547
1.000000
1.000000
0.309563 0.690437
0.006415 0.225293 0.768292
0.369274 0.630726
1.000000
0.195471 0.804529
1.000000
1.000000
1.000000
1.000000
1.000000
0.789244 0.210756
0.704032 0.295968
0.713130 0.286870
1.000000
1.000000
0.881583 0.118417
0.840580 0.159420
0.420304 0.579696
0.817755 0.182245
0.680124 0.319876
1.000000
1.000000
1.000000
0.002057 0.106826 0.288953 0.602165
0.164896 0.835104
1.000000
0.323611 0.676389
1.000000
0.831160 0.168840
1.000000
1.000000
0.003784 0.996216
1.000000
0.423306 0.414829 0.161865
0.515407 0.408111 0.076482
0.070904 0.929096
0.774245 0.225755
0.524441 0.244747 0.143522 0.087290
1.000000
0.558930 0.441070
1.000000
0.717671 0.192987 0.089342
0.158786 0.841214
0.000473 0.999527
0.737901 0.262099
0.513032 0.486968
1.000000
1.000000
1.000000
1.000000
0.602350 0.397650
1.000000
0.623953 0.376047
0.146338 0.853662
1.000000
1.000000
0.214491 0.525165 0.260344
1.000000
1.000000
1.000000
1.000000
0.084962 0.915038
1.000000
0.875259 0.124741
1.000000
0.143944 0.856056
1.000000
1.000000
1.000000
0.371545 0.628455
1.000000
1.000000
1.000000
1.000000
0.658358 0.341642
1.000000
0.336767 0.403841 0.259392
1.000000
1.000000
1.000000
0.162667 0.837333
1.000000
0.393436 0.606564
1.000000
1.000000
1.000000
1.000000
0.477314 0.522686
0.348991 0.651009
0.345257 0.654743
0.756322 0.243678
0.596364 0.403636
0.738801 0.261199
1.000000
1.000000
1.000000
1.000000
0.605308 0.394692
1.000000
1.000000
1.000000
1.000000
0.825219 0.129450 0.045331
0.811220 0.188780
1.000000
0.788622 0.211378
1.000000
1.000000
0.472385 0.527615
1.000000
0.222851 0.777149
1.000000
0.783320 0.216680
1.000000
0.820401 0.179599
1.000000
1.000000
1.000000
1.000000
0.422511 0.577489
1.000000
1.000000
0.782510 0.217490
0.620377 0.379623
1.000000
0.275913 0.724087
1.000000
0.664313 0.335687
0.096368 0.903632
1.000000
0.717583 0.282417
1.000000
1.000000
0.475527 0.524473
0.733282 0.266718
0.463664 0.536336
0.174977 0.825023
1.000000
1.000000
1.000000
1.000000
1.000000
0.272090 0.727910
0.636509 0.363491
1.000000
0.000064 0.999936
1.000000
0.658452 0.246662 0.094886
0.854863 0.145137
0.402661 0.597339
0.052643 0.302148 0.645209
0.002720 0.997280
1.000000
1.000000
1.000000
1.000000
1.000000
1.000000
1.000000
1.000000
1.000000
1.000000
0.091327 0.908673
1.000000
0.001178 0.998822
1.000000
0.403729 0.596271
1.000000
1.000000
1.000000
1.000000
1.000000
1.000000
0.331733 0.668267
1.000000
0.720846 0.186766 0.092388
0.822390 0.177610
1.000000
0.689936 0.310064
0.740052 0.259948
0.793841 0.206159
0.548356 0.451644
1.000000
0.493171 0.506829
1.000000
0.667787 0.332213
1.000000
1.000000
0.608317 0.255861 0.135823
1.000000
1.000000
0.776111 0.223889
1.000000
1.000000
0.463599 0.536401
1.000000
1.000000
0.023183 0.976817
1.000000
0.808117 0.163007 0.028876
0.610980 0.389020
0.503906 0.496094
0.481624 0.518376
1.000000
1.000000
0.793516 0.206484
0.787334 0.212666
0.890397 0.109603
0.616913 0.383087
0.229531 0.770469
1.000000
1.000000
0.662798 0.337202
0.300723 0.699277
1.000000
0.644312 0.355688
1.000000
1.000000
0.775861 0.224139
0.325011 0.674989
0.794663 0.205337
1.000000
1.000000
0.841627 0.158373
1.000000
0.214626 0.785374
1.000000
0.348932 0.651068
1.000000
0.483072 0.516928
1.000000
1.000000
1.000000
0.385563 0.614437
0.859259 0.140741
0.372472 0.627528
1.000000
0.693358 0.306642
1.000000
1.000000
1.000000
1.000000
1.000000
0.482628 0.517372
0.577648 0.422352
0.249047 0.750953
1.000000
0.710328 0.289672
1.000000
1.000000
0.469150 0.530850
0.328193 0.671807
1.000000
0.322857 0.398154 0.278989
0.780944 0.219056
0.323456 0.676544
0.072731 0.368391 0.558878
1.000000
0.513356 0.486644
1.000000
1.000000
1.000000
1.000000
1.000000
0.662665 0.337335
0.727459 0.272541
1.000000
1.000000
1.000000
0.804056 0.195944
0.244831 0.539047 0.216122
1.000000
1.000000
1.000000
0.302608 0.697392
1.000000
1.000000
0.795275 0.204725
1.000000
1.000000
1.000000
0.255455 0.744545
1.000000
0.269148 0.730852
1.000000
1.000000
0.000663 0.999337
1.000000
1.000000
0.744188 0.255812
0.865840 0.134160
1.000000
0.478710 0.521290
0.193773 0.806227
0.550791 0.449209
1.000000
1.000000
1.000000
1.000000
0.000638 0.999362
1.000000
0.356735 0.643265
1.000000
0.419773 0.580227
1.000000
0.010693 0.989307
1.000000
1.000000
1.000000
1.000000
0.000022 0.999978
0.056354 0.943646
1.000000
1.000000
1.000000
1.000000
1.000000
0.337336 0.662664
1.000000
0.642270 0.357730
0.729000 0.271000
1.000000
1.000000
1.000000
0.000022 0.999978
1.000000
0.688041 0.311959
0.001448 0.998552
0.007236 0.992764
1.000000
0.676009 0.323991
0.458674 0.541326
1.000000
0.268196 0.731804
1.000000
0.920482 0.079518
0.007802 0.992198
0.457771 0.542229
1.000000
1.000000
0.472939 0.451069 0.075992
0.527601 0.472399
0.718310 0.281690
1.000000
1.000000
0.462359 0.537641
1.000000
1.000000
0.799211 0.200789
0.005225 0.578209 0.416566
0.016266 0.360931 0.622803
1.000000
1.000000
0.236568 0.763432
1.000000
1.000000
1.000000
0.349850 0.650150
0.765929 0.234071
0.771126 0.228874
0.437615 0.453615 0.108770
0.451734 0.548266
0.643488 0.356512
1.000000
1.000000
1.000000
1.000000
0.269325 0.730675
0.211268 0.441168 0.347564
0.157462 0.842538
0.781288 0.218712
1.000000
0.723003 0.276997
1.000000
0.899053 0.100947
1.000000
0.591220 0.408780
0.000853 0.999147
1.000000
0.655395 0.344605
0.883392 0.116608
1.000000
0.513663 0.486337
0.042085 0.957915
0.000166 0.999834
0.362095 0.637905
0.438082 0.561918
1.000000
0.025634 0.419726 0.554640
0.717835 0.282165
1.000000
1.000000
0.000049 0.074876 0.925076
1.000000
1.000000
1.000000
0.040138 0.234236 0.417808 0.307818
1.000000
1.000000
1.000000
0.052136 0.340139 0.607725
1.000000
0.171938 0.442108 0.385954
1.000000
1.000000
0.018256 0.981744
0.794061 0.205939
1.000000
0.730009 0.269991
0.899335 0.100665
1.000000
1.000000
1.000000
1.000000
0.741588 0.258412
0.388142 0.611858
0.417408 0.582592
0.468417 0.340117 0.191466
0.815985 0.156095 0.027920
1.000000
1.000000
1.000000
0.625796 0.374204
1.000000
0.617404 0.382596
1.000000
1.000000
0.180399 0.819601
1.000000
1.000000
0.836887 0.163113
1.000000
1.000000
0.289009 0.710991
0.202134 0.517913 0.279953
1.000000
0.883319 0.116681
1.000000
0.258507 0.741493
1.000000
0.450899 0.549101
1.000000
1.000000
1.000000
0.690062 0.248765 0.061172
0.000245 0.999755
1.000000
0.001690 0.536665 0.461645
1.000000
1.000000
0.684129 0.315871
1.000000
1.000000
0.812394 0.187606
1.000000
1.000000
0.082487 0.917513
0.797079 0.202921
1.000000
1.000000
0.906731 0.070580 0.022689
0.464177 0.535823
1.000000
1.000000
0.330741 0.669259
0.898059 0.101941
1.000000
1.000000
0.495786 0.504214
1.000000
0.627638 0.372362
1.000000
1.000000
0.819698 0.180302
1.000000
1.000000
1.000000
0.033034 0.966966
0.782420 0.217580
0.906544 0.093456
1.000000
1.000000
0.213605 0.786395
0.263813 0.736187
0.000000 0.006896 0.993103
1.000000
0.782928 0.217072
0.236487 0.410998 0.269876 0.082639
1.000000
1.000000
1.000000
1.000000
0.841278 0.158722
1.000000
0.455032 0.544968
1.000000
1.000000
1.000000
1.000000
0.241615 0.758385
1.000000
1.000000
1.000000
1.000000
1.000000
0.760932 0.239068
1.000000
0.723861 0.276139
1.000000
1.000000
1.000000
1.000000
1.000000
0.686756 0.313244
1.000000
0.077811 0.922189
0.002229 0.997771
1.000000
1.000000
0.820627 0.179373
1.000000
0.763616 0.236384
1.000000
0.797032 0.202968
1.000000
1.000000
1.000000
1.000000
1.000000
1.000000
1.000000
1.000000
0.754162 0.245838
1.000000
0.831144 0.168856
0.188070 0.811930
1.000000
1.000000
0.520806 0.479194
1.000000
0.000467 0.999533
0.643115 0.356885
1.000000
0.006262 0.993738
1.000000
1.000000
0.837090 0.162910
0.003111 0.505331 0.491558
0.106265 0.893735
1.000000
1.000000
1.000000
1.000000
1.000000
0.688214 0.311786
1.000000
0.427382 0.572618
0.339190 0.660810
0.229982 0.770018
0.825846 0.174154
0.176589 0.823411
1.000000
0.162835 0.837165
1.000000
1.000000
1.000000
0.497453 0.502547
1.000000
1.000000
1.000000
1.000000
1.000000
0.424556 0.575444
0.833181 0.166819
0.044739 0.451471 0.503790
0.812050 0.187950
0.552182 0.447818
0.854954 0.145046
0.123530 0.876470
0.000024 0.999976
0.365339 0.634661
0.833457 0.166543
1.000000
1.000000
0.476191 0.523809
1.000000
1.000000
1.000000
0.149966 0.850034
1.000000
0.815285 0.184715
0.466238 0.533762
1.000000
1.000000
1.000000
0.071661 0.928339
0.774534 0.225466
1.000000
1.000000
1.000000
0.777011 0.222989
1.000000
0.549574 0.450426
0.029002 0.970998
0.010116 0.310811 0.679073
1.000000
0.178842 0.821158
0.174656 0.825344
1.000000
1.000000
1.000000
0.652793 0.200285 0.146922
0.354832 0.391824 0.253344
1.000000
0.675256 0.324744
0.228798 0.771202
1.000000
1.000000
1.000000
0.395750 0.604250
0.487416 0.512584
1.000000
1.000000
1.000000
1.000000
1.000000
1.000000
1.000000
1.000000
1.000000
1.000000
1.000000
1.000000
1.000000
1.000000
1.000000
1.000000
0.168870 0.831130
1.000000
1.000000
1.000000
1.000000
0.922914 0.077086
0.531884 0.468116
0.165283 0.834717
1.000000
1.000000
0.513197 0.486803
0.209607 0.790393
1.000000
0.302440 0.697560
0.787802 0.212198
0.695277 0.185173 0.084356 0.035194
0.824806 0.175194
0.622077 0.377923
0.499156 0.500844
0.773700 0.226300
1.000000
1.000000
1.000000
0.804133 0.195867
0.934233 0.065767
1.000000
1.000000
1.000000
1.000000
0.190533 0.809467
0.270984 0.729016
0.933748 0.066252
1.000000
0.679477 0.320523
1.000000
1.000000
0.088300 0.911700
1.000000
1.000000
0.570771 0.350533 0.078695
0.033570 0.966430
1.000000
0.799634 0.200366
0.219352 0.780648
1.000000
0.545723 0.454277
1.000000
0.742562 0.257438
1.000000
1.000000
0.605289 0.394711
1.000000
1.000000
0.258531 0.467673 0.273795
0.487691 0.512309
1.000000
0.589797 0.410203
0.018846 0.981154
0.594105 0.405895
1.000000
1.000000
1.000000
1.000000
1.000000
0.885142 0.114858
1.000000
1.000000
0.348569 0.651431
1.000000
1.000000
0.449917 0.550083
0.188525 0.811475
1.000000
1.000000
0.742623 0.257377
0.001531 0.998469
0.700187 0.299813
1.000000
0.419593 0.580407
0.363949 0.636051
1.000000
1.000000
1.000000
0.184764 0.815236
0.513438 0.486562
1.000000
1.000000
0.822815 0.177185
1.000000
0.497300 0.502700
1.000000
1.000000
0.539262 0.460738
1.000000
0.740227 0.179366 0.080407
1.000000
0.010363 0.989637
1.000000
1.000000
1.000000
1.000000
0.743327 0.256673
0.740260 0.259740
0.359138 0.640862
1.000000
1.000000
1.000000
0.626017 0.221214 0.099871 0.052899
0.072526 0.927474
0.381104 0.618896
0.029502 0.290705 0.679792
1.000000
1.000000
1.000000
1.000000
0.017539 0.441677 0.540784
0.001438 0.998562
1.000000
0.656495 0.343505
0.266928 0.733072
1.000000
0.800203 0.199797
1.000000
1.000000
0.000938 0.999062
1.000000
1.000000
0.857677 0.142323
1.000000
1.000000
0.632334 0.367666
0.786227 0.213773
0.087596 0.912404
0.637640 0.362360
0.594776 0.405224
0.781632 0.218368
0.166742 0.833258
0.506006 0.493994
0.046735 0.479811 0.473453
0.332651 0.667349
1.000000
0.667918 0.288045 0.044037
1.000000
1.000000
0.000456 0.999544
0.786202 0.213798
1.000000
0.513019 0.486981
0.467626 0.532374
1.000000
1.000000
0.161238 0.445571 0.393191
0.027197 0.972803
1.000000
0.723501 0.276499
0.940579 0.059421
0.316148 0.529842 0.154011
0.820768 0.179232
0.799326 0.200674
0.329827 0.670173
0.008625 0.991375
1.000000
1.000000
1.000000
1.000000
1.000000
0.401204 0.598796
1.000000
1.000000
1.000000
1.000000
0.621639 0.378361
1.000000
0.427891 0.572109
1.000000
1.000000
1.000000
0.547773 0.295866 0.156361
0.764929 0.235071
1.000000
0.197200 0.802800
1.000000
1.000000
1.000000
0.000051 0.999949
0.544594 0.455406
1.000000
1.000000
0.122876 0.877124
0.526909 0.332436 0.140655
1.000000
0.548604 0.451396
0.133206 0.866794
1.000000
1.000000
1.000000
0.820219 0.179781
1.000000
0.329517 0.670483
1.000000
0.356180 0.643820
1.000000
0.382288 0.617712
0.437527 0.562473
0.513053 0.486947
0.628983 0.371017
0.000172 0.999828
0.227248 0.772752
0.863873 0.136127
1.000000
0.028924 0.971076
0.710999 0.289001
1.000000
0.317320 0.682680
1.000000
0.725135 0.274865
0.926457 0.073543
0.816924 0.183076
1.000000
1.000000
1.000000
0.574591 0.259234 0.166175
1.000000
0.914801 0.085199
1.000000
0.482356 0.517644
1.000000
1.000000
1.000000
1.000000
1.000000
0.811595 0.188405
1.000000
1.000000
1.000000
1.000000
0.000018 0.999982
1.000000
0.648368 0.351632
0.775000 0.225000
0.421828 0.454871 0.123301
1.000000
1.000000
1.000000
1.000000
1.000000
0.884261 0.115739
0.000171 0.999829
0.538177 0.461823
0.264574 0.735426
1.000000
1.000000
1.000000
0.361833 0.423669 0.214498
1.000000
0.003407 0.996593
0.226525 0.773475
1.000000
1.000000
0.002062 0.997938
0.846670 0.153330
0.573517 0.426483
0.883378 0.116622
1.000000
0.377401 0.622599
1.000000
0.445650 0.554350
1.000000
1.000000
1.000000
0.007836 0.992164
0.136447 0.358846 0.504707
0.164090 0.382953 0.452957
1.000000
1.000000
0.527058 0.472942
1.000000
0.571494 0.428506
0.606329 0.393671
0.413579 0.586421
1.000000
1.000000
0.498365 0.501635
0.000000 0.005388 0.994612
1.000000
1.000000
1.000000
0.923989 0.076011
1.000000
1.000000
0.728256 0.271744
1.000000
0.096057 0.450114 0.453830
1.000000
0.458148 0.541852
1.000000
0.006172 0.993828
1.000000
1.000000
1.000000
0.232336 0.375243 0.392421
0.685456 0.314544
0.039526 0.312283 0.648191
0.665960 0.334040
1.000000
0.682633 0.188899 0.128468
0.714929 0.285071
1.000000
1.000000
1.000000
0.869783 0.130217
0.434194 0.565806
1.000000
1.000000
0.887942 0.112058
1.000000
1.000000
1.000000
0.348562 0.651438
1.000000
0.338402 0.661598
0.081089 0.918911
1.000000
1.000000
1.000000
1.000000
1.000000
1.000000
1.000000
1.000000
1.000000
1.000000
0.817011 0.182989
0.848529 0.151471
1.000000
0.310181 0.689819
1.000000
0.950493 0.049507
0.095280 0.904720
1.000000
1.000000
1.000000
0.531741 0.372318 0.095941
0.493556 0.506444
1.000000
0.015041 0.984959
1.000000
1.000000
1.000000
0.148444 0.851556
0.579608 0.315287 0.105105
0.085407 0.914593
0.799158 0.200842
0.835706 0.164294
1.000000
0.791527 0.208473
1.000000
0.001469 0.998531
1.000000
1.000000
0.649587 0.350413
0.000045 0.999955
0.239148 0.760852
0.630617 0.369383
1.000000
0.458150 0.541850
1.000000
1.000000
1.000000
1.000000
1.000000
0.515544 0.484456
1.000000
0.000037 0.181104 0.818859
1.000000
1.000000
1.000000
1.000000
0.506515 0.493485
0.390482 0.609518
1.000000
1.000000
0.381276 0.618724
1.000000
0.000799 0.999201
1.000000
1.000000
1.000000
0.124090 0.875910
1.000000
1.000000
0.938896 0.061104
0.786632 0.213368
1.000000
1.000000
1.000000
0.315999 0.684001
0.594311 0.405689
0.454872 0.545128
0.779534 0.220466
1.000000
1.000000
0.827546 0.172454
0.011983 0.988017
0.001174 0.998826
1.000000
1.000000
1.000000
0.661688 0.338312
1.000000
0.716076 0.283924
0.235521 0.764479
1.000000
1.000000
0.490737 0.509263
1.000000
1.000000
1.000000
1.000000
0.278271 0.721729
0.000465 0.284668 0.714867
1.000000
0.429819 0.570181
1.000000
1.000000
0.273437 0.421547 0.305016
0.757232 0.242768
1.000000
0.228290 0.771710
1.000000
1.000000
0.274801 0.725199
1.000000
0.642924 0.357076
0.845438 0.154562
0.104469 0.895531
0.449457 0.410038 0.140504
0.684388 0.315612
1.000000
0.382927 0.617073
0.329619 0.670381
1.000000
0.703109 0.296891
1.000000
0.334866 0.665134
1.000000
1.000000
1.000000
0.000493 0.133114 0.219724 0.646669
0.773277 0.226723
0.177878 0.822122
1.000000
0.195050 0.804950
1.000000
1.000000
0.342411 0.657589
1.000000
0.084251 0.915749
1.000000
0.002985 0.997015
1.000000
1.000000
0.200067 0.799933
1.000000
0.562806 0.317723 0.119471
1.000000
0.000579 0.999421
0.494845 0.505155
0.170497 0.365290 0.464213
1.000000
0.826805 0.173195
1.000000
1.000000
1.000000
1.000000
0.317391 0.682609
0.777171 0.222829
1.000000
0.453899 0.546101
0.624810 0.259955 0.115235
1.000000
1.000000
1.000000
1.000000
0.166094 0.442987 0.390920
0.332319 0.667681
1.000000
0.852630 0.147370
0.125942 0.874058
1.000000
1.000000
1.000000
0.799644 0.200356
0.248699 0.751301
0.724175 0.275825
1.000000
1.000000
1.000000
0.067550 0.932450
0.505570 0.494430
1.000000
1.000000
0.304510 0.695490
1.000000
0.726885 0.273115
0.388673 0.611327
1.000000
0.809720 0.190280
1.000000
0.896989 0.103011
1.000000
1.000000
1.000000
1.000000
1.000000
0.360732 0.639268
0.352528 0.647472
1.000000
1.000000
1.000000
1.000000
1.000000
1.000000
1.000000
1.000000
1.000000
0.817683 0.182317
1.000000
0.525854 0.474146
1.000000
0.462664 0.537336
1.000000
1.000000
1.000000
0.458293 0.541707
1.000000
1.000000
0.839168 0.160832
0.116451 0.429296 0.454252
1.000000
0.499864 0.500136
0.333376 0.666624
1.000000
0.036160 0.963840
0.508642 0.491358
1.000000
1.000000
1.000000
0.802331 0.197669
1.000000
1.000000
0.901390 0.098610
1.000000
0.238377 0.427743 0.333880
1.000000
0.012376 0.987624
0.653122 0.346878
0.790875 0.209125
0.694817 0.305183
0.637120 0.362880
1.000000
1.000000
0.523309 0.476691
1.000000
1.000000
1.000000
1.000000
0.675567 0.324433
1.000000
0.000185 0.999815
0.013170 0.986830
0.735953 0.264047
0.926247 0.073753
1.000000
0.443293 0.411086 0.145621
0.000002 0.024135 0.975863
1.000000
1.000000
0.198039 0.801961
0.882023 0.117977
1.000000
0.404407 0.595593
1.000000
1.000000
0.593268 0.406732
0.368742 0.396465 0.234793
1.000000
1.000000
0.871195 0.128805
1.000000
1.000000
1.000000
1.000000
1.000000
0.359707 0.640293
1.000000
0.208720 0.791280
1.000000
1.000000
0.000000 0.000009 0.021725 0.978266
0.734992 0.265008
0.697478 0.302522
1.000000
1.000000
0.711052 0.288948
1.000000
0.108784 0.891216
1.000000
1.000000
0.231688 0.768312
0.470792 0.529208
1.000000
0.662645 0.337355
1.000000
0.199325 0.800675
0.371912 0.628088
0.044678 0.387186 0.568137
0.600192 0.399808
0.080118 0.426349 0.493533
0.715195 0.284805
0.112480 0.360956 0.526564
1.000000
0.811199 0.188801
1.000000
1.000000
0.927080 0.072920
1.000000
0.096400 0.903600
0.775892 0.224108
0.834109 0.165891
0.100682 0.361440 0.537878
1.000000
0.820268 0.179732
0.490260 0.509740
1.000000
0.043873 0.956127
0.395435 0.604565
1.000000
0.796217 0.203783
1.000000
0.422851 0.577149
1.000000
0.741335 0.258665
0.529642 0.470358
1.000000
0.395906 0.448652 0.155442
1.000000
1.000000
0.002851 0.997149
1.000000
0.871546 0.128454
0.699515 0.300485
0.571826 0.428174
1.000000
1.000000
1.000000
0.635111 0.364889
1.000000
1.000000
1.000000
1.000000
0.739502 0.260498
1.000000
0.737673 0.262327
1.000000
0.582156 0.417844
1.000000
1.000000
0.727208 0.272792
0.617359 0.382641
0.470907 0.529093
0.011568 0.988432
0.721333 0.278667
1.000000
1.000000
1.000000
0.103039 0.461393 0.435568
1.000000
0.890062 0.109938
0.000002 0.999998
0.499263 0.500737
0.671820 0.328180
0.188094 0.811906
0.769097 0.230903
1.000000
1.000000
1.000000
1.000000
1.000000
0.001906 0.998094
1.000000
0.670474 0.329526
1.000000
0.929803 0.070197
1.000000
0.788803 0.211197
0.832363 0.167637
0.653687 0.346313
1.000000
1.000000
1.000000
0.579342 0.420658
0.668968 0.331032
0.295385 0.704615
0.198178 0.801822
1.000000
1.000000
0.090681 0.341329 0.567990
1.000000
1.000000
0.162242 0.458375 0.379382
1.000000
1.000000
0.536695 0.463305
0.812679 0.187321
0.758501 0.241499
1.000000
1.000000
1.000000
0.859345 0.140655
0.234503 0.765497
1.000000
0.821613 0.178387
1.000000
0.124781 0.875219
1.000000
0.750394 0.249606
1.000000
1.000000
0.282459 0.717541
0.755877 0.244123
0.002247 0.997753
1.000000
0.437388 0.562612
0.712998 0.287002
1.000000
0.901203 0.098797
1.000000
1.000000
0.263678 0.574868 0.161454
1.000000
0.596619 0.403381
0.206982 0.793018
1.000000
1.000000
1.000000
0.444605 0.384404 0.170991
1.000000
1.000000
0.228908 0.771092
0.487640 0.512360
1.000000
1.000000
1.000000
0.774985 0.225015
0.491469 0.508531
0.348142 0.651858
1.000000
1.000000
1.000000
1.000000
1.000000
1.000000
1.000000
1.000000
1.000000
0.779373 0.220627
1.000000
1.000000
1.000000
0.625080 0.374920
1.000000
0.226561 0.440755 0.264902 0.067782
0.493077 0.506923
0.693610 0.306390
0.311795 0.688205
1.000000
0.479899 0.368301 0.151801
1.000000
0.645459 0.354541
1.000000
0.005544 0.994456
1.000000
0.063920 0.936080
1.000000
1.000000
0.083689 0.916311
1.000000
1.000000
0.000000 0.008903 0.991097
0.008726 0.991274
0.443378 0.369833 0.186790
0.434264 0.565736
1.000000
0.127177 0.872823
0.550763 0.449237
1.000000
0.000201 0.999799
1.000000
0.794971 0.205029
1.000000
0.802089 0.197911
1.000000
0.205617 0.794383
1.000000
1.000000
0.001871 0.514158 0.483971
1.000000
0.256943 0.743057
1.000000
0.008577 0.294408 0.697015
0.792980 0.207020
0.057353 0.942647
1.000000
0.868420 0.131580
1.000000
0.381060 0.618940
1.000000
1.000000
1.000000
0.812237 0.187763
1.000000
1.000000
0.783658 0.216342
0.672561 0.327439
0.010000 0.990000
0.499333 0.500667
1.000000
1.000000
0.051002 0.948998
0.320413 0.398612 0.280975
0.376535 0.623465
0.197109 0.802891
0.716554 0.283446
0.416061 0.583939
0.873462 0.126538
0.747906 0.252094
0.538145 0.369498 0.092357
1.000000
1.000000
0.906554 0.093446
0.215056 0.453487 0.331456
1.000000
0.030669 0.337472 0.631859
1.000000
0.543707 0.456293
1.000000
1.000000
1.000000
0.004462 0.995538
1.000000
0.585063 0.414937
1.000000
1.000000
1.000000
0.011617 0.988383
1.000000
1.000000
1.000000
0.628895 0.371105
1.000000
0.667868 0.332132
1.000000
0.936786 0.063214
0.227228 0.772772
0.236968 0.763032
1.000000
0.711476 0.288524
0.296680 0.703320
0.742992 0.257008
1.000000
0.744487 0.255513
0.810595 0.189405
1.000000
0.005830 0.994170
0.842840 0.157160
1.000000
1.000000
0.557975 0.442025
1.000000
1.000000
1.000000
0.662043 0.299413 0.038544
0.525240 0.371674 0.103086
0.899788 0.093172 0.007041
1.000000
1.000000
1.000000
0.963328 0.036672
1.000000
1.000000
1.000000
1.000000
0.417408 0.582592
0.807921 0.192079
0.111961 0.888039
0.568205 0.431795
1.000000
1.000000
0.007105 0.992895
1.000000
1.000000
1.000000
1.000000
1.000000
1.000000
1.000000
0.368743 0.631257
1.000000
1.000000
0.930304 0.069696
1.000000
0.207886 0.421455 0.370658
1.000000
1.000000
1.000000
0.368554 0.631446
1.000000
1.000000
1.000000
1.000000
1.000000
1.000000
0.537643 0.462357
1.000000
0.042342 0.957658
1.000000
0.799324 0.200676
1.000000
1.000000
0.420198 0.579802
0.855368 0.144632
1.000000
1.000000
0.000345 0.999655
0.517927 0.482073
0.257301 0.742699
1.000000
0.169427 0.830573
1.000000
1.000000
1.000000
1.000000
0.817877 0.182123
1.000000
1.000000
1.000000
1.000000
1.000000
0.453399 0.546601
1.000000
0.593822 0.406178
0.033280 0.465634 0.501086
1.000000
0.006255 0.993745
1.000000
1.000000
1.000000
1.000000
1.000000
0.002378 0.997622
1.000000
1.000000
1.000000
1.000000
1.000000
1.000000
0.891605 0.094227 0.014168
0.039108 0.960892
0.941778 0.058222
1.000000
1.000000
1.000000
1.000000
0.537039 0.462961
1.000000
0.574324 0.308752 0.116925
1.000000
1.000000
1.000000
1.000000
0.090915 0.339374 0.569711
0.772185 0.227815
0.360211 0.639789
1.000000
1.000000
1.000000
1.000000
1.000000
0.442818 0.557182
1.000000
1.000000
1.000000
0.855038 0.144962
0.453576 0.546424
1.000000
1.000000
0.322328 0.677672
0.380699 0.619301
