0.035236 0.001018 0.201950 0.761756 0.000040
0.001640 0.007407 0.465218 0.197832 0.327903
0.010234 0.001216 0.200615 0.764373 0.023562
0.978494 0.000294 0.012963 0.007998 0.000251
0.978387 0.000297 0.012978 0.008080 0.000258
0.536524 0.003982 0.195644 0.249216 0.014635
0.005119 0.019809 0.291315 0.424091 0.259666
0.002563 0.923156 0.046181 0.026543 0.001557
0.927713 0.005638 0.034562 0.028911 0.003176
0.949871 0.001338 0.016881 0.029730 0.002179
0.001848 0.057108 0.296182 0.575071 0.069791
0.006319 0.599705 0.157412 0.227315 0.009249
0.000868 0.837917 0.151191 0.010018 0.000005
0.013940 0.006456 0.114899 0.859187 0.005518
0.001663 0.951992 0.031676 0.014655 0.000013
0.892066 0.001155 0.038448 0.067429 0.000903
0.967874 0.000026 0.024589 0.006255 0.001256
0.037815 0.000885 0.224144 0.733883 0.003273
0.000003 0.006055 0.065185 0.026654 0.902102
0.008367 0.001662 0.287228 0.606177 0.096567
0.009537 0.004667 0.072096 0.882942 0.030757
0.000000 0.429782 0.563553 0.006636 0.000028
0.964542 0.000731 0.014883 0.018659 0.001185
0.000446 0.010240 0.159784 0.169905 0.659626
0.020411 0.001276 0.131177 0.847062 0.000074
0.932370 0.005090 0.034230 0.025905 0.002406
0.073609 0.010798 0.102384 0.723750 0.089460
0.000444 0.133764 0.086023 0.769000 0.010768
0.007590 0.321204 0.237044 0.264861 0.169301
0.000664 0.010798 0.084334 0.901969 0.002235
0.024629 0.464092 0.117287 0.390002 0.003990
0.006426 0.002742 0.064547 0.926171 0.000114
0.000067 0.018513 0.040146 0.931212 0.010062
0.000110 0.162490 0.132193 0.704821 0.000386
0.000003 0.005671 0.064491 0.026759 0.903076
0.000502 0.560004 0.133283 0.304695 0.001515
0.050377 0.343543 0.368147 0.149614 0.088318
0.000000 0.331594 0.605804 0.012421 0.050181
0.015699 0.001234 0.113555 0.861224 0.008288
0.971655 0.000018 0.023423 0.004338 0.000566
0.000861 0.092317 0.238904 0.624250 0.043668
0.382941 0.053210 0.299826 0.248935 0.015087
0.924804 0.006003 0.034767 0.030771 0.003654
0.000000 0.006039 0.586138 0.183198 0.224624
0.020128 0.004648 0.105630 0.842453 0.027141
0.002411 0.564460 0.200037 0.229266 0.003826
0.000061 0.006568 0.063247 0.168778 0.761346
0.014163 0.008539 0.106598 0.857445 0.013254
0.947661 0.000048 0.031083 0.021121 0.000087
0.000000 0.389951 0.567656 0.007336 0.035058
0.002804 0.003351 0.415604 0.562582 0.015659
0.018150 0.126775 0.108901 0.741781 0.004393
0.000003 0.005803 0.064727 0.026723 0.902743
0.003712 0.340580 0.124802 0.493912 0.036994
0.026672 0.015039 0.136360 0.820097 0.001833
0.003634 0.001734 0.053323 0.911469 0.029841
0.000003 0.005665 0.064542 0.026762 0.903029
0.101856 0.233261 0.156990 0.456346 0.051547
0.036238 0.141219 0.413620 0.401684 0.007239
0.046616 0.016749 0.335333 0.550337 0.050964
0.109471 0.112345 0.575985 0.140457 0.061743
0.000627 0.704536 0.139650 0.154096 0.001090
0.000000 0.097948 0.820075 0.019661 0.062316
0.165679 0.044743 0.703638 0.071691 0.014249
0.000005 0.006701 0.071360 0.026561 0.895373
0.591860 0.000706 0.076562 0.327410 0.003461
0.028384 0.083450 0.148141 0.736344 0.003681
0.032491 0.005792 0.220117 0.739149 0.002450
0.069151 0.007771 0.427573 0.462354 0.033150
0.220308 0.144365 0.219123 0.379409 0.036795
0.000000 0.081685 0.042577 0.287649 0.588088
0.008917 0.159697 0.556770 0.272400 0.002216
0.000004 0.008031 0.068800 0.026118 0.897046
0.151851 0.144509 0.275886 0.279565 0.148189
0.969982 0.007659 0.013151 0.007860 0.001348
0.041498 0.095920 0.747009 0.115545 0.000028
0.000024 0.066581 0.078117 0.854811 0.000468
0.971646 0.000018 0.023426 0.004343 0.000568
0.006583 0.005319 0.314375 0.672984 0.000739
0.679685 0.000641 0.065283 0.251734 0.002657
0.978490 0.000294 0.012964 0.008001 0.000251
0.957266 0.000891 0.015896 0.024279 0.001667
0.136696 0.014777 0.276385 0.571986 0.000156
0.000000 0.145559 0.577802 0.032935 0.243705
0.023208 0.017916 0.883327 0.075549 0.000000
0.008538 0.155232 0.072599 0.758569 0.005062
0.024802 0.409133 0.022767 0.284378 0.258920
0.978493 0.000294 0.012964 0.007998 0.000251
0.957421 0.007509 0.014950 0.017970 0.002149
0.019082 0.070935 0.114815 0.790845 0.004323
0.002565 0.968177 0.024024 0.004829 0.000405
0.006083 0.002270 0.061093 0.901012 0.029542
0.013291 0.017514 0.200689 0.695087 0.073420
0.858112 0.005922 0.029336 0.098186 0.008444
0.009829 0.145109 0.596963 0.246513 0.001586
0.200925 0.136789 0.215757 0.376327 0.070202
0.001293 0.011376 0.232436 0.707789 0.047105
0.946629 0.000423 0.030670 0.015658 0.006620
0.953925 0.000068 0.028871 0.013274 0.003862
0.008550 0.518141 0.145062 0.327527 0.000720
0.000000 0.336478 0.517262 0.014958 0.131303
0.011303 0.028581 0.405469 0.550984 0.003663
0.000000 0.003633 0.779216 0.131750 0.085401
0.000000 0.410194 0.554457 0.005565 0.029784
0.978491 0.000294 0.012964 0.008000 0.000251
0.004017 0.000000 0.960466 0.016467 0.019050
0.004291 0.404512 0.130583 0.448754 0.011861
0.000118 0.171967 0.137474 0.690063 0.000378
0.012265 0.004508 0.344935 0.545281 0.093010
0.819183 0.115856 0.030783 0.022956 0.011222
0.013101 0.001763 0.100616 0.875332 0.009189
0.000017 0.032088 0.113155 0.019739 0.835001
0.000000 0.284273 0.687792 0.027892 0.000042
0.000115 0.030996 0.045972 0.912815 0.010103
0.003510 0.008963 0.055714 0.924431 0.007382
0.049100 0.170266 0.121257 0.640875 0.018503
0.107312 0.157068 0.132708 0.446582 0.156329
0.001601 0.078559 0.860305 0.059535 0.000000
0.909731 0.007768 0.035846 0.040508 0.006147
0.002568 0.973045 0.021639 0.002467 0.000280
0.971074 0.000019 0.023602 0.004633 0.000672
0.965091 0.000471 0.024885 0.005951 0.003602
0.000062 0.187724 0.097621 0.714166 0.000426
0.000126 0.035315 0.047253 0.907160 0.010146
0.008031 0.175073 0.517404 0.296675 0.002817
0.000028 0.006724 0.179678 0.028379 0.785190
0.006789 0.111606 0.068195 0.808232 0.005178
0.000112 0.205373 0.131411 0.662724 0.000381
0.015975 0.001698 0.402265 0.508835 0.071227
0.020397 0.001290 0.469219 0.454005 0.055089
0.046998 0.001501 0.190626 0.745959 0.014918
0.000000 0.030560 0.464336 0.496459 0.008645
0.967363 0.000027 0.024746 0.006513 0.001351
0.017575 0.076887 0.134532 0.761875 0.009131
0.000414 0.049306 0.351078 0.599080 0.000123
0.005570 0.062986 0.065945 0.860241 0.005258
0.002051 0.091376 0.444423 0.461472 0.000678
0.006320 0.117565 0.136393 0.739722 0.000000
0.000907 0.150753 0.244287 0.602194 0.001859
0.027270 0.001060 0.163909 0.807704 0.000058
0.000471 0.055220 0.148045 0.099823 0.696441
0.945083 0.003764 0.017198 0.031283 0.002671
0.011980 0.456143 0.440066 0.089035 0.002776
0.001486 0.009704 0.255888 0.690297 0.042625
0.066278 0.225889 0.126256 0.564769 0.016809
0.049610 0.046955 0.168668 0.294177 0.440590
0.001966 0.416478 0.580246 0.000825 0.000485
0.000878 0.782533 0.187031 0.029548 0.000010
0.007162 0.009255 0.891344 0.068929 0.023310
0.005831 0.230893 0.415572 0.343565 0.004140
0.028186 0.096070 0.549813 0.235715 0.090216
0.881755 0.000410 0.050950 0.049047 0.017837
0.004466 0.041492 0.727866 0.136062 0.090114
0.000165 0.018819 0.084526 0.151013 0.745478
0.977853 0.000311 0.013052 0.008490 0.000294
0.002651 0.010149 0.050828 0.928778 0.007594
0.000000 0.003626 0.780282 0.131455 0.084637
0.000133 0.129409 0.150492 0.719599 0.000367
0.965462 0.000995 0.014710 0.017687 0.001146
0.000029 0.057117 0.159119 0.013376 0.770359
0.058660 0.308186 0.084710 0.416359 0.132085
0.013238 0.003163 0.360255 0.538077 0.085268
0.000034 0.006400 0.208711 0.028976 0.755878
0.969981 0.007659 0.013151 0.007861 0.001348
0.000753 0.006757 0.239581 0.181310 0.571599
0.001532 0.503689 0.178393 0.311228 0.005158
0.932389 0.005087 0.034228 0.025892 0.002402
0.003393 0.001806 0.052069 0.931395 0.011337
0.005793 0.019580 0.067779 0.904416 0.002431
0.000005 0.006888 0.070045 0.026483 0.896580
0.000000 0.080115 0.172567 0.677843 0.069475
0.000000 0.032143 0.952054 0.006425 0.009379
0.059946 0.044274 0.264876 0.629400 0.001504
0.002011 0.001055 0.045080 0.940690 0.011164
0.971596 0.000018 0.023441 0.004368 0.000577
0.025419 0.689901 0.234869 0.047975 0.001835
0.003705 0.247104 0.192382 0.550193 0.006616
0.001601 0.826527 0.056067 0.115752 0.000053
0.041506 0.064517 0.851794 0.041732 0.000451
0.002563 0.957786 0.029134 0.009845 0.000671
0.002554 0.953872 0.031034 0.011766 0.000773
0.916879 0.001966 0.021501 0.055299 0.004355
0.007217 0.026190 0.076498 0.882298 0.007798
0.000396 0.200514 0.759675 0.037685 0.001731
0.016344 0.469423 0.319065 0.195123 0.000045
0.019391 0.000819 0.328782 0.640857 0.010152
0.942991 0.000315 0.031920 0.017966 0.006808
0.059622 0.016275 0.387856 0.494090 0.042157
0.008330 0.033118 0.075622 0.880464 0.002466
0.040085 0.585643 0.333518 0.039896 0.000857
0.000033 0.095357 0.082713 0.821439 0.000458
0.064487 0.449298 0.344084 0.083734 0.058397
0.957972 0.001219 0.015743 0.023420 0.001647
0.002768 0.200950 0.414915 0.381346 0.000021
0.000000 0.034117 0.933478 0.008622 0.023783
0.000281 0.287549 0.501430 0.049601 0.161140
0.942155 0.000291 0.032210 0.018487 0.006857
0.038193 0.001003 0.216073 0.744697 0.000034
0.978492 0.000294 0.012964 0.007999 0.000251
0.017596 0.390145 0.229680 0.361896 0.000683
0.960550 0.000042 0.026846 0.009960 0.002602
0.005986 0.025463 0.069526 0.891068 0.007957
0.001517 0.133919 0.094067 0.755016 0.015481
0.977838 0.000311 0.013054 0.008502 0.000295
0.020197 0.092206 0.097869 0.275299 0.514429
0.000549 0.007247 0.187259 0.176646 0.628300
0.010424 0.039420 0.082264 0.865435 0.002457
0.000000 0.037125 0.870695 0.092123 0.000057
0.001366 0.070175 0.893547 0.015791 0.019121
0.052505 0.154886 0.474712 0.313311 0.004586
0.971617 0.000018 0.023434 0.004357 0.000573
0.000414 0.049306 0.351083 0.599074 0.000123
0.066301 0.001374 0.251749 0.672286 0.008289
0.002745 0.001439 0.046845 0.948856 0.000115
0.002679 0.359258 0.386362 0.061273 0.190428
0.167502 0.001160 0.313514 0.517760 0.000063
0.000030 0.085878 0.081204 0.832427 0.000461
0.002531 0.913265 0.050948 0.031438 0.001818
0.053830 0.128771 0.524190 0.292991 0.000218
0.112923 0.102297 0.081848 0.500540 0.202391
0.001204 0.013665 0.971525 -0.000000 0.013606
0.000041 0.119132 0.086713 0.793665 0.000449
0.000000 0.431647 0.486587 0.006075 0.075690
0.964918 0.007598 0.013876 0.011937 0.001671
0.000649 0.035560 0.946134 0.017340 0.000316
0.008148 0.493298 0.146632 0.351161 0.000760
0.000000 0.445363 0.482162 0.004797 0.067678
0.000068 0.018536 0.040150 0.931184 0.010062
0.000000 0.052674 0.868213 0.013314 0.065800
0.002099 0.149410 0.104636 0.728949 0.014906
0.000408 0.039815 0.083712 0.867287 0.008778
0.000000 0.127687 0.583568 0.034610 0.254134
0.039686 0.013441 0.307890 0.584442 0.054541
0.006021 0.000000 0.129238 0.857162 0.007578
0.005173 0.081753 0.170889 0.729630 0.012555
0.000000 0.273596 0.537967 0.020788 0.167649
0.107369 0.016436 0.108548 0.681434 0.086212
0.010895 0.172990 0.080385 0.730830 0.004900
0.044746 0.286695 0.384397 0.181741 0.102421
0.002575 0.006953 0.158675 0.830084 0.001713
0.000000 0.411998 0.492921 0.007908 0.087173
0.000385 0.044961 0.130099 0.114012 0.710543
0.015731 0.749954 0.067448 0.165934 0.000934
0.001533 0.077552 0.074832 0.846083 0.000000
0.007030 0.003521 0.064125 0.894856 0.030467
0.000400 0.049894 0.341169 0.608403 0.000135
0.000182 0.048986 0.054197 0.886467 0.010169
0.040555 0.582296 0.336682 0.039641 0.000826
0.002940 0.589705 0.092558 0.146617 0.168180
0.000014 0.020717 0.108231 0.022989 0.848049
0.937232 0.006961 0.017887 0.034506 0.003414
0.000267 0.055421 0.248698 0.695362 0.000252
0.000097 0.138665 0.124875 0.735964 0.000398
0.002275 0.138662 0.840378 0.018685 0.000000
0.005508 0.247400 0.053515 0.691589 0.001988
0.001405 0.431102 0.204318 0.355676 0.007499
0.000056 0.005924 0.062138 0.169720 0.762162
0.006238 0.060944 0.068471 0.859135 0.005212
0.000000 0.034079 0.933623 0.008611 0.023687
0.000102 0.027309 0.044417 0.918088 0.010084
0.012070 0.000000 0.095095 0.854486 0.038349
0.432003 0.039810 0.322051 0.198261 0.007875
0.000000 0.034080 0.933619 0.008612 0.023690
0.002568 0.973055 0.021635 0.002462 0.000280
0.002637 0.001490 0.048254 0.936316 0.011303
0.004157 0.709762 0.112705 0.173307 0.000069
0.072368 0.247142 0.333275 0.341494 0.005721
0.012080 0.013945 0.196368 0.704503 0.073104
0.024422 0.215484 0.121244 0.637406 0.001443
0.000005 0.006630 0.070829 0.026574 0.895962
0.043549 0.292786 0.379537 0.181373 0.102755
0.000435 0.576307 0.349371 0.013843 0.060044
0.002568 0.972824 0.021748 0.002574 0.000286
0.014394 0.098184 0.736295 0.151128 0.000000
0.002992 0.007887 0.052792 0.928925 0.007403
0.002657 0.006600 0.969399 0.021345 0.000000
0.000028 0.079664 0.080201 0.839645 0.000463
0.000120 0.162470 0.139126 0.697908 0.000377
0.971659 0.000018 0.023422 0.004336 0.000566
0.033598 0.005755 0.226393 0.731986 0.002268
0.000005 0.009270 0.072042 0.025799 0.892883
0.091214 0.204903 0.156901 0.492395 0.054587
0.002508 0.000000 0.856681 0.041310 0.099501
0.001234 0.018638 0.106319 0.871568 0.002241
0.000000 0.180055 0.703914 0.025842 0.090189
0.002782 0.008385 0.166672 0.820472 0.001689
0.563515 0.003544 0.201105 0.221579 0.010257
0.003633 0.009018 0.199736 0.786113 0.001500
0.975991 0.000360 0.013310 0.009922 0.000418
0.000412 0.049389 0.349690 0.600385 0.000125
0.000184 0.570577 0.159000 0.269941 0.000298
0.000016 0.013713 0.120771 0.025281 0.840218
0.005207 0.226022 0.053393 0.713348 0.002029
0.070427 0.000000 0.913412 -0.000000 0.016161
0.000262 0.363795 0.595411 0.038402 0.002130
0.796480 0.054049 0.039983 0.087947 0.021542
0.000587 0.008132 0.081397 0.907679 0.002205
0.000089 0.008746 0.069456 0.165771 0.755938
0.033994 0.005741 0.228638 0.729424 0.002203
0.000000 0.159557 0.700381 0.017798 0.122264
0.000201 0.149777 0.124638 0.722719 0.002665
0.036578 0.171853 0.398255 0.392771 0.000543
0.000674 0.020462 0.156933 0.757823 0.064107
0.000105 0.011710 0.072328 0.161299 0.754559
0.002568 0.972789 0.021765 0.002591 0.000286
0.004072 0.000000 0.964054 0.015513 0.016361
0.000262 0.055728 0.245166 0.698587 0.000256
0.000222 0.006382 0.103112 0.828299 0.061986
0.964308 0.000033 0.025690 0.008062 0.001907
0.005166 0.021584 0.064930 0.900459 0.007861
0.002567 0.971638 0.022329 0.003150 0.000316
0.000000 0.042713 0.208353 0.723602 0.025332
0.000000 0.045810 0.576790 0.362714 0.014686
0.050416 0.209415 0.207327 0.530164 0.002678
0.010528 0.045747 0.095005 0.840298 0.008422
0.961392 0.000040 0.026587 0.009535 0.002446
0.932825 0.005036 0.034197 0.025611 0.002330
0.008178 0.061157 0.336324 0.589803 0.004538
0.932756 0.005044 0.034202 0.025656 0.002342
0.003898 0.006222 0.210095 0.778398 0.001387
0.052505 0.041173 0.163463 0.402054 0.340805
0.003888 0.002188 0.054582 0.927872 0.011470
0.002568 0.973056 0.021634 0.002462 0.000280
0.978481 0.000295 0.012965 0.008008 0.000252
0.030960 0.005844 0.211431 0.749062 0.002702
0.000000 0.083301 0.056223 0.293428 0.567048
0.000049 0.138935 0.091067 0.769508 0.000441
0.209870 0.502892 0.160712 0.104950 0.021575
0.492637 0.080913 0.179584 0.197775 0.049091
0.006985 0.132446 0.063712 0.794747 0.002111
0.024694 0.155901 0.409286 0.267916 0.142203
0.001754 0.006958 0.045785 0.937951 0.007552
0.819985 0.115988 0.030699 0.022262 0.011066
0.001208 0.021704 0.105236 0.869550 0.002302
0.004104 0.921676 0.051896 0.021112 0.001211
0.019639 0.433348 0.368996 0.177987 0.000029
0.002031 0.037912 0.914433 0.045624 0.000000
0.002566 0.970488 0.022892 0.003708 0.000346
0.042445 0.179490 0.429359 0.228184 0.120522
0.046177 0.012540 0.200364 0.739630 0.001289
0.012469 0.054310 0.105892 0.818713 0.008615
0.000000 0.112055 0.372795 0.512848 0.002301
0.060718 0.044097 0.267695 0.626039 0.001451
0.169977 0.106051 0.204586 0.507277 0.012110
0.002679 0.006311 0.970667 0.020343 0.000000
0.002568 0.972896 0.021713 0.002539 0.000284
0.000039 0.112708 0.085964 0.800838 0.000451
0.000186 0.574937 0.159702 0.264879 0.000296
0.003321 0.006163 0.187673 0.801321 0.001522
0.006376 0.895494 0.072130 0.024685 0.001315
0.000000 0.099807 0.151830 0.719304 0.029059
0.087672 0.161761 0.389655 0.355595 0.005316
0.002678 0.006320 0.970627 0.020375 0.000000
0.003685 0.071999 0.141793 0.768636 0.013887
0.020481 0.180945 0.673158 0.122222 0.003196
0.002557 0.951071 0.032423 0.013105 0.000844
0.011478 0.003333 0.088732 0.896351 0.000106
0.002627 0.957577 0.029445 0.009690 0.000661
0.001100 0.006974 0.327709 0.187672 0.476545
0.009052 0.878078 0.089358 0.022417 0.001094
0.000006 0.010495 0.073872 0.025461 0.890165
0.014906 0.000889 0.266005 0.701732 0.016467
0.003384 0.287918 0.461299 0.063792 0.183608
0.030866 0.743221 0.131138 0.091485 0.003290
0.978345 0.000298 0.012984 0.008112 0.000261
0.490000 0.063416 0.065350 0.306401 0.074834
0.005528 0.000000 0.125240 0.861667 0.007565
0.006816 0.058421 0.299097 0.630465 0.005201
0.002231 0.808008 0.136429 0.051693 0.001638
0.932819 0.005037 0.034198 0.025615 0.002331
0.000222 0.065501 0.058947 0.864988 0.010343
0.001978 0.417656 0.478825 0.101517 0.000023
0.000000 0.000000 0.201276 0.662033 0.136691
0.019813 0.431436 0.371638 0.177084 0.000028
0.002568 0.973037 0.021644 0.002471 0.000280
0.000000 0.564910 0.211563 0.193484 0.030042
0.000056 0.005942 0.062165 0.169693 0.762144
0.001230 0.000000 0.775350 0.063924 0.159496
0.978454 0.000295 0.012969 0.008028 0.000254
0.948033 0.000048 0.031036 0.020801 0.000083
0.000000 0.083646 0.056856 0.293574 0.565924
0.000371 0.218850 0.739535 0.039384 0.001859
0.000005 0.005706 0.074048 0.026907 0.893334
0.003268 0.343411 0.435355 0.056235 0.161731
0.002564 0.967715 0.024251 0.005053 0.000417
0.001239 0.019332 0.106488 0.870689 0.002252
0.590647 0.000704 0.076718 0.328460 0.003472
0.971659 0.000018 0.023422 0.004336 0.000566
0.029689 0.000957 0.609521 0.336865 0.022968
0.002568 0.973047 0.021639 0.002466 0.000280
0.001766 0.110765 0.154111 0.725727 0.007631
0.035619 0.001721 0.154602 0.789077 0.018980
0.002445 0.827448 0.066848 0.103213 0.000046
0.002598 0.071919 0.921908 0.002858 0.000717
0.025521 0.232038 0.468359 0.231345 0.042737
0.000839 0.806366 0.169755 0.023032 0.000008
0.002707 0.008466 0.051164 0.930179 0.007484
0.002088 0.090490 0.450697 0.456087 0.000639
0.008402 0.001884 0.068426 0.892918 0.028369
0.037095 0.001009 0.210825 0.751035 0.000036
0.971658 0.000018 0.023422 0.004336 0.000566
0.000710 0.123457 0.791898 -0.000000 0.083935
0.000000 0.419669 0.548277 0.004737 0.027317
0.962507 0.000036 0.026246 0.008976 0.002235
0.009961 0.611404 0.138475 0.239590 0.000569
0.002564 0.966845 0.024678 0.005475 0.000439
0.408458 0.007897 0.169570 0.378008 0.036066
0.032589 0.130796 0.731740 0.096271 0.008604
0.000000 0.355751 0.510975 0.013166 0.120109
0.964471 0.000666 0.014904 0.018775 0.001185
0.086839 0.182090 0.383684 0.342260 0.005128
0.943007 0.003897 0.017475 0.032806 0.002815
0.002310 0.115349 0.878308 0.003163 0.000870
0.213863 0.000939 0.372037 0.413129 0.000032
0.006335 0.095524 0.017174 0.510653 0.370314
0.000328 0.298695 0.663114 0.036001 0.001862
0.003415 0.058354 0.058305 0.874518 0.005407
0.971626 0.000018 0.023432 0.004353 0.000572
0.003689 0.015201 0.056641 0.916746 0.007724
0.017772 0.004790 0.428069 0.473846 0.075524
0.044598 0.081406 0.776671 0.097308 0.000017
0.000000 0.079079 0.870051 0.013275 0.037595
0.003925 0.002960 0.219414 0.657918 0.115782
0.000000 0.055130 0.944870 -0.000000 0.000000
0.011200 0.692463 0.132831 0.163068 0.000439
0.933057 0.007218 0.018449 0.037573 0.003702
0.000153 0.471777 0.143109 0.384630 0.000331
0.000024 0.065614 0.078087 0.855807 0.000468
0.002656 0.006606 0.969359 0.021379 0.000000
0.032033 0.772666 0.128767 0.063756 0.002779
0.001021 0.203094 0.788341 0.005735 0.001811
0.814856 0.115140 0.031235 0.026707 0.012063
0.023012 0.001261 0.508705 0.420762 0.046259
0.017471 0.002013 0.424732 0.488510 0.067274
0.087365 0.006001 0.501206 0.384937 0.020491
0.012125 0.752748 0.128652 0.106134 0.000341
0.000166 0.512376 0.149638 0.337503 0.000317
0.027859 0.102040 0.113598 0.264319 0.492184
0.002568 0.972194 0.022057 0.002880 0.000302
0.000000 0.945422 0.019364 0.032461 0.002753
0.002506 0.851124 0.081442 0.061512 0.003416
0.235043 0.037606 0.131967 0.521523 0.073860
0.018549 0.001815 0.125449 0.854023 0.000164
0.971567 0.000018 0.023450 0.004382 0.000582
0.000048 0.140523 0.090498 0.768490 0.000442
0.000000 0.046003 0.129362 0.794139 0.030496
0.000000 0.330762 0.545455 0.012630 0.111153
0.007607 0.787695 0.081369 0.111997 0.011332
0.563391 0.003546 0.201079 0.221706 0.010277
0.000000 0.273634 0.701536 0.024767 0.000063
0.002513 0.000000 0.863127 0.042335 0.092025
0.000000 0.187605 0.186222 0.599302 0.026871
0.001663 0.951489 0.031768 0.015067 0.000013
0.000404 0.006738 0.074285 0.916350 0.002223
0.971659 0.000018 0.023422 0.004336 0.000566
0.000186 0.575885 0.159854 0.263778 0.000296
0.016740 0.058401 0.055998 0.704111 0.164750
0.969377 0.007652 0.013238 0.008348 0.001386
0.000000 0.099270 0.080749 0.297933 0.522048
0.031944 0.770418 0.128948 0.065873 0.002818
0.024059 0.014427 0.127819 0.831796 0.001899
0.000404 0.046367 0.083003 0.861275 0.008951
0.018020 0.295342 0.249147 0.436696 0.000795
0.002808 0.003349 0.416099 0.562157 0.015588
0.205129 0.135897 0.219487 0.373159 0.066328
0.888682 0.013001 0.037015 0.051951 0.009350
0.000812 0.229353 0.711803 -0.000000 0.058032
0.040284 0.159834 0.425805 0.373601 0.000477
0.000000 0.030195 0.956095 0.006005 0.007705
0.014235 0.056443 0.353836 0.570619 0.004866
0.147005 0.547527 0.143445 0.153884 0.008140
0.000318 0.389866 0.443520 0.037805 0.128491
0.002696 0.490147 0.241420 0.260319 0.005418
0.978334 0.000298 0.012985 0.008120 0.000262
0.941309 0.000060 0.031888 0.026596 0.000147
0.930694 0.006037 0.018936 0.040563 0.003769
0.000413 0.049341 0.350500 0.599623 0.000124
0.000563 0.004545 0.144576 0.795489 0.054828
0.083396 0.240472 0.135554 0.524961 0.015616
0.975104 0.000386 0.013432 0.010601 0.000477
0.948380 0.000159 0.030452 0.015791 0.005218
0.009783 0.004150 0.084263 0.890380 0.011424
0.966478 0.000472 0.024453 0.005232 0.003365
0.008647 0.037431 0.084454 0.861234 0.008234
0.000056 0.005922 0.062172 0.169725 0.762124
0.003178 0.035949 0.958898 0.001684 0.000292
0.016558 0.000000 0.213093 0.764686 0.005664
0.000000 0.123557 0.029697 0.262512 0.584235
0.002363 0.000598 0.349436 0.628751 0.018853
0.000300 0.054059 0.271344 0.674074 0.000223
0.724155 0.030236 0.049086 0.159773 0.036750
0.002206 0.068264 0.338519 0.519467 0.071543
0.081861 0.116021 0.460544 0.282722 0.058852
0.011047 0.521456 0.060983 0.405101 0.001413
0.095713 0.003132 0.223113 0.677922 0.000120
0.000000 0.170533 0.279910 0.499516 0.050041
0.942214 0.000146 0.032399 0.019006 0.006235
0.004806 0.716259 0.119833 0.159039 0.000062
0.004650 0.092108 0.235699 0.661307 0.006236
0.002764 0.074807 0.615256 0.173694 0.133480
0.000000 0.030703 0.955040 0.006115 0.008143
0.000628 0.040943 0.937779 0.020175 0.000474
0.902516 0.000179 0.036814 0.059961 0.000529
0.002865 0.939073 0.039325 0.017662 0.001074
0.023735 0.000000 0.270125 0.701841 0.004299
0.023914 0.002328 0.117554 0.832658 0.023546
0.015745 0.007045 0.125127 0.846826 0.005258
0.002707 0.960508 0.028259 0.007960 0.000566
0.000000 0.431269 0.486707 0.006111 0.075913
0.003381 0.293964 0.459179 0.062846 0.180630
0.007211 0.344236 0.146670 0.467697 0.034186
0.020877 0.043600 0.116376 0.816942 0.002206
0.006418 0.088099 0.654072 0.251410 0.000000
0.024211 0.223406 0.304272 0.447361 0.000750
0.014920 0.240351 0.019788 0.406086 0.318854
0.007388 0.309724 0.057388 0.623662 0.001838
0.953941 0.000462 0.028359 0.011729 0.005509
0.001212 0.013244 0.973249 -0.000000 0.012295
0.002501 0.015009 0.155651 0.824963 0.001875
0.919225 0.001851 0.021183 0.053546 0.004195
0.971053 0.000019 0.023609 0.004643 0.000676
0.000000 0.015284 0.437192 0.209595 0.337929
0.075637 0.531140 0.325739 0.032441 0.035043
0.000105 0.312437 0.119686 0.567390 0.000382
0.002559 0.960272 0.027897 0.008663 0.000609
0.969728 0.000594 0.014165 0.014672 0.000840
0.948118 0.000047 0.031025 0.020728 0.000082
0.004751 0.087645 0.241382 0.663564 0.002659
0.000492 0.374488 0.218020 0.087157 0.319841
0.057149 0.012067 0.236331 0.693463 0.000991
0.971515 0.000018 0.023466 0.004409 0.000592
0.932807 0.005038 0.034199 0.025623 0.002333
0.002217 0.001386 0.044317 0.951965 0.000115
0.001041 0.171936 0.819134 0.006024 0.001866
0.000118 0.013244 0.074827 0.159062 0.752749
0.000000 0.363297 0.585002 0.009675 0.042027
0.951732 0.006428 0.015891 0.023511 0.002439
0.006564 0.024214 0.070145 0.896631 0.002446
0.868907 0.014926 0.038480 0.065028 0.012659
0.968303 0.000474 0.023885 0.004286 0.003053
0.025001 0.214094 0.670707 0.087987 0.002211
0.014035 0.001467 0.100753 0.883655 0.000090
0.001100 0.001062 0.072640 0.889268 0.035929
0.146467 0.060551 0.553049 0.222434 0.017498
0.039614 0.161310 0.420949 0.377636 0.000490
0.963797 0.000035 0.025846 0.008318 0.002005
0.001399 0.016366 0.212677 0.766446 0.003112
0.000934 0.031248 0.911938 0.000000 0.055880
0.000629 0.706730 0.139748 0.151809 0.001083
0.002608 0.001804 0.199992 0.679259 0.116337
0.000338 0.043529 0.074619 0.872287 0.009226
0.848695 0.019559 0.039654 0.076320 0.015773
0.098200 0.005360 0.544920 0.338424 0.013096
0.003808 0.002403 0.052014 0.941657 0.000118
0.002568 0.972944 0.021689 0.002516 0.000282
0.006286 0.261351 0.174308 0.556956 0.001099
0.000000 0.139026 0.594129 0.031998 0.234847
0.013166 0.000912 0.241648 0.725362 0.018912
0.069992 0.011185 0.278446 0.639737 0.000640
0.955366 0.007481 0.015246 0.019627 0.002280
0.004140 0.000000 0.968424 0.014349 0.013086
0.000854 0.018291 0.141942 0.832943 0.005971
0.010785 0.001159 0.085205 0.902756 0.000095
0.002566 0.969443 0.023404 0.004214 0.000373
0.818552 0.115751 0.030849 0.023503 0.011345
0.002431 0.003531 0.370500 0.601388 0.022149
0.000000 0.078174 0.875778 0.012259 0.033789
0.925950 0.005845 0.034688 0.030049 0.003467
0.000000 0.130175 0.582616 0.034393 0.252816
0.032765 0.185860 0.369617 0.411149 0.000610
0.017638 0.010545 0.219350 0.684138 0.068328
0.000016 0.030959 0.110908 0.020030 0.838087
0.004166 0.003168 0.222961 0.654037 0.115668
0.007169 0.005126 0.337131 0.649975 0.000598
0.000307 0.053790 0.276422 0.669264 0.000217
0.099827 0.051690 0.136701 0.604337 0.107445
0.977049 0.000332 0.013163 0.009108 0.000347
0.001640 0.007407 0.465186 0.197831 0.327936
0.000000 0.078126 0.027668 0.282174 0.612032
0.332726 0.006985 0.154511 0.458203 0.047575
0.000183 0.566753 0.158385 0.274380 0.000299
0.002568 0.972913 0.021705 0.002531 0.000283
0.018204 0.128753 0.109009 0.739645 0.004389
0.000978 0.828739 0.112543 0.006787 0.050953
0.000004 0.005679 0.067415 0.026805 0.900098
0.011954 0.176548 0.048205 0.519008 0.244286
0.009689 0.001017 0.083479 0.896353 0.009462
0.163677 0.046318 0.699479 0.074465 0.016060
0.000629 0.040690 0.938279 0.019939 0.000462
0.010246 0.043790 0.395165 0.547254 0.003544
0.952042 0.000057 0.029478 0.014279 0.004144
0.000032 0.062192 0.168550 0.012121 0.757106
0.000141 0.061316 0.160066 0.778114 0.000364
0.975645 0.000369 0.013357 0.010188 0.000441
0.000438 0.031068 0.087848 0.872227 0.008419
0.024512 0.014659 0.899644 0.061185 0.000000
0.006695 0.386262 0.155328 0.450785 0.000930
0.007370 0.028301 0.072644 0.889230 0.002455
0.029897 0.131340 0.203620 0.624749 0.010395
0.023289 0.017649 0.884376 0.074687 0.000000
0.000644 0.006852 0.211761 0.179083 0.601659
0.936479 0.000208 0.034096 0.021724 0.007493
0.008407 0.065545 0.236696 0.679514 0.009838
0.019175 0.023946 0.223423 0.661938 0.071518
0.066314 0.001374 0.251789 0.672238 0.008285
0.000381 0.050696 0.328210 0.620561 0.000152
0.921316 0.000172 0.034428 0.043726 0.000359
0.000000 0.335997 0.521452 0.014564 0.127987
0.000524 0.072170 0.892772 0.033313 0.001221
0.001412 0.752418 0.068494 0.177597 0.000079
0.000000 0.155330 0.786413 0.013835 0.044422
0.000000 0.390090 0.567568 0.007323 0.035020
0.015049 0.338340 0.164261 0.472040 0.010311
0.973378 0.000431 0.013671 0.011928 0.000592
0.013814 0.037109 0.494050 0.453207 0.001821
0.005565 0.241419 0.421010 0.326662 0.005344
0.033038 0.070675 0.165667 0.727262 0.003358
0.002568 0.972158 0.022074 0.002897 0.000303
0.037267 0.000000 0.382208 0.571363 0.009162
0.959260 0.002492 0.015363 0.021224 0.001661
0.030207 0.005872 0.207159 0.753935 0.002826
0.774656 0.066988 0.040316 0.093944 0.024097
0.000180 0.557991 0.156975 0.284552 0.000302
0.000338 0.477786 0.510201 0.010719 0.000957
0.003087 0.012301 0.053270 0.923692 0.007650
0.012522 0.778555 0.126870 0.081754 0.000300
0.926561 0.005808 0.034641 0.029628 0.003363
0.096017 0.005490 0.536117 0.347791 0.014585
0.078538 0.175009 0.156208 0.532219 0.058026
0.008609 0.004936 0.075193 0.911140 0.000122
0.978345 0.000298 0.012984 0.008112 0.000261
0.043766 0.085175 0.768779 0.102259 0.000020
0.000409 0.049489 0.347997 0.601978 0.000127
0.000000 0.030311 0.955855 0.006030 0.007804
0.000000 0.174642 0.686656 0.017350 0.121353
0.000949 0.011579 0.190784 0.743540 0.053148
0.002782 0.079699 0.914709 0.002272 0.000537
0.005234 0.302224 0.159936 0.531536 0.001070
0.000926 0.780042 0.123821 0.015393 0.079818
0.563505 0.003544 0.201103 0.221590 0.010259
0.019726 0.006676 0.104413 0.839885 0.029300
0.008935 0.162743 0.073705 0.749582 0.005035
0.030520 0.021226 0.132875 0.446853 0.368526
0.000522 0.006390 0.180732 0.177520 0.634836
0.001329 0.007109 0.386088 0.192007 0.413467
0.023422 0.255336 0.293280 0.427234 0.000727
0.055492 0.009017 0.372327 0.520536 0.042628
0.189245 0.001056 0.340961 0.468689 0.000049
0.000000 0.094816 0.246222 0.655791 0.003171
0.001019 0.147977 0.842712 0.006351 0.001942
0.563479 0.003545 0.201097 0.221616 0.010263
0.000295 0.354240 0.461374 0.042417 0.141674
0.000135 0.037359 0.048366 0.903993 0.010147
0.000190 0.249502 0.681152 0.065866 0.003290
0.000494 0.550981 0.132893 0.314091 0.001542
0.005352 0.003157 0.132368 0.824978 0.034146
0.911245 0.000130 0.035704 0.052484 0.000437
0.022808 0.367297 0.048278 0.373322 0.188295
0.973885 0.000415 0.013601 0.011541 0.000558
0.946669 0.002920 0.017095 0.030810 0.002506
0.000006 0.010719 0.074303 0.025401 0.889571
0.000665 0.027926 0.117316 0.846925 0.007168
0.964281 0.000768 0.014915 0.018832 0.001205
0.003368 0.027461 0.967760 0.001265 0.000145
0.037814 0.000885 0.224139 0.733890 0.003273
0.006219 0.084562 0.654055 0.255164 0.000000
0.007536 0.048457 0.316940 0.375856 0.251210
0.002545 0.940021 0.037821 0.018483 0.001130
0.970981 0.000019 0.023631 0.004679 0.000689
0.006165 0.318604 0.219572 0.276852 0.178807
0.000090 0.007499 0.467489 0.033282 0.491639
0.000410 0.049484 0.348083 0.601897 0.000127
0.066979 0.033268 0.507858 0.309906 0.081989
0.007267 0.124420 0.069358 0.793808 0.005147
0.033990 0.005741 0.228620 0.729445 0.002203
0.919345 0.001198 0.035026 0.043761 0.000670
0.011576 0.357014 0.184967 0.433162 0.013282
0.001217 0.016747 0.189114 0.788865 0.004056
0.281626 0.033280 0.141676 0.478391 0.065027
0.000102 0.026944 0.044415 0.918463 0.010076
0.005503 0.094798 0.064265 0.830168 0.005266
0.015106 0.055163 0.371342 0.554263 0.004124
0.005454 0.427913 0.360574 0.206047 0.000013
0.004793 0.273804 0.161856 0.558431 0.001116
0.052513 0.104917 0.224577 0.617260 0.000732
0.000179 0.555228 0.156531 0.287759 0.000303
0.127388 0.001789 0.262937 0.607794 0.000093
0.000128 0.006344 0.080320 0.170340 0.742867
0.030173 0.000942 0.616818 0.330762 0.021305
0.002506 0.851641 0.081189 0.061262 0.003402
0.040792 0.698943 0.047651 0.120877 0.091737
0.000127 0.035706 0.047413 0.906606 0.010148
0.018426 0.293911 0.048069 0.429555 0.210039
0.971635 0.000018 0.023429 0.004348 0.000570
0.001173 0.100121 0.829656 0.022596 0.046453
0.000965 0.816272 0.115427 0.008991 0.058346
0.053807 0.128823 0.524027 0.293124 0.000219
0.001629 0.007396 0.462334 0.197618 0.331023
0.012909 0.002105 0.099693 0.875846 0.009447
0.425338 0.041128 0.319108 0.205548 0.008878
0.000067 0.006989 0.357887 0.031431 0.603627
0.062148 0.033455 0.239367 0.623266 0.041764
0.000409 0.006834 0.074494 0.916038 0.002224
0.019773 0.419719 0.161722 0.390045 0.008740
0.968382 0.000025 0.024432 0.005997 0.001164
0.971657 0.000018 0.023422 0.004337 0.000566
0.977268 0.000327 0.013133 0.008939 0.000333
0.000056 0.158622 0.094822 0.746066 0.000434
0.003140 0.292230 0.621454 0.083161 0.000016
0.038067 0.049525 0.184942 0.724456 0.003009
0.001376 0.016402 0.209608 0.769380 0.003234
0.001342 0.016454 0.205210 0.773584 0.003410
0.304964 0.053259 0.295688 0.341336 0.004752
0.010951 0.001017 0.089790 0.889056 0.009186
0.006378 0.024810 0.069512 0.896845 0.002455
0.033782 0.174712 0.378553 0.412351 0.000601
0.000000 0.038954 0.938150 0.007846 0.015051
0.970581 0.000504 0.014058 0.014079 0.000778
0.000000 0.029253 0.492803 0.471151 0.006793
0.000859 0.280677 0.202563 0.508020 0.007881
0.000000 0.920774 0.020935 0.054562 0.003729
0.000000 0.075667 0.806734 0.017030 0.100569
0.000000 0.817187 0.027620 0.147367 0.007826
0.005058 0.048206 0.618519 0.319557 0.008660
0.000000 0.061866 0.287465 0.647715 0.002954
0.003474 0.002210 0.212923 0.666606 0.114788
0.000000 0.035197 0.929455 0.008919 0.026429
0.932746 0.005046 0.034203 0.025662 0.002343
0.006808 0.029263 0.074136 0.881744 0.008049
0.003196 0.570078 0.098093 0.153727 0.174906
0.022593 0.372178 0.022086 0.311014 0.272129
0.970258 0.000021 0.023854 0.005046 0.000821
0.165678 0.044744 0.703638 0.071691 0.014249
0.071177 0.007098 0.435840 0.454292 0.031592
0.011347 0.009067 0.328746 0.539515 0.111325
0.396644 0.006324 0.167370 0.392317 0.037345
0.044538 0.081677 0.776104 0.097664 0.000018
0.864470 0.003485 0.028784 0.095410 0.007850
0.027035 0.021924 0.558218 0.290898 0.101924
0.017458 0.326960 0.097348 0.553769 0.004465
0.000151 0.060478 0.167232 0.771785 0.000355
0.000008 0.006094 0.087067 0.027006 0.879826
0.971648 0.000018 0.023425 0.004342 0.000568
0.001577 0.550585 0.244241 0.044340 0.159257
0.002568 0.972527 0.021894 0.002718 0.000293
0.003351 0.939787 0.040545 0.015382 0.000935
0.002567 0.971149 0.022568 0.003387 0.000329
0.777840 0.089312 0.037407 0.074179 0.021263
0.936139 0.000449 0.033914 0.020946 0.008553
0.006485 0.022525 0.069943 0.898613 0.002435
0.932824 0.005036 0.034197 0.025612 0.002330
0.024941 0.001075 0.152790 0.821131 0.000063
0.006691 0.024629 0.070545 0.895690 0.002445
0.002555 0.945945 0.034938 0.015586 0.000976
0.000024 0.065599 0.078350 0.855559 0.000467
0.978149 0.000303 0.013011 0.008262 0.000274
0.000000 0.060225 0.836228 0.015813 0.087734
0.001399 0.016367 0.212606 0.766514 0.003114
0.027948 0.671894 0.251898 0.046593 0.001667
0.000347 0.017922 0.397630 0.554903 0.029198
0.005342 0.505744 0.144484 0.333925 0.010505
0.978494 0.000294 0.012963 0.007998 0.000251
0.041500 0.050848 0.080308 0.679596 0.147749
0.162058 0.047614 0.696106 0.076700 0.017522
0.000630 0.040399 0.938619 0.019893 0.000459
0.000283 0.018941 0.114753 0.152985 0.713038
0.000673 0.135255 0.775183 0.000000 0.088888
0.089421 0.199751 0.501457 0.139956 0.069415
0.046379 0.147212 0.469852 0.336198 0.000359
0.006483 0.068379 0.069030 0.850913 0.005195
0.968818 0.000553 0.014302 0.015432 0.000896
0.019523 0.047838 0.315905 0.616734 0.000000
0.014744 0.007780 0.088665 0.856717 0.032094
0.001916 0.687393 0.151524 0.156103 0.003064
0.000240 0.249746 0.120944 0.626647 0.002423
0.003844 0.850990 0.085840 0.056241 0.003085
0.000000 0.371743 0.579569 0.008920 0.039769
0.000774 0.570392 0.177947 0.051521 0.199366
0.000003 0.005713 0.064575 0.026748 0.902962
0.971658 0.000018 0.023422 0.004336 0.000566
0.004917 0.005725 0.249688 0.738532 0.001138
0.008991 0.239464 0.196754 0.553725 0.001067
0.969922 0.007658 0.013160 0.007909 0.001352
0.000580 0.006492 0.195395 0.178441 0.619093
0.018165 0.006743 0.099472 0.845724 0.029896
0.003867 0.007011 0.208856 0.778858 0.001408
0.000019 0.014844 0.134168 0.025170 0.825799
0.002568 0.973001 0.021661 0.002488 0.000281
0.012745 0.793031 0.125872 0.068076 0.000276
0.000014 0.019419 0.108293 0.023375 0.848899
0.000251 0.074737 0.062508 0.852100 0.010404
0.015402 0.616299 0.342846 0.024323 0.001131
0.011236 0.008975 0.327115 0.541283 0.111390
0.966740 0.000472 0.024371 0.005096 0.003320
0.002037 0.733740 0.145743 0.115964 0.002516
0.005249 0.311632 0.373366 0.305898 0.003855
0.006830 0.005205 0.323953 0.663333 0.000679
0.971225 0.000019 0.023555 0.004556 0.000645
0.069894 0.123666 0.539132 0.263786 0.003523
0.016119 0.407682 0.216455 0.359051 0.000694
0.032868 0.005779 0.222255 0.736710 0.002388
0.000111 0.213319 0.129755 0.656433 0.000382
0.778022 0.109074 0.035086 0.058605 0.019213
0.978218 0.000302 0.013002 0.008210 0.000269
0.563532 0.003544 0.201108 0.221562 0.010255
0.004586 0.282652 0.370927 0.335943 0.005891
0.081293 0.006411 0.476695 0.410948 0.024653
0.037090 0.009895 0.809376 0.143530 0.000109
0.018383 0.000000 0.227509 0.748912 0.005196
0.002568 0.972936 0.021693 0.002520 0.000283
0.000019 0.015250 0.132316 0.025017 0.827398
0.001157 0.030999 0.214636 0.689978 0.063229
0.000332 0.052916 0.293809 0.652748 0.000195
0.168239 0.399763 0.159144 0.239770 0.033084
0.001268 0.004894 0.229761 0.721083 0.042994
0.044341 0.150967 0.455211 0.349082 0.000399
0.016088 0.776141 0.162276 0.043544 0.001951
0.007712 0.313744 0.393467 0.284939 0.000137
0.000122 0.157677 0.141090 0.700736 0.000375
0.030646 0.126560 0.145478 0.694741 0.002575
0.074826 0.525186 0.327076 0.036171 0.036741
0.028769 0.543088 0.128806 0.295619 0.003718
0.032244 0.005800 0.218716 0.740749 0.002491
0.000026 0.050667 0.147162 0.014987 0.787158
0.000116 0.012737 0.074609 0.159844 0.752695
0.000000 0.136404 0.807620 0.013601 0.042375
0.000143 0.439559 0.137973 0.421984 0.000342
0.000004 0.005680 0.068054 0.026815 0.899447
0.000023 0.065640 0.077979 0.855890 0.000468
0.006264 0.014370 0.840697 0.093516 0.045153
0.000072 0.218115 0.102549 0.678847 0.000416
0.017835 0.277309 0.660980 0.043876 0.000000
0.000210 0.063639 0.208185 0.727664 0.000302
0.886387 0.000390 0.038886 0.073603 0.000735
0.008214 0.055154 0.337975 0.594132 0.004524
0.030194 0.000941 0.617131 0.330501 0.021234
0.926112 0.007131 0.019449 0.043163 0.004145
0.927727 0.000091 0.033611 0.038294 0.000278
0.914380 0.000431 0.040721 0.032207 0.012261
0.065128 0.007490 0.411403 0.480242 0.035738
0.000017 0.021046 0.121062 0.023108 0.834767
0.002449 0.000650 0.354080 0.623899 0.018922
0.970287 0.000021 0.023845 0.005031 0.000816
0.004189 0.007163 0.059586 0.921900 0.007163
0.002782 0.065096 0.929116 0.002435 0.000571
0.913196 0.000125 0.035456 0.050806 0.000418
0.041852 0.049023 0.198753 0.707624 0.002748
0.000324 0.053037 0.288209 0.658228 0.000202
0.000000 0.031238 0.953925 0.006231 0.008606
0.000057 0.006085 0.062409 0.169484 0.761965
0.000647 0.036220 0.945107 0.017690 0.000336
0.274054 0.008832 0.486643 0.227885 0.002586
0.016992 0.074287 0.131262 0.768388 0.009071
0.000016 0.006050 0.124601 0.027647 0.841686
0.012268 0.762057 0.128008 0.097342 0.000326
0.038193 0.001003 0.216069 0.744702 0.000034
0.001274 0.666415 0.083962 0.248242 0.000107
0.001034 0.197657 0.793740 0.005758 0.001811
0.000685 0.020814 0.158138 0.756183 0.064180
0.024075 0.702512 0.224322 0.047244 0.001847
0.000022 0.012407 0.146218 0.026101 0.815252
0.000096 0.007614 0.491504 0.033695 0.467091
0.946424 0.000051 0.031240 0.022187 0.000098
0.000197 0.193369 0.119530 0.684321 0.002583
0.819947 0.115981 0.030703 0.022295 0.011074
0.006667 0.531635 0.335270 0.126419 0.000009
0.971626 0.000018 0.023432 0.004353 0.000572
0.319311 0.008107 0.151712 0.470794 0.050077
0.005237 0.148903 0.695848 0.070565 0.079447
0.001474 0.775244 0.064709 0.158503 0.000071
0.000412 0.006727 0.074588 0.916052 0.002221
0.002320 0.150386 0.164969 0.674984 0.007340
0.000000 0.034601 0.931668 0.008756 0.024974
0.010601 0.516576 0.154686 0.307537 0.010600
0.189749 0.001046 0.341596 0.467560 0.000048
0.012432 0.004217 0.347590 0.544279 0.091482
0.002565 0.968325 0.023952 0.004757 0.000401
0.947351 0.000148 0.030791 0.016360 0.005349
0.008140 0.847202 0.075676 0.061070 0.007913
0.737912 0.000892 0.057907 0.201080 0.002209
0.000000 0.105017 0.840345 0.013733 0.040904
0.005349 0.237159 0.053404 0.702081 0.002008
0.011936 0.740423 0.129505 0.117776 0.000361
0.162756 0.047043 0.697566 0.075742 0.016894
0.018426 0.054236 0.113178 0.809793 0.004366
0.000366 0.025016 0.078594 0.887367 0.008657
0.000068 0.018523 0.040165 0.931182 0.010061
0.000077 0.070426 0.115341 0.813736 0.000419
0.000410 0.010264 0.150492 0.169190 0.669646
0.002568 0.973016 0.021654 0.002481 0.000281
0.913180 0.002045 0.022018 0.058156 0.004600
0.013318 0.627458 0.281976 0.077198 0.000050
0.000000 0.035120 0.964880 -0.000000 0.000000
0.000000 0.433987 0.485833 0.005857 0.074323
0.944962 0.000053 0.031425 0.023447 0.000112
0.093690 0.005626 0.526728 0.357782 0.016173
0.948277 0.000160 0.030483 0.015839 0.005241
0.002568 0.972314 0.021998 0.002822 0.000299
0.038549 0.053884 0.296711 0.542820 0.068036
0.090202 0.115884 0.169941 0.565023 0.058951
0.033556 0.165097 0.420491 0.249100 0.131757
0.113099 0.154767 0.562887 0.117452 0.051796
0.001218 0.087490 0.271510 0.599081 0.040701
0.001961 0.178104 0.099863 0.705177 0.014895
0.002563 0.924787 0.045379 0.025755 0.001515
0.971578 0.000018 0.023447 0.004377 0.000580
0.005338 0.005592 0.266023 0.722011 0.001036
0.002366 0.008298 0.150520 0.837029 0.001786
0.000000 0.034113 0.933495 0.008621 0.023771
0.957123 0.000897 0.015916 0.024388 0.001677
0.002039 0.037169 0.137193 0.821215 0.002384
0.000167 0.516405 0.150287 0.332825 0.000316
0.012520 0.011964 0.198456 0.704871 0.072189
0.032911 0.636672 0.285255 0.043828 0.001334
0.045490 0.024430 0.186427 0.705323 0.038330
0.000209 0.021016 0.094848 0.148319 0.735608
0.000906 0.606937 0.176427 0.043848 0.171882
0.002560 0.957319 0.029354 0.010083 0.000684
0.053619 0.129254 0.522660 0.294246 0.000222
0.029637 0.020521 0.723603 0.225911 0.000328
0.001310 0.016503 0.201136 0.777478 0.003573
0.000343 0.485112 0.504727 0.008938 0.000881
0.039769 0.030619 0.305495 0.564230 0.059887
0.011605 0.060960 0.300964 0.619366 0.007105
0.018561 0.007164 0.100735 0.843358 0.030182
0.000000 0.000000 0.201279 0.662035 0.136686
0.005876 0.073836 0.185506 0.722797 0.011984
0.002598 0.911492 0.052036 0.032027 0.001847
0.069035 0.407530 0.371112 0.092478 0.059844
0.004238 0.006036 0.223289 0.765134 0.001303
0.001736 0.006879 0.045681 0.938153 0.007550
0.006021 0.201490 0.684965 0.043904 0.063619
0.022300 0.000000 0.259103 0.713520 0.005078
0.075698 0.531580 0.325641 0.032164 0.034917
0.956812 0.000875 0.015964 0.024654 0.001695
0.001429 0.025531 0.113767 0.856954 0.002319
0.060698 0.044101 0.267625 0.626123 0.001452
0.016361 0.229497 0.249219 0.504007 0.000916
0.000000 0.031016 0.645001 0.323347 0.000636
0.000000 0.034745 0.946659 0.006985 0.011611
0.002457 0.008696 0.049747 0.931561 0.007539
0.000151 0.017114 0.081762 0.153482 0.747491
0.002959 0.007401 0.052612 0.929648 0.007379
0.003399 0.856534 0.081671 0.055342 0.003054
0.028792 0.543527 0.128871 0.295094 0.003717
0.005853 0.037526 0.295660 0.400826 0.260135
0.971655 0.000018 0.023423 0.004338 0.000566
0.004326 0.006499 0.226712 0.761172 0.001291
0.003080 0.000000 0.899250 0.032417 0.065253
0.970721 0.000020 0.023711 0.004811 0.000737
0.011433 0.010047 0.100629 0.871749 0.006143
0.000267 0.069513 0.064771 0.855251 0.010197
0.038938 0.163041 0.416005 0.381514 0.000502
0.000786 0.578945 0.176193 0.049967 0.194108
0.013045 0.063537 0.052181 0.704008 0.167228
0.000154 0.476167 0.143824 0.379525 0.000329
0.000017 0.019904 0.122613 0.023472 0.833994
0.005320 0.707816 0.128203 0.158600 0.000060
0.967622 0.000026 0.024667 0.006383 0.001302
0.000935 0.788714 0.121802 0.013862 0.074686
0.005572 0.001059 0.062892 0.920089 0.010388
0.000000 0.472832 0.186580 0.331947 0.008641
0.000852 0.145787 0.725940 0.034359 0.093062
0.001400 0.016365 0.212747 0.766380 0.003109
0.000000 0.382779 0.502305 0.010638 0.104278
0.002073 0.658433 0.164590 0.171694 0.003210
0.014725 0.001945 0.383270 0.523831 0.076228
0.000000 0.071342 0.881758 0.012531 0.034368
0.006082 0.217381 0.428813 0.343666 0.004058
0.862490 0.014424 0.039092 0.070147 0.013846
0.000000 0.180664 0.706217 0.025212 0.087907
0.023336 0.006175 0.168188 0.798336 0.003964
0.025555 0.027677 0.248586 0.629744 0.068437
0.964809 0.000032 0.025535 0.007807 0.001817
0.003387 0.062253 0.189010 0.742830 0.002519
0.058890 0.044518 0.261017 0.633999 0.001577
0.000000 0.269346 0.459481 0.245910 0.025263
0.020535 0.001255 0.131768 0.846369 0.000074
0.000007 0.013200 0.078747 0.024732 0.883314
0.302398 0.020026 0.147121 0.473439 0.057015
0.043593 0.015822 0.323281 0.564618 0.052686
0.002098 0.131035 0.161007 0.698401 0.007459
0.966800 0.000604 0.014581 0.016985 0.001030
0.002561 0.963033 0.026546 0.007322 0.000538
0.000353 0.010470 0.118720 0.807854 0.062603
0.002198 0.002169 0.088107 0.870944 0.036582
0.017317 0.001522 0.121677 0.851367 0.008118
0.001953 0.064135 0.164420 0.761927 0.007566
0.069705 0.204216 0.334163 0.385350 0.006566
0.003322 0.867619 0.075970 0.050299 0.002789
0.971187 0.000486 0.013974 0.013615 0.000738
0.000023 0.065634 0.077988 0.855887 0.000468
0.016309 0.304678 0.094169 0.580302 0.004542
0.033969 0.005742 0.228497 0.729586 0.002207
0.000000 0.082605 0.753907 0.021875 0.141612
0.016867 0.022854 0.214276 0.673289 0.072714
0.006889 0.428723 0.137142 0.413405 0.013841
0.006154 0.001837 0.061307 0.901614 0.029087
0.002789 0.849042 0.083384 0.061387 0.003398
0.002568 0.972103 0.022101 0.002924 0.000304
0.000589 0.051085 0.922352 0.025217 0.000757
0.003395 0.001115 0.052009 0.932582 0.010900
0.002456 0.789124 0.154975 0.051340 0.002105
0.000335 0.100509 0.072811 0.815784 0.010560
0.000134 0.171542 0.738276 0.085899 0.004149
0.003527 0.057404 0.058754 0.874915 0.005400
0.003315 0.029807 0.965310 0.001383 0.000186
0.002563 0.966073 0.025056 0.005849 0.000459
0.000000 0.383157 0.264344 0.330568 0.021931
0.969956 0.007659 0.013155 0.007882 0.001349
0.009412 0.001019 0.082091 0.897956 0.009523
0.922973 0.006196 0.034901 0.031971 0.003959
0.212651 0.509777 0.160818 0.095947 0.020807
0.002370 0.010705 0.952795 0.034130 0.000000
0.970814 0.000020 0.023682 0.004764 0.000720
0.006979 0.436288 0.127703 0.429030 0.000000
0.000179 0.555348 0.156551 0.287619 0.000303
0.000000 0.432634 0.284122 0.262557 0.020687
0.024449 0.212666 0.121460 0.639977 0.001447
0.000976 0.285655 0.224172 0.479498 0.009699
0.000413 0.133818 0.820275 0.043606 0.001888
0.919748 0.006311 0.020462 0.048984 0.004496
0.026675 0.001091 0.161073 0.811101 0.000060
0.000000 0.031452 0.444832 0.513803 0.009914
0.000342 0.056546 0.074711 0.858892 0.009510
0.030655 0.014546 0.576241 0.359929 0.018630
0.194931 0.012948 0.390127 0.291808 0.110186
0.000601 0.122008 0.210528 0.621664 0.045199
0.000000 0.003586 0.786343 0.129780 0.080291
0.971588 0.000018 0.023443 0.004372 0.000578
0.000005 0.006707 0.072530 0.026579 0.894179
0.013945 0.019409 0.107414 0.465565 0.393667
0.978492 0.000294 0.012964 0.007999 0.000251
0.012745 0.793049 0.125871 0.068059 0.000276
0.006693 0.112099 0.067822 0.808200 0.005185
0.014818 0.018259 0.206738 0.687551 0.072635
0.135401 0.068703 0.640608 0.113639 0.041648
0.962259 0.000039 0.026319 0.009095 0.002288
0.000018 0.016959 0.126054 0.024403 0.832566
0.006154 0.346373 0.158563 0.487917 0.000993
0.889561 0.000398 0.048519 0.045088 0.016434
0.012232 0.059176 0.051602 0.709136 0.167855
0.045703 0.047575 0.212844 0.691396 0.002483
0.009949 0.143291 0.602204 0.243054 0.001503
0.000682 0.543609 0.179420 0.057084 0.219206
0.054635 0.127221 0.045956 0.485427 0.286761
0.006485 0.027739 0.072326 0.885440 0.008011
0.000029 0.007401 0.183840 0.028246 0.780484
0.002519 0.046089 0.155671 0.793288 0.002432
0.028976 0.664663 0.258776 0.045988 0.001597
0.008499 0.001038 0.077529 0.903198 0.009735
0.004021 0.206083 0.723773 0.066114 0.000009
0.060717 0.044097 0.267692 0.626043 0.001451
0.006777 0.403318 0.152908 0.436091 0.000906
0.002113 0.110966 0.133410 0.739733 0.013777
0.896629 0.009723 0.036732 0.048644 0.008272
0.039933 0.586722 0.332500 0.039978 0.000867
0.000136 0.137944 0.114814 0.744344 0.002762
0.042479 0.270408 0.387912 0.192067 0.107134
0.001948 0.001201 0.043013 0.953723 0.000115
0.037437 0.000886 0.222250 0.736071 0.003356
0.268930 0.074731 0.249657 0.374380 0.032302
0.009613 0.010241 0.192466 0.745458 0.042222
0.040589 0.582052 0.336913 0.039622 0.000824
0.957792 0.007513 0.014897 0.017673 0.002125
0.000081 0.022793 0.041843 0.925195 0.010088
0.000000 0.047937 0.552959 0.381197 0.017907
0.001742 0.031283 0.125775 0.838852 0.002348
0.000000 0.090257 0.148804 0.731688 0.029251
0.002254 0.423097 0.490324 0.084306 0.000018
0.015056 0.055238 0.370335 0.555204 0.004167
0.000000 0.096287 0.148231 0.331928 0.423554
0.001817 0.007240 0.046134 0.937252 0.007558
0.002532 0.008195 0.962356 0.026916 0.000000
0.000800 0.660189 0.151892 0.036537 0.150582
0.002672 0.010953 0.050935 0.927801 0.007638
0.000184 0.066890 0.189909 0.742692 0.000325
0.000005 0.008652 0.072311 0.025989 0.893043
0.000006 0.006019 0.077007 0.026861 0.890107
0.000005 0.010038 0.072448 0.025575 0.891934
0.012833 0.602655 0.290519 0.093936 0.000057
0.000000 0.092781 0.069038 0.295257 0.542924
0.008995 0.006667 0.086847 0.891148 0.006343
0.000766 0.724050 0.218185 0.056983 0.000016
0.003170 0.002026 0.048929 0.945758 0.000117
0.015079 0.055204 0.370792 0.554777 0.004148
0.000043 0.127222 0.087914 0.784374 0.000447
0.002418 0.009656 0.955888 0.032038 -0.000000
0.004540 0.000417 0.463803 0.517611 0.013629
0.017611 0.286798 0.020589 0.372579 0.302422
0.039185 0.053551 0.188833 0.715498 0.002933
0.031829 0.133588 0.171830 0.413228 0.249524
0.029169 0.120419 0.140853 0.706991 0.002568
0.069979 0.011186 0.278404 0.639791 0.000640
0.000000 0.859406 0.024927 0.109514 0.006153
0.637148 0.082488 0.050315 0.183176 0.046873
0.002384 0.009707 0.049317 0.930980 0.007612
0.003523 0.013832 0.055720 0.919256 0.007670
0.010614 0.014627 0.095923 0.872286 0.006550
0.000169 0.521641 0.151128 0.326748 0.000314
0.000183 0.078943 0.188277 0.732272 0.000325
0.917950 0.000125 0.034853 0.046697 0.000375
0.000650 0.035397 0.946388 0.017253 0.000311
0.002231 0.807687 0.136471 0.051970 0.001642
0.015415 0.246427 0.019979 0.401695 0.316484
0.000095 0.022744 0.043667 0.923480 0.010013
0.002477 0.001812 0.198001 0.680905 0.116804
0.000410 0.049470 0.348317 0.601676 0.000126
0.974614 0.000399 0.013500 0.010978 0.000510
0.055945 0.103050 0.236694 0.603683 0.000628
0.026962 0.037331 0.252687 0.612480 0.070540
0.000000 0.339051 0.516557 0.014704 0.129688
0.698120 0.034837 0.050775 0.175373 0.040895
0.000062 0.187298 0.097472 0.714741 0.000427
0.040695 0.000000 0.405311 0.552251 0.001742
0.000000 0.044974 0.955026 -0.000000 0.000000
0.007970 0.828330 0.077479 0.077223 0.008997
0.003976 0.000000 0.957882 0.017156 0.020986
0.000211 0.284962 0.654368 0.057519 0.002939
0.000939 0.792571 0.120915 0.013179 0.072395
0.004944 0.127180 0.163122 0.692209 0.012546
0.031685 0.069456 0.069930 0.674671 0.154258
0.969988 0.007659 0.013150 0.007855 0.001347
0.000206 0.248611 0.509250 0.057208 0.184725
0.970550 0.000020 0.023764 0.004898 0.000768
0.001404 0.080415 0.115114 0.788747 0.014320
0.645440 0.087291 0.049030 0.173321 0.044918
0.543085 0.071602 0.059752 0.260941 0.064620
0.936039 0.000070 0.032557 0.031137 0.000197
0.318879 0.080860 0.269278 0.306956 0.024026
0.000000 0.564774 0.046617 0.071886 0.316723
0.000000 0.127946 0.583365 0.034599 0.254090
0.001213 0.013219 0.973351 -0.000000 0.012218
0.932811 0.005038 0.034198 0.025620 0.002332
0.019641 0.099056 0.115586 0.761430 0.004287
0.000136 0.420349 0.134861 0.444305 0.000348
0.004456 0.249806 0.163725 0.580858 0.001154
0.000480 0.386974 0.147548 0.463118 0.001879
0.000159 0.018148 0.083376 0.151979 0.746338
0.005951 0.309790 0.218892 0.283266 0.182101
0.000018 0.017217 0.127805 0.024356 0.830603
0.002568 0.972279 0.022015 0.002839 0.000300
0.028939 0.205341 0.339926 0.425126 0.000669
0.014524 0.017076 0.118065 0.844282 0.006054
0.000112 0.098876 0.137795 0.762830 0.000387
0.006774 0.005219 0.321805 0.665510 0.000692
0.002566 0.969554 0.023350 0.004161 0.000370
0.000152 0.017183 0.082043 0.153394 0.747228
0.001395 0.016372 0.212150 0.766950 0.003133
0.005216 0.021704 0.065214 0.900006 0.007860
0.000000 0.005395 0.629951 0.171683 0.192970
0.037283 0.014047 0.171165 0.775966 0.001540
0.018934 0.119199 0.112101 0.745428 0.004338
0.000379 0.206194 0.751936 0.039647 0.001845
0.060717 0.044097 0.267693 0.626041 0.001451
0.952552 0.001512 0.016471 0.027446 0.002019
0.017670 0.001222 0.118084 0.862944 0.000080
0.007353 0.004913 0.069192 0.918418 0.000124
0.023473 0.023589 0.121481 0.451228 0.380230
0.000028 0.054620 0.154486 0.013997 0.776868
0.000000 0.332857 0.649138 0.017956 0.000050
0.000255 0.067088 0.063242 0.859210 0.010205
0.019917 0.040746 0.113330 0.823797 0.002210
0.007740 0.444877 0.152282 0.394270 0.000831
0.000000 0.038914 0.322766 0.620453 0.017866
0.000000 0.203207 0.689577 0.023651 0.083565
0.003742 0.006320 0.204009 0.784503 0.001426
0.094537 0.005576 0.530147 0.354144 0.015595
0.020904 0.003984 0.108069 0.840828 0.026216
0.003340 0.028667 0.966500 0.001326 0.000167
0.002906 0.957826 0.030224 0.008459 0.000585
0.005738 0.001908 0.059989 0.903067 0.029298
0.786903 0.061852 0.039875 0.088922 0.022448
0.000000 0.209562 0.633987 0.018583 0.137868
0.000031 0.006476 0.194366 0.028706 0.770421
0.007468 0.008187 0.908142 0.060287 0.015917
0.014406 0.763036 0.186188 0.036371 0.000000
0.246770 0.005824 0.662981 0.075995 0.008430
0.800771 0.050221 0.040072 0.087767 0.021169
0.041599 0.059129 0.143232 0.392547 0.363492
0.000000 0.034080 0.933620 0.008612 0.023688
0.052961 0.127575 0.678611 0.140853 0.000000
0.003334 0.028965 0.966189 0.001340 0.000172
0.000049 0.135680 0.091446 0.772383 0.000441
0.969212 0.000023 0.024177 0.005577 0.001012
0.002127 0.057444 0.593034 0.199768 0.147627
0.087820 0.179144 0.476293 0.252769 0.003974
0.003339 0.932391 0.044147 0.018995 0.001127
0.002028 0.008174 0.047321 0.934898 0.007579
0.003433 0.931825 0.044729 0.018895 0.001118
0.000990 0.370617 0.256520 0.081313 0.290559
0.003573 0.000000 0.931785 0.024064 0.040578
0.958547 0.001065 0.015685 0.023104 0.001598
0.001727 0.060958 0.880984 0.056332 0.000000
0.000000 0.045929 0.923534 0.009381 0.021156
0.014436 0.457633 0.196150 0.331115 0.000667
0.008177 0.491688 0.147115 0.352259 0.000762
0.007201 0.005119 0.338370 0.648720 0.000590
0.003103 0.334784 0.425724 0.059774 0.176615
0.000704 0.020711 0.122560 0.849225 0.006799
0.028970 0.000979 0.598674 0.345936 0.025440
0.000075 0.018485 0.041134 0.930284 0.010022
0.000100 0.010752 0.071291 0.162735 0.755123
0.001620 0.831936 0.055227 0.111165 0.000052
0.008871 0.011417 0.183803 0.721458 0.074451
0.000000 0.633098 0.040389 0.311481 0.015031
0.002562 0.000000 0.852821 0.039213 0.105404
0.940186 0.000451 0.032651 0.018854 0.007858
0.941622 0.000060 0.031849 0.026326 0.000144
0.002295 0.139921 0.840222 0.017563 0.000000
0.002880 0.000000 0.884932 0.035615 0.076573
0.002511 0.855519 0.079297 0.059371 0.003302
0.000000 0.081695 0.027702 0.280568 0.610035
0.001203 0.006984 0.354134 0.189705 0.447974
0.000398 0.439217 0.128129 0.430386 0.001870
0.043908 0.754073 0.047660 0.078805 0.075554
0.943578 0.001740 0.017717 0.034349 0.002616
0.978359 0.000298 0.012982 0.008101 0.000260
0.002809 0.003348 0.416157 0.562107 0.015579
0.971582 0.000018 0.023445 0.004375 0.000580
0.011401 0.176762 0.047711 0.519356 0.244771
0.133714 0.250381 0.167499 0.402762 0.045644
0.019908 0.001324 0.134618 0.836721 0.007429
0.190252 0.172697 0.202480 0.394305 0.040266
0.020169 0.010710 0.105920 0.830023 0.033178
0.000889 0.016428 0.183233 0.741870 0.057579
0.969833 0.000022 0.023985 0.005262 0.000899
0.011125 0.012886 0.098843 0.870783 0.006363
0.032271 0.159292 0.379209 0.420698 0.008530
0.000382 0.050655 0.328609 0.620204 0.000151
0.018125 0.339867 0.099198 0.538388 0.004421
0.006582 0.063382 0.671286 0.258750 0.000000
0.945059 0.001239 0.031808 0.021443 0.000452
0.004991 0.048849 0.612490 0.324453 0.009217
0.000000 0.138763 0.730485 0.029537 0.101215
0.933224 0.005924 0.018591 0.038664 0.003597
0.010894 0.672740 0.134175 0.181721 0.000470
0.000000 0.060797 0.853194 0.013899 0.072110
0.976698 0.000341 0.013212 0.009378 0.000371
0.052835 0.104622 0.225721 0.616100 0.000722
0.000000 0.133160 0.029984 0.258291 0.578564
0.002649 0.006168 0.809552 0.178117 0.003514
0.945924 0.000051 0.031303 0.022618 0.000103
0.002565 0.962577 0.026783 0.007527 0.000548
0.028238 0.143025 0.735642 0.090949 0.002146
0.014009 0.019406 0.107515 0.465504 0.393566
0.953344 0.000055 0.029075 0.013618 0.003908
0.003924 0.015847 0.057965 0.914540 0.007724
0.022791 0.018912 0.878135 0.080162 0.000000
0.000633 0.010024 0.083117 0.903998 0.002228
0.000000 0.093455 0.851892 0.013890 0.040763
0.207756 0.012494 0.410153 0.279536 0.090061
0.906470 0.006919 0.022277 0.058936 0.005398
0.000006 0.006393 0.075094 0.026716 0.891791
0.004440 0.250369 0.163514 0.580523 0.001154
0.000050 0.148085 0.091621 0.759804 0.000439
0.000514 0.022199 0.097927 0.871540 0.007819
0.000544 0.019033 0.432281 0.521015 0.027128
0.038088 0.083112 0.823058 0.054844 0.000898
0.002748 0.007548 0.051413 0.930868 0.007423
0.000000 0.086879 0.057230 0.292284 0.563606
0.002542 0.850770 0.081736 0.061536 0.003416
0.048100 0.141971 0.482578 0.327023 0.000327
0.977919 0.000309 0.013043 0.008439 0.000289
0.001287 0.247385 0.745345 0.004513 0.001470
0.003722 0.937235 0.043000 0.015135 0.000908
0.006024 0.003053 0.060928 0.899652 0.030343
0.059031 0.044486 0.261533 0.633383 0.001567
0.034344 0.024254 0.161183 0.778523 0.001696
0.019496 0.090515 0.057139 0.670476 0.162374
0.002690 0.249008 0.109476 0.624883 0.013943
0.005125 0.075894 0.063741 0.849950 0.005290
0.059793 0.008301 0.389775 0.502590 0.039541
0.931851 0.005151 0.034267 0.026240 0.002491
0.853610 0.021015 0.039054 0.071565 0.014756
0.002916 0.192160 0.176746 0.621150 0.007028
0.003763 0.015422 0.057059 0.916031 0.007725
0.003242 0.033273 0.961703 0.001541 0.000242
0.001112 0.000000 0.768788 0.066194 0.163906
0.007718 0.071855 0.073369 0.841948 0.005110
0.012982 0.616237 0.063634 0.305934 0.001214
0.072471 0.376126 0.455261 0.093500 0.002642
0.002640 0.000000 0.101807 0.888091 0.007462
0.037936 0.025925 0.217288 0.718672 0.000180
0.000000 0.151809 0.790252 0.013814 0.044125
0.000011 0.005916 0.098305 0.027247 0.868522
0.015255 0.001622 0.106593 0.876443 0.000088
0.004140 0.000000 0.968390 0.014358 0.013112
0.001400 0.016365 0.212749 0.766377 0.003109
0.004388 0.172696 0.052849 0.767933 0.002133
0.000000 0.205642 0.193404 0.574538 0.026415
0.804887 0.113490 0.032277 0.035347 0.013999
0.000304 0.005252 0.113122 0.821541 0.059782
0.925538 0.005894 0.034718 0.030315 0.003535
0.947991 0.000048 0.031041 0.020837 0.000084
0.000000 0.393501 0.606499 -0.000000 0.000000
0.941985 0.001933 0.017914 0.035435 0.002733
0.003516 0.059409 0.058622 0.873053 0.005401
0.000000 0.061809 0.254140 0.661696 0.022355
0.000000 0.030251 0.955981 0.006017 0.007752
0.013336 0.001625 0.097431 0.887516 0.000092
0.004661 0.039588 0.239899 0.653148 0.062704
0.006002 0.013430 0.932960 0.040427 0.007180
0.002511 0.867901 0.073204 0.053400 0.002985
0.000010 0.019150 0.089339 0.023137 0.868364
0.000614 0.237042 0.185709 0.574613 0.002022
0.003293 0.010104 0.054465 0.924653 0.007485
0.036118 0.001014 0.206162 0.756667 0.000038
0.000373 0.062873 0.791721 -0.000000 0.145033
0.971658 0.000018 0.023422 0.004336 0.000566
0.040491 0.582752 0.336251 0.039675 0.000830
0.001547 0.092907 0.585793 0.298828 0.020924
0.002568 0.972831 0.021745 0.002571 0.000285
0.005098 0.914390 0.058696 0.020666 0.001150
0.969730 0.000553 0.014172 0.014709 0.000837
0.000030 0.014463 0.184672 0.026144 0.774691
0.005086 0.042016 0.244879 0.645834 0.062185
0.001289 0.001268 0.075302 0.886068 0.036072
0.002408 0.003550 0.367692 0.603793 0.022558
0.002567 0.971917 0.022192 0.003014 0.000309
0.003167 0.012813 0.053718 0.922635 0.007667
0.932659 0.005056 0.034209 0.025718 0.002358
0.003510 0.014802 0.194857 0.785198 0.001633
0.013089 0.389265 0.198819 0.398044 0.000784
0.000424 0.094798 0.199658 0.657742 0.047377
0.978332 0.000299 0.012986 0.008122 0.000262
0.000542 0.063559 0.162668 0.088420 0.684811
0.002871 0.011768 0.052051 0.925656 0.007654
0.000025 0.006753 0.165780 0.028133 0.799310
0.005461 0.003975 0.242204 0.634337 0.114022
0.001917 0.489459 0.288750 0.049904 0.169970
0.034297 0.118602 0.754398 0.086535 0.006168
0.932724 0.005048 0.034205 0.025676 0.002347
0.932821 0.005037 0.034198 0.025614 0.002331
0.003808 0.361474 0.122220 0.476641 0.035857
0.007574 0.366965 0.164746 0.459780 0.000935
0.088097 0.201166 0.498523 0.141652 0.070563
0.002826 0.959204 0.029288 0.008112 0.000569
0.012745 0.793047 0.125871 0.068060 0.000276
0.007100 0.016794 0.072158 0.901573 0.002375
0.973101 0.000457 0.013706 0.012124 0.000612
0.001440 0.582527 0.224023 0.040907 0.151104
0.000000 0.029410 0.489386 0.474189 0.007015
0.000178 0.007368 0.092784 0.169606 0.730063
0.066067 0.001375 0.251007 0.673181 0.008369
0.002607 0.007241 0.966565 0.023587 0.000000
0.001441 0.593121 0.338131 0.067290 0.000017
0.008818 0.139005 0.074350 0.772787 0.005041
0.955749 0.000067 0.028302 0.012338 0.003544
0.013843 0.011110 0.365411 0.499832 0.109803
0.000000 0.245159 0.695531 0.012866 0.046444
0.000000 0.093421 0.128008 0.323398 0.455172
0.935272 0.005660 0.018334 0.037289 0.003446
0.000642 0.720856 0.140375 0.137086 0.001042
0.004047 0.001908 0.053109 0.940821 0.000114
0.003307 0.000000 0.911762 0.028097 0.056834
0.000017 0.019188 0.122929 0.023689 0.834177
0.126041 0.116813 0.499609 0.255498 0.002039
0.846053 0.005598 0.031115 0.108038 0.009197
0.095559 0.151025 0.534313 0.148813 0.070290
0.003358 0.861976 0.078862 0.052879 0.002925
0.869915 0.023426 0.037361 0.057673 0.011626
0.583804 0.075264 0.055786 0.228100 0.057046
0.000652 0.007384 0.213515 0.178374 0.600076
0.891170 0.010306 0.037130 0.052214 0.009180
0.008440 0.358678 0.445424 0.187448 0.000011
0.000000 0.045961 0.129351 0.794191 0.030496
0.014493 0.007623 0.087865 0.857996 0.032023
0.002110 0.033266 0.921982 0.042642 0.000000
0.000434 0.464743 0.131638 0.401406 0.001779
0.002556 0.953378 0.031284 0.011997 0.000786
0.015101 0.719376 0.066573 0.197952 0.000998
0.001449 0.000000 0.788803 0.059958 0.149790
0.000166 0.004648 0.096485 0.836975 0.061726
0.000336 0.475047 0.512248 0.011384 0.000985
0.279077 0.016835 0.142780 0.501796 0.059512
0.000612 0.004551 0.150437 0.790399 0.054000
0.002400 0.010298 0.954525 0.032777 0.000000
0.310204 0.056655 0.431851 0.163596 0.037694
0.001609 0.455278 0.206367 0.329753 0.006992
0.960408 0.001015 0.015428 0.021675 0.001474
0.002647 0.006180 0.809134 0.178499 0.003540
0.001435 0.020171 0.114110 0.862064 0.002221
0.000000 0.031401 0.953587 0.006266 0.008746
0.002681 0.006289 0.970764 0.020266 0.000000
0.971467 0.000481 0.013935 0.013398 0.000719
0.943950 0.000055 0.031553 0.024320 0.000122
0.165530 0.044861 0.703330 0.071897 0.014383
0.008776 0.808697 0.122611 0.056977 0.002939
0.000000 0.196043 0.658091 0.017702 0.128163
0.024835 0.030050 0.129820 0.813299 0.001996
0.002565 0.969015 0.023614 0.004422 0.000384
0.001213 0.013213 0.973375 -0.000000 0.012199
0.000000 0.085968 0.871201 0.011469 0.031362
0.005423 0.003173 0.062359 0.917287 0.011758
0.008937 0.863264 0.096275 0.030022 0.001502
0.001640 0.007407 0.465240 0.197835 0.327878
0.002678 0.006323 0.970614 0.020385 0.000000
0.964895 0.000698 0.014838 0.018409 0.001160
0.000000 0.110666 0.751518 0.018527 0.119289
0.031561 0.207015 0.397912 0.235872 0.127640
0.034149 0.001024 0.196761 0.768022 0.000043
0.975938 0.000361 0.013317 0.009962 0.000421
0.005835 0.207338 0.669293 0.045339 0.072194
0.000334 0.360289 0.125481 0.511798 0.002098
0.648027 0.071901 0.050636 0.183416 0.046021
0.948172 0.000047 0.031018 0.020681 0.000082
0.035949 0.062219 0.302630 0.594167 0.005036
0.000000 0.294050 0.035957 0.188363 0.481631
0.000000 0.242704 0.045923 0.216311 0.495063
0.010077 0.141347 0.607813 0.239350 0.001413
0.002726 0.003388 0.406197 0.570677 0.017012
0.025257 0.348120 0.289708 0.336348 0.000568
0.000161 0.060113 0.174374 0.765007 0.000346
0.978281 0.000300 0.012993 0.008161 0.000265
0.969066 0.000555 0.014266 0.015233 0.000880
0.000000 0.230578 0.552601 0.024730 0.192091
0.006114 0.825747 0.105607 0.059365 0.003166
0.927570 0.000106 0.037046 0.026674 0.008604
0.000585 0.017553 0.146297 0.771966 0.063600
0.003679 0.002077 0.053525 0.929273 0.011446
0.674044 0.091693 0.046045 0.148812 0.039406
0.949430 0.007415 0.016097 0.024399 0.002659
0.046105 0.116799 0.125011 0.692756 0.019330
0.032770 0.000000 0.342149 0.622155 0.002927
0.000000 0.132980 0.581731 0.034128 0.251161
0.000000 0.037574 0.920590 0.009575 0.032262
0.002564 0.967766 0.024226 0.005028 0.000416
0.066369 0.013889 0.422283 0.494526 0.002933
0.932743 0.005046 0.034203 0.025664 0.002344
0.000051 0.066805 0.097330 0.835371 0.000443
0.332726 0.047677 0.313873 0.302548 0.003176
0.003986 0.014937 0.062017 0.916615 0.002445
0.006292 0.039703 0.301482 0.394947 0.257575
0.002460 0.001551 0.045493 0.950380 0.000116
0.956259 0.000051 0.028171 0.012134 0.003385
0.006012 0.219958 0.425394 0.344543 0.004093
0.971491 0.000018 0.023473 0.004421 0.000596
0.018979 0.354173 0.456673 0.170097 0.000078
0.000092 0.279639 0.112330 0.607545 0.000395
0.084185 0.060545 0.281643 0.556873 0.016754
0.000414 0.049308 0.351068 0.599088 0.000123
0.004750 0.074702 0.062428 0.852804 0.005316
0.000455 0.505845 0.130887 0.361138 0.001675
0.001206 0.126658 0.297586 0.572984 0.001566
0.932777 0.005042 0.034201 0.025642 0.002338
0.932815 0.005037 0.034198 0.025618 0.002332
0.000978 0.828169 0.112675 0.006887 0.051291
0.932765 0.005043 0.034202 0.025650 0.002340
0.002382 0.075696 0.115472 0.791453 0.014997
0.000255 0.067281 0.063280 0.858977 0.010207
0.002642 0.010815 0.050765 0.928144 0.007635
0.000057 0.005996 0.062390 0.169623 0.761934
0.000020 0.014472 0.135889 0.025310 0.824310
0.003876 0.067144 0.059585 0.864019 0.005376
0.001637 0.007404 0.464379 0.197771 0.328809
0.978493 0.000294 0.012963 0.007998 0.000251
0.963405 0.000695 0.015051 0.019593 0.001256
0.000117 0.277683 0.130224 0.591604 0.000373
0.000000 0.443358 0.482811 0.004983 0.068847
0.148383 0.027431 0.389734 0.260929 0.173522
0.004001 0.014918 0.062067 0.916570 0.002445
0.161791 0.047804 0.695560 0.077079 0.017767
0.968618 0.007643 0.013346 0.008958 0.001435
0.000163 0.018550 0.084304 0.151416 0.745567
0.000085 0.258059 0.109188 0.632266 0.000402
0.977603 0.000318 0.013087 0.008682 0.000310
0.121119 0.448586 0.137480 0.281951 0.010864
0.005928 0.014091 0.928989 0.042600 0.008392
0.003178 0.012673 0.053779 0.922713 0.007657
0.954735 0.001248 0.016201 0.025959 0.001858
0.003300 0.001522 0.049501 0.945563 0.000114
0.978107 0.000304 0.013017 0.008295 0.000277
0.000096 0.007629 0.494644 0.033749 0.463882
0.948170 0.000047 0.031018 0.020682 0.000082
0.002617 0.009188 0.050648 0.930005 0.007542
0.021740 0.001266 0.489498 0.436971 0.050525
0.002561 0.961489 0.027307 0.008066 0.000577
0.000405 0.006729 0.074346 0.916297 0.002223
0.000034 0.014217 0.203427 0.026540 0.755782
0.033455 0.005760 0.225586 0.732908 0.002291
0.819981 0.115987 0.030700 0.022265 0.011067
0.000868 0.837925 0.151188 0.010014 0.000005
0.674174 0.042560 0.051907 0.187003 0.044356
0.971658 0.000018 0.023422 0.004336 0.000566
0.030439 0.182128 0.354288 0.432479 0.000666
0.007471 0.004269 0.069690 0.918450 0.000120
0.165636 0.044778 0.703550 0.071750 0.014287
0.000574 0.017374 0.145030 0.773366 0.063655
0.004345 0.241480 0.164408 0.588600 0.001167
0.960620 0.000995 0.015401 0.021525 0.001459
0.032822 0.185121 0.370137 0.411311 0.000609
0.087504 0.005995 0.501769 0.384335 0.020397
0.932570 0.005066 0.034216 0.025776 0.002372
0.000000 0.109681 0.868254 0.022021 0.000045
0.002481 0.001816 0.198065 0.680837 0.116801
0.041941 0.157066 0.437666 0.362883 0.000444
0.000000 0.286873 0.647530 0.013653 0.051944
0.000138 0.102249 0.155850 0.741398 0.000363
0.002562 0.964895 0.025634 0.006420 0.000490
0.000412 0.049378 0.349884 0.600202 0.000124
0.830807 0.041192 0.038576 0.072665 0.016761
0.003226 0.089994 0.629598 0.153772 0.123410
0.007201 0.005119 0.338355 0.648735 0.000591
0.009345 0.004647 0.071485 0.883721 0.030802
0.978337 0.000298 0.012985 0.008118 0.000261
0.001560 0.078354 0.858590 0.061496 0.000000
0.000136 0.114095 0.153700 0.731704 0.000365
0.000024 0.065589 0.078546 0.855374 0.000467
0.048111 0.004692 0.163187 0.783850 0.000160
0.029709 0.041001 0.263174 0.596250 0.069865
0.009760 0.490234 0.266934 0.233072 0.000000
0.000000 0.110107 0.847808 0.010988 0.031097
0.000067 0.018504 0.040141 0.931225 0.010062
0.000136 0.104689 0.154161 0.740649 0.000365
0.004160 0.017584 0.059282 0.911185 0.007788
0.969574 0.000022 0.024065 0.005393 0.000946
0.977817 0.000312 0.013057 0.008518 0.000296
0.947600 0.000159 0.030696 0.016192 0.005353
0.975378 0.000377 0.013394 0.010392 0.000459
0.559881 0.003598 0.200370 0.225306 0.010845
0.914706 0.006210 0.021194 0.053076 0.004814
0.002485 0.001816 0.198116 0.680794 0.116790
0.978145 0.000303 0.013012 0.008266 0.000274
0.978060 0.000306 0.013023 0.008331 0.000280
0.936323 0.001464 0.018798 0.040353 0.003063
0.012667 0.787942 0.126224 0.072883 0.000284
0.932823 0.005037 0.034197 0.025612 0.002330
0.002532 0.001823 0.198823 0.680165 0.116657
0.004039 0.014922 0.062191 0.916405 0.002444
0.000104 0.007807 0.531896 0.034395 0.425797
0.000456 0.110873 0.847529 0.039516 0.001626
0.000057 0.005935 0.062310 0.169714 0.761984
0.000973 0.017166 0.157400 0.819133 0.005329
0.873952 0.006554 0.026977 0.085048 0.007469
0.006586 0.000992 0.149493 0.814756 0.028173
0.115157 0.023578 0.712974 0.147471 0.000820
0.041561 0.064217 0.852258 0.041520 0.000444
0.000017 0.019789 0.119746 0.023457 0.836990
0.120750 0.131734 0.180100 0.514100 0.053315
0.015971 0.015226 0.211878 0.686013 0.070912
0.220047 0.176840 0.399338 0.193307 0.010468
0.012676 0.050972 0.089242 0.844627 0.002484
0.000000 0.046241 0.923609 0.009294 0.020855
0.001400 0.016365 0.212739 0.766387 0.003109
0.068122 0.007431 0.423479 0.467239 0.033728
0.057616 0.155009 0.490306 0.292822 0.004246
0.014983 0.336806 0.164371 0.473501 0.010338
0.964071 0.007588 0.013997 0.012618 0.001725
0.056242 0.114535 0.703988 0.125235 0.000000
0.032032 0.772655 0.128769 0.063764 0.002779
0.974535 0.000404 0.013510 0.011036 0.000515
0.978334 0.000298 0.012985 0.008120 0.000262
0.000012 0.023141 0.096416 0.022076 0.858354
0.000193 0.113118 0.193034 0.693341 0.000315
0.000627 0.041207 0.937490 0.020199 0.000476
0.002235 0.022604 0.145148 0.827938 0.002075
0.002221 0.803880 0.136947 0.055265 0.001687
0.948266 0.000119 0.030552 0.015997 0.005066
0.004486 0.169814 0.771874 0.053821 0.000005
0.000000 0.078920 0.027595 0.281779 0.611706
0.561792 0.003570 0.200757 0.223346 0.010536
0.004830 0.456436 0.137710 0.389859 0.011165
0.002776 0.000000 0.102887 0.886903 0.007433
0.052074 0.272820 0.080013 0.457928 0.137164
0.971578 0.000018 0.023447 0.004377 0.000580
0.027390 0.033858 0.254988 0.614603 0.069160
0.931572 0.005184 0.034287 0.026420 0.002537
0.036667 0.091609 0.810565 0.060081 0.001078
0.003784 0.002136 0.054057 0.928563 0.011460
0.963115 0.001378 0.014984 0.019196 0.001327
0.228122 0.016629 0.654088 0.097771 0.003389
0.001993 0.716702 0.147871 0.130717 0.002717
0.001174 0.004380 0.218514 0.731700 0.044232
0.000000 0.031462 0.953460 0.006279 0.008798
0.002597 0.914529 0.050538 0.030567 0.001769
0.896017 0.001160 0.037952 0.064002 0.000869
0.931068 0.005384 0.018970 0.040881 0.003697
0.024284 0.065113 0.134029 0.772611 0.003962
0.895482 0.010235 0.036768 0.049092 0.008424
0.000390 0.053350 0.080981 0.856093 0.009187
0.868647 0.003342 0.028206 0.092234 0.007570
0.934457 0.000447 0.034440 0.021819 0.008837
0.011690 0.539944 0.162873 0.284870 0.000622
0.010792 0.320939 0.173180 0.462398 0.032690
0.001360 0.016426 0.207629 0.771271 0.003313
0.006873 0.400705 0.154027 0.437488 0.000907
0.877396 0.011579 0.038158 0.061375 0.011492
0.001651 0.943524 0.033223 0.021585 0.000016
0.903666 0.008848 0.036235 0.044138 0.007113
0.006684 0.004834 0.260312 0.615376 0.112793
0.977793 0.000313 0.013060 0.008536 0.000298
0.000125 0.139923 0.143926 0.715653 0.000374
0.001369 0.016413 0.208736 0.770213 0.003269
0.000006 0.011214 0.075355 0.025270 0.888155
0.000640 0.037775 0.942687 0.018516 0.000382
0.966924 0.000599 0.014564 0.016891 0.001021
0.005334 0.062828 0.065094 0.861469 0.005275
0.002568 0.973052 0.021637 0.002463 0.000280
0.407322 0.044696 0.311152 0.225240 0.011590
0.978493 0.000294 0.012963 0.007998 0.000251
0.000000 0.538950 0.045593 0.082945 0.332512
0.001172 0.016718 0.183257 0.794565 0.004289
0.879926 0.012366 0.037845 0.058898 0.010965
0.000061 0.065872 0.104315 0.829318 0.000434
0.014793 0.020728 0.108493 0.463208 0.392778
0.002649 0.006168 0.809534 0.178133 0.003515
0.002368 0.372879 0.358850 0.063079 0.202824
0.001861 0.392944 0.603202 0.001363 0.000630
0.000016 0.030900 0.110931 0.020047 0.838106
0.978340 0.000298 0.012985 0.008116 0.000261
0.000420 0.010025 0.153222 0.169765 0.666568
0.953048 0.000076 0.029131 0.013696 0.004049
0.002565 0.968089 0.024069 0.004870 0.000407
0.002567 0.971490 0.022402 0.003221 0.000320
0.000000 0.035639 0.944775 0.007184 0.012402
0.000266 0.030767 0.105419 0.133955 0.729593
0.000000 0.103540 0.730396 0.165938 0.000126
0.002566 0.969342 0.023454 0.004263 0.000375
0.019605 0.165786 0.106516 0.706426 0.001667
0.942161 0.005076 0.017431 0.032374 0.002958
0.971581 0.000018 0.023446 0.004375 0.000580
0.002640 0.916022 0.049942 0.029676 0.001720
0.946867 0.002974 0.017059 0.030603 0.002497
0.000000 0.723681 0.033667 0.231126 0.011526
0.000104 0.007804 0.531197 0.034383 0.426512
0.000087 0.008666 0.068827 0.165852 0.756568
0.109535 0.015370 0.109086 0.680519 0.085490
0.029825 0.175149 0.623203 0.171758 0.000065
0.000005 0.009396 0.071573 0.025753 0.893272
0.023869 0.017671 0.264460 0.688930 0.005070
0.000000 0.395777 0.498156 0.009420 0.096647
0.057849 0.044758 0.257215 0.638530 0.001648
0.002815 0.938241 0.039572 0.018264 0.001108
0.015019 0.367893 0.215833 0.400485 0.000769
0.047568 0.197487 0.198419 0.553863 0.002663
0.000000 0.081391 0.302742 0.596669 0.019198
0.978450 0.000295 0.012969 0.008031 0.000254
0.016789 0.008887 0.095169 0.846650 0.032504
0.000547 0.018308 0.102200 0.871383 0.007562
0.000024 0.065617 0.078098 0.855794 0.000468
0.805791 0.113639 0.032183 0.034563 0.013823
0.001400 0.016365 0.212756 0.766370 0.003108
0.000033 0.084595 0.083417 0.831497 0.000458
0.000995 0.302441 0.153214 0.531498 0.011852
0.006229 0.001194 0.063453 0.929018 0.000105
0.021602 0.096793 0.100402 0.271240 0.509963
0.038009 0.600420 0.319550 0.041026 0.000995
0.001341 0.269259 0.723903 0.004125 0.001372
0.000000 0.131955 0.603941 0.031840 0.232264
0.000921 0.143755 0.247423 0.606045 0.001857
0.038901 0.570190 0.052352 0.214271 0.124286
0.868385 0.000267 0.055342 0.056455 0.019551
0.932171 0.005113 0.034244 0.026033 0.002438
0.002599 0.850380 0.082110 0.061499 0.003412
0.954320 0.000463 0.028241 0.011532 0.005444
0.690939 0.000596 0.063834 0.242087 0.002544
0.004172 0.014845 0.059390 0.913970 0.007623
0.000013 0.006705 0.108285 0.027175 0.857822
0.978490 0.000294 0.012964 0.008000 0.000251
0.015597 0.014240 0.124191 0.840263 0.005709
0.000000 0.666068 0.200284 0.112667 0.020981
0.000000 0.107178 0.220281 0.362342 0.310199
0.969966 0.007659 0.013153 0.007873 0.001349
0.024727 0.312406 0.024454 0.353833 0.284580
0.016662 0.402405 0.221111 0.359135 0.000688
0.000043 0.007542 0.249688 0.029344 0.713383
0.002567 0.971709 0.022294 0.003115 0.000314
0.971639 0.000018 0.023428 0.004346 0.000569
0.563527 0.003544 0.201108 0.221566 0.010255
0.004201 0.395810 0.129391 0.458621 0.011978
0.000025 0.070754 0.078775 0.849980 0.000466
0.000013 0.006370 0.109893 0.027304 0.856421
0.007984 0.004118 0.067161 0.890000 0.030738
0.000889 0.076266 0.085549 0.821007 0.016288
0.002510 0.440724 0.232614 0.319218 0.004934
0.100513 0.109236 0.175183 0.557453 0.057615
0.000094 0.010370 0.069905 0.163238 0.756393
0.000000 0.034220 0.933097 0.008650 0.024033
0.951246 0.000440 0.029217 0.013210 0.005887
0.029767 0.000954 0.610690 0.335887 0.022701
0.000079 0.007126 0.067590 0.168200 0.757004
0.000028 0.065426 0.081251 0.852832 0.000464
0.001381 0.016395 0.210253 0.768763 0.003208
0.944701 0.000054 0.031458 0.023673 0.000115
0.000032 0.061492 0.167250 0.012293 0.758934
0.886930 0.010935 0.037417 0.054849 0.009868
0.007614 0.000000 0.142191 0.842508 0.007687
0.008828 0.519871 0.146675 0.323914 0.000711
0.919419 0.000432 0.039146 0.029615 0.011388
0.419874 0.005978 0.172057 0.368503 0.033589
0.018019 0.013780 0.488554 0.318496 0.161151
0.014068 0.036647 0.501085 0.446502 0.001698
0.003881 0.308160 0.492060 0.054080 0.141820
0.001213 0.013211 0.973383 0.000000 0.012193
0.026030 0.001067 0.157990 0.814853 0.000061
0.000000 0.401984 0.040195 0.141784 0.416037
0.002218 0.427952 0.330511 0.056027 0.183291
0.978491 0.000294 0.012964 0.007999 0.000251
0.067077 0.468219 0.339874 0.071847 0.052983
0.037713 0.644344 0.047649 0.162538 0.107754
0.030194 0.000941 0.617135 0.330498 0.021233
0.011173 0.002739 0.329210 0.566115 0.090763
0.098081 0.005367 0.544444 0.338931 0.013176
0.429000 0.040404 0.320726 0.201543 0.008327
0.012295 0.049744 0.088035 0.847441 0.002485
0.002568 0.972799 0.021760 0.002586 0.000286
0.042253 0.014859 0.803233 0.137944 0.001710
0.054918 0.045452 0.246510 0.651270 0.001849
0.000003 0.005667 0.065079 0.026770 0.902481
0.036095 0.001014 0.206055 0.756797 0.000038
0.008936 0.060594 0.078315 0.847131 0.005025
0.003193 0.298267 0.116080 0.569174 0.013286
0.881545 0.017018 0.037140 0.054087 0.010210
0.005258 0.233270 0.053253 0.706202 0.002017
0.000000 0.409555 0.554876 0.005621 0.029949
0.967045 0.000596 0.014548 0.016798 0.001013
0.001354 0.121055 0.091720 0.770190 0.015680
0.000429 0.566667 0.354128 0.015106 0.063671
0.033881 0.051434 0.169605 0.741782 0.003298
0.891064 0.000410 0.048034 0.044268 0.016224
0.044776 0.155629 0.120065 0.660593 0.018937
0.000084 0.007235 0.068633 0.168101 0.755947
0.035467 0.012405 0.637875 0.303578 0.010676
0.844275 0.016979 0.040347 0.081583 0.016815
0.001833 0.905608 0.043195 0.049338 0.000026
0.000347 0.063013 0.787265 0.000000 0.149376
0.952965 0.000462 0.028663 0.012234 0.005676
0.002597 0.007372 0.966002 0.024029 0.000000
0.978474 0.000295 0.012966 0.008013 0.000252
0.000990 0.024563 0.927120 0.000000 0.047327
0.959614 0.007535 0.014636 0.016206 0.002009
0.014659 0.695156 0.258761 0.031394 0.000030
0.000000 0.030738 0.954967 0.006122 0.008173
0.007125 0.249756 0.182111 0.559912 0.001095
0.011083 0.001016 0.090447 0.888298 0.009157
0.000000 0.063874 0.825024 0.016560 0.094542
0.000073 0.020166 0.040798 0.928891 0.010072
0.000889 0.076188 0.085551 0.821083 0.016289
0.203156 0.464248 0.282007 0.037735 0.012853
0.042200 0.723865 0.047655 0.101857 0.084423
0.036932 0.001009 0.210050 0.751971 0.000036
0.976639 0.000343 0.013220 0.009423 0.000375
0.004414 0.845708 0.090284 0.056516 0.003079
0.001532 0.014347 0.117997 0.864031 0.002093
0.003362 0.027689 0.967523 0.001277 0.000149
0.001001 0.017543 0.097286 0.881894 0.002276
0.000299 0.074953 0.068682 0.845907 0.010160
0.019674 0.006267 0.147420 0.822071 0.004568
0.033991 0.005741 0.228624 0.729440 0.002203
0.000897 0.076140 0.085719 0.820962 0.016282
0.042355 0.284340 0.381328 0.186760 0.105218
0.010982 0.831456 0.118543 0.037212 0.001806
0.133884 0.180716 0.178094 0.458404 0.048903
0.000263 0.030431 0.104750 0.134426 0.730130
0.000000 0.000000 0.050637 0.578539 0.370824
0.000644 0.019500 0.153371 0.762538 0.063946
0.023368 0.017551 0.885312 0.073768 0.000000
0.015051 0.055246 0.370219 0.555312 0.004172
0.008189 0.000000 0.146865 0.837220 0.007726
0.003045 0.954706 0.032211 0.009408 0.000630
0.970238 0.000558 0.014098 0.014301 0.000804
0.000006 0.010778 0.074428 0.025385 0.889402
0.037236 0.014963 0.170981 0.775271 0.001548
0.561827 0.003569 0.200764 0.223310 0.010530
0.000507 0.059480 0.155512 0.093981 0.690520
0.028152 0.215955 0.332670 0.422550 0.000673
0.000170 0.049620 0.052699 0.887268 0.010243
0.017318 0.032813 0.237980 0.706306 0.005583
0.011799 0.009445 0.335385 0.532294 0.111077
0.085632 0.010701 0.493926 0.407793 0.001948
0.000197 0.055937 0.055979 0.877637 0.010250
0.011437 0.707870 0.131767 0.148513 0.000414
0.000832 0.018777 0.139177 0.835121 0.006092
0.978493 0.000294 0.012964 0.007998 0.000251
0.976521 0.000346 0.013236 0.009514 0.000382
0.002568 0.973054 0.021636 0.002463 0.000280
0.023677 0.097379 0.123668 0.752736 0.002540
0.011947 0.530735 0.063735 0.392211 0.001371
0.115841 0.023217 0.715183 0.144983 0.000776
0.004116 0.014573 0.059073 0.914623 0.007616
0.024936 0.155697 0.409798 0.267583 0.141985
0.002092 0.090378 0.451497 0.455398 0.000634
0.081258 0.003398 0.204888 0.710325 0.000131
0.010943 0.056489 0.085813 0.841870 0.004885
0.012738 0.792607 0.125902 0.068475 0.000277
0.001842 0.367141 0.238348 0.384869 0.007800
0.332105 0.007149 0.154370 0.458645 0.047731
0.016830 0.001591 0.114113 0.867382 0.000084
0.000583 0.068462 0.171276 0.081772 0.677908
0.006929 0.027415 0.271208 0.636317 0.058130
0.000143 0.018373 0.049877 0.921941 0.009667
0.004188 0.900847 0.062418 0.030824 0.001723
0.000143 0.440108 0.138039 0.421369 0.000341
0.000491 0.008352 0.077631 0.911295 0.002232
0.000034 0.065915 0.175482 0.011206 0.747363
0.012279 0.821959 0.127411 0.036625 0.001727
0.000000 0.353713 0.511747 0.013343 0.121196
0.009809 0.145401 0.596062 0.247128 0.001600
0.022780 0.006129 0.165034 0.802004 0.004053
0.000000 0.087268 0.258871 0.650761 0.003100
0.002566 0.969325 0.023462 0.004271 0.000376
0.471255 0.077312 0.175612 0.224672 0.051149
0.013850 0.485469 0.187256 0.312782 0.000644
0.015478 0.006430 0.123621 0.849206 0.005265
0.000185 0.073120 0.190312 0.736059 0.000324
0.000003 0.005830 0.064778 0.026716 0.902673
0.014595 0.272182 0.089389 0.619178 0.004656
0.000397 0.049359 0.082107 0.859084 0.009053
0.003175 0.942110 0.038833 0.014963 0.000920
0.017609 0.022641 0.479036 0.313536 0.167178
0.000000 0.138410 0.730913 0.029526 0.101151
0.975603 0.000370 0.013363 0.010220 0.000444
0.043646 0.749452 0.047660 0.082330 0.076912
0.060171 0.044223 0.265698 0.628419 0.001489
0.001548 0.343833 0.215952 0.431982 0.006685
0.012205 0.013039 0.228889 0.701697 0.044169
0.000199 0.064324 0.200187 0.734978 0.000312
0.000000 0.395947 0.498076 0.009407 0.096569
0.000496 0.034587 0.095263 0.861455 0.008199
0.932759 0.005044 0.034202 0.025653 0.002341
0.004875 0.075883 0.062832 0.851102 0.005308
0.881955 0.005682 0.025950 0.079524 0.006888
0.001744 0.006918 0.045726 0.938060 0.007551
0.000000 0.036931 0.411391 0.177997 0.373681
0.051307 0.134557 0.505875 0.307995 0.000266
0.952947 0.002422 0.016274 0.026294 0.002063
0.882260 0.000377 0.050832 0.048918 0.017612
0.852856 0.001083 0.043373 0.101454 0.001234
0.001807 0.001722 0.082592 0.877633 0.036245
0.002259 0.003619 0.349765 0.619218 0.025138
0.000000 0.040965 0.325436 0.615906 0.017693
0.976897 0.000336 0.013184 0.009225 0.000357
0.028974 0.094868 0.149775 0.722742 0.003641
0.000097 0.023303 0.043812 0.922768 0.010020
0.971646 0.000018 0.023425 0.004342 0.000568
0.000150 0.462347 0.141600 0.395569 0.000334
0.007997 0.452305 0.152755 0.386127 0.000816
0.000165 0.006270 0.089766 0.171129 0.732670
0.004506 0.168252 0.773960 0.053277 0.000005
0.002564 0.967125 0.024541 0.005337 0.000432
0.001281 0.004763 0.231391 0.719893 0.042672
0.000810 0.041671 0.854334 0.103184 0.000000
0.497062 0.081658 0.180410 0.192204 0.048666
0.495193 0.064194 0.064804 0.301972 0.073838
0.047034 0.172057 0.079155 0.490457 0.211297
0.026517 0.002243 0.135573 0.835507 0.000161
0.002311 0.739999 0.161740 0.093106 0.002845
0.000052 0.072479 0.097440 0.829587 0.000442
0.010059 0.131919 0.630150 0.225981 0.001890
0.040568 0.582204 0.336770 0.039633 0.000825
0.002816 0.007434 0.051798 0.930547 0.007405
0.005933 0.204278 0.677515 0.044584 0.067690
0.095051 0.009594 0.528874 0.365007 0.001473
0.000740 0.676014 0.247381 0.075843 0.000021
0.006052 0.276429 0.054154 0.661437 0.001928
0.002511 0.851133 0.081456 0.061485 0.003414
0.026504 0.002090 0.135535 0.835711 0.000160
0.000319 0.299795 0.129215 0.568437 0.002234
0.014557 0.001540 0.380899 0.527562 0.075441
0.035015 0.181022 0.067858 0.565790 0.150314
0.003194 0.012583 0.053869 0.922705 0.007649
0.047774 0.142664 0.480219 0.329010 0.000334
0.030375 0.031553 0.267416 0.604212 0.066444
0.022075 0.230649 0.539434 0.207754 0.000089
0.000000 0.450530 0.480498 0.004315 0.064658
0.107448 0.503051 0.170853 0.115610 0.103039
0.001966 0.119152 0.842778 0.036104 0.000000
0.002544 0.937760 0.038932 0.019576 0.001188
0.053611 0.129272 0.522606 0.294289 0.000222
0.978375 0.000297 0.012980 0.008089 0.000259
0.978493 0.000294 0.012964 0.007998 0.000251
0.000034 0.066462 0.176500 0.011073 0.745931
0.000000 0.438964 0.484229 0.005393 0.071415
0.000072 0.216047 0.102301 0.681163 0.000416
0.000075 0.200876 0.105431 0.693204 0.000415
0.950410 0.007425 0.015956 0.023613 0.002596
0.217713 0.019633 0.642349 0.115086 0.005220
0.043955 0.754915 0.047661 0.078161 0.075308
0.106167 0.229491 0.159331 0.453976 0.051036
0.000486 0.014615 0.134516 0.787149 0.063235
0.003066 0.684961 0.076838 0.107593 0.127541
0.032031 0.772625 0.128772 0.063792 0.002780
0.079747 0.070966 0.116356 0.611903 0.121028
0.007938 0.639286 0.309089 0.043682 0.000005
0.000000 0.620224 0.040139 0.323994 0.015643
0.005507 0.246103 0.053569 0.692831 0.001990
0.000032 0.008336 0.194329 0.028145 0.769159
0.006024 0.339066 0.158943 0.494962 0.001005
0.005154 0.384582 0.339361 0.227283 0.043620
0.971504 0.000485 0.013929 0.013365 0.000717
0.003260 0.013271 0.054235 0.921555 0.007679
0.045992 0.047964 0.213880 0.689701 0.002463
0.002694 0.068867 0.925166 0.002633 0.000640
0.000853 0.000000 0.754856 0.071277 0.173013
0.036318 0.612455 0.308169 0.041951 0.001107
0.032499 0.047222 0.131233 0.415227 0.373820
0.000104 0.007807 0.531854 0.034395 0.425840
0.005517 0.202021 0.463817 0.328627 0.000018
0.098215 0.005359 0.544982 0.338359 0.013085
0.966168 0.000029 0.025116 0.007120 0.001567
0.003145 0.000000 0.903646 0.031339 0.061871
0.001190 0.030625 0.560828 0.238864 0.168493
0.037174 0.025401 0.213602 0.723645 0.000178
0.001602 0.141450 0.095243 0.746332 0.015373
0.000262 0.078178 0.063890 0.847245 0.010424
0.813849 0.041447 0.040002 0.084964 0.019739
0.006647 0.290391 0.055630 0.645443 0.001889
0.008675 0.033291 0.076745 0.878831 0.002457
0.783167 0.100668 0.035623 0.061381 0.019161
0.002568 0.973048 0.021638 0.002465 0.000280
0.973265 0.000433 0.013687 0.012016 0.000599
0.007200 0.005119 0.338344 0.648746 0.000591
0.934104 0.005573 0.018512 0.038296 0.003515
0.003467 0.075840 0.175240 0.733322 0.012130
0.009165 0.034495 0.078311 0.875575 0.002453
0.003285 0.735264 0.069774 0.086487 0.105190
0.590257 0.000703 0.076767 0.328798 0.003475
0.000015 0.029331 0.107879 0.020453 0.842322
0.007684 0.603843 0.179754 0.208646 0.000074
0.935204 0.000091 0.034683 0.022807 0.007214
0.066398 0.001374 0.252056 0.671916 0.008256
0.000000 0.137383 0.802961 0.014373 0.045283
0.069147 0.483512 0.336425 0.062284 0.048633
0.000622 0.073046 0.179334 0.075592 0.671406
0.017883 0.005871 0.098555 0.848568 0.029122
0.000000 0.414841 0.492007 0.007642 0.085510
0.000198 0.058094 0.056033 0.875379 0.010296
0.000041 0.006717 0.238529 0.029398 0.725315
0.026227 0.000958 0.166190 0.800798 0.005826
0.000010 0.016983 0.088746 0.023770 0.870491
0.000853 0.014675 0.091575 0.890639 0.002260
0.003380 0.006984 0.189956 0.798157 0.001523
0.015093 0.001364 0.105795 0.877661 0.000087
0.037126 0.009869 0.809786 0.143111 0.000108
0.977857 0.000311 0.013052 0.008487 0.000293
0.000412 0.049387 0.349735 0.600342 0.000125
0.018810 0.196893 0.102371 0.680280 0.001646
0.001832 0.007309 0.046222 0.937077 0.007560
0.001141 0.035049 0.212394 0.685058 0.066358
0.002992 0.154351 0.183073 0.652573 0.007011
0.027092 0.021970 0.559052 0.289993 0.101893
0.014996 0.487185 0.298025 0.199744 0.000051
0.000403 0.530113 0.372018 0.019926 0.077540
0.766787 0.107196 0.036266 0.068355 0.021396
0.030196 0.005871 0.207096 0.754009 0.002828
0.000000 0.030201 0.956084 0.006006 0.007709
0.000000 0.187115 0.653362 0.019363 0.140160
0.000000 0.157800 0.581045 0.031004 0.230151
0.000058 0.006213 0.062633 0.169297 0.761799
0.801547 0.112934 0.032627 0.038243 0.014648
0.943520 0.000056 0.031608 0.024690 0.000126
0.000000 0.269318 0.538764 0.021252 0.170667
0.005874 0.209246 0.056464 0.726383 0.002033
0.000121 0.034095 0.046635 0.909005 0.010144
0.000000 0.953369 0.018859 0.025333 0.002439
0.007829 0.043704 0.474157 0.473345 0.000965
0.000126 0.133466 0.145274 0.720761 0.000373
0.068664 0.355829 0.451075 0.121482 0.002950
0.856488 0.001077 0.042910 0.098326 0.001200
0.978444 0.000296 0.012970 0.008036 0.000254
0.002518 0.883449 0.065579 0.045870 0.002584
0.000755 0.144139 0.845793 0.007126 0.002188
0.977750 0.000314 0.013066 0.008569 0.000301
0.011347 0.003322 0.088105 0.897120 0.000106
0.006358 0.375509 0.154880 0.462303 0.000951
0.000000 0.761750 0.045978 0.183640 0.008633
0.588269 0.051684 0.058238 0.243173 0.058636
0.034124 0.012971 0.620685 0.319328 0.012893
0.001050 0.016913 0.167434 0.809680 0.004923
0.963410 0.001311 0.014953 0.019024 0.001303
0.219132 0.000915 0.378688 0.401237 0.000029
0.001760 0.152154 0.097655 0.733244 0.015187
0.000114 0.031330 0.045890 0.912552 0.010113
0.000000 0.453155 0.223905 0.316892 0.006048
0.978475 0.000295 0.012966 0.008012 0.000252
0.010294 0.002070 0.082948 0.904587 0.000101
0.000103 0.007783 0.526861 0.034308 0.430945
0.001640 0.007407 0.465124 0.197827 0.328002
0.002148 0.014820 0.939140 0.043892 -0.000000
0.006314 0.599230 0.157351 0.227849 0.009255
0.001403 0.759300 0.066987 0.172234 0.000077
0.964002 0.000470 0.025224 0.006515 0.003789
0.004764 0.040612 0.241029 0.650986 0.062609
0.009941 0.531691 0.218002 0.132335 0.108031
0.000180 0.078443 0.186284 0.734765 0.000328
0.301793 0.032591 0.145771 0.458217 0.061628
0.034129 0.223087 0.395035 0.225105 0.122645
0.006102 0.198951 0.691787 0.043278 0.059882
0.002845 0.052176 0.168186 0.774328 0.002465
0.000115 0.184586 0.134456 0.680463 0.000380
0.000000 0.056964 0.512017 0.113045 0.317974
0.004841 0.457476 0.137855 0.388678 0.011151
0.055603 0.103223 0.235487 0.605049 0.000639
0.004800 0.086672 0.163083 0.732590 0.012855
0.467059 0.059893 0.067773 0.326030 0.079245
0.009615 0.000000 0.158279 0.824552 0.007553
0.005040 0.001078 0.060234 0.923131 0.010516
0.000327 0.009448 0.115641 0.812252 0.062332
0.000005 0.007204 0.069617 0.026381 0.896793
