0.035402 0.000957 0.204297 0.759308 0.000035
0.001676 0.007200 0.480652 0.204313 0.306159
0.010169 0.001177 0.200799 0.764890 0.022965
0.978427 0.000279 0.013031 0.008040 0.000224
0.978343 0.000281 0.013042 0.008105 0.000229
0.537857 0.003755 0.197178 0.248036 0.013174
0.004878 0.019401 0.287232 0.426832 0.261658
0.002488 0.922895 0.046006 0.027029 0.001582
0.928789 0.005262 0.034690 0.028483 0.002776
0.949047 0.001322 0.017022 0.030402 0.002208
0.001906 0.059013 0.304754 0.565515 0.068812
0.006302 0.599798 0.157912 0.226980 0.009010
0.000864 0.837771 0.151428 0.009932 0.000005
0.014401 0.006221 0.118058 0.856006 0.005315
0.001656 0.952134 0.031673 0.014524 0.000012
0.896435 0.001157 0.037732 0.063816 0.000859
0.968166 0.000024 0.024590 0.006092 0.001128
0.037373 0.000831 0.223697 0.735207 0.002892
0.000003 0.005880 0.063186 0.026489 0.904441
0.008340 0.001620 0.287183 0.606835 0.096021
0.009286 0.004641 0.071112 0.884249 0.030711
0.000000 0.429730 0.563950 0.006293 0.000027
0.964507 0.000705 0.014932 0.018698 0.001158
0.000440 0.010006 0.159369 0.171255 0.658929
0.020339 0.001228 0.131562 0.846799 0.000072
0.932694 0.004808 0.034414 0.025957 0.002127
0.068238 0.010678 0.100704 0.730053 0.090327
0.000458 0.139115 0.087934 0.761802 0.010690
0.007515 0.322626 0.235864 0.264944 0.169051
0.000621 0.010469 0.082273 0.904402 0.002235
0.025228 0.477110 0.119359 0.374438 0.003866
0.006290 0.002704 0.063816 0.927076 0.000113
0.000062 0.018166 0.039161 0.932535 0.010075
0.000109 0.161232 0.132052 0.706224 0.000382
0.000003 0.005529 0.062529 0.026580 0.905359
0.000508 0.571739 0.133553 0.292735 0.001464
0.049781 0.345265 0.366525 0.150035 0.088394
0.000000 0.334470 0.603771 0.012262 0.049496
0.015446 0.001190 0.112784 0.862425 0.008154
0.971574 0.000017 0.023545 0.004360 0.000504
0.000835 0.090628 0.236572 0.628114 0.043851
0.385035 0.050560 0.302955 0.247498 0.013952
0.925911 0.005617 0.034891 0.030329 0.003252
0.000000 0.005848 0.591218 0.183824 0.219111
0.019981 0.004607 0.105380 0.843157 0.026875
0.002419 0.567335 0.200044 0.226450 0.003751
0.000056 0.006387 0.061434 0.168151 0.763973
0.014637 0.008879 0.109195 0.854079 0.013210
0.947532 0.000046 0.031226 0.021119 0.000076
0.000000 0.393868 0.565761 0.006933 0.033438
0.002780 0.003155 0.416285 0.563931 0.013850
0.018093 0.126305 0.108973 0.742282 0.004347
0.000003 0.005646 0.062745 0.026549 0.905057
0.003441 0.338251 0.122839 0.498124 0.037345
0.026122 0.014547 0.135057 0.822459 0.001815
0.003341 0.001702 0.052053 0.913012 0.029892
0.000003 0.005524 0.062585 0.026582 0.905306
0.099086 0.232372 0.155646 0.460952 0.051944
0.036709 0.134572 0.421337 0.400686 0.006696
0.045928 0.016420 0.333796 0.553246 0.050610
0.108670 0.109792 0.577962 0.142038 0.061538
0.000629 0.708986 0.140149 0.149185 0.001051
0.000000 0.095826 0.822299 0.019728 0.062146
0.164894 0.042380 0.708049 0.071994 0.012683
0.000004 0.006475 0.069341 0.026436 0.897743
0.576679 0.000721 0.077820 0.341170 0.003610
0.027878 0.081128 0.147095 0.740267 0.003633
0.032483 0.005443 0.221805 0.738126 0.002143
0.069144 0.007449 0.430305 0.461277 0.031825
0.217951 0.142163 0.219089 0.383954 0.036843
0.000000 0.079965 0.042516 0.288397 0.589122
0.009003 0.151643 0.566080 0.271261 0.002012
0.000004 0.007771 0.066757 0.026002 0.899466
0.149966 0.141586 0.275885 0.283672 0.148892
0.970365 0.007564 0.013039 0.007733 0.001299
0.041563 0.090259 0.753994 0.114158 0.000025
0.000022 0.065419 0.076368 0.857722 0.000469
0.971569 0.000017 0.023546 0.004363 0.000505
0.006579 0.005007 0.316715 0.671040 0.000659
0.667952 0.000648 0.066360 0.262273 0.002768
0.978425 0.000279 0.013031 0.008041 0.000224
0.956807 0.000875 0.015994 0.024654 0.001671
0.142413 0.015433 0.284553 0.557447 0.000154
0.000000 0.144522 0.574075 0.033413 0.247990
0.023130 0.016631 0.886541 0.073698 0.000000
0.008292 0.153994 0.071586 0.761069 0.005060
0.025022 0.416383 0.022824 0.280230 0.255541
0.978427 0.000279 0.013031 0.008040 0.000224
0.959407 0.007468 0.014602 0.016520 0.002002
0.018641 0.068769 0.113604 0.794686 0.004301
0.002548 0.968818 0.023700 0.004550 0.000384
0.005731 0.002206 0.059712 0.902805 0.029546
0.012466 0.017072 0.196762 0.699888 0.073812
0.852377 0.006021 0.029956 0.102814 0.008832
0.009844 0.137836 0.603816 0.247093 0.001410
0.203628 0.131284 0.220394 0.381890 0.062803
0.001298 0.011393 0.234066 0.707046 0.046197
0.948575 0.000422 0.029993 0.014746 0.006263
0.953418 0.000067 0.029088 0.013538 0.003889
0.008416 0.519536 0.143794 0.327536 0.000718
0.000000 0.340620 0.515721 0.014674 0.128985
0.011216 0.026930 0.406496 0.552124 0.003232
0.000000 0.003437 0.788595 0.132188 0.075780
0.000000 0.412913 0.553626 0.005213 0.028248
0.978426 0.000279 0.013031 0.008041 0.000224
0.003992 0.000000 0.963155 0.016134 0.016718
0.004385 0.416291 0.131974 0.435774 0.011576
0.000118 0.172076 0.137677 0.689755 0.000374
0.012250 0.004509 0.345647 0.545419 0.092175
0.821116 0.114955 0.030617 0.022487 0.010825
0.012835 0.001714 0.099605 0.876760 0.009086
0.000017 0.032707 0.113987 0.019577 0.833713
0.000000 0.282359 0.690160 0.027441 0.000041
0.000108 0.030068 0.044832 0.914893 0.010099
0.003345 0.008725 0.054587 0.925968 0.007375
0.046491 0.167188 0.119463 0.648181 0.018676
0.111513 0.152290 0.137543 0.448303 0.150350
0.001614 0.079852 0.860338 0.058196 0.000000
0.911506 0.007282 0.035910 0.039654 0.005647
0.002557 0.973094 0.021632 0.002445 0.000272
0.971137 0.000018 0.023679 0.004582 0.000584
0.966167 0.000466 0.024468 0.005520 0.003378
0.000061 0.187284 0.096520 0.715710 0.000426
0.000118 0.034309 0.046102 0.909331 0.010139
0.008136 0.166908 0.526959 0.295374 0.002623
0.000028 0.006549 0.179868 0.028616 0.784940
0.006485 0.109532 0.066940 0.811857 0.005186
0.000114 0.208348 0.132344 0.658819 0.000376
0.015746 0.001643 0.400770 0.511359 0.070482
0.020449 0.001234 0.473114 0.452357 0.052846
0.047610 0.001427 0.193896 0.743187 0.013880
0.000000 0.028767 0.469513 0.494071 0.007650
0.967654 0.000025 0.024746 0.006351 0.001223
0.018390 0.080726 0.139557 0.752261 0.009066
0.000410 0.046540 0.351549 0.601392 0.000109
0.005275 0.061464 0.064661 0.863331 0.005269
0.002050 0.086442 0.448406 0.462505 0.000597
0.006221 0.115355 0.135561 0.742862 0.000000
0.000894 0.146600 0.243623 0.607036 0.001847
0.028118 0.001004 0.169120 0.801705 0.000053
0.000489 0.057451 0.152396 0.096714 0.692949
0.945437 0.003760 0.017153 0.031024 0.002627
0.011792 0.457511 0.438305 0.089605 0.002787
0.001487 0.009672 0.257397 0.689851 0.041594
0.064708 0.225457 0.125027 0.567945 0.016861
0.048804 0.045806 0.167897 0.296775 0.440718
0.001957 0.415560 0.581226 0.000792 0.000464
0.000878 0.788119 0.183717 0.027277 0.000009
0.007144 0.008605 0.896337 0.067534 0.020380
0.005825 0.224866 0.418656 0.346569 0.004084
0.028579 0.091714 0.560193 0.234788 0.084727
0.878127 0.000417 0.051833 0.051072 0.018551
0.004448 0.041146 0.729130 0.136112 0.089164
0.000161 0.018730 0.083434 0.150884 0.746792
0.977902 0.000292 0.013103 0.008444 0.000259
0.002463 0.009813 0.049505 0.930626 0.007592
0.000000 0.003433 0.789256 0.132008 0.075303
0.000131 0.127528 0.149878 0.722099 0.000364
0.965282 0.000975 0.014781 0.017834 0.001129
0.000030 0.058541 0.162276 0.012908 0.766246
0.059923 0.316643 0.085761 0.407809 0.129864
0.013054 0.003109 0.358714 0.540422 0.084701
0.000035 0.006255 0.211733 0.029337 0.752640
0.970364 0.007564 0.013039 0.007733 0.001299
0.000772 0.006599 0.246817 0.184372 0.561440
0.001502 0.504516 0.176800 0.312022 0.005161
0.932717 0.004805 0.034412 0.025942 0.002123
0.003184 0.001753 0.050779 0.932958 0.011326
0.005390 0.018979 0.066139 0.907058 0.002434
0.000004 0.006645 0.067987 0.026359 0.899005
0.000000 0.079045 0.169317 0.681704 0.069934
0.000000 0.030114 0.955259 0.006360 0.008267
0.059695 0.041765 0.266172 0.631045 0.001324
0.001855 0.001035 0.044011 0.941923 0.011176
0.971534 0.000017 0.023557 0.004380 0.000511
0.026725 0.676388 0.246637 0.048500 0.001750
0.003729 0.251508 0.192718 0.545494 0.006551
0.001570 0.827656 0.055374 0.115347 0.000053
0.041217 0.060891 0.855786 0.041708 0.000398
0.002535 0.958601 0.028662 0.009552 0.000651
0.002521 0.954629 0.030563 0.011530 0.000757
0.916629 0.001927 0.021510 0.055579 0.004356
0.007312 0.026815 0.077007 0.881098 0.007767
0.000394 0.199822 0.760567 0.037513 0.001703
0.016945 0.454422 0.332064 0.196529 0.000041
0.019276 0.000770 0.329912 0.641109 0.008934
0.944216 0.000315 0.031524 0.017382 0.006564
0.059070 0.016001 0.387641 0.495841 0.041446
0.007942 0.032505 0.074092 0.882997 0.002465
0.040788 0.575074 0.342606 0.040759 0.000773
0.000031 0.094251 0.081100 0.824159 0.000459
0.064826 0.454827 0.343147 0.080699 0.056501
0.957452 0.001198 0.015853 0.023844 0.001653
0.002570 0.200139 0.411048 0.386222 0.000021
0.000000 0.032218 0.938041 0.008632 0.021109
0.000268 0.284835 0.499988 0.050548 0.164361
0.943000 0.000292 0.031940 0.018093 0.006676
0.037729 0.000942 0.215537 0.745762 0.000030
0.978427 0.000279 0.013031 0.008040 0.000224
0.017516 0.388476 0.230015 0.363314 0.000678
0.960557 0.000041 0.026919 0.009952 0.002531
0.005873 0.025396 0.068776 0.892024 0.007932
0.001435 0.131124 0.092261 0.759642 0.015539
0.977916 0.000292 0.013101 0.008434 0.000258
0.019745 0.091918 0.096755 0.275781 0.515801
0.000547 0.007049 0.188339 0.178449 0.625616
0.010159 0.039233 0.081193 0.866961 0.002453
0.000000 0.036184 0.870804 0.092956 0.000057
0.001359 0.066456 0.899361 0.015835 0.016989
0.052428 0.155520 0.474951 0.312555 0.004545
0.971550 0.000017 0.023552 0.004372 0.000509
0.000410 0.046539 0.351552 0.601389 0.000109
0.065663 0.001293 0.251742 0.673975 0.007328
0.002552 0.001394 0.045664 0.950275 0.000115
0.002664 0.353558 0.389113 0.062493 0.192172
0.168861 0.001099 0.317184 0.512797 0.000059
0.000028 0.083736 0.079379 0.836395 0.000463
0.002441 0.912801 0.050798 0.032106 0.001854
0.053679 0.122560 0.528366 0.295201 0.000194
0.116557 0.099207 0.084868 0.509156 0.190211
0.001194 0.012768 0.974199 0.000000 0.011840
0.000038 0.116414 0.084946 0.798150 0.000451
0.000000 0.434333 0.487663 0.005736 0.072267
0.966239 0.007528 0.013627 0.011042 0.001564
0.000643 0.033450 0.948340 0.017288 0.000279
0.007975 0.492969 0.145329 0.352966 0.000762
0.000000 0.446116 0.484148 0.004611 0.065124
0.000062 0.018185 0.039163 0.932514 0.010075
0.000000 0.050046 0.874564 0.013178 0.062211
0.002044 0.147736 0.103432 0.731875 0.014913
0.000401 0.038988 0.082984 0.868932 0.008695
0.000000 0.127160 0.579397 0.035056 0.258388
0.038865 0.013069 0.305460 0.588200 0.054407
0.005797 0.000000 0.127073 0.859554 0.007576
0.005054 0.079284 0.169188 0.733967 0.012507
0.000000 0.274482 0.536114 0.020917 0.168486
0.100644 0.016035 0.106738 0.689474 0.087109
0.010880 0.175067 0.080170 0.729008 0.004874
0.043829 0.287198 0.382489 0.183301 0.103182
0.002513 0.006721 0.156784 0.832284 0.001698
0.000000 0.416462 0.492996 0.007443 0.083099
0.000400 0.046900 0.133612 0.111476 0.707614
0.015687 0.750451 0.067574 0.165379 0.000909
0.001427 0.075357 0.073160 0.850057 0.000000
0.006631 0.003426 0.062601 0.896899 0.030443
0.000399 0.047039 0.343924 0.608519 0.000119
0.000176 0.048408 0.053325 0.887944 0.010146
0.041139 0.572549 0.344999 0.040564 0.000748
0.002787 0.584056 0.091976 0.149522 0.171658
0.000015 0.021240 0.109334 0.022871 0.846541
0.939187 0.006975 0.017537 0.033025 0.003276
0.000277 0.052742 0.257244 0.689505 0.000232
0.000096 0.137583 0.124418 0.737507 0.000396
0.002256 0.137674 0.842090 0.017980 0.000000
0.005253 0.243015 0.052615 0.697120 0.001998
0.001355 0.429204 0.202370 0.359502 0.007568
0.000051 0.005789 0.060376 0.168988 0.764797
0.005962 0.059540 0.067282 0.861998 0.005219
0.000000 0.032194 0.938132 0.008625 0.021049
0.000095 0.026402 0.043262 0.920157 0.010084
0.011649 0.000000 0.093647 0.856368 0.038336
0.431296 0.037773 0.324278 0.199634 0.007019
0.000000 0.032194 0.938130 0.008625 0.021050
0.002557 0.973099 0.021630 0.002443 0.000272
0.002450 0.001453 0.047048 0.937745 0.011304
0.004146 0.704649 0.113784 0.177351 0.000070
0.071975 0.242440 0.334701 0.345225 0.005660
0.011288 0.013570 0.192534 0.709091 0.073516
0.024176 0.211651 0.121123 0.641627 0.001424
0.000004 0.006406 0.068802 0.026446 0.898343
0.042406 0.292061 0.377757 0.183823 0.103953
0.000436 0.581991 0.346954 0.013153 0.057466
0.002556 0.972967 0.021694 0.002508 0.000275
0.014310 0.097467 0.736814 0.151409 0.000000
0.002830 0.007671 0.051651 0.930446 0.007401
0.002628 0.006176 0.970055 0.021141 0.000000
0.000026 0.078081 0.078440 0.842989 0.000465
0.000119 0.162263 0.139196 0.698049 0.000373
0.971576 0.000017 0.023544 0.004359 0.000504
0.033307 0.005409 0.226533 0.732753 0.001998
0.000005 0.008943 0.069960 0.025719 0.895373
0.087591 0.202505 0.155335 0.499339 0.055230
0.002495 0.000000 0.857277 0.041340 0.098889
0.001210 0.018576 0.105216 0.872763 0.002235
0.000000 0.179302 0.702472 0.026310 0.091916
0.002717 0.008093 0.164764 0.822754 0.001672
0.562349 0.003356 0.202214 0.222946 0.009136
0.003565 0.008718 0.198082 0.788162 0.001473
0.976360 0.000332 0.013314 0.009631 0.000362
0.000409 0.046596 0.350688 0.602197 0.000110
0.000184 0.572268 0.159743 0.267516 0.000289
0.000016 0.013512 0.120465 0.025376 0.840631
0.004946 0.221604 0.052458 0.718953 0.002039
0.069774 0.000000 0.915920 0.000000 0.014306
0.000261 0.366270 0.593185 0.038172 0.002113
0.797042 0.053997 0.039985 0.087691 0.021285
0.000548 0.007893 0.079474 0.909879 0.002207
0.000083 0.008459 0.067586 0.165471 0.758401
0.033600 0.005396 0.228218 0.730838 0.001947
0.000000 0.158390 0.702109 0.017889 0.121612
0.000190 0.146725 0.122540 0.727864 0.002681
0.036921 0.165382 0.404079 0.393096 0.000522
0.000675 0.020764 0.157045 0.757572 0.063944
0.000100 0.011497 0.070705 0.161017 0.756682
0.002556 0.972945 0.021704 0.002519 0.000276
0.004044 0.000000 0.966598 0.015223 0.014135
0.000266 0.053334 0.249467 0.696690 0.000242
0.000206 0.006210 0.100648 0.830817 0.062120
0.964670 0.000031 0.025661 0.007868 0.001769
0.005047 0.021502 0.064110 0.901499 0.007842
0.002555 0.972043 0.022141 0.002962 0.000300
0.000000 0.041608 0.209771 0.723560 0.025061
0.000000 0.043239 0.580716 0.363070 0.012975
0.051448 0.213940 0.211559 0.520439 0.002615
0.011358 0.049765 0.099791 0.830649 0.008436
0.961459 0.000039 0.026644 0.009496 0.002364
0.932998 0.004773 0.034392 0.025760 0.002076
0.008145 0.059227 0.337471 0.590735 0.004422
0.932959 0.004777 0.034395 0.025786 0.002083
0.003893 0.005971 0.211063 0.777731 0.001342
0.052229 0.040958 0.163307 0.403210 0.340295
0.003675 0.002131 0.053288 0.929455 0.011452
0.002557 0.973100 0.021629 0.002442 0.000272
0.978420 0.000279 0.013032 0.008045 0.000224
0.031179 0.005498 0.214328 0.746624 0.002371
0.000000 0.081667 0.057224 0.295408 0.565701
0.000047 0.136646 0.089485 0.773380 0.000442
0.210767 0.505067 0.161311 0.102009 0.020846
0.495737 0.080947 0.180350 0.195234 0.047732
0.006800 0.129817 0.063027 0.798243 0.002114
0.022974 0.155307 0.405785 0.271490 0.144444
0.001608 0.006819 0.044657 0.939355 0.007561
0.821692 0.115039 0.030558 0.021996 0.010714
0.001189 0.021787 0.104295 0.870431 0.002298
0.004065 0.922219 0.051531 0.020987 0.001197
0.019880 0.421625 0.377222 0.181247 0.000026
0.002024 0.037765 0.915015 0.045196 0.000000
0.002553 0.971032 0.022630 0.003460 0.000326
0.041013 0.177501 0.427540 0.231641 0.122305
0.047356 0.011924 0.205572 0.733952 0.001196
0.012955 0.056779 0.108820 0.812868 0.008578
0.000000 0.110372 0.371573 0.515766 0.002290
0.060209 0.041631 0.268074 0.628800 0.001286
0.167581 0.103364 0.204051 0.512910 0.012094
0.002647 0.005922 0.971175 0.020255 0.000000
0.002557 0.972998 0.021679 0.002493 0.000274
0.000037 0.110060 0.084185 0.805265 0.000453
0.000185 0.575034 0.160198 0.264294 0.000288
0.003291 0.005947 0.187407 0.801863 0.001491
0.006365 0.894736 0.072575 0.025006 0.001319
0.000000 0.098079 0.149241 0.723540 0.029140
0.088696 0.155533 0.395749 0.354938 0.005085
0.002647 0.005928 0.971149 0.020276 0.000000
0.003923 0.069972 0.146939 0.765595 0.013571
0.020578 0.176795 0.677156 0.122300 0.003171
0.002521 0.951915 0.031893 0.012845 0.000826
0.011394 0.003307 0.088506 0.896688 0.000105
0.002603 0.959051 0.028666 0.009058 0.000622
0.001145 0.006824 0.343280 0.192633 0.456117
0.009057 0.877766 0.089756 0.022352 0.001069
0.000005 0.010201 0.071920 0.025387 0.892487
0.015114 0.000843 0.270902 0.698019 0.015123
0.003398 0.282303 0.467136 0.064613 0.182550
0.030965 0.748982 0.130848 0.086078 0.003127
0.978329 0.000281 0.013044 0.008115 0.000230
0.473820 0.064283 0.066116 0.318014 0.077766
0.005282 0.000000 0.122862 0.864290 0.007566
0.006715 0.056507 0.297848 0.633784 0.005146
0.002223 0.808169 0.136689 0.051326 0.001593
0.932995 0.004773 0.034392 0.025762 0.002077
0.000218 0.065506 0.058359 0.865605 0.010311
0.001961 0.412228 0.482007 0.103780 0.000024
0.000000 0.000000 0.203785 0.672593 0.123622
0.020004 0.420248 0.379119 0.180604 0.000026
0.002557 0.973088 0.021635 0.002448 0.000272
0.000000 0.570563 0.210133 0.189838 0.029466
0.000051 0.005804 0.060397 0.168966 0.764782
0.001168 0.000000 0.771553 0.065013 0.162266
0.978401 0.000279 0.013034 0.008060 0.000225
0.947812 0.000045 0.031191 0.020878 0.000074
0.000000 0.081987 0.057813 0.295576 0.564624
0.000369 0.217641 0.740642 0.039502 0.001847
0.000005 0.005570 0.073243 0.026781 0.894401
0.003265 0.338073 0.439684 0.057251 0.161727
0.002548 0.968510 0.023849 0.004700 0.000392
0.001212 0.019238 0.105291 0.872012 0.002246
0.575539 0.000719 0.077963 0.342159 0.003620
0.971576 0.000017 0.023544 0.004359 0.000504
0.029566 0.000900 0.613125 0.336214 0.020195
0.002557 0.973094 0.021632 0.002445 0.000272
0.001679 0.108752 0.151427 0.730480 0.007662
0.035563 0.001652 0.155296 0.789102 0.018387
0.002430 0.829460 0.066327 0.101736 0.000045
0.002572 0.069953 0.923877 0.002885 0.000713
0.025606 0.233101 0.472903 0.226901 0.041489
0.000838 0.810550 0.167237 0.021368 0.000008
0.002535 0.008218 0.049950 0.931812 0.007484
0.002077 0.085747 0.453102 0.458507 0.000566
0.008118 0.001836 0.067360 0.894357 0.028328
0.036919 0.000947 0.211623 0.750479 0.000032
0.971576 0.000017 0.023544 0.004359 0.000504
0.000711 0.123618 0.793114 0.000000 0.082558
0.000000 0.421562 0.548117 0.004431 0.025890
0.963087 0.000034 0.026147 0.008674 0.002059
0.009946 0.617841 0.137382 0.234274 0.000557
0.002546 0.967670 0.024256 0.005114 0.000414
0.405063 0.007674 0.169689 0.381876 0.035698
0.032682 0.123631 0.740307 0.095691 0.007690
0.000000 0.361655 0.509324 0.012678 0.116343
0.965330 0.000621 0.014829 0.018122 0.001099
0.087076 0.176390 0.387539 0.344021 0.004974
0.943500 0.003902 0.017405 0.032431 0.002763
0.002284 0.113386 0.880250 0.003208 0.000873
0.213131 0.000883 0.373854 0.412103 0.000028
0.005814 0.093894 0.016763 0.511326 0.372203
0.000329 0.300992 0.661662 0.035206 0.001812
0.003136 0.057294 0.056964 0.877183 0.005423
0.971556 0.000017 0.023550 0.004369 0.000507
0.003499 0.014837 0.055357 0.918594 0.007712
0.018076 0.004856 0.434826 0.469055 0.073187
0.044323 0.077097 0.780967 0.097597 0.000015
0.000000 0.077049 0.872017 0.013424 0.037511
0.003677 0.002883 0.215011 0.662052 0.116377
0.000000 0.052447 0.947553 0.000000 0.000000
0.011245 0.700608 0.132056 0.155671 0.000421
0.933871 0.007234 0.018248 0.037006 0.003640
0.000156 0.483239 0.145096 0.371188 0.000321
0.000022 0.064562 0.076357 0.858589 0.000469
0.002630 0.006152 0.970150 0.021068 0.000000
0.031936 0.772896 0.129052 0.063410 0.002705
0.000974 0.201619 0.789681 0.005873 0.001853
0.817765 0.114466 0.030960 0.025338 0.011471
0.023038 0.001204 0.512842 0.419125 0.043790
0.017148 0.001953 0.422116 0.492115 0.066668
0.088285 0.005616 0.508938 0.379069 0.018092
0.012163 0.759024 0.128309 0.100179 0.000325
0.000169 0.523965 0.151797 0.323763 0.000307
0.028106 0.103938 0.114038 0.263270 0.490648
0.002555 0.972444 0.021946 0.002765 0.000289
0.000000 0.947566 0.019231 0.030589 0.002614
0.002319 0.851928 0.080227 0.062072 0.003453
0.234847 0.037984 0.131753 0.521718 0.073698
0.017079 0.001787 0.122885 0.858084 0.000164
0.971515 0.000017 0.023563 0.004390 0.000515
0.000046 0.137986 0.088864 0.772662 0.000443
0.000000 0.045290 0.126655 0.797422 0.030632
0.000000 0.335702 0.545479 0.012104 0.106715
0.007610 0.794506 0.080555 0.106493 0.010837
0.562280 0.003357 0.202199 0.223017 0.009147
0.000000 0.276103 0.699398 0.024437 0.000062
0.002509 0.000000 0.864639 0.042149 0.090703
0.000000 0.190756 0.186451 0.596109 0.026684
0.001656 0.951804 0.031732 0.014796 0.000013
0.000370 0.006614 0.072531 0.918256 0.002228
0.971576 0.000017 0.023544 0.004359 0.000504
0.000185 0.575691 0.160306 0.263530 0.000288
0.015762 0.056973 0.054869 0.706951 0.165445
0.969938 0.007561 0.013099 0.008076 0.001327
0.000000 0.096679 0.081002 0.301237 0.521082
0.031874 0.771372 0.129166 0.064855 0.002732
0.024183 0.013983 0.128648 0.831320 0.001866
0.000400 0.045889 0.082705 0.862148 0.008858
0.017780 0.289705 0.249014 0.442701 0.000799
0.002782 0.003153 0.416618 0.563647 0.013800
0.206805 0.130574 0.223251 0.379589 0.059780
0.888733 0.012612 0.037198 0.052297 0.009160
0.000815 0.230927 0.713161 0.000000 0.055097
0.041305 0.151809 0.437003 0.369444 0.000439
0.000000 0.028460 0.958715 0.006001 0.006825
0.014302 0.053248 0.358320 0.569854 0.004275
0.147608 0.550463 0.144034 0.150019 0.007876
0.000309 0.389866 0.441634 0.038255 0.129936
0.002691 0.492141 0.241066 0.258754 0.005348
0.978318 0.000282 0.013046 0.008124 0.000231
0.941744 0.000056 0.031953 0.026115 0.000132
0.932205 0.006064 0.018666 0.039405 0.003660
0.000410 0.046562 0.351211 0.601708 0.000109
0.000560 0.004432 0.144244 0.796250 0.054514
0.082611 0.241420 0.134853 0.525536 0.015580
0.975381 0.000360 0.013449 0.010383 0.000427
0.948156 0.000159 0.030565 0.015917 0.005204
0.009961 0.004251 0.085235 0.889201 0.011352
0.967312 0.000467 0.024112 0.004928 0.003181
0.008836 0.038655 0.085530 0.858769 0.008210
0.000051 0.005787 0.060412 0.168993 0.764757
0.003166 0.033405 0.961529 0.001639 0.000261
0.016255 0.000000 0.211387 0.766752 0.005606
0.000000 0.119887 0.028991 0.263320 0.587802
0.002315 0.000595 0.346688 0.631528 0.018875
0.000309 0.051253 0.279824 0.668412 0.000203
0.723205 0.029740 0.049154 0.161018 0.036883
0.002260 0.070004 0.347241 0.510291 0.070204
0.081863 0.116003 0.464034 0.280764 0.057336
0.011086 0.527953 0.060924 0.398650 0.001387
0.094036 0.003065 0.221539 0.681241 0.000120
0.000000 0.169509 0.279887 0.500934 0.049671
0.941563 0.000145 0.032631 0.019364 0.006298
0.004791 0.712070 0.120796 0.162281 0.000063
0.004563 0.089835 0.234058 0.665329 0.006215
0.002716 0.074889 0.613166 0.174999 0.134231
0.000000 0.028819 0.957962 0.006079 0.007140
0.000625 0.038039 0.941195 0.019725 0.000415
0.901324 0.000176 0.037036 0.060934 0.000530
0.002824 0.940235 0.038616 0.017275 0.001050
0.023713 0.000000 0.271481 0.700653 0.004153
0.023307 0.002247 0.116028 0.835081 0.023338
0.015605 0.006779 0.124958 0.847518 0.005140
0.002688 0.961938 0.027532 0.007316 0.000526
0.000000 0.434245 0.487686 0.005745 0.072323
0.003395 0.288213 0.465083 0.063688 0.179621
0.007001 0.340172 0.145663 0.472667 0.034496
0.020890 0.043760 0.116608 0.816558 0.002185
0.006082 0.086796 0.651005 0.256118 0.000000
0.023948 0.218482 0.304392 0.452428 0.000750
0.014516 0.238862 0.019529 0.407443 0.319651
0.007276 0.310570 0.056858 0.623465 0.001832
0.955532 0.000460 0.027774 0.011023 0.005211
0.001200 0.012457 0.975483 -0.000000 0.010860
0.002479 0.014848 0.155217 0.825602 0.001853
0.921230 0.001760 0.020886 0.052080 0.004045
0.971109 0.000018 0.023687 0.004596 0.000589
0.000000 0.015196 0.437802 0.210439 0.336563
0.075495 0.531029 0.327246 0.032124 0.034106
0.000108 0.325298 0.121475 0.552744 0.000374
0.002534 0.961217 0.027377 0.008289 0.000584
0.969856 0.000567 0.014198 0.014579 0.000801
0.947879 0.000045 0.031183 0.020820 0.000073
0.004917 0.090914 0.248974 0.652575 0.002620
0.000456 0.372586 0.214964 0.087933 0.324061
0.057722 0.011403 0.239969 0.690007 0.000899
0.971465 0.000017 0.023578 0.004415 0.000524
0.932987 0.004774 0.034393 0.025768 0.002078
0.002043 0.001353 0.043205 0.953284 0.000115
0.000996 0.170598 0.820346 0.006155 0.001906
0.000116 0.013428 0.073976 0.158299 0.754181
0.000000 0.368233 0.582075 0.009252 0.040440
0.953861 0.006410 0.015551 0.021896 0.002282
0.006138 0.023485 0.068451 0.899478 0.002447
0.868425 0.014557 0.038683 0.065758 0.012577
0.968689 0.000468 0.023684 0.004216 0.002943
0.024830 0.210972 0.673104 0.088887 0.002207
0.013793 0.001421 0.099959 0.884739 0.000088
0.001010 0.001043 0.070919 0.891022 0.036006
0.144542 0.059344 0.553008 0.225545 0.017561
0.040758 0.153052 0.432972 0.372767 0.000450
0.963967 0.000033 0.025875 0.008222 0.001902
0.001383 0.015389 0.212334 0.768143 0.002749
0.000925 0.030287 0.913468 -0.000000 0.055319
0.000631 0.711098 0.140251 0.146976 0.001044
0.002416 0.001777 0.196240 0.682535 0.117033
0.000334 0.042713 0.074129 0.873676 0.009148
0.846965 0.019245 0.039937 0.077932 0.015921
0.097467 0.005054 0.546605 0.339270 0.011605
0.003590 0.002337 0.050747 0.943209 0.000118
0.002557 0.973032 0.021662 0.002476 0.000274
0.005959 0.257341 0.172212 0.563378 0.001110
0.000000 0.137269 0.591078 0.032511 0.239141
0.013328 0.000869 0.245576 0.722459 0.017769
0.069270 0.010527 0.278299 0.641338 0.000566
0.956825 0.007441 0.014972 0.018594 0.002168
0.004095 0.000000 0.970020 0.014317 0.011567
0.000858 0.017511 0.143409 0.832535 0.005687
0.010967 0.001124 0.086289 0.901527 0.000093
0.002551 0.970092 0.023084 0.003922 0.000351
0.820686 0.114892 0.030661 0.022853 0.010908
0.002468 0.003322 0.378077 0.596581 0.019552
0.000000 0.075949 0.878271 0.012347 0.033434
0.927430 0.005420 0.034786 0.029363 0.003002
0.000000 0.129405 0.578547 0.034861 0.257188
0.032848 0.179991 0.373140 0.413425 0.000596
0.017118 0.010327 0.216934 0.687135 0.068487
0.000016 0.031654 0.111827 0.019845 0.836659
0.003918 0.003090 0.218600 0.658158 0.116235
0.007097 0.004817 0.337084 0.650476 0.000527
0.000314 0.051045 0.283432 0.665010 0.000198
0.099090 0.049999 0.136868 0.608319 0.105724
0.977236 0.000310 0.013194 0.008957 0.000303
0.001676 0.007200 0.480641 0.204312 0.306171
0.000000 0.076590 0.026944 0.281681 0.614785
0.339406 0.006682 0.156410 0.451724 0.045778
0.000183 0.568553 0.159131 0.271842 0.000291
0.002557 0.973007 0.021674 0.002488 0.000274
0.018012 0.127271 0.108630 0.741735 0.004353
0.000976 0.829729 0.112837 0.006743 0.049715
0.000004 0.005538 0.065569 0.026638 0.902251
0.011086 0.174286 0.047260 0.521354 0.246014
0.010537 0.000985 0.087934 0.891392 0.009151
0.163397 0.043571 0.704861 0.074098 0.014073
0.000626 0.037796 0.941670 0.019505 0.000403
0.010338 0.041687 0.400649 0.544003 0.003323
0.952770 0.000054 0.029310 0.013917 0.003949
0.000032 0.063068 0.170793 0.011740 0.754367
0.000144 0.059477 0.162609 0.777414 0.000356
0.976060 0.000340 0.013356 0.009862 0.000382
0.000428 0.030145 0.086789 0.874297 0.008341
0.024246 0.013793 0.900865 0.061096 0.000000
0.006424 0.382632 0.153686 0.456319 0.000939
0.006937 0.027519 0.070949 0.892139 0.002455
0.029690 0.130498 0.203455 0.626277 0.010080
0.023206 0.016380 0.887558 0.072856 0.000000
0.000651 0.006678 0.215486 0.181451 0.595734
0.936276 0.000207 0.034165 0.021863 0.007489
0.008447 0.063144 0.239041 0.679850 0.009517
0.018473 0.023600 0.220240 0.665944 0.071743
0.065670 0.001293 0.251764 0.673948 0.007325
0.000382 0.047893 0.331347 0.620243 0.000135
0.920708 0.000169 0.034603 0.044166 0.000354
0.000000 0.342178 0.519637 0.014054 0.124131
0.000521 0.069501 0.895481 0.033306 0.001191
0.001353 0.749026 0.068191 0.181351 0.000080
0.000000 0.153886 0.787930 0.013929 0.044256
0.000000 0.393868 0.565763 0.006932 0.033437
0.014227 0.333205 0.162499 0.479609 0.010460
0.973755 0.000402 0.013672 0.011636 0.000536
0.013764 0.034927 0.497035 0.452678 0.001596
0.005538 0.236027 0.423042 0.330086 0.005306
0.032826 0.068670 0.165902 0.729328 0.003273
0.002555 0.972463 0.021937 0.002756 0.000288
0.037878 0.000000 0.389716 0.563459 0.008947
0.959757 0.002480 0.015328 0.020834 0.001601
0.030345 0.005535 0.209539 0.752063 0.002518
0.776512 0.067241 0.040131 0.092519 0.023597
0.000181 0.561633 0.157993 0.279900 0.000293
0.000337 0.477951 0.510611 0.010188 0.000912
0.002894 0.011933 0.051939 0.925589 0.007644
0.012533 0.782520 0.126806 0.077855 0.000286
0.927571 0.005434 0.034772 0.029247 0.002975
0.095851 0.005153 0.539975 0.346273 0.012747
0.074496 0.172289 0.154405 0.540017 0.058793
0.008793 0.005091 0.076073 0.909922 0.000121
0.978331 0.000281 0.013044 0.008114 0.000230
0.043647 0.080223 0.774403 0.101709 0.000018
0.000407 0.046672 0.349524 0.603284 0.000111
0.000000 0.028532 0.958563 0.006017 0.006888
0.000000 0.174241 0.688618 0.017317 0.119824
0.000942 0.011490 0.190441 0.744484 0.052643
0.002757 0.077899 0.916532 0.002284 0.000527
0.004920 0.298930 0.157744 0.537324 0.001081
0.000926 0.785755 0.122659 0.014554 0.076107
0.562345 0.003356 0.202213 0.222951 0.009137
0.020097 0.006828 0.105760 0.838266 0.029049
0.008750 0.162616 0.072881 0.750727 0.005027
0.029466 0.020741 0.131054 0.448541 0.370198
0.000543 0.006258 0.187612 0.179617 0.625970
0.001396 0.006961 0.408275 0.198223 0.385144
0.023125 0.249749 0.293225 0.433172 0.000728
0.054877 0.008712 0.371714 0.522669 0.042028
0.189815 0.000997 0.344008 0.465135 0.000045
0.000000 0.092491 0.242081 0.662232 0.003196
0.000973 0.146881 0.843686 0.006478 0.001981
0.562332 0.003356 0.202210 0.222964 0.009139
0.000284 0.352138 0.460080 0.043216 0.144282
0.000127 0.036442 0.047267 0.906026 0.010137
0.000183 0.248484 0.680802 0.067179 0.003352
0.000500 0.562112 0.133095 0.302800 0.001493
0.005344 0.003168 0.132421 0.825167 0.033901
0.910629 0.000127 0.035864 0.052949 0.000432
0.022363 0.368291 0.047747 0.373337 0.188262
0.974480 0.000381 0.013573 0.011079 0.000487
0.946362 0.002908 0.017155 0.031073 0.002502
0.000006 0.010382 0.072283 0.025341 0.891989
0.000656 0.027147 0.116783 0.848398 0.007016
0.964214 0.000742 0.014968 0.018896 0.001180
0.003331 0.025851 0.969426 0.001263 0.000129
0.037373 0.000831 0.223696 0.735208 0.002892
0.005877 0.083250 0.650920 0.259953 0.000000
0.007337 0.048184 0.313861 0.378176 0.252443
0.002493 0.940330 0.037477 0.018568 0.001132
0.971054 0.000018 0.023704 0.004624 0.000599
0.006002 0.317293 0.217617 0.279105 0.179983
0.000096 0.007403 0.497931 0.034699 0.459872
0.000407 0.046676 0.349473 0.603332 0.000112
0.063364 0.032735 0.504795 0.315634 0.083471
0.007003 0.122986 0.068242 0.796619 0.005150
0.033599 0.005396 0.228211 0.730846 0.001947
0.922818 0.001193 0.034424 0.040933 0.000632
0.011519 0.355799 0.184967 0.434497 0.013217
0.001222 0.015820 0.191218 0.788095 0.003645
0.287486 0.034106 0.142898 0.471580 0.063930
0.000095 0.026063 0.043269 0.920497 0.010077
0.005155 0.092106 0.062827 0.834632 0.005280
0.014990 0.052138 0.372329 0.556884 0.003659
0.005382 0.429902 0.358473 0.206230 0.000013
0.004460 0.270304 0.159509 0.564598 0.001128
0.052781 0.099572 0.227494 0.619502 0.000651
0.000181 0.561339 0.157945 0.280243 0.000293
0.126251 0.001735 0.262677 0.609245 0.000091
0.000123 0.006175 0.078931 0.170043 0.744728
0.029932 0.000888 0.618742 0.331548 0.018890
0.002320 0.852364 0.080017 0.061857 0.003441
0.041206 0.709357 0.047730 0.113987 0.087719
0.000120 0.034869 0.046333 0.908536 0.010142
0.017518 0.288731 0.047352 0.434232 0.212167
0.971561 0.000017 0.023549 0.004366 0.000506
0.001177 0.095012 0.837960 0.022363 0.043488
0.000965 0.820006 0.115006 0.008471 0.055553
0.053665 0.122592 0.528264 0.295284 0.000194
0.001668 0.007193 0.478481 0.204130 0.308528
0.012675 0.002058 0.098821 0.877105 0.009340
0.426164 0.038794 0.321972 0.205264 0.007807
0.000071 0.006900 0.380550 0.032509 0.579970
0.062041 0.033387 0.240247 0.623689 0.040635
0.000375 0.006700 0.072720 0.917976 0.002228
0.019259 0.418468 0.160315 0.393168 0.008789
0.968536 0.000023 0.024476 0.005904 0.001061
0.971576 0.000017 0.023544 0.004359 0.000504
0.977440 0.000305 0.013166 0.008800 0.000290
0.000054 0.157932 0.093625 0.747955 0.000434
0.003154 0.283909 0.629105 0.083816 0.000015
0.038974 0.047329 0.189532 0.721340 0.002826
0.001367 0.015423 0.210214 0.770157 0.002839
0.001340 0.015480 0.206668 0.773523 0.002989
0.307208 0.050215 0.299431 0.338891 0.004255
0.011211 0.000986 0.091341 0.887465 0.008997
0.005945 0.024051 0.067787 0.899761 0.002457
0.034900 0.166935 0.389712 0.407887 0.000566
0.000000 0.036538 0.942051 0.007712 0.013699
0.970923 0.000475 0.014061 0.013816 0.000725
0.000000 0.027591 0.493858 0.472533 0.006018
0.000795 0.278763 0.199622 0.512857 0.007962
0.000000 0.924186 0.020675 0.051592 0.003547
0.000000 0.073535 0.809483 0.017174 0.099807
0.000000 0.818135 0.027300 0.146790 0.007775
0.005023 0.045553 0.621192 0.320557 0.007676
0.000000 0.060632 0.285193 0.651215 0.002960
0.003243 0.002150 0.208726 0.670456 0.115425
0.000000 0.032990 0.935136 0.008845 0.023028
0.932952 0.004778 0.034395 0.025790 0.002084
0.006769 0.029512 0.073841 0.881857 0.008022
0.003042 0.564956 0.097413 0.156426 0.178163
0.022790 0.379443 0.022110 0.306701 0.268956
0.970493 0.000019 0.023876 0.004909 0.000702
0.164894 0.042380 0.708049 0.071994 0.012683
0.071604 0.006760 0.440488 0.451232 0.029917
0.011526 0.009299 0.332061 0.536395 0.110719
0.395671 0.006118 0.167940 0.393640 0.036630
0.044282 0.077288 0.780567 0.097848 0.000016
0.860518 0.003514 0.029195 0.098659 0.008114
0.026936 0.021845 0.561890 0.289881 0.099448
0.017825 0.336270 0.098458 0.543060 0.004388
0.000156 0.058539 0.171212 0.769748 0.000345
0.000008 0.005925 0.085634 0.026923 0.881510
0.971570 0.000017 0.023546 0.004362 0.000505
0.001573 0.549848 0.245134 0.044616 0.158829
0.002556 0.972695 0.021825 0.002642 0.000282
0.003323 0.941057 0.039857 0.014861 0.000901
0.002554 0.971561 0.022373 0.003199 0.000312
0.782276 0.089666 0.036947 0.070812 0.020299
0.937439 0.000450 0.033397 0.020384 0.008329
0.006074 0.021871 0.068299 0.901319 0.002437
0.932998 0.004773 0.034392 0.025761 0.002076
0.025243 0.001025 0.155233 0.818440 0.000059
0.006267 0.023906 0.068862 0.898519 0.002447
0.002512 0.946680 0.034428 0.015417 0.000964
0.000022 0.064543 0.076637 0.858328 0.000469
0.978164 0.000286 0.013067 0.008242 0.000241
0.000000 0.056758 0.845724 0.015420 0.082097
0.001383 0.015390 0.212296 0.768180 0.002751
0.029474 0.656519 0.265426 0.047020 0.001561
0.000324 0.017733 0.392632 0.559835 0.029477
0.005459 0.519163 0.146508 0.318732 0.010138
0.978427 0.000279 0.013031 0.008040 0.000224
0.041693 0.049669 0.080632 0.681070 0.146937
0.161958 0.044734 0.701788 0.076114 0.015406
0.000627 0.037528 0.941988 0.019457 0.000400
0.000286 0.019246 0.115741 0.152965 0.711762
0.000677 0.136961 0.775459 0.000000 0.086902
0.089034 0.198739 0.502704 0.140568 0.068954
0.047058 0.139419 0.479267 0.333933 0.000324
0.006188 0.066715 0.067788 0.854106 0.005203
0.969099 0.000524 0.014311 0.015219 0.000847
0.019422 0.045119 0.317274 0.618185 0.000000
0.014873 0.007954 0.089024 0.856119 0.032030
0.001932 0.700406 0.149495 0.145277 0.002890
0.000230 0.246516 0.119180 0.631637 0.002436
0.003699 0.850435 0.085504 0.057222 0.003139
0.000000 0.375091 0.577777 0.008618 0.038515
0.000756 0.569885 0.176624 0.051919 0.200816
0.000003 0.005565 0.062605 0.026571 0.905256
0.971576 0.000017 0.023544 0.004359 0.000504
0.004975 0.005445 0.253620 0.734895 0.001065
0.008754 0.236084 0.195395 0.558693 0.001074
0.970324 0.007564 0.013044 0.007766 0.001302
0.000583 0.006335 0.197916 0.180418 0.614749
0.018508 0.006910 0.100668 0.844218 0.029696
0.003846 0.006756 0.209217 0.778813 0.001368
0.000019 0.014755 0.134305 0.025284 0.825636
0.002557 0.973067 0.021645 0.002458 0.000273
0.012701 0.793216 0.126123 0.067691 0.000269
0.000014 0.019773 0.109010 0.023298 0.847905
0.000250 0.075574 0.062298 0.851510 0.010368
0.015409 0.619368 0.341426 0.022727 0.001069
0.011403 0.009198 0.330223 0.538370 0.110807
0.967450 0.000467 0.024069 0.004856 0.003157
0.002041 0.740451 0.144758 0.110342 0.002407
0.005210 0.306695 0.374608 0.309657 0.003831
0.006831 0.004888 0.326622 0.661065 0.000594
0.971252 0.000018 0.023643 0.004523 0.000563
0.070087 0.123917 0.541249 0.261311 0.003437
0.016096 0.407630 0.216781 0.358807 0.000686
0.032785 0.005431 0.223540 0.736155 0.002090
0.000112 0.217234 0.130857 0.651421 0.000376
0.782975 0.109389 0.034516 0.054943 0.018177
0.978210 0.000284 0.013060 0.008207 0.000238
0.562359 0.003355 0.202216 0.222936 0.009134
0.004531 0.277093 0.371291 0.341169 0.005916
0.081944 0.006048 0.482919 0.406502 0.022586
0.036713 0.009304 0.810595 0.143292 0.000096
0.018048 0.000000 0.225768 0.751052 0.005132
0.002557 0.973022 0.021667 0.002481 0.000274
0.000019 0.015169 0.132480 0.025126 0.827207
0.001219 0.032765 0.222725 0.680646 0.062644
0.000337 0.050137 0.299438 0.649911 0.000177
0.170645 0.407901 0.159155 0.230318 0.031980
0.001248 0.004723 0.228490 0.723143 0.042396
0.045028 0.143383 0.464427 0.346797 0.000365
0.016251 0.771692 0.165432 0.044658 0.001966
0.007296 0.309983 0.391741 0.290840 0.000140
0.000122 0.157164 0.141076 0.701268 0.000371
0.031562 0.130953 0.148726 0.686214 0.002546
0.074811 0.526150 0.328264 0.035235 0.035540
0.028756 0.544162 0.129323 0.294142 0.003617
0.032275 0.005452 0.220614 0.739480 0.002179
0.000027 0.052332 0.150598 0.014509 0.782535
0.000110 0.012428 0.072873 0.159759 0.754830
0.000000 0.134651 0.809273 0.013740 0.042336
0.000145 0.449199 0.139540 0.410783 0.000333
0.000004 0.005541 0.066443 0.026654 0.901358
0.000022 0.064584 0.076242 0.858683 0.000469
0.006241 0.013728 0.844227 0.092803 0.043001
0.000071 0.219200 0.101831 0.678484 0.000414
0.017694 0.275492 0.663474 0.043339 0.000000
0.000209 0.061517 0.208714 0.729265 0.000295
0.885470 0.000388 0.039043 0.074364 0.000735
0.008181 0.053252 0.339121 0.595040 0.004407
0.029944 0.000887 0.618926 0.331395 0.018847
0.926720 0.007164 0.019270 0.042748 0.004099
0.927979 0.000087 0.033683 0.037986 0.000264
0.913672 0.000435 0.040788 0.032689 0.012416
0.065124 0.007191 0.413901 0.479278 0.034506
0.000017 0.021330 0.122370 0.023104 0.833178
0.002409 0.000650 0.351783 0.626221 0.018937
0.970421 0.000019 0.023898 0.004946 0.000715
0.004064 0.006984 0.058744 0.923061 0.007147
0.002763 0.062861 0.931386 0.002433 0.000557
0.912729 0.000121 0.035600 0.051139 0.000412
0.042455 0.046757 0.202393 0.705822 0.002573
0.000334 0.050091 0.297319 0.652077 0.000180
0.000000 0.029245 0.957069 0.006173 0.007513
0.000052 0.005930 0.060619 0.168789 0.764609
0.000641 0.033982 0.947510 0.017572 0.000295
0.273087 0.008306 0.489117 0.227212 0.002278
0.017583 0.077148 0.134992 0.761285 0.008993
0.000016 0.005908 0.125734 0.027727 0.840615
0.012300 0.767740 0.127749 0.091900 0.000311
0.037729 0.000942 0.215536 0.745763 0.000030
0.001190 0.663330 0.083140 0.252231 0.000109
0.000988 0.196065 0.795198 0.005897 0.001853
0.000694 0.021382 0.159289 0.754591 0.064043
0.024740 0.693583 0.231671 0.048194 0.001813
0.000022 0.012309 0.147100 0.026261 0.814307
0.000100 0.007485 0.516917 0.035052 0.440446
0.946517 0.000047 0.031354 0.021996 0.000086
0.000185 0.188813 0.117449 0.690950 0.002603
0.821669 0.115036 0.030561 0.022016 0.010719
0.006676 0.537255 0.333533 0.122527 0.000009
0.971557 0.000017 0.023550 0.004369 0.000507
0.314226 0.007911 0.151146 0.476494 0.050224
0.005290 0.150853 0.701475 0.066466 0.075916
0.001423 0.773250 0.064289 0.160967 0.000072
0.000379 0.006606 0.072855 0.917935 0.002225
0.002247 0.149017 0.162795 0.678587 0.007354
0.000000 0.032592 0.936626 0.008736 0.022046
0.010671 0.522221 0.154771 0.301986 0.010350
0.192135 0.000979 0.346978 0.459865 0.000043
0.012349 0.004187 0.347347 0.545364 0.090751
0.002549 0.969097 0.023565 0.004412 0.000377
0.946872 0.000147 0.030982 0.016620 0.005379
0.008139 0.851391 0.075343 0.057603 0.007525
0.729987 0.000903 0.058597 0.208229 0.002284
0.000000 0.103016 0.842157 0.013900 0.040927
0.005105 0.233472 0.052508 0.706898 0.002017
0.011981 0.747445 0.129050 0.111181 0.000344
0.162674 0.044146 0.703321 0.075115 0.014744
0.018846 0.052678 0.115090 0.809101 0.004284
0.000355 0.024135 0.077422 0.889486 0.008601
0.000062 0.018175 0.039180 0.932508 0.010075
0.000076 0.068769 0.114514 0.816223 0.000418
0.000403 0.010031 0.149854 0.170367 0.669345
0.002557 0.973076 0.021641 0.002454 0.000272
0.913007 0.002004 0.022010 0.058382 0.004596
0.013337 0.633019 0.280030 0.073567 0.000048
0.000000 0.032527 0.967473 -0.000000 0.000000
0.000000 0.436702 0.486955 0.005510 0.070833
0.945111 0.000050 0.031530 0.023209 0.000100
0.093939 0.005269 0.532133 0.354561 0.014097
0.948041 0.000160 0.030598 0.015971 0.005229
0.002556 0.972563 0.021889 0.002706 0.000286
0.039191 0.055265 0.299674 0.538374 0.067497
0.086779 0.114143 0.168329 0.571207 0.059542
0.031860 0.163172 0.417900 0.253077 0.133991
0.112552 0.152890 0.565167 0.118269 0.051122
0.001207 0.085688 0.270910 0.601536 0.040659
0.001890 0.175877 0.098328 0.708981 0.014924
0.002491 0.924606 0.045176 0.026190 0.001537
0.971520 0.000017 0.023561 0.004387 0.000514
0.005410 0.005299 0.270732 0.717605 0.000954
0.002308 0.008026 0.148673 0.839221 0.001773
0.000000 0.032213 0.938061 0.008630 0.021096
0.956653 0.000880 0.016015 0.024771 0.001681
0.002082 0.038346 0.138948 0.818249 0.002375
0.000170 0.527686 0.152409 0.319430 0.000305
0.011794 0.011682 0.194920 0.709031 0.072573
0.034381 0.621188 0.298903 0.044308 0.001219
0.047051 0.025305 0.192186 0.697558 0.037901
0.000211 0.021492 0.095259 0.147636 0.735402
0.000896 0.609448 0.175046 0.043661 0.170950
0.002531 0.958229 0.028832 0.009747 0.000661
0.053535 0.122900 0.527300 0.296069 0.000197
0.029424 0.019810 0.724879 0.225571 0.000317
0.001314 0.015535 0.203262 0.776756 0.003133
0.000341 0.483265 0.506689 0.008850 0.000855
0.039842 0.030672 0.306485 0.563712 0.059290
0.011748 0.057956 0.306253 0.617483 0.006560
0.019033 0.007388 0.102352 0.841240 0.029987
0.000000 0.000000 0.203787 0.672594 0.123619
0.005766 0.071638 0.184152 0.726545 0.011899
0.002508 0.910818 0.051989 0.032797 0.001888
0.069883 0.414134 0.370638 0.088131 0.057215
0.004253 0.005778 0.225237 0.763483 0.001250
0.001592 0.006749 0.044563 0.939536 0.007560
0.006081 0.193480 0.699120 0.044403 0.056915
0.022206 0.000000 0.259619 0.713214 0.004961
0.075528 0.531269 0.327196 0.031972 0.034035
0.957610 0.000828 0.015888 0.024060 0.001615
0.001433 0.025990 0.113758 0.856506 0.002314
0.060197 0.041634 0.268030 0.628852 0.001287
0.016320 0.225228 0.250031 0.507506 0.000915
0.000000 0.029108 0.648929 0.321406 0.000557
0.000000 0.032470 0.950340 0.006872 0.010318
0.002280 0.008419 0.048481 0.933279 0.007541
0.000147 0.016948 0.080467 0.153395 0.749043
0.002805 0.007210 0.051514 0.931094 0.007378
0.003246 0.855923 0.081323 0.056394 0.003113
0.028762 0.544261 0.129337 0.294024 0.003617
0.005596 0.036988 0.291462 0.403892 0.262063
0.971574 0.000017 0.023545 0.004360 0.000504
0.004323 0.006237 0.227959 0.760240 0.001241
0.003041 0.000000 0.899274 0.032708 0.064977
0.970791 0.000019 0.023785 0.004758 0.000648
0.011132 0.009702 0.099239 0.873839 0.006087
0.000271 0.071223 0.065148 0.853206 0.010152
0.039511 0.156149 0.423738 0.380128 0.000475
0.000769 0.579140 0.174800 0.050234 0.195056
0.012048 0.062008 0.050989 0.706919 0.168036
0.000157 0.487397 0.145789 0.366337 0.000319
0.000018 0.020290 0.124150 0.023447 0.832095
0.005311 0.703717 0.129307 0.161605 0.000061
0.967910 0.000024 0.024668 0.006222 0.001176
0.000936 0.794685 0.120654 0.012969 0.070756
0.005493 0.001033 0.062415 0.920719 0.010340
0.000000 0.461170 0.193618 0.337162 0.008050
0.000868 0.139674 0.736011 0.033857 0.089589
0.001384 0.015389 0.212374 0.768106 0.002748
0.000000 0.388312 0.501377 0.010132 0.100179
0.002086 0.667531 0.163355 0.163954 0.003073
0.014448 0.001885 0.380725 0.527159 0.075783
0.000000 0.069239 0.884135 0.012616 0.034011
0.006086 0.211135 0.432548 0.346242 0.003989
0.861809 0.014100 0.039299 0.070992 0.013801
0.000000 0.178710 0.705681 0.025764 0.089846
0.023654 0.005876 0.171149 0.795626 0.003695
0.025210 0.027681 0.247118 0.631590 0.068401
0.965063 0.000030 0.025540 0.007668 0.001698
0.003529 0.065174 0.195117 0.733680 0.002500
0.058834 0.041989 0.262988 0.634804 0.001386
0.000000 0.267381 0.461673 0.246302 0.024644
0.020474 0.001207 0.132211 0.846036 0.000072
0.000007 0.012914 0.076964 0.024686 0.885430
0.300845 0.019892 0.147139 0.475448 0.056676
0.042742 0.015431 0.320925 0.568415 0.052487
0.002026 0.129778 0.158758 0.701962 0.007476
0.967584 0.000562 0.014519 0.016387 0.000948
0.002540 0.964019 0.026023 0.006908 0.000510
0.000337 0.010294 0.116446 0.810287 0.062635
0.002089 0.002125 0.086250 0.872965 0.036571
0.017171 0.001481 0.121526 0.851879 0.007942
0.001877 0.062749 0.162089 0.765698 0.007587
0.069385 0.199073 0.335730 0.389299 0.006513
0.003188 0.866734 0.075832 0.051397 0.002850
0.971999 0.000445 0.013913 0.012989 0.000653
0.000022 0.064579 0.076252 0.858679 0.000469
0.016530 0.311319 0.094815 0.572857 0.004479
0.033585 0.005397 0.228130 0.730938 0.001950
0.000000 0.079749 0.760119 0.021686 0.138446
0.016143 0.022522 0.210890 0.677441 0.073004
0.006788 0.430441 0.135942 0.413029 0.013799
0.005845 0.001791 0.060076 0.903197 0.029092
0.002624 0.849659 0.082342 0.061942 0.003433
0.002555 0.972422 0.021957 0.002776 0.000290
0.000588 0.047948 0.926050 0.024718 0.000697
0.003228 0.001087 0.050961 0.933829 0.010894
0.002447 0.789324 0.155289 0.050894 0.002046
0.000340 0.103049 0.073422 0.812682 0.010506
0.000125 0.171176 0.737020 0.087449 0.004230
0.003262 0.056448 0.057468 0.877409 0.005414
0.003291 0.027688 0.967505 0.001356 0.000161
0.002545 0.966970 0.024595 0.005458 0.000433
0.000000 0.391813 0.268780 0.318159 0.021248
0.970350 0.007564 0.013041 0.007745 0.001300
0.009957 0.000988 0.084999 0.894769 0.009286
0.924817 0.005724 0.034971 0.031053 0.003436
0.212788 0.509961 0.161420 0.095545 0.020286
0.002355 0.010136 0.953849 0.033660 0.000000
0.970836 0.000019 0.023771 0.004735 0.000640
0.007158 0.449700 0.129822 0.413320 0.000000
0.000181 0.560597 0.157823 0.281106 0.000294
0.000000 0.432231 0.285357 0.262259 0.020154
0.024280 0.209670 0.121578 0.643049 0.001423
0.000906 0.282730 0.221285 0.485260 0.009820
0.000409 0.131483 0.822064 0.044150 0.001893
0.920533 0.006355 0.020270 0.048403 0.004438
0.026890 0.001038 0.163191 0.808825 0.000056
0.000000 0.029607 0.452017 0.509554 0.008822
0.000343 0.056991 0.074900 0.858337 0.009430
0.030879 0.013656 0.583687 0.354984 0.016793
0.197669 0.012302 0.398383 0.293090 0.098557
0.000564 0.119207 0.207094 0.627557 0.045578
0.000000 0.003402 0.793853 0.130760 0.071986
0.971522 0.000017 0.023561 0.004386 0.000514
0.000005 0.006486 0.070536 0.026457 0.896517
0.012824 0.019089 0.105062 0.466750 0.396275
0.978427 0.000279 0.013031 0.008040 0.000224
0.012702 0.793227 0.126123 0.067681 0.000269
0.006384 0.109948 0.066549 0.811926 0.005193
0.014030 0.017850 0.203029 0.692109 0.072983
0.137135 0.064576 0.648879 0.110972 0.038439
0.962354 0.000037 0.026369 0.009040 0.002200
0.000018 0.017115 0.126906 0.024440 0.831521
0.005833 0.340822 0.156827 0.495512 0.001006
0.886496 0.000404 0.049262 0.046806 0.017032
0.011280 0.057924 0.050431 0.711716 0.168648
0.047019 0.045073 0.219294 0.686371 0.002242
0.009959 0.136045 0.608930 0.243739 0.001327
0.000656 0.539864 0.178366 0.058093 0.223020
0.054375 0.124380 0.046123 0.490172 0.284949
0.006419 0.027873 0.071866 0.885856 0.007985
0.000029 0.007193 0.183861 0.028505 0.780413
0.002591 0.047751 0.158690 0.788550 0.002419
0.030348 0.650273 0.271368 0.046512 0.001498
0.008555 0.001010 0.077907 0.902906 0.009622
0.004061 0.195045 0.735503 0.065382 0.000009
0.060209 0.041631 0.268074 0.628800 0.001286
0.006511 0.399794 0.151309 0.441471 0.000915
0.002088 0.111306 0.132533 0.740332 0.013741
0.897722 0.009269 0.036839 0.048272 0.007899
0.040692 0.575764 0.341952 0.040812 0.000779
0.000125 0.136147 0.112555 0.748394 0.002778
0.041149 0.268536 0.386264 0.195314 0.108737
0.001785 0.001177 0.041947 0.954975 0.000115
0.037091 0.000833 0.222268 0.736851 0.002958
0.266911 0.072895 0.250066 0.377985 0.032142
0.009948 0.010643 0.197850 0.739606 0.041953
0.041160 0.572401 0.345140 0.040553 0.000747
0.959463 0.007467 0.014595 0.016477 0.001999
0.000075 0.022307 0.040824 0.926697 0.010097
0.000000 0.045208 0.559209 0.379636 0.015948
0.001736 0.031559 0.125522 0.838844 0.002339
0.000000 0.088796 0.146254 0.735613 0.029336
0.002244 0.417805 0.494045 0.085887 0.000019
0.014955 0.052195 0.371613 0.557546 0.003691
0.000000 0.095153 0.158594 0.342941 0.403313
0.001665 0.007076 0.044978 0.938714 0.007567
0.002517 0.007628 0.963597 0.026258 -0.000000
0.000789 0.661873 0.150630 0.036505 0.150204
0.002478 0.010588 0.049578 0.929721 0.007636
0.000182 0.064609 0.189231 0.745657 0.000320
0.000005 0.008360 0.070271 0.025898 0.895466
0.000006 0.005845 0.075218 0.026739 0.892192
0.000005 0.010013 0.070962 0.025423 0.893596
0.012826 0.607853 0.288437 0.090829 0.000055
0.000000 0.090298 0.068664 0.297580 0.543458
0.009145 0.006475 0.087904 0.890238 0.006238
0.000756 0.727535 0.215458 0.056235 0.000016
0.002951 0.001961 0.047634 0.947337 0.000117
0.014971 0.052170 0.371927 0.557255 0.003677
0.000041 0.124655 0.086203 0.788654 0.000448
0.002417 0.008928 0.957796 0.030859 0.000000
0.004482 0.000411 0.462176 0.519415 0.013516
0.017403 0.288107 0.020426 0.372153 0.301910
0.039332 0.051401 0.190667 0.715800 0.002800
0.029485 0.132338 0.169159 0.416672 0.252346
0.030329 0.125865 0.144830 0.696434 0.002542
0.069264 0.010527 0.278278 0.641364 0.000566
0.000000 0.861646 0.024616 0.107701 0.006037
0.630840 0.083254 0.050540 0.187467 0.047900
0.002227 0.009510 0.048157 0.932491 0.007615
0.003340 0.013501 0.054468 0.921031 0.007660
0.010426 0.014326 0.095103 0.873660 0.006485
0.000171 0.532132 0.153139 0.314254 0.000304
0.000180 0.076450 0.187578 0.735471 0.000321
0.917708 0.000121 0.034975 0.046829 0.000367
0.000643 0.033351 0.948496 0.017234 0.000276
0.002223 0.807980 0.136712 0.051491 0.001595
0.015165 0.247359 0.019776 0.401356 0.316344
0.000089 0.022044 0.042575 0.925275 0.010017
0.002280 0.001785 0.194149 0.684257 0.117530
0.000407 0.046671 0.349551 0.603260 0.000111
0.974908 0.000372 0.013513 0.010747 0.000459
0.055710 0.097784 0.237966 0.607982 0.000558
0.026821 0.037723 0.252016 0.612977 0.070463
0.000000 0.342717 0.515219 0.014460 0.127604
0.694490 0.034556 0.051006 0.178443 0.041506
0.000061 0.186433 0.096294 0.716786 0.000426
0.040267 0.000000 0.405215 0.552978 0.001539
0.000000 0.041409 0.958591 -0.000000 0.000000
0.007979 0.834262 0.076911 0.072326 0.008522
0.003963 0.000000 0.961204 0.016651 0.018183
0.000205 0.284491 0.653801 0.058519 0.002984
0.000940 0.798005 0.119919 0.012379 0.068758
0.004848 0.124183 0.161875 0.696605 0.012488
0.030886 0.068064 0.069163 0.677466 0.154421
0.970368 0.007564 0.013038 0.007730 0.001299
0.000191 0.247505 0.506104 0.058087 0.188112
0.970641 0.000019 0.023831 0.004834 0.000675
0.001340 0.078900 0.113018 0.792398 0.014345
0.640914 0.088261 0.049085 0.176141 0.045600
0.532058 0.072780 0.060164 0.268457 0.066540
0.936777 0.000065 0.032578 0.030401 0.000179
0.318424 0.078551 0.270807 0.308737 0.023481
0.000000 0.567361 0.046914 0.071856 0.313869
0.000000 0.127383 0.579198 0.035049 0.258370
0.001200 0.012441 0.975548 -0.000000 0.010810
0.932992 0.004773 0.034393 0.025764 0.002077
0.019258 0.096682 0.114610 0.765191 0.004259
0.000139 0.432315 0.136736 0.430471 0.000339
0.004127 0.247269 0.161186 0.586252 0.001165
0.000486 0.394418 0.147993 0.455263 0.001841
0.000155 0.018014 0.082175 0.151887 0.747770
0.005797 0.309307 0.216822 0.284996 0.183077
0.000018 0.017331 0.128644 0.024411 0.829596
0.002556 0.972538 0.021901 0.002719 0.000287
0.028799 0.199826 0.341460 0.429252 0.000663
0.014543 0.017071 0.118671 0.843779 0.005937
0.000110 0.095978 0.136457 0.767070 0.000386
0.006771 0.004904 0.324259 0.663457 0.000609
0.002551 0.970227 0.023019 0.003856 0.000347
0.000148 0.017018 0.080758 0.153313 0.748764
0.001381 0.015395 0.212012 0.768450 0.002763
0.005095 0.021609 0.064385 0.901070 0.007840
0.000000 0.005200 0.636936 0.172025 0.185840
0.037167 0.013502 0.171723 0.776113 0.001495
0.018702 0.117524 0.111617 0.747854 0.004302
0.000377 0.204784 0.753169 0.039834 0.001835
0.060209 0.041631 0.268074 0.628800 0.001286
0.951751 0.001495 0.016612 0.028096 0.002045
0.017509 0.001175 0.117892 0.863345 0.000078
0.007371 0.005001 0.069201 0.918303 0.000124
0.022229 0.023003 0.119204 0.453069 0.382495
0.000029 0.056341 0.158135 0.013475 0.772020
0.000000 0.336777 0.645953 0.017223 0.000048
0.000257 0.068496 0.063438 0.857644 0.010164
0.019792 0.040372 0.113094 0.824552 0.002190
0.007583 0.446049 0.150749 0.394788 0.000831
0.000000 0.037525 0.323984 0.621086 0.017405
0.000000 0.201753 0.688845 0.024139 0.085263
0.003726 0.006072 0.204513 0.784303 0.001386
0.094618 0.005228 0.534919 0.351617 0.013617
0.020566 0.003910 0.107251 0.842301 0.025972
0.003311 0.026759 0.968476 0.001309 0.000145
0.002890 0.959126 0.029575 0.007862 0.000547
0.005410 0.001857 0.058683 0.904738 0.029312
0.788519 0.061973 0.039748 0.087766 0.021994
0.000000 0.208425 0.635720 0.018640 0.137215
0.000031 0.006317 0.195748 0.029000 0.768903
0.007395 0.007711 0.910515 0.060272 0.014107
0.014377 0.764508 0.186101 0.035015 0.000000
0.245841 0.005451 0.666091 0.075229 0.007388
0.800958 0.050149 0.040116 0.087798 0.020978
0.040897 0.059056 0.142075 0.393747 0.364225
0.000000 0.032194 0.938132 0.008625 0.021049
0.053247 0.120058 0.687359 0.139335 0.000000
0.003306 0.027008 0.968216 0.001321 0.000149
0.000047 0.133499 0.089885 0.776127 0.000442
0.969526 0.000021 0.024173 0.005401 0.000879
0.002061 0.057318 0.589570 0.201882 0.149168
0.087448 0.178376 0.478415 0.251899 0.003861
0.003299 0.933426 0.043516 0.018654 0.001104
0.001871 0.007983 0.046144 0.936416 0.007585
0.003394 0.932852 0.044110 0.018549 0.001095
0.000965 0.367041 0.255506 0.082251 0.294236
0.003556 0.000000 0.934176 0.023768 0.038499
0.958114 0.001044 0.015783 0.023460 0.001599
0.001727 0.061224 0.881327 0.055721 0.000000
0.000000 0.043311 0.927756 0.009215 0.019718
0.014430 0.459754 0.196112 0.329047 0.000657
0.008007 0.491460 0.145814 0.353956 0.000763
0.007117 0.004811 0.337893 0.649657 0.000522
0.003109 0.329101 0.430570 0.060731 0.176489
0.000702 0.019937 0.122964 0.849798 0.006599
0.028993 0.000918 0.604320 0.343529 0.022241
0.000070 0.018137 0.040218 0.931545 0.010030
0.000093 0.010418 0.069418 0.162583 0.757488
0.001592 0.833458 0.054496 0.110404 0.000051
0.008176 0.011207 0.180196 0.725512 0.074910
0.000000 0.626998 0.040108 0.317582 0.015311
0.002594 0.000000 0.856137 0.038329 0.102940
0.941297 0.000452 0.032199 0.018391 0.007661
0.942172 0.000056 0.031900 0.025745 0.000128
0.002271 0.138569 0.842023 0.017138 0.000000
0.002838 0.000000 0.884410 0.036038 0.076714
0.002332 0.855931 0.078306 0.060085 0.003346
0.000000 0.079816 0.026968 0.280245 0.612971
0.001277 0.006854 0.377407 0.195634 0.418828
0.000397 0.443906 0.127556 0.426292 0.001849
0.043891 0.756122 0.047818 0.078338 0.073832
0.942494 0.001721 0.017886 0.035236 0.002663
0.978333 0.000281 0.013044 0.008112 0.000230
0.002782 0.003153 0.416640 0.563628 0.013797
0.971526 0.000017 0.023560 0.004385 0.000513
0.010499 0.174492 0.046729 0.521725 0.246554
0.133016 0.252153 0.166885 0.402467 0.045479
0.019705 0.001279 0.134335 0.837448 0.007233
0.188772 0.170557 0.202572 0.397845 0.040255
0.020653 0.011063 0.107554 0.827653 0.033077
0.000902 0.016715 0.185100 0.740243 0.057040
0.970019 0.000020 0.024021 0.005150 0.000789
0.010906 0.012573 0.097891 0.872332 0.006297
0.032464 0.153527 0.384067 0.421791 0.008150
0.000384 0.047755 0.333193 0.618535 0.000133
0.018551 0.350214 0.100500 0.526399 0.004337
0.006292 0.062639 0.668480 0.262589 0.000000
0.946126 0.001225 0.031502 0.020715 0.000432
0.004975 0.046033 0.616768 0.324131 0.008093
0.000000 0.138582 0.728306 0.030011 0.103100
0.934834 0.005947 0.018312 0.037427 0.003480
0.010960 0.682721 0.133176 0.172692 0.000450
0.000000 0.058369 0.858136 0.013882 0.069614
0.976937 0.000317 0.013235 0.009187 0.000323
0.053192 0.099218 0.228969 0.617982 0.000638
0.000000 0.129473 0.029297 0.259177 0.582053
0.002621 0.005802 0.810470 0.177999 0.003108
0.946077 0.000048 0.031409 0.022376 0.000090
0.002542 0.963307 0.026381 0.007242 0.000528
0.027977 0.139951 0.737883 0.092044 0.002145
0.012891 0.019086 0.105169 0.466688 0.396167
0.953945 0.000052 0.028949 0.013319 0.003735
0.003764 0.015603 0.056859 0.916062 0.007712
0.022697 0.017689 0.881018 0.078596 0.000000
0.000590 0.009712 0.081073 0.906396 0.002229
0.000000 0.091402 0.853616 0.014089 0.040893
0.208724 0.011896 0.415926 0.282704 0.080751
0.905367 0.006984 0.022316 0.059863 0.005469
0.000005 0.006194 0.073180 0.026595 0.894025
0.004108 0.247735 0.160976 0.586015 0.001165
0.000048 0.145745 0.090049 0.763717 0.000440
0.000503 0.021397 0.096898 0.873478 0.007724
0.000520 0.018681 0.427611 0.525836 0.027353
0.038170 0.077765 0.829581 0.053674 0.000809
0.002588 0.007346 0.050269 0.932374 0.007423
0.000000 0.085055 0.057759 0.294169 0.563017
0.002358 0.851573 0.080528 0.062089 0.003452
0.048591 0.134637 0.490786 0.325691 0.000295
0.977990 0.000290 0.013091 0.008377 0.000253
0.001263 0.248297 0.744398 0.004559 0.001483
0.003700 0.938391 0.042404 0.014631 0.000874
0.005672 0.002986 0.059528 0.901469 0.030345
0.058979 0.041951 0.263525 0.634169 0.001376
0.033746 0.023611 0.159999 0.780976 0.001669
0.018454 0.088448 0.056006 0.674050 0.163042
0.002656 0.249761 0.108669 0.625018 0.013895
0.004800 0.073813 0.062348 0.853734 0.005304
0.059451 0.007995 0.390552 0.503343 0.038658
0.932312 0.004852 0.034441 0.026205 0.002191
0.852379 0.020679 0.039306 0.072824 0.014813
0.002878 0.192845 0.175523 0.621742 0.007012
0.003578 0.015074 0.055802 0.917833 0.007713
0.003223 0.030942 0.964113 0.001507 0.000214
0.001054 0.000000 0.765126 0.067198 0.166622
0.007435 0.070195 0.072228 0.845030 0.005113
0.013161 0.628597 0.063909 0.293162 0.001171
0.072308 0.375724 0.457448 0.091961 0.002559
0.002422 0.000000 0.099471 0.890624 0.007482
0.037573 0.025676 0.216550 0.720027 0.000174
0.000000 0.150327 0.791797 0.013911 0.043964
0.000010 0.005767 0.097781 0.027212 0.869230
0.015005 0.001572 0.105828 0.877509 0.000086
0.004095 0.000000 0.969994 0.014324 0.011587
0.001384 0.015389 0.212375 0.768105 0.002748
0.004111 0.168383 0.051811 0.773550 0.002145
0.000000 0.210209 0.194386 0.569246 0.026160
0.808971 0.113181 0.031859 0.032823 0.013166
0.000289 0.005117 0.110974 0.823766 0.059854
0.927058 0.005463 0.034812 0.029603 0.003064
0.947798 0.000045 0.031193 0.020891 0.000074
0.000000 0.396603 0.603397 -0.000000 0.000000
0.940912 0.001911 0.018080 0.036317 0.002780
0.003235 0.058312 0.057285 0.875752 0.005416
0.000000 0.059997 0.251818 0.665934 0.022251
0.000000 0.028494 0.958643 0.006008 0.006855
0.012990 0.001567 0.096095 0.889257 0.000091
0.004346 0.038506 0.235338 0.658666 0.063144
0.005939 0.012640 0.934689 0.040377 0.006354
0.002350 0.867665 0.072618 0.054328 0.003040
0.000010 0.019129 0.088365 0.023077 0.869419
0.000607 0.233560 0.185307 0.578510 0.002015
0.003120 0.009836 0.053274 0.926290 0.007480
0.036107 0.000953 0.207700 0.755206 0.000034
0.000358 0.062161 0.790049 0.000000 0.147432
0.971576 0.000017 0.023544 0.004359 0.000504
0.041093 0.572885 0.344681 0.040590 0.000751
0.001571 0.094887 0.591802 0.291290 0.020450
0.002556 0.972953 0.021700 0.002515 0.000276
0.005075 0.914664 0.058559 0.020567 0.001135
0.969934 0.000525 0.014193 0.014555 0.000793
0.000030 0.014538 0.187291 0.026404 0.771737
0.004776 0.040937 0.240436 0.651254 0.062597
0.001191 0.001240 0.073492 0.887946 0.036131
0.002433 0.003346 0.373837 0.600194 0.020189
0.002555 0.972249 0.022041 0.002861 0.000294
0.002972 0.012430 0.052374 0.924564 0.007660
0.932888 0.004785 0.034400 0.025831 0.002095
0.003495 0.014675 0.195198 0.785034 0.001598
0.012978 0.387175 0.198596 0.400468 0.000784
0.000391 0.093451 0.196106 0.662315 0.047737
0.978319 0.000281 0.013045 0.008123 0.000231
0.000557 0.065437 0.166619 0.085542 0.681846
0.002680 0.011411 0.050718 0.927541 0.007650
0.000025 0.006563 0.164965 0.028315 0.800133
0.005227 0.003899 0.238258 0.638197 0.114419
0.001910 0.486914 0.290302 0.050516 0.170358
0.034173 0.112789 0.760501 0.087042 0.005495
0.932939 0.004780 0.034396 0.025799 0.002086
0.932996 0.004773 0.034392 0.025762 0.002077
0.003532 0.357943 0.120440 0.481814 0.036270
0.007363 0.364357 0.163410 0.463929 0.000941
0.087618 0.199730 0.499750 0.142613 0.070289
0.002809 0.960555 0.028609 0.007496 0.000530
0.012702 0.793227 0.126123 0.067680 0.000269
0.006743 0.016358 0.070722 0.903801 0.002376
0.973289 0.000432 0.013733 0.011978 0.000568
0.001439 0.583498 0.224475 0.040869 0.149719
0.000000 0.027705 0.491493 0.474626 0.006176
0.000174 0.007182 0.091631 0.169608 0.731406
0.065502 0.001294 0.251226 0.674592 0.007386
0.002588 0.006700 0.967721 0.022991 0.000000
0.001437 0.592204 0.338855 0.067487 0.000017
0.008618 0.138379 0.073495 0.774473 0.005034
0.955427 0.000066 0.028467 0.012504 0.003536
0.014155 0.011436 0.371266 0.494355 0.108788
0.000000 0.246574 0.695354 0.012661 0.045411
0.000000 0.091857 0.133975 0.331405 0.442763
0.936761 0.005678 0.018081 0.036144 0.003335
0.000640 0.721045 0.140730 0.136571 0.001014
0.003855 0.001861 0.051994 0.942175 0.000114
0.003279 0.000000 0.912725 0.028149 0.055847
0.000018 0.019497 0.124243 0.023683 0.832559
0.125754 0.111201 0.503687 0.257540 0.001818
0.839288 0.005697 0.031857 0.113503 0.009656
0.094535 0.148447 0.535359 0.151040 0.070619
0.003214 0.861186 0.078638 0.053976 0.002986
0.869614 0.023186 0.037545 0.058163 0.011491
0.571374 0.075759 0.056477 0.237149 0.059242
0.000658 0.007196 0.217087 0.180788 0.594271
0.892165 0.009852 0.037239 0.051915 0.008829
0.008442 0.359789 0.445720 0.186038 0.000010
0.000000 0.045255 0.126646 0.797466 0.030633
0.014453 0.007706 0.087680 0.858228 0.031932
0.002098 0.032979 0.922544 0.042379 -0.000000
0.000440 0.476199 0.131673 0.389954 0.001734
0.002523 0.954342 0.030710 0.011662 0.000763
0.015198 0.726853 0.066863 0.190127 0.000960
0.001398 0.000000 0.785849 0.060831 0.151923
0.000153 0.004565 0.094280 0.839089 0.061913
0.000335 0.475384 0.512506 0.010835 0.000940
0.276090 0.016556 0.142448 0.505498 0.059407
0.000609 0.004434 0.150240 0.791077 0.053639
0.002385 0.009730 0.955601 0.032284 0.000000
0.310871 0.053884 0.436710 0.164911 0.033625
0.001568 0.454332 0.204686 0.332381 0.007033
0.960121 0.000993 0.015507 0.021914 0.001465
0.002619 0.005810 0.810194 0.178251 0.003126
0.001423 0.020248 0.113546 0.862570 0.002212
0.000000 0.029379 0.956789 0.006202 0.007630
0.002648 0.005908 0.971239 0.020205 0.000000
0.971819 0.000451 0.013938 0.013126 0.000665
0.944385 0.000051 0.031622 0.023836 0.000106
0.164808 0.042448 0.707866 0.072115 0.012762
0.008900 0.805958 0.124431 0.057753 0.002958
0.000000 0.195973 0.659313 0.017694 0.127020
0.024441 0.029489 0.128923 0.815171 0.001976
0.002550 0.969557 0.023343 0.004186 0.000365
0.001200 0.012438 0.975562 -0.000000 0.010800
0.000000 0.084091 0.873203 0.011586 0.031120
0.005251 0.003138 0.061330 0.918553 0.011728
0.008945 0.861844 0.097190 0.030513 0.001508
0.001676 0.007200 0.480670 0.204314 0.306139
0.002646 0.005934 0.971122 0.020297 0.000000
0.964908 0.000671 0.014881 0.018410 0.001130
0.000000 0.108529 0.752905 0.018790 0.119775
0.029848 0.204920 0.395307 0.239988 0.129938
0.034432 0.000964 0.199611 0.764956 0.000038
0.976291 0.000334 0.013324 0.009685 0.000366
0.005919 0.198650 0.685167 0.045656 0.064608
0.000328 0.360436 0.124374 0.512767 0.002095
0.642754 0.072234 0.050856 0.187260 0.046896
0.947915 0.000045 0.031178 0.020789 0.000073
0.036433 0.063724 0.304387 0.590458 0.004998
0.000000 0.299130 0.035940 0.186505 0.478425
0.000000 0.245438 0.046236 0.216058 0.492268
0.010059 0.134483 0.613394 0.240810 0.001255
0.002722 0.003185 0.409215 0.569973 0.014905
0.025201 0.346001 0.290978 0.337262 0.000557
0.000166 0.058122 0.178442 0.762934 0.000335
0.978279 0.000283 0.013051 0.008154 0.000233
0.969348 0.000526 0.014276 0.015020 0.000831
0.000000 0.229583 0.550509 0.025097 0.194811
0.006185 0.824041 0.106625 0.059964 0.003185
0.927966 0.000103 0.036914 0.026523 0.008493
0.000577 0.017600 0.145281 0.773068 0.063474
0.003475 0.002026 0.052271 0.930796 0.011432
0.670583 0.092434 0.046071 0.151015 0.039897
0.951494 0.007398 0.015732 0.022866 0.002510
0.043572 0.114547 0.123141 0.699247 0.019493
0.033163 0.000000 0.347820 0.616364 0.002654
0.000000 0.132025 0.577761 0.034611 0.255604
0.000000 0.035069 0.927309 0.009421 0.028201
0.002548 0.968579 0.023816 0.004667 0.000390
0.065844 0.013386 0.422450 0.495446 0.002874
0.932952 0.004778 0.034395 0.025790 0.002084
0.000050 0.065365 0.096079 0.838063 0.000443
0.331701 0.045206 0.315707 0.304558 0.002828
0.003658 0.014668 0.060556 0.918668 0.002450
0.006034 0.039116 0.297374 0.398070 0.259405
0.002283 0.001517 0.044376 0.951708 0.000116
0.956026 0.000050 0.028308 0.012254 0.003362
0.006012 0.213763 0.428929 0.347268 0.004027
0.971461 0.000017 0.023579 0.004417 0.000525
0.018934 0.353650 0.457361 0.169977 0.000077
0.000092 0.284886 0.112545 0.602086 0.000391
0.082379 0.060351 0.279521 0.560929 0.016820
0.000410 0.046540 0.351548 0.601393 0.000109
0.004417 0.072506 0.060998 0.856747 0.005332
0.000460 0.517384 0.130918 0.349609 0.001628
0.001207 0.122301 0.299941 0.575027 0.001524
0.932971 0.004776 0.034394 0.025778 0.002081
0.932994 0.004773 0.034393 0.025763 0.002077
0.000975 0.829344 0.112923 0.006812 0.049946
0.932961 0.004777 0.034395 0.025785 0.002083
0.002344 0.074084 0.114670 0.793925 0.014978
0.000258 0.068714 0.063486 0.857375 0.010167
0.002448 0.010452 0.049408 0.930059 0.007633
0.000052 0.005853 0.060620 0.168909 0.764565
0.000020 0.014374 0.135995 0.025430 0.824181
0.003583 0.065775 0.058230 0.867020 0.005392
0.001674 0.007199 0.480150 0.204271 0.306707
0.978427 0.000279 0.013031 0.008040 0.000224
0.964244 0.000650 0.014978 0.018957 0.001171
0.000120 0.285138 0.131973 0.582403 0.000366
0.000000 0.444354 0.484673 0.004780 0.066193
0.150715 0.026364 0.399479 0.266024 0.157418
0.003674 0.014652 0.060611 0.918614 0.002450
0.161875 0.044782 0.701620 0.076238 0.015485
0.969363 0.007556 0.013182 0.008536 0.001364
0.000159 0.018453 0.083197 0.151294 0.746897
0.000085 0.260592 0.108882 0.630042 0.000399
0.977727 0.000297 0.013127 0.008579 0.000270
0.123250 0.458847 0.138040 0.269394 0.010469
0.005883 0.013147 0.931622 0.042052 0.007296
0.002986 0.012308 0.052460 0.924595 0.007650
0.953994 0.001230 0.016337 0.026560 0.001880
0.003108 0.001478 0.048359 0.946942 0.000114
0.978148 0.000286 0.013069 0.008255 0.000242
0.000101 0.007509 0.522455 0.035156 0.434780
0.947914 0.000045 0.031178 0.020790 0.000073
0.002438 0.008902 0.049381 0.931737 0.007542
0.021849 0.001206 0.494606 0.434430 0.047909
0.002538 0.962385 0.026817 0.007708 0.000553
0.000372 0.006608 0.072597 0.918197 0.002227
0.000034 0.014222 0.206246 0.026875 0.752623
0.033192 0.005413 0.225875 0.733501 0.002018
0.821691 0.115039 0.030558 0.021997 0.010714
0.000864 0.837779 0.151423 0.009929 0.000005
0.668346 0.042473 0.052268 0.191557 0.045356
0.971576 0.000017 0.023544 0.004359 0.000504
0.032113 0.173324 0.369172 0.424769 0.000621
0.007499 0.004337 0.069770 0.918274 0.000120
0.164865 0.042403 0.707986 0.072036 0.012710
0.000574 0.017648 0.144858 0.773350 0.063570
0.004019 0.239468 0.161792 0.593543 0.001178
0.960263 0.000972 0.015490 0.021820 0.001454
0.032912 0.179240 0.373718 0.413534 0.000595
0.088158 0.005625 0.508417 0.379616 0.018183
0.932837 0.004791 0.034404 0.025864 0.002103
0.000000 0.107768 0.869993 0.022195 0.000044
0.002283 0.001788 0.194204 0.684198 0.117527
0.042553 0.149770 0.446059 0.361205 0.000413
0.000000 0.290845 0.645126 0.013329 0.050700
0.000135 0.099480 0.154400 0.745623 0.000361
0.002543 0.965821 0.025151 0.006022 0.000463
0.000409 0.046590 0.350775 0.602116 0.000110
0.832098 0.041139 0.038563 0.071851 0.016349
0.003215 0.090956 0.629397 0.153416 0.123016
0.007117 0.004811 0.337886 0.649664 0.000522
0.009150 0.004649 0.070677 0.884756 0.030768
0.978319 0.000282 0.013046 0.008124 0.000231
0.001571 0.079617 0.858500 0.060312 0.000000
0.000134 0.111628 0.152625 0.735251 0.000362
0.000022 0.064530 0.076847 0.858132 0.000469
0.047058 0.004682 0.161523 0.786577 0.000160
0.029515 0.041280 0.262440 0.597031 0.069734
0.009424 0.486706 0.265971 0.237899 0.000000
0.000000 0.108464 0.849801 0.011053 0.030682
0.000062 0.018158 0.039157 0.932548 0.010075
0.000133 0.101881 0.152713 0.744909 0.000363
0.004003 0.017356 0.058198 0.912668 0.007775
0.969760 0.000021 0.024101 0.005282 0.000836
0.977854 0.000294 0.013109 0.008481 0.000262
0.947298 0.000158 0.030831 0.016360 0.005352
0.975617 0.000352 0.013416 0.010203 0.000411
0.559822 0.003393 0.201694 0.225540 0.009551
0.914890 0.006260 0.021083 0.052970 0.004797
0.002287 0.001788 0.194260 0.684150 0.117515
0.978194 0.000285 0.013063 0.008220 0.000239
0.978097 0.000287 0.013076 0.008294 0.000246
0.936510 0.001422 0.018778 0.040261 0.003028
0.012647 0.789762 0.126344 0.070973 0.000274
0.932998 0.004773 0.034392 0.025761 0.002076
0.002334 0.001795 0.194980 0.683517 0.117375
0.003712 0.014655 0.060737 0.918447 0.002449
0.000107 0.007643 0.553534 0.035735 0.402980
0.000451 0.108486 0.849404 0.040031 0.001628
0.000052 0.005798 0.060549 0.168988 0.764613
0.000988 0.016336 0.160575 0.817159 0.004941
0.870524 0.006663 0.027292 0.087818 0.007704
0.006752 0.000960 0.152345 0.812442 0.027501
0.114448 0.022143 0.715864 0.146826 0.000719
0.041253 0.060690 0.856098 0.041565 0.000393
0.000017 0.020176 0.121130 0.023420 0.835256
0.117923 0.129854 0.179014 0.519485 0.053724
0.015251 0.014902 0.208526 0.690107 0.071213
0.221592 0.177823 0.402717 0.187754 0.010113
0.012437 0.050887 0.088308 0.845891 0.002478
0.000000 0.043610 0.927792 0.009140 0.019459
0.001384 0.015389 0.212371 0.768109 0.002748
0.068285 0.007105 0.426848 0.465455 0.032307
0.057686 0.155552 0.491291 0.291283 0.004187
0.014157 0.331624 0.162602 0.481128 0.010488
0.965418 0.007521 0.013745 0.011700 0.001617
0.056014 0.108857 0.709189 0.125940 0.000000
0.031936 0.772895 0.129052 0.063412 0.002705
0.974779 0.000378 0.013531 0.010844 0.000468
0.978319 0.000281 0.013045 0.008123 0.000231
0.000013 0.024234 0.097720 0.021756 0.856278
0.000191 0.111548 0.193191 0.694761 0.000309
0.000624 0.038373 0.940785 0.019798 0.000420
0.002253 0.022845 0.146116 0.826733 0.002053
0.002216 0.805553 0.137000 0.053607 0.001624
0.947576 0.000118 0.030813 0.016363 0.005131
0.004483 0.161478 0.780055 0.053979 0.000005
0.000000 0.077270 0.026864 0.281333 0.614532
0.561081 0.003374 0.201953 0.224248 0.009344
0.004946 0.470094 0.139573 0.374562 0.010824
0.002576 0.000000 0.100704 0.889270 0.007451
0.053042 0.279980 0.080766 0.450860 0.135352
0.971520 0.000017 0.023561 0.004387 0.000514
0.027480 0.034423 0.255268 0.613861 0.068969
0.932045 0.004884 0.034460 0.026377 0.002235
0.036737 0.086376 0.816781 0.059108 0.000998
0.003582 0.002086 0.052819 0.930067 0.011445
0.962969 0.001363 0.015047 0.019313 0.001308
0.226976 0.015625 0.657050 0.097378 0.002971
0.001998 0.724547 0.146643 0.124214 0.002599
0.001154 0.004239 0.217065 0.733810 0.043732
0.000000 0.029445 0.956652 0.006216 0.007687
0.002511 0.913984 0.050449 0.031250 0.001806
0.899444 0.001161 0.037355 0.061207 0.000833
0.931888 0.005407 0.018813 0.040262 0.003630
0.023832 0.062951 0.133003 0.776289 0.003924
0.896525 0.009765 0.036880 0.048768 0.008062
0.000388 0.053233 0.080999 0.856288 0.009092
0.865092 0.003364 0.028572 0.095166 0.007806
0.935338 0.000448 0.034052 0.021474 0.008688
0.011768 0.547729 0.162262 0.277636 0.000605
0.011241 0.315637 0.176918 0.463731 0.032473
0.001356 0.015448 0.208681 0.771611 0.002904
0.006598 0.396443 0.152497 0.443544 0.000917
0.881648 0.010757 0.038021 0.058966 0.010609
0.001645 0.945252 0.032900 0.020189 0.000015
0.905127 0.008361 0.036321 0.043519 0.006673
0.006568 0.004841 0.258339 0.617318 0.112933
0.977839 0.000294 0.013111 0.008493 0.000263
0.000123 0.137932 0.143280 0.718294 0.000371
0.001362 0.015435 0.209483 0.770850 0.002870
0.000006 0.010936 0.073477 0.025201 0.890380
0.000636 0.035200 0.945608 0.018225 0.000331
0.967963 0.000550 0.014468 0.016096 0.000923
0.005036 0.061302 0.063789 0.864588 0.005286
0.002557 0.973098 0.021630 0.002443 0.000272
0.410155 0.041982 0.314780 0.222818 0.010264
0.978427 0.000279 0.013031 0.008040 0.000224
0.000000 0.546969 0.046080 0.080572 0.326379
0.001195 0.015785 0.187597 0.791627 0.003796
0.880113 0.011960 0.038006 0.059161 0.010760
0.000060 0.064429 0.103414 0.831663 0.000434
0.013625 0.020325 0.106100 0.464558 0.395392
0.002621 0.005802 0.810462 0.178006 0.003109
0.002352 0.367744 0.360949 0.064213 0.204742
0.001859 0.394284 0.601956 0.001299 0.000603
0.000016 0.031489 0.111654 0.019890 0.836951
0.978324 0.000281 0.013045 0.008119 0.000230
0.000414 0.009797 0.152672 0.170984 0.666133
0.952511 0.000075 0.029356 0.013976 0.004082
0.002549 0.968745 0.023736 0.004583 0.000386
0.002554 0.971927 0.022197 0.003020 0.000303
0.000000 0.033016 0.949174 0.006996 0.010814
0.000269 0.031468 0.106225 0.133073 0.728965
0.000000 0.102313 0.728373 0.169186 0.000128
0.002551 0.970015 0.023121 0.003960 0.000353
0.019244 0.161162 0.105821 0.712112 0.001660
0.943591 0.005083 0.017209 0.031271 0.002847
0.971524 0.000017 0.023560 0.004385 0.000513
0.002558 0.915909 0.049661 0.030128 0.001744
0.946809 0.002968 0.017082 0.030663 0.002478
0.000000 0.719765 0.033441 0.235097 0.011698
0.000107 0.007640 0.553035 0.035726 0.403491
0.000081 0.008372 0.066933 0.165548 0.759066
0.103185 0.015024 0.107364 0.688087 0.086340
0.029675 0.170431 0.626404 0.173426 0.000064
0.000005 0.009082 0.069512 0.025669 0.895732
0.023397 0.017306 0.262524 0.691701 0.005072
0.000000 0.400635 0.497730 0.008953 0.092682
0.058005 0.042204 0.259925 0.638420 0.001446
0.002772 0.939345 0.038878 0.017919 0.001086
0.014985 0.364766 0.216482 0.403000 0.000767
0.048801 0.202902 0.203194 0.542498 0.002606
0.000000 0.080348 0.303049 0.597777 0.018826
0.978400 0.000279 0.013034 0.008060 0.000225
0.017062 0.009134 0.096043 0.845331 0.032429
0.000539 0.017690 0.101654 0.872674 0.007443
0.000022 0.064562 0.076368 0.858580 0.000469
0.809819 0.113305 0.031772 0.032101 0.013003
0.001384 0.015389 0.212379 0.768101 0.002747
0.000031 0.082173 0.081567 0.835769 0.000460
0.000990 0.301341 0.153306 0.532846 0.011517
0.006176 0.001164 0.063153 0.929402 0.000105
0.021189 0.096602 0.099410 0.271707 0.511093
0.038898 0.588675 0.329714 0.041808 0.000904
0.001320 0.270603 0.722544 0.004154 0.001379
0.000000 0.130421 0.601044 0.032314 0.236220
0.000908 0.139595 0.246709 0.610943 0.001844
0.039624 0.583618 0.052502 0.204862 0.119394
0.863949 0.000270 0.056472 0.058909 0.020399
0.932521 0.004828 0.034426 0.026069 0.002156
0.002417 0.851154 0.080927 0.062055 0.003448
0.955929 0.000461 0.027650 0.010818 0.005142
0.680375 0.000602 0.064797 0.251582 0.002643
0.004042 0.014648 0.058472 0.915231 0.007607
0.000013 0.006534 0.107499 0.027179 0.858776
0.978426 0.000279 0.013031 0.008041 0.000224
0.015482 0.014053 0.124116 0.840755 0.005594
0.000000 0.673756 0.199473 0.106730 0.020041
0.000000 0.105253 0.230663 0.376503 0.287580
0.970356 0.007564 0.013040 0.007740 0.001300
0.025237 0.321109 0.024660 0.348591 0.280403
0.016564 0.400057 0.221363 0.361331 0.000685
0.000044 0.007404 0.255714 0.029874 0.706964
0.002555 0.972097 0.022114 0.002936 0.000298
0.971563 0.000017 0.023548 0.004365 0.000506
0.562359 0.003355 0.202216 0.222936 0.009134
0.004291 0.407295 0.130703 0.446009 0.011702
0.000023 0.069310 0.076997 0.853202 0.000468
0.000013 0.006206 0.109355 0.027312 0.857113
0.007637 0.004049 0.065826 0.891781 0.030707
0.000817 0.075068 0.083689 0.824074 0.016352
0.002495 0.439636 0.232521 0.320429 0.004919
0.097675 0.107640 0.173878 0.562733 0.058074
0.000087 0.010039 0.068005 0.163046 0.758822
0.000000 0.032284 0.937791 0.008650 0.021275
0.953517 0.000439 0.028434 0.012140 0.005470
0.029641 0.000897 0.614274 0.335260 0.019928
0.000073 0.006889 0.065726 0.167751 0.759560
0.000027 0.064333 0.079852 0.855324 0.000465
0.001369 0.015420 0.210412 0.769968 0.002831
0.944870 0.000050 0.031561 0.023417 0.000102
0.000032 0.062496 0.169716 0.011888 0.755869
0.887652 0.010498 0.037543 0.054740 0.009567
0.007475 0.000000 0.140825 0.844022 0.007679
0.008692 0.520690 0.145515 0.324393 0.000710
0.918992 0.000435 0.039140 0.029947 0.011486
0.420248 0.005745 0.172990 0.368428 0.032588
0.018413 0.013229 0.497429 0.315518 0.155411
0.013945 0.034580 0.502109 0.447862 0.001505
0.003917 0.301254 0.500750 0.054827 0.139252
0.001200 0.012437 0.975566 0.000000 0.010797
0.026836 0.001012 0.162928 0.809168 0.000056
0.000000 0.413756 0.040637 0.137514 0.408093
0.002205 0.423204 0.332549 0.057079 0.184963
0.978426 0.000279 0.013031 0.008041 0.000224
0.067507 0.473884 0.339193 0.068529 0.050887
0.038107 0.655277 0.047634 0.155209 0.103773
0.029944 0.000887 0.618930 0.331392 0.018846
0.010950 0.002666 0.326681 0.569210 0.090493
0.097396 0.005058 0.546313 0.339578 0.011655
0.429130 0.038204 0.323305 0.202010 0.007351
0.012054 0.049672 0.087085 0.848710 0.002479
0.002556 0.972934 0.021710 0.002524 0.000276
0.041938 0.013916 0.805722 0.136931 0.001493
0.055193 0.042952 0.249523 0.650682 0.001650
0.000003 0.005526 0.063150 0.026593 0.904728
0.036037 0.000953 0.207362 0.755614 0.000034
0.008714 0.059179 0.077443 0.849644 0.005019
0.003190 0.301617 0.115842 0.566174 0.013177
0.881526 0.016699 0.037316 0.054430 0.010029
0.005009 0.229429 0.052342 0.711194 0.002026
0.000000 0.412249 0.554050 0.005273 0.028428
0.967989 0.000550 0.014464 0.016077 0.000921
0.001274 0.118601 0.089886 0.774499 0.015741
0.000429 0.571664 0.351911 0.014531 0.061466
0.033969 0.049503 0.170983 0.742358 0.003188
0.888006 0.000416 0.048773 0.045984 0.016821
0.041976 0.152125 0.118149 0.668616 0.019134
0.000078 0.007000 0.066789 0.167673 0.758460
0.035157 0.011695 0.639463 0.304218 0.009467
0.842378 0.016730 0.040627 0.083272 0.016992
0.001829 0.909617 0.042427 0.046103 0.000025
0.000331 0.062337 0.785356 0.000000 0.151976
0.954593 0.000460 0.028066 0.011509 0.005372
0.002579 0.006826 0.967169 0.023426 -0.000000
0.978416 0.000279 0.013032 0.008048 0.000224
0.000999 0.022896 0.932442 0.000000 0.043663
0.961303 0.007484 0.014332 0.015000 0.001881
0.014601 0.694657 0.259547 0.031165 0.000030
0.000000 0.028844 0.957910 0.006085 0.007161
0.006822 0.246204 0.180166 0.565703 0.001105
0.011349 0.000985 0.092041 0.886660 0.008965
0.000000 0.061832 0.828760 0.016596 0.092812
0.000067 0.019696 0.039771 0.930383 0.010083
0.000817 0.075006 0.083693 0.824133 0.016352
0.203187 0.464194 0.283017 0.037138 0.012464
0.042396 0.730087 0.047769 0.098185 0.081563
0.036787 0.000948 0.210987 0.751246 0.000032
0.976873 0.000319 0.013244 0.009236 0.000327
0.004286 0.845065 0.090067 0.057455 0.003128
0.001505 0.014133 0.116946 0.865334 0.002082
0.003328 0.026004 0.969266 0.001271 0.000131
0.000962 0.017268 0.095506 0.883992 0.002273
0.000306 0.077392 0.069525 0.842673 0.010105
0.019855 0.006003 0.149349 0.820435 0.004359
0.033600 0.005396 0.228214 0.730843 0.001947
0.000826 0.074963 0.083870 0.823996 0.016344
0.041194 0.283756 0.379402 0.189202 0.106446
0.011002 0.828705 0.120205 0.038252 0.001837
0.131814 0.178810 0.177449 0.462782 0.049145
0.000265 0.031045 0.105384 0.133656 0.729649
0.000000 0.000000 0.051058 0.577727 0.371215
0.000642 0.019696 0.153022 0.762848 0.063793
0.023265 0.016320 0.888261 0.072154 0.000000
0.014954 0.052196 0.371600 0.557558 0.003691
0.008002 0.000000 0.145147 0.839139 0.007712
0.003030 0.955915 0.031610 0.008851 0.000594
0.970389 0.000532 0.014128 0.014188 0.000764
0.000006 0.010442 0.072414 0.025325 0.891812
0.037071 0.014381 0.171374 0.775669 0.001505
0.561203 0.003373 0.201978 0.224122 0.009324
0.000525 0.061647 0.159870 0.090843 0.687115
0.027995 0.210485 0.334002 0.426851 0.000668
0.000166 0.049414 0.051946 0.888248 0.010226
0.016385 0.032142 0.233943 0.711916 0.005615
0.012135 0.009803 0.341139 0.526621 0.110302
0.086134 0.010107 0.499110 0.402844 0.001806
0.000192 0.055483 0.055177 0.878924 0.010224
0.011480 0.715538 0.131101 0.141485 0.000396
0.000835 0.017978 0.140408 0.834955 0.005824
0.978427 0.000279 0.013031 0.008040 0.000224
0.976819 0.000320 0.013251 0.009278 0.000331
0.002557 0.973099 0.021630 0.002443 0.000272
0.024274 0.100575 0.125697 0.746933 0.002521
0.012265 0.548476 0.064213 0.373727 0.001318
0.114939 0.021880 0.717488 0.145007 0.000686
0.003982 0.014362 0.058135 0.915920 0.007601
0.023230 0.155088 0.406338 0.271136 0.144208
0.002080 0.085674 0.453602 0.458082 0.000563
0.079994 0.003324 0.203581 0.712970 0.000130
0.010896 0.055187 0.085669 0.843387 0.004861
0.012697 0.792964 0.126139 0.067930 0.000269
0.001792 0.364009 0.236909 0.389418 0.007872
0.334946 0.006894 0.155478 0.456119 0.046563
0.016644 0.001544 0.113737 0.867993 0.000082
0.000588 0.069103 0.173149 0.080413 0.676747
0.006710 0.026834 0.268208 0.639917 0.058332
0.000146 0.017978 0.050219 0.922050 0.009607
0.004150 0.900148 0.062627 0.031330 0.001744
0.000145 0.451170 0.139839 0.408514 0.000332
0.000453 0.008144 0.075740 0.913428 0.002235
0.000034 0.065762 0.175862 0.011045 0.747297
0.012341 0.818894 0.129424 0.037593 0.001748
0.000000 0.358079 0.510516 0.013006 0.118399
0.009845 0.137802 0.603863 0.247081 0.001410
0.023500 0.005824 0.170268 0.796689 0.003718
0.000000 0.085572 0.255234 0.656075 0.003119
0.002551 0.969924 0.023166 0.004004 0.000355
0.477611 0.077971 0.176972 0.217906 0.049539
0.013859 0.486386 0.187505 0.311613 0.000636
0.015853 0.006186 0.126388 0.846511 0.005061
0.000183 0.070818 0.189822 0.738858 0.000319
0.000003 0.005670 0.062791 0.026543 0.904992
0.014804 0.278831 0.089928 0.611836 0.004601
0.000395 0.049047 0.081962 0.859637 0.008959
0.003147 0.943496 0.038080 0.014395 0.000884
0.017384 0.022124 0.478182 0.315975 0.166336
0.000000 0.138259 0.728725 0.029995 0.103021
0.975941 0.000343 0.013372 0.009954 0.000390
0.043684 0.752515 0.047811 0.081087 0.074903
0.059848 0.041725 0.266739 0.630376 0.001313
0.001495 0.339787 0.214353 0.437605 0.006760
0.012631 0.013529 0.235952 0.694143 0.043746
0.000197 0.062074 0.200217 0.737206 0.000306
0.000000 0.400038 0.497881 0.009012 0.093068
0.000490 0.033931 0.094824 0.862668 0.008087
0.932962 0.004777 0.034395 0.025784 0.002082
0.004544 0.073695 0.061410 0.855028 0.005323
0.878573 0.005757 0.026294 0.082262 0.007114
0.001598 0.006782 0.044600 0.939459 0.007561
0.000000 0.037917 0.416633 0.175352 0.370097
0.051551 0.127588 0.512650 0.307975 0.000236
0.953058 0.002416 0.016285 0.026211 0.002031
0.878566 0.000383 0.051754 0.050970 0.018327
0.853636 0.001088 0.043097 0.100954 0.001225
0.001687 0.001668 0.080540 0.879849 0.036256
0.002289 0.003421 0.356206 0.615263 0.022820
0.000000 0.039466 0.326641 0.616665 0.017228
0.977108 0.000313 0.013212 0.009055 0.000312
0.028679 0.093088 0.149505 0.725152 0.003576
0.000090 0.022579 0.042712 0.924595 0.010023
0.971569 0.000017 0.023546 0.004362 0.000505
0.000153 0.475777 0.143873 0.379873 0.000324
0.007828 0.452519 0.151332 0.387504 0.000817
0.000162 0.006111 0.088857 0.171028 0.733842
0.004499 0.160226 0.781727 0.053543 0.000005
0.002547 0.967857 0.024166 0.005020 0.000409
0.001262 0.004594 0.230209 0.721880 0.042055
0.000767 0.041108 0.852894 0.105231 0.000000
0.498616 0.081420 0.180886 0.191633 0.047445
0.478839 0.065003 0.065605 0.313753 0.076800
0.047432 0.168736 0.079817 0.493200 0.210815
0.024773 0.002182 0.132771 0.840113 0.000161
0.002313 0.745265 0.161050 0.088650 0.002722
0.000050 0.070799 0.096015 0.832694 0.000442
0.010076 0.124972 0.637316 0.225966 0.001670
0.041148 0.572484 0.345061 0.040559 0.000748
0.002659 0.007239 0.050675 0.932022 0.007405
0.006001 0.196063 0.692163 0.045026 0.060747
0.095532 0.008986 0.534560 0.359606 0.001316
0.000726 0.678489 0.244948 0.075817 0.000021
0.005837 0.273657 0.053357 0.665215 0.001934
0.002325 0.851926 0.080248 0.062050 0.003451
0.024824 0.002036 0.132823 0.840156 0.000160
0.000313 0.299150 0.128002 0.570301 0.002234
0.014304 0.001494 0.378726 0.530506 0.074970
0.034770 0.182461 0.067511 0.565333 0.149925
0.003004 0.012230 0.052565 0.924558 0.007642
0.048375 0.135098 0.489201 0.327027 0.000299
0.030512 0.032019 0.268083 0.603260 0.066126
0.021795 0.226373 0.540475 0.211267 0.000090
0.000000 0.449613 0.483106 0.004277 0.063003
0.108939 0.512175 0.171221 0.109084 0.098582
0.001973 0.120193 0.843427 0.034406 0.000000
0.002490 0.938462 0.038383 0.019485 0.001181
0.053532 0.122906 0.527280 0.296085 0.000197
0.978349 0.000281 0.013041 0.008100 0.000229
0.978427 0.000279 0.013031 0.008040 0.000224
0.000034 0.066093 0.176485 0.010960 0.746428
0.000000 0.440799 0.485733 0.005119 0.068349
0.000071 0.216826 0.101526 0.681162 0.000415
0.000075 0.203934 0.105256 0.690323 0.000412
0.952216 0.007402 0.015629 0.022289 0.002464
0.217503 0.018383 0.646074 0.113363 0.004678
0.043923 0.756675 0.047819 0.077916 0.073667
0.103904 0.229466 0.158104 0.457229 0.051296
0.000478 0.014673 0.133360 0.788297 0.063192
0.002952 0.680081 0.076595 0.110082 0.130289
0.031936 0.772882 0.129053 0.063424 0.002705
0.078972 0.069353 0.116229 0.615567 0.119878
0.007909 0.638941 0.310057 0.043088 0.000005
0.000000 0.616199 0.039665 0.328286 0.015850
0.005253 0.241803 0.052671 0.698274 0.002000
0.000031 0.008136 0.195328 0.028455 0.768049
0.005695 0.333291 0.157173 0.502822 0.001019
0.004875 0.380630 0.337960 0.232011 0.044524
0.971855 0.000455 0.013932 0.013095 0.000663
0.003078 0.012948 0.052974 0.923328 0.007673
0.046602 0.045593 0.217733 0.687799 0.002273
0.002671 0.066682 0.927370 0.002646 0.000631
0.000796 0.000000 0.751059 0.072252 0.175894
0.037577 0.598180 0.320707 0.042539 0.000996
0.031397 0.046681 0.129339 0.417143 0.375439
0.000107 0.007642 0.553508 0.035735 0.403007
0.005373 0.199493 0.462281 0.332835 0.000018
0.097474 0.005053 0.546634 0.339239 0.011600
0.966499 0.000027 0.025101 0.006940 0.001433
0.003108 0.000000 0.903972 0.031554 0.061366
0.001103 0.030381 0.555825 0.241733 0.170959
0.037085 0.025341 0.214166 0.723235 0.000173
0.001522 0.138815 0.093495 0.750743 0.015425
0.000262 0.079261 0.063796 0.846295 0.010386
0.813609 0.041330 0.040106 0.085336 0.019620
0.006486 0.289646 0.054964 0.647016 0.001889
0.008313 0.032771 0.075313 0.881146 0.002456
0.789304 0.101107 0.034976 0.056723 0.017890
0.002557 0.973096 0.021631 0.002444 0.000272
0.973569 0.000406 0.013698 0.011779 0.000548
0.007117 0.004811 0.337880 0.649670 0.000522
0.935393 0.005593 0.018288 0.037309 0.003417
0.003412 0.074291 0.174126 0.736116 0.012054
0.008831 0.034067 0.076981 0.877670 0.002452
0.003207 0.734485 0.069210 0.087211 0.105888
0.575198 0.000718 0.078005 0.342455 0.003623
0.000015 0.029995 0.108667 0.020272 0.841051
0.007707 0.597624 0.181986 0.212609 0.000074
0.935718 0.000088 0.034537 0.022582 0.007074
0.065719 0.001292 0.251920 0.673761 0.007307
0.000000 0.135352 0.804627 0.014567 0.045455
0.069644 0.489253 0.335960 0.058758 0.046385
0.000622 0.073122 0.180307 0.074791 0.671158
0.018081 0.005972 0.099297 0.847737 0.028913
0.000000 0.419265 0.492158 0.007175 0.081401
0.000193 0.057705 0.055247 0.876584 0.010270
0.000042 0.006570 0.244607 0.029899 0.718883
0.026486 0.000912 0.168620 0.798539 0.005443
0.000010 0.017080 0.088043 0.023676 0.871192
0.000810 0.014340 0.089599 0.892992 0.002258
0.003340 0.006730 0.189324 0.799113 0.001493
0.014792 0.001314 0.104778 0.879030 0.000085
0.036737 0.009286 0.810873 0.143009 0.000096
0.977946 0.000291 0.013097 0.008411 0.000256
0.000409 0.046602 0.350601 0.602278 0.000110
0.018561 0.192957 0.102015 0.684831 0.001635
0.001680 0.007142 0.045063 0.938547 0.007568
0.001180 0.036464 0.217646 0.678763 0.065946
0.002961 0.154773 0.182074 0.653203 0.006990
0.026969 0.021872 0.562385 0.289350 0.099424
0.015469 0.473729 0.308798 0.201957 0.000047
0.000402 0.535255 0.369251 0.019418 0.075674
0.770926 0.107592 0.035752 0.065226 0.020503
0.030515 0.005526 0.210515 0.750956 0.002488
0.000000 0.028462 0.958710 0.006001 0.006827
0.000000 0.186666 0.654457 0.019402 0.139475
0.000000 0.155566 0.578189 0.031563 0.234682
0.000053 0.006050 0.060832 0.168622 0.764443
0.805485 0.112667 0.032216 0.035793 0.013839
0.943929 0.000052 0.031679 0.024229 0.000111
0.000000 0.270093 0.536811 0.021402 0.171693
0.005633 0.205714 0.055587 0.731027 0.002040
0.000113 0.033202 0.045519 0.911027 0.010139
0.000000 0.953757 0.018849 0.025027 0.002366
0.007404 0.042888 0.469202 0.479529 0.000976
0.000124 0.131207 0.144460 0.723838 0.000370
0.069226 0.359558 0.453686 0.114716 0.002815
0.859959 0.001085 0.042303 0.095486 0.001167
0.978396 0.000279 0.013035 0.008064 0.000226
0.002383 0.883049 0.065186 0.046747 0.002635
0.000705 0.144260 0.845553 0.007252 0.002230
0.977844 0.000294 0.013111 0.008489 0.000263
0.011301 0.003313 0.088060 0.897221 0.000105
0.006059 0.370766 0.153202 0.469011 0.000963
0.000000 0.762266 0.045949 0.183252 0.008534
0.577293 0.051944 0.058839 0.251322 0.060601
0.034102 0.012155 0.625715 0.316757 0.011271
0.001078 0.016033 0.172303 0.806144 0.004443
0.963154 0.001296 0.015032 0.019228 0.001291
0.217420 0.000862 0.379345 0.402347 0.000026
0.001674 0.148793 0.095872 0.738419 0.015242
0.000107 0.030364 0.044734 0.914686 0.010110
0.000000 0.441451 0.230168 0.322968 0.005414
0.978417 0.000279 0.013032 0.008048 0.000224
0.010052 0.002008 0.081932 0.905907 0.000101
0.000107 0.007627 0.549989 0.035669 0.406607
0.001676 0.007200 0.480600 0.204309 0.306215
0.002126 0.014321 0.939503 0.044050 0.000000
0.006299 0.599545 0.157876 0.227267 0.009013
0.001344 0.755865 0.066715 0.175998 0.000078
0.965186 0.000466 0.024773 0.006028 0.003547
0.004449 0.039516 0.236472 0.656518 0.063045
0.010008 0.539053 0.218060 0.128002 0.104877
0.000177 0.075899 0.185405 0.738195 0.000324
0.305383 0.032984 0.146666 0.454287 0.060680
0.032425 0.220466 0.392770 0.229389 0.124950
0.006143 0.191517 0.704427 0.043926 0.053987
0.002953 0.054496 0.172748 0.767353 0.002450
0.000115 0.185688 0.134926 0.678896 0.000375
0.000000 0.058325 0.522808 0.108322 0.310546
0.004952 0.470608 0.139646 0.373977 0.010817
0.055473 0.097918 0.237121 0.608922 0.000566
0.004680 0.083993 0.161295 0.737209 0.012823
0.450639 0.060892 0.068487 0.337747 0.082235
0.009659 0.000000 0.158576 0.824235 0.007530
0.004924 0.001052 0.059537 0.924006 0.010482
0.000309 0.009207 0.113085 0.815023 0.062375
0.000004 0.006940 0.067530 0.026263 0.899263
