2000 3
1 1 2 1 1 2 2 1 2 2 1 1 1 1 3 1 1 2 4 1 1 2 1 1 2 1 1 1 1 2 1 1 2 2 1 1 2 2 1 2 1 1 2 1 1 2 1 1 2 1 1 1 1 2 1 1 1 1 3 1 2 1 1 2 1 1 2 1 2 2 2 2 1 3 1 1 2 1 2 1 1 1 2 2 2 2 1 1 1 1 1 1 3 3 2 1 1 1 1 1 3 1 2 2 2 3 2 1 1 2 1 1 1 1 1 2 2 1 1 1 2 1 1 2 2 1 1 2 1 2 2 1 2 1 1 1 1 2 2 2 2 1 1 1 2 2 4 1 1 1 2 1 2 1 2 2 1 2 2 2 1 3 2 1 2 1 3 2 1 2 2 1 1 1 2 2 1 1 2 1 2 1 1 2 1 1 1 1 1 2 1 1 1 1 1 1 1 1 2 3 2 1 2 1 1 2 1 1 1 2 1 2 1 1 1 1 2 2 2 1 2 2 1 3 3 2 2 2 2 1 2 1 1 2 1 1 1 2 2 1 2 1 1 1 2 1 1 1 1 1 2 1 1 1 2 2 2 2 2 1 1 2 1 1 1 1 3 2 2 3 1 2 1 2 2 1 2 1 1 1 2 3 2 1 2 1 2 1 1 1 1 3 2 1 1 1 1 2 1 2 1 2 2 1 1 2 2 2 1 1 2 1 3 1 1 2 1 1 2 1 3 2 1 2 1 1 1 1 2 1 1 2 2 1 2 2 2 1 1 1 1 1 2 1 1 2 1 1 3 2 1 1 1 2 2 1 1 1 1 2 1 3 1 1 2 3 2 1 2 1 1 1 1 1 2 2 2 1 1 2 2 2 2 2 1 1 1 4 2 1 2 1 2 1 1 2 1 3 3 2 2 4 1 2 1 3 2 2 2 2 1 1 1 1 2 1 2 2 1 1 3 1 1 1 1 2 1 2 1 2 1 1 1 2 1 1 1 1 2 1 3 1 1 1 2 1 2 1 1 1 1 2 2 2 2 2 2 1 1 1 1 2 1 1 1 1 3 2 1 2 1 1 2 1 2 1 2 1 2 1 1 1 1 2 1 1 2 2 1 2 1 2 2 1 2 1 1 2 2 2 2 1 1 1 1 1 2 2 1 2 1 3 2 2 3 2 1 1 1 1 1 1 1 1 1 1 2 1 2 1 2 1 1 1 1 1 1 2 1 3 2 1 2 2 2 2 1 2 1 2 1 1 3 1 1 2 1 1 2 1 1 2 1 3 2 2 2 1 1 2 2 2 2 2 1 1 2 2 1 2 1 1 2 2 2 1 1 2 1 2 1 2 1 2 1 1 1 2 2 2 1 2 1 1 1 1 1 2 2 2 1 2 1 1 2 2 1 3 2 2 3 1 2 1 1 1 1 1 2 2 1 1 1 2 3 1 1 1 2 1 1 2 1 1 1 2 1 2 1 1 2 1 1 2 2 1 2 2 2 1 1 1 1 2 1 2 1 2 1 2 1 1 1 1 2 2 1 1 1 1 1 2 1 2 2 1 1 1 2 1 2 2 2 1 2 2 1 2 1 2 2 2 1 1 3 2 2 1 1 2 1 1 2 3 3 1 1 2 1 1 1 2 2 2 3 2 2 1 1 1 1 2 3 2 2 1 2 1 2 1 2 2 1 2 2 1 2 2 2 2 2 1 3 2 1 1 3 1 1 1 4 1 1 1 3 1 3 1 1 2 2 1 2 2 1 1 1 1 2 2 2 3 3 1 1 1 2 1 2 1 1 2 1 1 2 1 1 2 3 1 2 1 2 1 2 1 1 1 3 2 1 3 1 1 2 1 1 2 1 1 2 2 1 1 3 2 1 1 2 2 1 1 2 1 2 1 1 2 1 1 1 2 2 2 1 1 2 2 3 1 2 4 1 1 1 1 2 1 2 1 1 1 1 2 1 1 1 1 1 2 1 2 1 1 1 1 1 2 1 2 2 1 1 2 1 2 1 2 1 1 1 1 1 1 1 1 2 1 2 2 1 1 2 1 2 2 1 2 1 1 2 3 2 1 1 1 1 1 2 1 2 2 2 2 2 1 2 1 1 1 2 1 1 1 1 1 2 2 3 2 2 2 2 2 2 2 1 1 2 1 1 1 2 1 2 2 1 1 1 2 2 1 1 1 2 1 2 2 3 1 2 2 1 1 1 3 3 1 2 2 1 1 1 2 2 1 1 1 1 1 1 1 1 1 1 1 1 1 1 1 1 2 1 1 1 1 2 2 2 1 1 2 2 1 2 2 4 2 2 2 2 1 1 1 2 2 1 1 1 1 2 2 2 1 2 1 1 2 1 1 3 2 1 2 2 1 2 1 2 1 1 2 1 1 3 2 1 2 2 2 1 1 1 1 1 2 1 1 2 1 1 2 2 1 1 2 2 2 1 2 2 1 1 1 2 2 1 1 2 1 2 1 1 2 1 3 1 2 1 1 1 1 2 2 2 1 1 1 4 2 2 3 1 1 1 1 3 2 1 2 2 1 2 1 1 2 1 1 2 1 1 2 2 2 2 2 2 2 2 3 2 1 3 1 1 2 2 1 2 2 1 1 3 2 1 2 2 3 2 2 2 2 1 1 1 1 1 2 1 1 1 1 2 1 2 1 1 1 3 2 1 2 1 1 1 2 2 1 1 2 3 1 2 2 1 1 1 2 1 2 1 2 1 2 2 2 2 2 2 2 1 2 2 1 2 1 2 2 2 1 1 1 3 1 2 1 2 1 1 1 1 1 2 1 1 1 1 2 1 2 2 3 1 1 1 1 1 2 2 2 2 1 1 1 3 1 2 2 1 1 2 2 2 2 1 2 1 2 1 1 1 2 3 3 1 1 2 1 2 2 2 1 1 2 3 1 1 1 2 1 1 2 1 3 1 2 1 2 1 1 1 3 2 3 2 1 3 2 1 1 1 2 2 1 1 2 1 1 1 2 1 2 2 1 1 1 1 1 1 1 1 1 1 2 2 1 2 1 2 2 1 1 1 3 2 1 2 1 1 1 2 3 2 2 2 1 2 1 2 1 1 2 2 2 2 1 2 1 1 1 1 1 2 1 3 1 1 1 1 2 2 1 1 2 1 2 1 1 1 2 1 1 2 2 1 1 1 2 2 2 2 1 1 2 2 2 1 1 1 2 1 2 2 1 1 2 1 1 1 1 2 3 1 2 1 1 3 2 1 2 1 1 2 1 2 2 2 3 2 1 2 2 1 2 1 2 1 1 1 4 2 2 1 2 1 1 2 1 2 1 2 1 1 2 1 3 1 2 2 3 1 2 1 1 1 1 2 2 1 2 3 1 1 1 1 3 2 1 2 2 1 1 1 2 2 2 1 1 1 2 2 1 1 2 1 2 2 1 2 1 2 1 1 1 1 1 2 2 1 1 1 1 1 1 1 1 1 2 1 2 1 2 1 1 1 2 1 1 2 3 1 2 2 1 2 2 1 1 1 2 1 1 2 1 3 1 2 2 2 2 2 1 1 2 1 1 1 1 2 1 2 2 2 2 1 3 3 1 1 2 2 1 2 1 1 2 3 1 1 2 1 1 1 1 1 2 1 2 1 1 4 2 2 1 1 2 1 2 1 1 2 2 1 2 1 2 2 3 2 3 2 3 1 2 1 1 2 1 2 2 2 3 1 2 2 1 2 2 1 2 1 2 1 2 2 1 3 1 1 2 1 2 2 2 1 1 1 2 1 1 1 1 2 1 2 1 2 1 1 2 2 2 2 2 1 1 1 3 1 2 2 2 2 2 2 1 1 1 1 1 2 1 2 1 2 1 2 2 2 1 1 1 2 2 2 2 1 1 3 1 1 3 1 1 2 2 2 1 1 1 2 2 1 2 1 2 1 2 1 1 2 2 2 1 2 2 1 2 1 1 3 1 2 2 1 1 1 3 1 1 2 2 1 1 1 2 2 2 1 1 1 1 1 1 1 1 1 2 1 1 1 2 1 4 2 2 2 1 3 1 2 1 2 1 2 1 1 2 1 1 3 2 3 2 1 2 2 1 2 1 2 1 2 1 2 1 1 3 1 2 1 3 2 2 1 2 1 2 1 1 1 2 1 1 2 2 2 2 1 1 2 3 2 2 2 2 2 2 3 1 1 2 3 1 3 1 2 1 1 1 2 1 2 1 1 1 2 1 1 1 2 1 2 1 2 2 2 1 2 2 2 1 2 2 1 2 2 1 1 2 1 1 1 3 3 3 1 1 1 2 1 1 1 1 2 2 2 2 1 1 2 1 1 1 1 1 1 1 2 1 1 2 1 3 1 1 1 2 1 1 1 1 1 1 2 1 2 1 2 1 1 2 2 1 1 2 2 2 1 2 1 1 1 1 2 1 1 1 1 1 2 1 2 3 1 2 1 1 1 1 1 2 1 1 1 1 1 1 3 2 2 1 1 1 1 2 1 3 1 1 1 1 3 2 2 1 1 1 1 1 2 1 1 1 2 2 1 1 2 2
0.628428
0.371508
0.000063
0.481411
0.516931
0.001658
0.016998 0.005980
0.560116 0.091073
0.135494 0.190337
0.088189
0.806217
0.105594
0.605696
0.394081
0.000223
0.294748 0.342474
0.055170 0.307550
0.000006 0.000052
0.193258 0.620115
0.002428 0.161036
0.000979 0.022185
0.035211
0.902793
0.061997
0.104662 0.877817
0.000047 0.017472
0.000000 0.000001
0.295720 0.055040
0.089242 0.005378
0.272141 0.282478
0.950990
0.007451
0.041559
0.513014
0.270699
0.216287
0.018196
0.329993
0.651812
0.025226
0.850374
0.124399
0.304229 0.014287 0.000259
0.013214 0.000072 0.000000
0.499178 0.146767 0.021994
0.123169
0.800518
0.076313
0.318108
0.014462
0.667430
0.162177 0.145355
0.231259 0.424923
0.006764 0.029522
0.110126 0.226615 0.195700 0.094861
0.017164 0.118220 0.160553 0.076626
0.000003 0.000017 0.000043 0.000072
0.164822
0.531907
0.303271
0.948479
0.026299
0.025222
0.424512 0.182341
0.290492 0.102421
0.000075 0.000158
0.404769
0.116064
0.479167
0.052515
0.503019
0.444466
0.218509 0.411804
0.043361 0.259045
0.010625 0.056656
0.636555
0.185046
0.178399
0.019336
0.531949
0.448715
0.568926
0.425512
0.005563
0.627807
0.080541
0.291652
0.017385 0.000153
0.100867 0.000026
0.790791 0.090778
0.879574
0.119933
0.000494
0.862530
0.136397
0.001073
0.078504 0.052744
0.453009 0.405915
0.002558 0.007270
0.445243 0.157430
0.328217 0.068848
0.000088 0.000174
0.242965
0.465651
0.291384
0.991359
0.008467
0.000174
0.454882 0.152679
0.292877 0.099331
0.000066 0.000164
0.014282 0.015371
0.221146 0.612272
0.022689 0.114241
0.575104
0.424701
0.000195
0.394382 0.215440
0.246535 0.143454
0.000049 0.000139
0.020585
0.214758
0.764657
0.413063
0.032186
0.554751
0.085829 0.521098
0.001854 0.386555
0.000132 0.004532
0.251545
0.459004
0.289451
0.674996
0.316717
0.008287
0.948008 0.003268
0.001154 0.000000
0.046207 0.001363
0.506014
0.456972
0.037013
0.268610
0.685115
0.046276
0.424751 0.121236
0.340984 0.037571
0.035257 0.040200
0.140699
0.206471
0.652829
0.584863
0.415046
0.000091
0.578730
0.421072
0.000198
0.929393
0.070600
0.000007
0.403566 0.205385
0.259648 0.131198
0.000059 0.000145
0.583113
0.416791
0.000096
0.093808
0.001222
0.904969
0.877034
0.112149
0.010817
0.949025
0.022057
0.028919
0.042735 0.040006 0.015493
0.264763 0.326576 0.073915
0.032174 0.087581 0.116757
0.842797
0.157194
0.000010
0.554210 0.085744
0.345431 0.014182
0.000230 0.000203
0.217778
0.760734
0.021489
0.065338
0.832775
0.101887
0.427098 0.193918
0.231986 0.146825
0.000034 0.000139
0.017004
0.240229
0.742767
0.626572
0.373368
0.000060
0.016414 0.002051
0.562330 0.022601
0.179940 0.216664
0.613140
0.377226
0.009634
0.350495 0.049812
0.064513 0.003201
0.307850 0.224128
0.038569 0.874256
0.000020 0.086222
0.000009 0.000924
0.153984 0.157131
0.144523 0.510408
0.004194 0.029759
0.070993 0.915370
0.000010 0.013627
0.000000 0.000000
0.124443
0.806202
0.069355
0.060525 0.314142 0.572008
0.000050 0.003374 0.029939
0.000206 0.002815 0.016941
0.523135
0.453013
0.023852
0.109302
0.078632
0.812066
0.016871 0.001228
0.499291 0.005851
0.267757 0.209002
0.246105
0.589238
0.164658
0.422220 0.025840
0.387935 0.003319
0.096682 0.064005
0.023385
0.693314
0.283300
0.879503
0.119314
0.001183
0.566072
0.433787
0.000141
0.110829 0.002572
0.297788 0.000314
0.456410 0.132087
0.097105 0.107503
0.189975 0.568814
0.005888 0.030715
0.697149 0.042710
0.069830 0.001503
0.145721 0.043087
0.013587 0.009123
0.499513 0.468184
0.002184 0.007410
0.601853
0.398073
0.000074
0.156578
0.744130
0.099292
0.332823
0.014969
0.652207
0.842978
0.157006
0.000016
0.555438
0.066753
0.377809
0.086164
0.783703
0.130133
0.057925 0.098317 0.046119
0.059112 0.419630 0.271022
0.001780 0.012441 0.033655
0.048464 0.057626 0.023736
0.154098 0.409377 0.133713
0.013693 0.056669 0.102624
0.898338 0.050415
0.024826 0.000100
0.019052 0.007269
0.025623
0.850474
0.123902
0.853366
0.000284
0.146350
0.348927
0.646780
0.004293
0.673040
0.326915
0.000046
0.151037
0.766412
0.082551
0.016095 0.041616 0.037570
0.018063 0.274849 0.535817
0.002133 0.016653 0.057203
0.613257
0.386695
0.000048
0.062874 0.042573
0.374125 0.356708
0.037301 0.126420
0.194102 0.548592
0.005281 0.252012
0.000001 0.000012
0.661240 0.002162
0.010967 0.000000
0.310021 0.015609
0.101378 0.093729 0.030267
0.274788 0.402167 0.075642
0.002415 0.007985 0.011629
0.497486 0.118067
0.347602 0.036500
0.000153 0.000192
0.939118
0.024958
0.035924
0.113031
0.882781
0.004189
0.193479 0.550069
0.005052 0.251388
0.000001 0.000012
0.945382
0.034166
0.020452
0.590783
0.408994
0.000223
0.947312
0.004744
0.047945
0.978682
0.019911
0.001408
0.899556
0.100434
0.000010
0.336681 0.025706
0.032604 0.000610
0.351794 0.252604
0.059007 0.061023
0.233578 0.598166
0.008133 0.040093
0.557434
0.442408
0.000158
0.872583
0.120254
0.007163
0.131374
0.867573
0.001053
0.907607 0.043272
0.021315 0.000081
0.021045 0.006681
0.118379
0.000514
0.881107
0.178063
0.819108
0.002828
0.053850 0.084095
0.102608 0.694674
0.008024 0.056749
0.606572 0.067337
0.318857 0.006721
0.000309 0.000204
0.699720
0.300242
0.000038
0.424052
0.555511
0.020437
0.033874 0.021278
0.427358 0.340844
0.043682 0.132964
0.933616
0.063628
0.002756
0.379346 0.233223
0.220359 0.166899
0.000045 0.000128
0.167949 0.096271
0.362951 0.237416
0.039404 0.096008
0.486508
0.155370
0.358122
0.014522 0.013943
0.258338 0.560044
0.027081 0.126072
0.021892
0.397378
0.580731
0.443142
0.541165
0.015693
0.848348
0.151636
0.000016
0.783454
0.210415
0.006132
0.219345 0.047972
0.525912 0.057631
0.072913 0.076227
0.014864 0.012849
0.322607 0.465108
0.042321 0.142251
0.505791 0.143796
0.299700 0.050346
0.000189 0.000177
0.406224 0.371781
0.063061 0.124125
0.006276 0.028534
0.148100
0.810293
0.041607
0.802427
0.197552
0.000021
0.074887
0.879275
0.045838
0.431103 0.182882
0.250984 0.134835
0.000050 0.000146
0.176407 0.813253
0.000164 0.009983
0.000011 0.000181
0.051147 0.149517 0.221223 0.214851
0.003402 0.038163 0.123637 0.186565
0.000208 0.001100 0.003255 0.006931
0.149923
0.621310
0.228767
0.569736
0.430158
0.000107
0.534714
0.238736
0.226551
0.098872 0.003214
0.203396 0.000821
0.578022 0.115675
0.682531
0.317423
0.000047
0.066364 0.045397
0.372101 0.365249
0.033672 0.117216
0.138921
0.857324
0.003755
0.306987 0.320480
0.105806 0.266635
0.000016 0.000076
0.183213 0.038136
0.637486 0.074142
0.023203 0.043821
0.021646
0.670714
0.307640
0.143585 0.005847
0.694534 0.001745
0.102731 0.051558
0.071844 0.033127
0.675905 0.207131
0.004381 0.007612
0.251108 0.638445
0.003674 0.040989
0.008402 0.057382
0.979888
0.020110
0.000002
0.609046 0.062198 0.003198
0.187926 0.002391 0.000011
0.092751 0.034925 0.007553
0.392338 0.324725
0.019029 0.049314
0.027110 0.187484
0.592784
0.406989
0.000228
0.135513 0.317125
0.042877 0.476476
0.003104 0.024905
0.957328
0.018622
0.024050
0.188745 0.349357 0.168385
0.003583 0.037811 0.026596
0.006382 0.053446 0.165693
0.014343 0.015058
0.230679 0.598860
0.023920 0.117139
0.442269
0.525833
0.031898
0.527898 0.094525
0.360319 0.016866
0.000190 0.000203
0.798135 0.139709
0.040353 0.003044
0.010123 0.008637
0.519427
0.454740
0.025834
0.705682
0.294275
0.000042
0.113943
0.826641
0.059416
0.415305 0.192404
0.303383 0.088659
0.000088 0.000161
0.063953 0.934713
0.000003 0.001321
0.000000 0.000009
0.095812
0.899996
0.004191
0.057665
0.839064
0.103271
0.391071 0.219321
0.240870 0.148555
0.000046 0.000136
0.936574
0.040081
0.023344
0.134995 0.848196
0.000090 0.016194
0.000022 0.000504
0.933047
0.016707
0.050247
0.974854
0.024489
0.000657
0.312436 0.009071
0.003908 0.000006
0.560583 0.113997
0.326069
0.025250
0.648681
0.986484
0.013514
0.000002
0.403187
0.495098
0.101715
0.613109
0.386515
0.000376
0.088975
0.000592
0.910433
0.483622 0.121283
0.360829 0.033942
0.000131 0.000193
0.175282
0.705926
0.118792
0.642816
0.357131
0.000053
0.026481
0.955259
0.018260
0.998445
0.001493
0.000061
0.094935
0.863449
0.041615
0.098286
0.179864
0.721850
0.289143
0.674340
0.036517
0.769135
0.230838
0.000027
0.878316 0.054829
0.042652 0.000382
0.014240 0.009581
0.029843 0.064908 0.049906
0.035746 0.349066 0.465957
0.000170 0.001121 0.003283
0.444432 0.320916
0.089826 0.098293
0.010357 0.036176
0.470734
0.046682
0.482584
0.096721 0.343061
0.016988 0.524346
0.001436 0.017447
0.262050
0.004694
0.733256
0.212464
0.761249
0.026287
0.310869 0.326609
0.119878 0.242542
0.000021 0.000080
0.090805
0.901574
0.007620
0.205431
0.759097
0.035472
0.261967
0.618869
0.119164
0.051156 0.105017
0.035773 0.793970
0.000870 0.013214
0.986029
0.013043
0.000928
0.579552 0.050207
0.360946 0.008809
0.000271 0.000215
0.939185
0.045560
0.015255
0.893120
0.001535
0.105345
0.017762
0.056268
0.925969
0.322503
0.650583
0.026914
0.048301 0.062183
0.096649 0.719509
0.006534 0.066825
0.016670 0.012212
0.279479 0.528291
0.023310 0.140038
0.297036 0.321264
0.121283 0.260315
0.000021 0.000082
0.968325
0.030368
0.001307
0.314130 0.311149
0.115970 0.258652
0.000018 0.000081
0.331710 0.290281
0.143972 0.233920
0.000024 0.000094
0.582920
0.416798
0.000282
0.202435 0.260223 0.144502
0.013057 0.030715 0.016330
0.033615 0.111599 0.187524
0.310168 0.062730 0.006810
0.025297 0.002608 0.000128
0.300710 0.204356 0.087193
0.219606 0.297100
0.087401 0.394509
0.000199 0.001185
0.134896 0.259085
0.046104 0.528643
0.003249 0.028023
0.082849 0.001875
0.754630 0.000510
0.136848 0.023287
0.344659 0.264397
0.201141 0.189646
0.000042 0.000116
0.026340
0.879008
0.094652
0.057411 0.051094
0.295024 0.492040
0.021258 0.083173
0.902608
0.090367
0.007025
0.513848
0.453985
0.032168
0.089092 0.900049
0.000022 0.010746
0.000003 0.000089
0.940911
0.042444
0.016645
0.732506
0.267462
0.000031
0.045028
0.468529
0.486444
0.269874 0.003088
0.002704 0.000000
0.662726 0.061608
0.326052 0.512798
0.020472 0.123651
0.002246 0.014781
0.475472
0.224892
0.299636
0.175884 0.727565
0.001813 0.094731
0.000001 0.000006
0.567134
0.432737
0.000129
0.021554
0.778435
0.200011
0.564033
0.435831
0.000136
0.153923 0.831648
0.000135 0.013660
0.000038 0.000596
0.255976
0.705657
0.038367
0.019994
0.967575
0.012431
0.090639
0.622272
0.287089
0.755481
0.239002
0.005517
0.069931
0.829826
0.100244
0.067453 0.223596
0.023943 0.683674
0.000104 0.001229
0.659157
0.340446
0.000397
0.240295
0.709738
0.049967
0.114100
0.798460
0.087440
0.072004 0.254011
0.013743 0.655052
0.000336 0.004854
0.387416 0.223538
0.234353 0.154514
0.000045 0.000134
0.316352 0.308571
0.119518 0.255458
0.000018 0.000083
0.056177 0.001677
0.223281 0.000242
0.589444 0.129179
0.125797 0.025768
0.546710 0.071969
0.088236 0.141520
0.142252
0.688441
0.169307
0.021952
0.690028
0.288020
0.099086 0.114275
0.108532 0.618244
0.005838 0.054025
0.106821
0.568742
0.324437
0.933606
0.066387
0.000007
0.757586
0.242381
0.000032
0.056675
0.938079
0.005246
0.299283 0.201167 0.047210
0.235661 0.163961 0.014629
0.006010 0.015185 0.016893
0.312456 0.247137
0.172146 0.239251
0.005805 0.023205
0.200962 0.056926
0.475974 0.060753
0.078731 0.126655
0.018201 0.027374 0.014192
0.096087 0.446943 0.248808
0.008539 0.043453 0.096403
0.151947
0.821552
0.026501
0.067942 0.084976
0.158066 0.611082
0.011675 0.066258
0.761417
0.234790
0.003793
0.401603 0.193230
0.035222 0.024441
0.077467 0.268036
0.034680 0.019207
0.471389 0.282900
0.049672 0.142153
0.385313
0.176794
0.437894
0.088946 0.127152
0.151853 0.600620
0.005474 0.025956
0.678062
0.321895
0.000043
0.309394
0.020418
0.670189
0.031505
0.967999
0.000496
0.014820 0.012555
0.306059 0.492818
0.033715 0.140033
0.030066 0.055484 0.026779
0.042954 0.442786 0.311777
0.002592 0.021477 0.066085
0.014670 0.017994
0.175869 0.685205
0.015623 0.090640
0.064066
0.878435
0.057499
0.093704 0.060329
0.431010 0.366242
0.011433 0.037282
0.128418
0.821369
0.050213
0.705341 0.008376
0.137633 0.000113
0.130846 0.017691
0.069343
0.924267
0.006389
0.068538
0.650312
0.281149
0.057681
0.823336
0.118983
0.618698
0.240979
0.140323
0.078368 0.281090 0.371836
0.002607 0.057304 0.208770
0.000001 0.000005 0.000019
0.142751 0.787087
0.000632 0.069527
0.000000 0.000003
0.570621
0.340761
0.088618
0.204510
0.744699
0.050791
0.641113
0.358831
0.000056
0.951896
0.019236
0.028868
0.374566 0.133456
0.401290 0.086901
0.001279 0.002508
0.975361
0.014387
0.010252
0.338594 0.034855
0.028354 0.000424
0.363204 0.234569
0.687631
0.311922
0.000446
0.345838 0.272494
0.165410 0.216126
0.000028 0.000104
0.224463 0.489633
0.021059 0.264815
0.000003 0.000026
0.711359
0.086720
0.201921
0.276405
0.695754
0.027841
0.450439 0.166091
0.322429 0.060745
0.000121 0.000174
0.389386 0.225860
0.248547 0.135990
0.000078 0.000139
0.040028 0.048145
0.113802 0.719863
0.007351 0.070811
0.277957
0.606564
0.115478
0.735342
0.084899
0.179759
0.092681 0.906405
0.000001 0.000438
0.000018 0.000458
0.174894
0.741228
0.083879
0.053446 0.033246 0.005498
0.367962 0.289286 0.016988
0.028801 0.092653 0.112121
0.092077
0.899934
0.007989
0.021759
0.223846
0.754394
0.311259 0.248763
0.169792 0.241494
0.005711 0.022980
0.226383
0.012002
0.761615
0.912331
0.087664
0.000005
0.055417 0.121858
0.055734 0.722665
0.004512 0.039814
0.636196
0.363460
0.000343
0.245683 0.205600 0.059705
0.021670 0.025245 0.003650
0.053572 0.164236 0.220640
0.275030 0.595537
0.003802 0.054164
0.006961 0.064504
0.320998
0.055297
0.623705
0.065984 0.012071
0.840246 0.046669
0.017173 0.017857
0.153033
0.804330
0.042637
0.981838
0.018162
0.000000
0.564305
0.435568
0.000127
0.087599
0.155938
0.756463
0.015934 0.004861
0.561137 0.086621
0.123014 0.208433
0.395422
0.566244
0.038334
0.118680
0.807959
0.073361
0.582895 0.364097
0.020165 0.027033
0.000902 0.004907
0.017797 0.002412
0.482479 0.017458
0.273335 0.206518
0.954621
0.015931
0.029448
0.376223 0.236598
0.215239 0.171773
0.000042 0.000125
0.061763 0.937578
0.000000 0.000656
0.000000 0.000004
0.126118 0.815253
0.000496 0.057582
0.000026 0.000524
0.954360
0.042626
0.003014
0.219958
0.757924
0.022119
0.056502
0.756181
0.187317
0.486066
0.049448
0.464485
0.794260
0.205564
0.000176
0.440253 0.509426
0.010748 0.035995
0.000554 0.003023
0.150047
0.503488
0.346465
0.305900
0.341402
0.352698
0.076646 0.047860
0.472032 0.374844
0.006724 0.021893
0.894908
0.105081
0.000011
0.069099
0.865506
0.065395
0.038322 0.064706 0.039447
0.071496 0.374275 0.297298
0.006299 0.032493 0.075664
0.323883 0.075702
0.471586 0.039366
0.038033 0.051430
0.922048
0.077947
0.000004
0.955737
0.019326
0.024937
0.057609
0.853802
0.088588
0.069237 0.044916
0.306502 0.439952
0.021627 0.117766
0.073255 0.905423
0.000046 0.021275
0.000000 0.000000
0.021764
0.457313
0.520924
0.980749
0.016176
0.003074
0.546566
0.382133
0.071301
0.510487
0.485687
0.003826
0.055602 0.193084
0.011559 0.722521
0.000754 0.016480
0.100126
0.813050
0.086825
0.155926 0.105611 0.028423
0.336795 0.242814 0.039501
0.016404 0.036023 0.038504
0.178211
0.768862
0.052927
0.040111
0.873599
0.086290
0.017151 0.017719
0.321227 0.643310
0.000123 0.000470
0.010514 0.040168 0.052302
0.003307 0.145331 0.715986
0.000465 0.005347 0.026579
0.067332 0.048198
0.283963 0.469394
0.020879 0.110234
0.500186
0.060911
0.438903
0.057266 0.123043
0.089049 0.670903
0.008763 0.050976
0.106683
0.442549
0.450768
0.962133
0.037865
0.000002
0.974730
0.024292
0.000978
0.213331
0.001472
0.785197
0.568973
0.430859
0.000169
0.021784 0.002022
0.338423 0.003942
0.445470 0.188359
0.125494 0.049647
0.571372 0.160473
0.029967 0.063048
0.280781 0.049574
0.354311 0.015524
0.145333 0.154476
0.971926
0.017732
0.010342
0.115940
0.882741
0.001319
0.409079 0.080408
0.471070 0.031344
0.003867 0.004232
0.110598 0.004847
0.463382 0.001160
0.321718 0.098294
0.250830 0.410161
0.052037 0.286916
0.000009 0.000047
0.183022 0.051122
0.674313 0.091543
0.000000 0.000000
0.015836 0.005750
0.542247 0.127753
0.105538 0.202876
0.015299
0.137132
0.847569
0.065426
0.857787
0.076786
0.523322
0.444061
0.032617
0.009914 0.044800 0.085350 0.091741
0.000897 0.030440 0.206513 0.501590
0.000153 0.001435 0.006672 0.020494
0.036049 0.064014
0.103800 0.791659
0.000550 0.003928
0.679500
0.320470
0.000030
0.201757 0.523837
0.006839 0.267552
0.000001 0.000014
0.163278
0.013435
0.823287
0.133263 0.011986
0.499288 0.013178
0.188506 0.153780
0.260010
0.634221
0.105769
0.979856
0.019403
0.000741
0.049115 0.446484
0.001196 0.502101
0.000024 0.001079
0.880966
0.119022
0.000012
0.248704 0.270274 0.102962
0.102084 0.215932 0.059844
0.000018 0.000068 0.000114
0.332391 0.241344 0.048864
0.170250 0.187297 0.019580
0.000030 0.000104 0.000140
0.056326 0.185028
0.033777 0.709246
0.001599 0.014024
0.016348 0.003665
0.555949 0.045012
0.166948 0.212077
0.268291 0.105239 0.017419 0.001625
0.030723 0.005107 0.000172 0.000002
0.166069 0.212690 0.135495 0.057167
0.069565
0.838573
0.091862
0.333390 0.218871
0.217730 0.194668
0.008028 0.027312
0.936497
0.057247
0.006256
0.070373 0.016290 0.001530
0.473376 0.037537 0.000714
0.171284 0.157273 0.071623
0.029225 0.054293
0.074378 0.789941
0.005554 0.046608
0.088979 0.900557
0.000028 0.010435
0.000000 0.000000
0.319497 0.017849
0.016554 0.000090
0.474358 0.171652
0.330152 0.289837
0.137658 0.242240
0.000021 0.000092
0.714632
0.086887
0.198481
0.098863
0.747034
0.154104
0.406889
0.255831
0.337280
0.564649
0.435202
0.000149
0.099073 0.050914
0.526296 0.264907
0.015845 0.042965
0.714767
0.277394
0.007839
0.349774 0.166921
0.040747 0.013196
0.152176 0.277186
0.015187 0.024059
0.135389 0.825048
0.000042 0.000275
0.071976
0.177376
0.750649
0.462566
0.146578
0.390855
0.010306 0.011692 0.004596
0.180954 0.430483 0.126179
0.019831 0.078821 0.137137
0.860586
0.139405
0.000008
0.300787
0.666424
0.032790
0.505086
0.473567
0.021346
0.819490
0.074649
0.105862
0.195828 0.639948
0.005644 0.158567
0.000001 0.000012
0.022404
0.701115
0.276481
0.411316 0.055757
0.377601 0.013663
0.080695 0.060969
0.590552
0.409324
0.000123
0.052390 0.132987
0.020913 0.769241
0.001270 0.023198
0.277128
0.699100
0.023772
0.582416
0.417487
0.000097
0.275628
0.568375
0.155997
0.377881 0.371107
0.014918 0.055621
0.020604 0.159868
0.192760
0.724223
0.083017
0.020805
0.541782
0.437413
0.989053
0.010711
0.000236
0.248587
0.620115
0.131298
0.311017 0.145566
0.336263 0.138527
0.020079 0.048548
0.907290
0.092704
0.000006
0.200253 0.283979 0.138202
0.053393 0.219097 0.104932
0.000009 0.000043 0.000092
0.601545
0.398307
0.000148
0.020814
0.318914
0.660272
0.141514
0.001127
0.857359
0.046443 0.085913
0.082212 0.719355
0.007689 0.058387
0.262629
0.572412
0.164959
0.242917 0.437547
0.034672 0.284824
0.000005 0.000036
0.127843
0.609126
0.263031
0.975391
0.015362
0.009247
0.783769
0.127091
0.089140
0.139266
0.789211
0.071524
0.299211 0.330262
0.094525 0.275917
0.000014 0.000071
0.126137 0.198669
0.111965 0.541341
0.003597 0.018291
0.014817 0.012581
0.308251 0.489479
0.034613 0.140259
0.934323 0.022070
0.011001 0.000011
0.027830 0.004766
0.063982 0.031401
0.508867 0.228977
0.045869 0.120904
0.290121 0.032814
0.097687 0.003030
0.357948 0.218399
0.436612
0.190990
0.372398
0.999299
0.000686
0.000014
0.655939
0.343668
0.000392
0.175433
0.791059
0.033508
0.366619 0.160044
0.039878 0.015086
0.138699 0.279674
0.019927
0.746393
0.233680
0.270215
0.686139
0.043647
0.621587
0.378360
0.000053
0.767595
0.231659
0.000747
0.478864 0.109937 0.011566
0.369760 0.022105 0.000375
0.003533 0.002735 0.001125
0.511863 0.437335
0.012730 0.034003
0.000522 0.003547
0.973146
0.022002
0.004852
0.131832 0.026407
0.488540 0.048050
0.156977 0.148194
0.107581
0.443662
0.448757
0.652771
0.347176
0.000052
0.341561 0.288485
0.098143 0.271724
0.000011 0.000077
0.567486
0.432347
0.000166
0.029897 0.035870
0.177543 0.666722
0.013315 0.076653
0.033748
0.958969
0.007283
0.324076 0.488137
0.023497 0.147350
0.002147 0.014792
0.926217
0.031540
0.042244
0.016663 0.004974
0.836245 0.124344
0.006705 0.011069
0.660889
0.339056
0.000056
0.612822
0.068431
0.318747
0.835424
0.164559
0.000018
0.741502
0.258462
0.000036
0.181133 0.139234
0.193674 0.403636
0.011486 0.070836
0.812766
0.170453
0.016782
0.461731
0.537586
0.000683
0.451707 0.152524
0.329612 0.065883
0.000097 0.000176
0.353993 0.190208
0.265509 0.147820
0.011009 0.031462
0.066623
0.917002
0.016374
0.080342 0.106385
0.132793 0.629280
0.007052 0.044148
0.139455
0.828979
0.031565
0.015788 0.006599
0.493569 0.149737
0.141750 0.192557
0.225469 0.706416
0.001275 0.031325
0.003440 0.032074
0.782723
0.217253
0.000024
0.349125 0.059363
0.035756 0.002008
0.288365 0.265382
0.400013
0.028752
0.571235
0.106403
0.577427
0.316170
0.295156 0.195903
0.190976 0.277444
0.006515 0.034007
0.312245 0.531392
0.014904 0.127418
0.001605 0.012435
0.287254 0.345349
0.077781 0.289542
0.000011 0.000063
0.171081 0.512465
0.009519 0.306596
0.000025 0.000313
0.880370
0.027152
0.092478
0.019519
0.598088
0.382393
0.989629
0.009653
0.000718
0.257479
0.649665
0.092856
0.588348
0.411423
0.000230
0.014363 0.015250
0.232440 0.596246
0.024536 0.117165
0.604410 0.108796
0.161793 0.007911
0.056887 0.060204
0.200038
0.772097
0.027866
0.074530 0.921803
0.000004 0.003663
0.000000 0.000000
0.738403
0.077471
0.184126
0.325152 0.033324 0.001307
0.019328 0.000205 0.000000
0.390025 0.187828 0.042830
0.360705 0.597873
0.003685 0.036140
0.000139 0.001459
0.172428 0.120054
0.227409 0.393034
0.012500 0.074576
0.046321 0.132172 0.099613
0.008824 0.238218 0.463416
0.000178 0.002091 0.009166
0.070467 0.615692
0.000439 0.310170
0.000060 0.003172
0.492088
0.501304
0.006608
0.751566
0.114439
0.133995
0.951177
0.048817
0.000005
0.974448
0.025549
0.000003
0.936924
0.060613
0.002462
0.628525
0.371049
0.000426
0.675069
0.324886
0.000045
0.977403
0.009750
0.012848
0.022772
0.693936
0.283292
0.456971
0.129490
0.413540
0.172364 0.790372
0.000178 0.027038
0.000319 0.009729
0.655658
0.208189
0.136153
0.114996 0.859005
0.000087 0.025911
0.000000 0.000001
0.092953
0.904031
0.003016
0.244564 0.425344
0.043457 0.286586
0.000007 0.000042
0.582082
0.172382
0.245536
0.948551
0.051444
0.000005
0.023385
0.828167
0.148447
0.910135
0.083667
0.006198
0.585516
0.414193
0.000291
0.377155
0.620193
0.002652
0.307709 0.288854
0.052456 0.181593
0.019547 0.149840
0.367594
0.612942
0.019463
0.016878 0.003093 0.000210
0.453514 0.016854 0.000106
0.242665 0.194686 0.071994
0.082875 0.012003
0.521775 0.019843
0.199658 0.163845
0.568729
0.431129
0.000142
0.417636 0.191418
0.275597 0.115123
0.000073 0.000152
0.442608 0.348825
0.070596 0.094220
0.009166 0.034586
0.018466 0.002057
0.442971 0.012088
0.323700 0.200719
0.324213 0.289753
0.167114 0.218786
0.000033 0.000101
0.514786
0.464593
0.020621
0.357801 0.271752
0.123825 0.246517
0.000015 0.000089
0.822954
0.064913
0.112133
0.657442 0.094655
0.129195 0.004173
0.061789 0.052745
0.388371
0.556327
0.055301
0.588457
0.411323
0.000220
0.305573 0.081654 0.011052
0.027251 0.002903 0.000119
0.257980 0.212520 0.100948
0.949278
0.047313
0.003408
0.644144
0.214083
0.141773
0.292175 0.101866
0.501426 0.101312
0.001090 0.002130
0.002915
0.988466
0.008619
0.021797
0.680076
0.298126
0.048709 0.032263
0.426409 0.387545
0.024080 0.080995
0.948192
0.051805
0.000003
0.934499
0.028124
0.037376
0.126094 0.628717
0.003002 0.236313
0.000319 0.005555
0.370763
0.605252
0.023985
0.165640 0.006087 0.000127
0.118412 0.000215 0.000000
0.607975 0.092547 0.008996
0.380673 0.232791
0.221552 0.164808
0.000048 0.000128
0.096061 0.062145
0.446609 0.379785
0.003753 0.011648
0.739609 0.199898
0.039680 0.004586
0.008018 0.008208
0.090222
0.733242
0.176537
0.691592
0.308367
0.000040
0.353663 0.487391
0.016937 0.128834
0.001207 0.011967
0.021271 0.000915
0.261224 0.000592
0.549537 0.166460
0.114425 0.013423
0.660795 0.016525
0.115769 0.079063
0.423085 0.193955
0.234584 0.148197
0.000041 0.000139
0.194287 0.532328
0.009654 0.259626
0.000322 0.003783
0.581571
0.418338
0.000091
0.069926
0.842045
0.088029
0.405513 0.203876
0.260569 0.129835
0.000062 0.000145
0.069395 0.075636
0.212127 0.620327
0.003630 0.018886
0.606636
0.393136
0.000229
0.339517 0.199838
0.274240 0.140808
0.014142 0.031456
0.023682
0.811809
0.164510
0.576292
0.423455
0.000253
0.079634 0.029732
0.718112 0.158029
0.006187 0.008308
0.031657 0.030675
0.278780 0.534508
0.024878 0.099502
0.019023 0.001758
0.409895 0.007499
0.366091 0.195734
0.214452
0.001703
0.783845
0.021625
0.629758
0.348617
0.415112 0.099039
0.440573 0.040391
0.002080 0.002805
0.101887
0.875732
0.022381
0.063046 0.100280
0.099866 0.723285
0.001632 0.011890
0.096890
0.770118
0.132993
0.045473 0.039920
0.305821 0.528621
0.015363 0.064802
0.028413
0.865077
0.106510
0.301206 0.336703
0.104113 0.257888
0.000017 0.000073
0.943444
0.052915
0.003641
0.102180
0.792231
0.105589
0.107329
0.868457
0.024213
0.342635 0.397667
0.016124 0.054052
0.029400 0.160121
0.225873 0.003413
0.255506 0.000747
0.452573 0.061887
0.161255 0.176753
0.113411 0.493262
0.006229 0.049090
0.966489
0.032106
0.001405
0.098639 0.030664
0.644000 0.170236
0.014488 0.041973
0.592669
0.194705
0.212626
0.452222
0.543218
0.004560
0.020704
0.809502
0.169794
0.203114
0.770231
0.026655
0.812331
0.186817
0.000852
0.281916 0.345280
0.097275 0.275441
0.000017 0.000070
0.365158 0.250036
0.197373 0.187277
0.000038 0.000117
0.067417 0.085483
0.148966 0.623044
0.010821 0.064270
0.170981
0.795711
0.033308
0.188856 0.073926
0.501968 0.135127
0.032029 0.068094
0.897478
0.102515
0.000007
0.028433
0.867770
0.103797
0.253851 0.242354
0.171104 0.330404
0.000446 0.001842
0.019562 0.014480
0.366423 0.598881
0.000112 0.000542
0.958765
0.041231
0.000004
0.194759 0.283517 0.145428
0.051677 0.209833 0.114648
0.000009 0.000042 0.000088
0.017626 0.003092
0.605568 0.047009
0.122196 0.204510
0.138360 0.187378
0.135352 0.506713
0.005195 0.027003
0.020224 0.042594 0.031046
0.036387 0.363788 0.444653
0.002239 0.015020 0.044048
0.111921
0.680371
0.207709
0.015504 0.008817
0.449097 0.286686
0.061446 0.178449
0.773119
0.226156
0.000725
0.666737
0.333216
0.000047
0.158219
0.651620
0.190161
0.186766
0.004240
0.808994
0.567745
0.432129
0.000125
0.365533 0.173665
0.290153 0.123343
0.013665 0.033640
0.345821 0.046457
0.033993 0.000842
0.313345 0.259541
0.662558
0.087047
0.250395
0.050366
0.107494
0.842141
0.022382
0.343250
0.634368
0.037722 0.006032
0.617586 0.041444
0.119195 0.178022
0.066996 0.074487 0.023360
0.181900 0.498162 0.136829
0.001228 0.005897 0.011141
0.550388
0.449455
0.000157
0.990179
0.009418
0.000402
0.080317
0.863177
0.056505
0.133701 0.252823
0.031478 0.558023
0.001606 0.022369
0.002588
0.989334
0.008078
0.790687
0.209149
0.000164
0.180841 0.047090
0.617149 0.077630
0.032739 0.044551
0.063139
0.892092
0.044768
0.613766
0.076763
0.309471
0.276947
0.722347
0.000707
0.014253 0.015417
0.217273 0.617737
0.022098 0.113222
0.095675
0.762222
0.142103
0.233444 0.355937
0.049032 0.287564
0.009778 0.064244
0.559900
0.440016
0.000084
0.021609
0.708718
0.269674
0.098384 0.886606
0.000044 0.014965
0.000000 0.000001
0.101851
0.777024
0.121125
0.089664
0.907773
0.002563
0.090805 0.033835
0.696207 0.164235
0.004857 0.010062
0.296270 0.004175
0.001910 0.000001
0.646102 0.051541
0.705548
0.069750
0.224702
0.074708 0.058815
0.413891 0.413968
0.010138 0.028480
0.053622 0.088299
0.056486 0.757556
0.003218 0.040820
0.136295 0.084834
0.391149 0.305225
0.020725 0.061773
0.463711
0.519662
0.016626
0.575051
0.414325
0.010625
0.456872
0.542449
0.000679
0.375381
0.023844
0.600775
0.076667 0.921790
0.000002 0.001532
0.000000 0.000009
0.985892
0.013582
0.000526
0.226743 0.474359
0.020190 0.278678
0.000003 0.000027
0.646028
0.353919
0.000053
0.156017 0.099818
0.295645 0.418067
0.004664 0.025789
0.551897
0.431384
0.016719
0.139108 0.796267
0.000571 0.064051
0.000000 0.000003
0.899135
0.091323
0.009543
0.068938
0.847901
0.083161
0.970168
0.029831
0.000002
0.489842
0.251292
0.258866
0.043706 0.956041
0.000000 0.000179
0.000001 0.000074
0.170682 0.695743
0.002049 0.131519
0.000000 0.000007
0.108042
0.885623
0.006335
0.984266
0.015389
0.000345
0.112245
0.854785
0.032970
0.110940
0.873446
0.015614
0.940171
0.057046
0.002783
0.105157 0.164790
0.089950 0.612744
0.003384 0.023976
0.427681
0.514496
0.057823
0.552343 0.025278
0.346256 0.001121
0.048178 0.026824
0.530389 0.414261
0.020982 0.028353
0.001211 0.004804
0.576196
0.423711
0.000093
0.971024
0.028173
0.000803
0.763082
0.236891
0.000027
0.052250 0.943926
0.000001 0.003823
0.000000 0.000000
0.294984
0.622434
0.082583
0.415768 0.191077
0.281212 0.111724
0.000065 0.000154
0.110629 0.864840
0.000096 0.024434
0.000000 0.000001
0.116271 0.873621
0.000066 0.006262
0.000190 0.003590
0.151136
0.820328
0.028535
0.448825 0.163189
0.281022 0.106757
0.000049 0.000159
0.015369 0.009841
0.410092 0.344824
0.051304 0.168569
0.060137
0.735093
0.204770
0.077254 0.071495
0.184729 0.579265
0.010729 0.076529
0.565392
0.434456
0.000151
0.739140 0.041182
0.216232 0.002690
0.000579 0.000177
0.135121 0.808027
0.000433 0.056417
0.000000 0.000002
0.062773 0.043140
0.367816 0.365340
0.035716 0.125213
0.650027
0.124365
0.225607
0.066820
0.774441
0.158739
0.068987 0.040818 0.006372
0.440936 0.308267 0.015459
0.015415 0.047953 0.055790
0.079665 0.034841
0.527350 0.305555
0.010734 0.041854
0.356301 0.072981
0.041433 0.002511
0.237834 0.288939
0.915752
0.033761
0.050486
0.777907
0.074436
0.147657
0.015240 0.010106
0.400521 0.352952
0.056301 0.164879
0.553929
0.261385
0.184685
0.984708
0.006497
0.008795
0.136284 0.034259
0.631311 0.059891
0.056081 0.082174
0.056370 0.276513 0.467384
0.000298 0.021114 0.178312
0.000000 0.000001 0.000008
0.044917 0.163966 0.205316
0.002862 0.107235 0.467257
0.000134 0.001453 0.006860
0.919961
0.080035
0.000004
0.577820
0.422006
0.000174
0.089294 0.145539
0.098964 0.615903
0.006634 0.043667
0.357609
0.081056
0.561335
0.365867
0.614057
0.020075
0.123601
0.842108
0.034291
0.360889 0.423411
0.010468 0.062344
0.013714 0.129174
0.041845 0.010069
0.516439 0.063329
0.201675 0.166643
0.299125 0.008589
0.008344 0.000011
0.567540 0.116391
0.066574 0.049846 0.013570
0.392949 0.349909 0.048899
0.011517 0.030366 0.036370
0.073160 0.041764
0.372068 0.360453
0.031311 0.121244
0.044408 0.018581
0.516952 0.164680
0.079558 0.175820
0.904969
0.039876
0.055155
0.967809
0.031263
0.000928
0.286817
0.647342
0.065842
0.021516
0.740374
0.238110
0.209215 0.541104
0.012467 0.237193
0.000002 0.000019
0.077122 0.114355 0.061849
0.098461 0.380856 0.234581
0.002177 0.009941 0.020657
0.013970 0.023515
0.105744 0.772656
0.010342 0.073774
0.346248 0.101863
0.389305 0.067356
0.039030 0.056198
0.145759
0.004444
0.849798
0.528746 0.416004
0.021130 0.028048
0.001276 0.004795
0.743394
0.256576
0.000030
0.524367 0.049960
0.308348 0.003594
0.070481 0.043250
0.726647
0.196054
0.077299
0.372458 0.241383
0.209142 0.176853
0.000041 0.000123
0.055477 0.446070
0.001355 0.483758
0.000433 0.012908
0.910722
0.081356
0.007922
0.278195 0.062427
0.357693 0.057636
0.091248 0.152802
0.522902 0.123104
0.329616 0.023989
0.000198 0.000191
0.633168
0.083419
0.283412
0.324700 0.300595
0.134885 0.239709
0.000023 0.000089
0.150656 0.666405
0.002967 0.179817
0.000009 0.000145
0.084623 0.912569
0.000005 0.002730
0.000002 0.000071
0.310147 0.464095
0.012148 0.056607
0.025703 0.131300
0.142039 0.135897
0.242146 0.388779
0.020410 0.070730
0.109845
0.231601
0.658553
0.074101 0.299585 0.315630
0.000878 0.057547 0.252239
0.000000 0.000003 0.000017
0.296518 0.063314
0.134885 0.011896
0.232764 0.260623
0.592974
0.232007
0.175019
0.272504
0.666405
0.061091
0.019544 0.193167 0.692964
0.000018 0.003274 0.089830
0.000006 0.000118 0.001078
0.458226
0.043498
0.498276
0.909256
0.005527
0.085218
0.083839
0.677041
0.239120
0.019932 0.047598 0.046023 0.024131
0.018001 0.208071 0.392336 0.218446
0.000411 0.002562 0.007684 0.014805
0.216042
0.749800
0.034158
0.261924
0.011838
0.726238
0.022625
0.801609
0.175766
0.018735 0.043385 0.035450
0.028866 0.326193 0.498885
0.001643 0.011451 0.035391
0.575629
0.424180
0.000191
0.008654 0.012045 0.006872
0.138350 0.372969 0.252592
0.018750 0.067849 0.121919
0.070819
0.848726
0.080454
0.111452
0.768693
0.119854
0.148366 0.769283
0.000897 0.081450
0.000000 0.000004
0.293953 0.011154
0.009864 0.000083
0.567565 0.117381
0.007237
0.005087
0.987676
0.296752 0.033068
0.123632 0.004355
0.265950 0.276244
0.520226 0.073921
0.386045 0.019446
0.000152 0.000209
0.228313
0.002182
0.769504
0.654063
0.345887
0.000050
0.127458
0.802183
0.070360
0.747301
0.071854
0.180845
0.047224 0.010661
0.583411 0.073973
0.088959 0.195772
0.015103 0.011290
0.351981 0.428157
0.040215 0.153254
0.060191 0.050785
0.366746 0.516009
0.001418 0.004852
0.252771 0.169826 0.058551
0.052200 0.033239 0.008549
0.100911 0.165782 0.158170
0.462765 0.147035 0.016855
0.330507 0.041624 0.000791
0.000138 0.000179 0.000105
0.578100
0.421794
0.000106
0.570445
0.429379
0.000176
0.628019
0.371921
0.000059
0.391927 0.218287
0.242290 0.147311
0.000048 0.000137
0.953854
0.042651
0.003495
0.102148 0.048690
0.494806 0.209540
0.041047 0.103769
0.334816
0.647473
0.017711
0.135598
0.798527
0.065875
0.030782 0.045155
0.100760 0.763393
0.005703 0.054206
0.032368
0.871860
0.095773
0.508353
0.333426
0.158221
0.070042 0.008647
0.574178 0.021356
0.197065 0.128713
0.864920
0.135065
0.000014
0.021594
0.611367
0.367039
0.241212 0.736484
0.000747 0.021006
0.000043 0.000508
0.037681 0.048403 0.021358
0.153580 0.497731 0.189270
0.003661 0.016395 0.031921
0.643270
0.356668
0.000062
0.083189 0.003454
0.616917 0.001645
0.195364 0.099431
0.730200
0.266342
0.003458
0.222959 0.693670
0.002160 0.077255
0.000282 0.003674
0.951175
0.009066
0.039759
0.280798 0.376769
0.081745 0.260615
0.000013 0.000061
0.021613
0.413738
0.564649
0.850764
0.135032
0.014205
0.091859
0.752698
0.155443
0.082899 0.026995 0.003310
0.584066 0.143666 0.009400
0.046167 0.062113 0.041382
0.095195 0.902208
0.000003 0.001721
0.000025 0.000848
0.437734
0.076142
0.486124
0.046042 0.262719 0.513167
0.000123 0.013251 0.163275
0.000011 0.000179 0.001233
0.534924
0.402071
0.063004
0.960336
0.036768
0.002897
0.017343 0.005904
0.527416 0.135680
0.127992 0.185666
0.095519
0.777280
0.127202
0.983099
0.016524
0.000376
0.056310 0.001595
0.208059 0.000307
0.611855 0.121875
0.021730
0.791494
0.186776
0.103434
0.894153
0.002413
0.064019 0.214097
0.016417 0.681623
0.001618 0.022226
0.353870 0.454207
0.023963 0.151020
0.001669 0.015272
0.138207
0.856175
0.005618
0.697626
0.302334
0.000040
0.684088 0.067761 0.002595
0.242465 0.002453 0.000005
0.000403 0.000188 0.000042
0.065695 0.048804
0.358317 0.372841
0.041560 0.112783
0.115810
0.878992
0.005199
0.966932
0.031123
0.001945
0.295458 0.332136
0.040433 0.126674
0.032442 0.172856
0.514604 0.100736
0.364437 0.019850
0.000172 0.000201
0.935985
0.052156
0.011859
0.119163
0.855784
0.025053
0.312994 0.314358
0.116135 0.256415
0.000018 0.000081
0.673505
0.326449
0.000046
0.619431 0.076246
0.182786 0.005810
0.050288 0.065439
0.943462
0.037985
0.018553
0.748677
0.216942
0.034381
0.050810 0.014790
0.808026 0.120299
0.002373 0.003701
0.729188
0.080120
0.190692
0.049695
0.808748
0.141557
0.318935
0.540378
0.140687
0.132734 0.835858
0.000173 0.030670
0.000017 0.000548
0.016284 0.003553
0.562521 0.038991
0.165484 0.213168
0.063712 0.012318
0.843237 0.047615
0.015538 0.017580
0.704958
0.295016
0.000027
0.128368
0.870852
0.000780
0.248584 0.522483
0.009788 0.138461
0.007831 0.072853
0.053604 0.048563
0.204266 0.572971
0.015897 0.104699
0.018121 0.188543 0.788216
0.000000 0.000080 0.005040
0.000000 0.000000 0.000000
0.020892
0.718855
0.260253
0.447567 0.499146
0.014839 0.033862
0.000934 0.003653
0.084858 0.112690 0.061937 0.018854
0.114922 0.315567 0.159400 0.026545
0.005613 0.020462 0.036542 0.042609
0.710386
0.289577
0.000037
0.803863
0.196124
0.000013
0.318012
0.125143
0.556846
0.960971
0.039024
0.000004
0.017123 0.000145
0.094657 0.000028
0.801883 0.086165
0.998297
0.001634
0.000069
0.280278 0.361366
0.072468 0.285818
0.000010 0.000059
0.890271
0.109717
0.000011
0.678684
0.313299
0.008017
0.918404
0.080233
0.001363
0.569069
0.430800
0.000131
0.260882 0.629500
0.002610 0.050464
0.004957 0.051587
0.691184
0.308773
0.000043
0.135282
0.797839
0.066880
0.036413
0.904690
0.058897
0.035491
0.015203
0.949306
0.653655
0.345961
0.000384
0.269065 0.003947
0.009020 0.000003
0.598398 0.119566
0.639626
0.360022
0.000352
0.353336 0.063733
0.039652 0.001791
0.259210 0.282278
0.735462
0.264506
0.000032
0.505636
0.464564
0.029800
0.579842
0.405728
0.014430
0.109870
0.319486
0.570644
0.321129
0.658996
0.019875
0.390846 0.084900
0.047818 0.005406
0.148331 0.322699
0.356204
0.639876
0.003921
0.028982 0.074996
0.021417 0.850020
0.001240 0.023345
0.111759 0.788640
0.000429 0.097192
0.000075 0.001905
0.470979
0.510294
0.018727
0.019345
0.564155
0.416499
0.023900 0.000717
0.188705 0.000640
0.661826 0.124212
0.140046
0.826096
0.033858
0.075085 0.030641
0.716451 0.164694
0.005081 0.008048
0.965674
0.032823
0.001502
0.455073 0.147686
0.337986 0.058977
0.000099 0.000179
0.650959
0.348495
0.000546
0.707123
0.161547
0.131329
0.130997
0.831655
0.037348
0.649978
0.349955
0.000066
0.010428
0.578393
0.411180
0.989496
0.006187
0.004317
0.047939
0.752957
0.199104
0.262110
0.596378
0.141512
0.379173 0.156759
0.328189 0.076170
0.022781 0.036928
0.109259
0.879176
0.011565
0.024543 0.000424
0.111584 0.000063
0.764615 0.098771
0.043482 0.060928
0.100462 0.768644
0.002442 0.024043
0.965246
0.034750
0.000004
0.089371
0.904071
0.006558
0.332038 0.289431
0.143883 0.234530
0.000024 0.000094
0.249890
0.571575
0.178535
0.096689 0.890136
0.000033 0.013141
0.000000 0.000001
0.398828 0.210295
0.254292 0.136390
0.000052 0.000142
0.797560
0.188220
0.014220
0.120087 0.743863
0.000944 0.134877
0.000010 0.000219
0.455010
0.503794
0.041196
0.541691
0.128748
0.329562
0.154249 0.013278
0.430412 0.004684
0.257066 0.140311
0.060030 0.349374 0.525257
0.000024 0.003997 0.042062
0.000091 0.002056 0.017108
0.006897 0.015393
0.076636 0.840395
0.006691 0.053989
0.990797
0.008881
0.000322
0.565584
0.434203
0.000213
0.989143
0.010628
0.000229
0.019588
0.650981
0.329431
0.055826
0.617684
0.326490
0.554614 0.216175
0.112876 0.050607
0.015354 0.050374
0.042294
0.012083
0.945622
0.258674 0.251204
0.127473 0.360850
0.000254 0.001545
0.060735 0.057124
0.272876 0.555105
0.009853 0.044308
0.237867 0.679255
0.001158 0.049363
0.001613 0.030744
0.113123 0.018659
0.625900 0.038993
0.076130 0.127195
0.035694 0.056799
0.117258 0.785366
0.000613 0.004269
0.662170
0.337782
0.000048
0.049553 0.106455
0.059554 0.782660
0.000179 0.001599
0.781643
0.037279
0.181078
0.858411
0.141575
0.000015
0.572684
0.066765
0.360551
0.318204 0.303799
0.118942 0.258953
0.000018 0.000083
0.092229
0.866238
0.041532
0.047303
0.848884
0.103813
0.838246
0.161743
0.000011
0.118127
0.584310
0.297563
0.317146
0.626144
0.056710
0.233181 0.267351
0.114724 0.383048
0.000261 0.001435
0.079318 0.022678
0.783669 0.100285
0.005325 0.008724
0.079893 0.266704 0.321376
0.003480 0.075412 0.246308
0.000150 0.001335 0.005342
0.085736 0.007207
0.426614 0.004101
0.308892 0.167450
0.384000 0.241003
0.175926 0.198931
0.000028 0.000111
0.432187 0.076376
0.395315 0.027730
0.024290 0.044101
0.014714 0.028785
0.071433 0.824002
0.006360 0.054707
0.050696 0.947859
0.000000 0.001430
0.000000 0.000014
0.014896 0.012183
0.324994 0.465346
0.037933 0.144648
0.021457 0.000374
0.102020 0.000075
0.777865 0.098209
0.775326
0.224658
0.000016
0.842270
0.157719
0.000011
0.298220 0.331660
0.093230 0.276807
0.000014 0.000070
0.374841
0.023059
0.602100
0.630592
0.075992
0.293416
0.076204
0.524064
0.399731
0.059549 0.141869
0.056457 0.701657
0.004274 0.036194
0.151592
0.801411
0.046997
0.073461 0.012352
0.547401 0.020942
0.170695 0.175149
0.068358 0.044343
0.451047 0.389729
0.010894 0.035629
0.580196
0.323797
0.096008
0.256103
0.498664
0.245233
0.645326
0.293863
0.060811
0.058333 0.199661
0.016887 0.724189
0.000062 0.000867
0.548457 0.399567
0.016424 0.030609
0.000709 0.004233
0.032499
0.865817
0.101684
0.068338
0.877842
0.053820
0.626860
0.237239
0.135901
0.071264 0.017364
0.585464 0.070371
0.115011 0.140526
0.139128
0.007231
0.853641
0.350289 0.267373
0.172931 0.209270
0.000031 0.000107
0.155505 0.723361
0.001465 0.118435
0.000067 0.001167
0.019410 0.073784 0.116431
0.004752 0.129354 0.654938
0.000029 0.000250 0.001052
0.155132
0.758741
0.086127
0.014998 0.017265
0.139576 0.728198
0.010316 0.089648
0.064236 0.151706
0.039236 0.736978
0.000693 0.007151
0.026483
0.854805
0.118712
0.021503
0.782115
0.196382
0.698860
0.286305
0.014835
0.299993 0.324797 0.131834
0.050588 0.096846 0.033354
0.006376 0.021744 0.034469
0.199005 0.269634 0.150779
0.070338 0.203438 0.106652
0.000013 0.000050 0.000091
0.574110
0.406510
0.019379
0.021558 0.009383
0.713692 0.254135
0.000384 0.000849
0.056091 0.101712
0.107834 0.669471
0.008954 0.055938
0.996915
0.003026
0.000059
0.169953
0.078091
0.751956
0.091497
0.720377
0.188126
0.348564 0.376323
0.017968 0.052117
0.032944 0.172084
0.311641 0.353827
0.088845 0.238330
0.001313 0.006044
0.978897
0.021101
0.000002
0.093468
0.594818
0.311714
0.071600
0.877960
0.050440
0.710034
0.176325
0.113641
0.977763
0.021402
0.000835
0.029438
0.868948
0.101614
0.053369
0.847872
0.098759
0.496430
0.252334
0.251236
0.896128
0.103865
0.000007
0.511919
0.460771
0.027310
0.668782
0.322852
0.008367
0.039763
0.957611
0.002626
0.594964
0.404716
0.000320
0.916817
0.003823
0.079360
0.243978
0.003310
0.752711
0.155710
0.815488
0.028802
0.041832 0.057514
0.155660 0.708843
0.005212 0.030939
0.971328
0.028670
0.000002
0.863023
0.136813
0.000164
0.026512
0.884567
0.088920
0.047265
0.751622
0.201113
0.706573 0.046874
0.242514 0.003351
0.000502 0.000186
0.314705 0.300045
0.151336 0.233791
0.000029 0.000095
0.172114 0.402588
0.024531 0.372086
0.002763 0.025918
0.237821
0.691984
0.070195
0.545079
0.176148
0.278773
0.019809 0.011802
0.565602 0.401844
0.000230 0.000712
0.046768 0.069745
0.130581 0.664714
0.012465 0.075726
0.900354
0.099527
0.000119
0.060533 0.063667
0.213774 0.563704
0.016507 0.081815
0.453630 0.364941
0.047211 0.106377
0.003849 0.023992
0.020715 0.004613 0.000527 0.000040
0.414225 0.020594 0.000364 0.000003
0.273043 0.179500 0.067574 0.018802
0.116856 0.016766
0.600222 0.037188
0.101933 0.127035
0.430136 0.187371
0.243141 0.139170
0.000039 0.000143
0.368655 0.244846
0.032833 0.029822
0.075676 0.248169
0.017336 0.004311
0.586440 0.055553
0.138062 0.198298
0.999163
0.000800
0.000038
0.577085
0.422717
0.000198
0.047265
0.113553
0.839182
0.078037 0.024323
0.760364 0.123840
0.004939 0.008498
0.641940 0.056143
0.298296 0.003054
0.000362 0.000204
0.596982
0.401329
0.001689
0.942125
0.003332
0.054543
0.172724
0.693054
0.134221
0.522482
0.476576
0.000942
0.016074 0.016642
0.159406 0.707758
0.010574 0.089546
0.038711 0.045871
0.187240 0.619863
0.017232 0.091082
0.613689 0.062917
0.318464 0.004407
0.000316 0.000207
0.613748
0.386183
0.000069
0.299538 0.092150
0.145169 0.025158
0.168557 0.269428
0.566392
0.433476
0.000132
0.596611
0.030601
0.372788
0.059861 0.116647
0.039289 0.769641
0.000939 0.013624
0.995392
0.004607
0.000000
0.744699
0.254685
0.000616
0.287213 0.191708 0.045851
0.267882 0.184381 0.018571
0.000719 0.001753 0.001921
0.055542 0.233141
0.009454 0.679962
0.001233 0.020668
0.773158
0.226816
0.000027
0.016706 0.001666
0.524729 0.015650
0.229643 0.211606
0.214536 0.695932
0.002144 0.083873
0.000243 0.003272
0.024707
0.832193
0.143100
0.344208 0.232469
0.034310 0.024678
0.117192 0.247142
0.883391
0.116597
0.000012
0.092520 0.031757
0.657463 0.156144
0.023690 0.038426
0.104184
0.694366
0.201450
0.584272
0.415514
0.000214
0.015723 0.007112
0.487573 0.203231
0.096846 0.189516
0.660816
0.338651
0.000533
0.052426
0.845041
0.102534
0.008832 0.010157 0.005373
0.210829 0.365716 0.142725
0.031909 0.090319 0.134141
0.348672 0.282227
0.115826 0.253176
0.000014 0.000084
0.020946
0.812503
0.166552
0.032984 0.018909
0.500125 0.238948
0.065070 0.143964
0.157485 0.770498
0.000605 0.061558
0.000492 0.009361
0.112404 0.056461
0.446957 0.219118
0.047786 0.117273
0.280986
0.716925
0.002088
0.552919
0.071696
0.375384
0.624156
0.316807
0.059037
0.936699
0.058261
0.005040
0.292439
0.694466
0.013095
0.588096 0.015604
0.225353 0.000511
0.131479 0.038957
0.500082
0.476540
0.023378
0.586749
0.413053
0.000198
0.359886 0.426555
0.010189 0.062806
0.013298 0.127265
0.829197
0.046998
0.123805
0.828243
0.170859
0.000898
0.275384 0.364710
0.064287 0.295555
0.000009 0.000055
0.168522 0.641485
0.003353 0.186632
0.000000 0.000008
0.922279
0.006382
0.071339
0.019708
0.704129
0.276162
0.485978 0.458089
0.019760 0.030402
0.001316 0.004456
0.108294 0.790499
0.000375 0.100290
0.000019 0.000523
0.506644 0.235376
0.135371 0.054043
0.019757 0.048808
0.165234
0.552020
0.282745
0.157255 0.163312
0.172756 0.431499
0.012985 0.062192
0.221646 0.476908
0.014480 0.286944
0.000001 0.000021
0.812182
0.167703
0.020116
0.721905
0.278061
0.000035
0.894901
0.079850
0.025249
0.014446 0.020048
0.139546 0.734587
0.012195 0.079178
0.292584 0.202304
0.083135 0.061793
0.100250 0.259935
0.918115
0.034708
0.047177
0.033931
0.886127
0.079942
0.023135 0.000942
0.231437 0.002254
0.609262 0.132969
0.028055
0.869537
0.102409
0.061343 0.039085
0.417303 0.341716
0.035262 0.105292
0.036647
0.876170
0.087183
0.189682
0.782584
0.027734
0.394518 0.231513
0.175664 0.198167
0.000023 0.000114
0.874606
0.115391
0.010003
0.086800 0.021038 0.001959
0.489490 0.038048 0.000584
0.147470 0.145994 0.068617
0.019569
0.636519
0.343912
0.155399 0.839986
0.000077 0.004422
0.000008 0.000107
0.119091
0.867476
0.013434
0.991458
0.008239
0.000303
0.930824
0.069168
0.000007
0.273157
0.074128
0.652715
0.500308 0.288387
0.096946 0.063732
0.012577 0.038050
0.466468 0.139428
0.307787 0.086062
0.000083 0.000172
0.112078 0.141524
0.150369 0.588630
0.001007 0.006391
0.605824
0.385246
0.008931
0.431178
0.567948
0.000874
0.729543
0.112847
0.157611
0.015014 0.004735 0.000758 0.000079
0.421187 0.063245 0.003680 0.000121
0.185304 0.173762 0.094047 0.038068
0.015103 0.045614
0.022359 0.884357
0.001695 0.030872
0.231918 0.445412
0.016694 0.305951
0.000002 0.000024
0.012420 0.033672 0.038062
0.018884 0.242247 0.592543
0.002227 0.014359 0.045585
0.368889
0.629877
0.001235
0.633686
0.365866
0.000448
0.133978
0.834513
0.031509
0.632941
0.367003
0.000056
0.089153 0.325116 0.491009
0.000314 0.007978 0.037274
0.001133 0.009447 0.038575
0.089031 0.905307
0.000006 0.004603
0.000019 0.001035
0.622805
0.377144
0.000051
0.015804 0.006158
0.527959 0.149813
0.100909 0.199357
0.091232 0.135653
0.108560 0.605303
0.007946 0.051305
0.395805
0.574030
0.030165
0.018381 0.001891
0.454732 0.006225
0.313073 0.205698
0.564402
0.435461
0.000138
0.608413
0.391308
0.000278
0.108764 0.883972
0.000023 0.007022
0.000007 0.000211
0.141282
0.735638
0.123081
0.119991
0.808196
0.071813
0.328720 0.009103
0.476131 0.002112
0.158257 0.025677
0.022147
0.790294
0.187559
0.689634
0.081824
0.228542
0.188401 0.089165
0.388584 0.174261
0.051316 0.108274
0.016282 0.002654
0.592714 0.035769
0.132652 0.219929
0.028538 0.065611
0.028400 0.848765
0.001595 0.027090
0.015746 0.006549
0.523775 0.165705
0.090631 0.197593
0.379285 0.232981
0.219755 0.167811
0.000040 0.000128
0.340441 0.465310
0.031368 0.142386
0.002950 0.017545
0.246294 0.657493
0.002450 0.040153
0.005941 0.047669
0.297892 0.320058
0.122693 0.259254
0.000021 0.000082
0.092210 0.274175 0.331130
0.003840 0.072342 0.226271
0.000001 0.000007 0.000026
0.007891 0.005003
0.343435 0.476161
0.025775 0.141736
0.028686
0.868379
0.102935
0.382542 0.198431 0.037462
0.269047 0.105638 0.006533
0.000074 0.000145 0.000128
0.423165
0.283116
0.293719
0.021109
0.908317
0.070574
0.103919 0.889652
0.000015 0.006251
0.000005 0.000158
0.379656 0.408914
0.050299 0.132026
0.005023 0.024082
0.208469
0.789760
0.001771
0.327560 0.294311
0.136047 0.241970
0.000022 0.000090
0.224864 0.186560
0.234141 0.352920
0.000305 0.001211
0.377898
0.570395
0.051707
0.642148
0.347842
0.010010
0.033039 0.050806 0.032295
0.108637 0.417040 0.292562
0.004874 0.020117 0.040630
0.020620 0.104850
0.004522 0.853993
0.000470 0.015546
0.232090
0.088858
0.679052
0.022363 0.008629
0.752818 0.214827
0.000470 0.000893
0.599699 0.039180
0.357320 0.003275
0.000307 0.000219
0.052195 0.043540 0.009610
0.241717 0.378778 0.043233
0.019898 0.082581 0.128448
0.041918 0.002408
0.498311 0.004304
0.282634 0.170424
0.019086 0.002834
0.517540 0.022787
0.241518 0.196234
0.152902 0.240281
0.046396 0.558005
0.000183 0.002233
0.086729 0.483181
0.003049 0.417500
0.000430 0.009110
0.290534
0.019258
0.690209
0.975394
0.023614
0.000992
0.612213
0.182794
0.204993
0.080353
0.874823
0.044825
0.039084
0.873373
0.087543
0.017130 0.009835
0.375328 0.393582
0.036680 0.167445
0.892083
0.107910
0.000006
0.872551
0.060738
0.066711
0.075516
0.577827
0.346656
0.612407
0.387328
0.000266
0.015722 0.006863
0.518901 0.178947
0.083506 0.196061
0.903148
0.096842
0.000010
0.713553 0.221288
0.044520 0.007140
0.004967 0.008533
0.219313
0.014629
0.766057
0.557573
0.442334
0.000093
0.640555
0.359091
0.000354
0.234311 0.105868 0.023495
0.103906 0.030399 0.003169
0.156849 0.199516 0.142487
0.937314 0.010218
0.012059 0.000003
0.035269 0.005137
0.252830
0.669024
0.078146
0.030584 0.050208
0.142124 0.701319
0.011434 0.064331
0.517411
0.458476
0.024113
0.992131
0.007228
0.000642
0.088746
0.720218
0.191036
0.058037 0.941466
0.000000 0.000495
0.000000 0.000003
0.323401 0.288102
0.165829 0.222535
0.000032 0.000101
0.768935
0.135446
0.095619
0.631053
0.368616
0.000331
0.030669 0.071240
0.044638 0.813972
0.003521 0.035960
0.013993 0.007108 0.001688
0.405257 0.181789 0.029676
0.096597 0.144310 0.119582
0.983532
0.010068
0.006399
0.325178 0.286967
0.168842 0.218878
0.000033 0.000102
0.185138 0.635001
0.006401 0.173448
0.000001 0.000012
0.590893
0.409022
0.000085
0.586360
0.413517
0.000123
0.278369
0.099163
0.622468
0.782106 0.020286
0.007862 0.000016
0.168471 0.021259
0.107755
0.829760
0.062485
0.221529 0.497266
0.018688 0.262490
0.000003 0.000025
0.562270
0.437522
0.000208
0.091812 0.106197
0.206897 0.501620
0.018889 0.074585
0.769372
0.134804
0.095824
0.235071 0.448940
0.025736 0.290218
0.000004 0.000031
0.335570 0.342339
0.023979 0.044741
0.054438 0.198932
0.015477 0.008852
0.446399 0.289154
0.062506 0.177613
0.282970 0.152172
0.354976 0.207371
0.000813 0.001698
0.059865 0.939306
0.000002 0.000804
0.000001 0.000023
0.254909 0.499284
0.011874 0.142530
0.009357 0.082046
0.474551 0.077814
0.415779 0.025475
0.003470 0.002912
0.084344
0.865576
0.050079
0.155948 0.744537
0.001331 0.098179
0.000000 0.000005
0.180445 0.065036
0.468903 0.108639
0.060804 0.116173
0.104514
0.678784
0.216703
0.015467 0.014064
0.285784 0.535030
0.028014 0.121641
0.129474
0.852877
0.017648
0.323860 0.024641
0.057965 0.000393
0.435380 0.157762
0.086129 0.011041
0.856485 0.029484
0.007159 0.009703
0.048467 0.001936
0.292285 0.001374
0.525314 0.130624
0.567944
0.431948
0.000108
0.186078
0.768654
0.045268
0.518934
0.458767
0.022299
0.304861 0.086542 0.006657
0.037088 0.004702 0.000049
0.154455 0.250512 0.155134
0.938825
0.002852
0.058323
0.587876 0.075896
0.324502 0.011241
0.000283 0.000202
0.365353
0.463656
0.170991
0.352889 0.276818
0.112027 0.258168
0.000013 0.000085
0.165572
0.802848
0.031580
0.093847
0.865021
0.041131
0.021909
0.552291
0.425800
0.913697
0.084103
0.002200
0.722918
0.270602
0.006480
0.480876 0.113785
0.356135 0.048935
0.000081 0.000190
0.992853
0.006890
0.000258
0.091930
0.904146
0.003924
0.630568
0.359085
0.010347
0.116461
0.878125
0.005414
0.058938 0.939903
0.000001 0.001158
0.000000 0.000000
0.692517
0.080691
0.226792
0.021283 0.009805
0.687014 0.280708
0.000365 0.000825
0.046027 0.012090
0.622668 0.066577
0.100671 0.151967
0.142165 0.117694 0.033727
0.272239 0.309588 0.043103
0.010048 0.030621 0.040814
0.970531
0.027556
0.001913
0.867502
0.132490
0.000008
0.944329
0.030789
0.024882
0.112952
0.000334
0.886713
0.434104
0.553703
0.012194
0.416635 0.472305
0.026565 0.084495
0.000000 0.000000
0.090464 0.900933
0.000014 0.008588
0.000000 0.000000
0.346392 0.236009
0.035273 0.025537
0.104997 0.251792
0.062111 0.086963
0.137335 0.698570
0.002054 0.012968
0.023260
0.825813
0.150926
0.050165
0.135111
0.814724
0.481835
0.047835
0.470330
0.238896 0.220567 0.071330
0.019202 0.027943 0.005305
0.045953 0.151209 0.219596
0.024366
0.279197
0.696437
0.129025 0.827764
0.000213 0.042996
0.000000 0.000002
0.093648 0.120141
0.087634 0.651335
0.004202 0.043039
0.240519
0.170407
0.589074
0.017693
0.283810
0.698498
0.094120 0.864976
0.000052 0.040696
0.000003 0.000152
0.100006 0.025951
0.770088 0.084944
0.007757 0.011254
0.309415 0.211175
0.242925 0.234265
0.000512 0.001709
0.300104 0.019553
0.414413 0.002197
0.183453 0.080280
0.588059
0.411742
0.000199
0.234505 0.454382
0.026376 0.284703
0.000004 0.000031
0.728249
0.078882
0.192870
0.271909 0.370556
0.060406 0.297068
0.000008 0.000053
0.751137
0.186341
0.062522
0.006085
0.071671
0.922244
0.643610
0.355896
0.000494
0.131860 0.802732
0.000513 0.064290
0.000028 0.000576
0.171669 0.367308 0.205157
0.002331 0.034231 0.033977
0.004273 0.040274 0.140781
0.080658 0.160042 0.084240
0.026985 0.311567 0.265593
0.001909 0.016364 0.052643
0.021009
0.174207
0.804784
0.436073
0.563142
0.000786
0.337649 0.281922
0.151578 0.228728
0.000025 0.000098
0.961419
0.036791
0.001789
0.360078 0.256907
0.189702 0.193161
0.000037 0.000114
0.038852 0.019378
0.595325 0.294982
0.015918 0.035544
0.252748 0.414593
0.043494 0.289118
0.000006 0.000042
0.974057
0.025278
0.000665
0.566354
0.433495
0.000151
0.015502 0.009065
0.441197 0.299984
0.057589 0.176663
0.010951 0.162887 0.825372
0.000000 0.000005 0.000632
0.000000 0.000009 0.000144
0.077581
0.811623
0.110796
0.392932
0.520307
0.086760
0.147322
0.824989
0.027689
0.673472 0.053462
0.267940 0.004500
0.000433 0.000193
0.797413
0.198186
0.004401
0.664470
0.042924
0.292606
0.100249 0.028683
0.661968 0.149330
0.016757 0.043011
0.309411
0.664511
0.026077
0.038980 0.070881 0.033492
0.041677 0.425116 0.285607
0.003010 0.024929 0.076310
0.606501
0.393431
0.000068
0.384499 0.311890
0.012614 0.018527
0.053875 0.218595
0.037901
0.900511
0.061588
0.138597 0.803908
0.000346 0.057147
0.000000 0.000002
0.743351
0.081722
0.174927
0.798620
0.201358
0.000022
0.584081
0.072183
0.343736
0.162830 0.310803 0.154870
0.017883 0.200914 0.152607
0.000003 0.000021 0.000068
0.052599 0.021934
0.666829 0.237297
0.007510 0.013832
0.006077 0.014751 0.014790
0.026770 0.285655 0.554260
0.003942 0.023756 0.069999
0.406954 0.203529
0.259462 0.129844
0.000066 0.000145
0.516389
0.456714
0.026898
0.342962 0.325149 0.084831
0.052770 0.105943 0.018972
0.005438 0.023781 0.040154
0.057175 0.021538
0.644276 0.158056
0.038809 0.080146
0.828069
0.063834
0.108097
0.401354
0.038665
0.559981
0.947035
0.031179
0.021787
0.716868 0.019304
0.075126 0.000107
0.165760 0.022835
0.714856 0.220157
0.044134 0.007239
0.005108 0.008506
0.109903
0.727234
0.162863
0.023156
0.961853
0.014991
0.507663 0.105779
0.362616 0.023581
0.000163 0.000199
0.654187
0.020622
0.325191
0.888425
0.111442
0.000133
0.496954
0.166416
0.336630
0.089196 0.130185
0.150084 0.599408
0.005451 0.025676
0.010327
0.596583
0.393090
0.071849 0.073740
0.241356 0.507204
0.020859 0.084992
0.057000 0.179483
0.031221 0.731455
0.000071 0.000770
0.619389
0.380561
0.000050
0.220166
0.023625
0.756209
0.270751
0.514875
0.214374
0.339193
0.104597
0.556209
0.558757
0.360816
0.080427
0.572526
0.427295
0.000179
0.582541
0.198556
0.218903
0.251228
0.063031
0.685742
0.036271
0.875859
0.087870
0.987982
0.011748
0.000270
0.049333 0.003180
0.398240 0.002320
0.383674 0.163254
0.240405 0.036165
0.559290 0.024113
0.076328 0.063700
0.098693
0.887410
0.013897
0.151377 0.158824
0.127143 0.531356
0.003493 0.027807
0.021193
0.188289
0.790519
0.145091 0.011070
0.800987 0.006354
0.024384 0.012115
0.198713 0.746456
0.001026 0.027971
0.002072 0.023761
0.066806
0.849807
0.083387
0.547584
0.065065
0.387351
0.564686
0.435162
0.000152
0.292961 0.243446 0.083838
0.180906 0.169258 0.029327
0.000041 0.000102 0.000123
0.289266 0.333938
0.109056 0.267646
0.000019 0.000076
0.578465
0.421421
0.000114
0.104638 0.832775
0.000405 0.062180
0.000000 0.000002
0.708209
0.077891
0.213900
0.587354
0.412553
0.000093
0.962050
0.010143
0.027807
0.032521 0.078191
0.077229 0.761070
0.006030 0.044958
0.059308 0.029467 0.005392
0.440906 0.158889 0.009513
0.066860 0.124046 0.105619
0.014682 0.035142
0.031395 0.882767
0.002080 0.033935
0.018579 0.001811
0.443434 0.005449
0.326519 0.204208
0.378815 0.004211
0.231432 0.000041
0.333177 0.052324
0.090850
0.806209
0.102941
0.123178 0.030230
0.536588 0.051363
0.108033 0.150608
0.658383
0.341221
0.000396
0.068998 0.678880
0.000297 0.249318
0.000043 0.002463
0.017271
0.292192
0.690537
0.788096
0.189119
0.022786
0.088541 0.041443
0.586475 0.269595
0.004946 0.009000
0.041516 0.953517
0.000002 0.004904
0.000001 0.000060
0.259669 0.631764
0.002603 0.049892
0.004939 0.051133
0.068074 0.032154
0.592399 0.243477
0.017990 0.045905
0.214514
0.730309
0.055177
0.282274 0.352560
0.071612 0.293485
0.000010 0.000059
0.573506
0.426304
0.000189
0.194804
0.755762
0.049434
0.768789
0.174059
0.057152
0.109451
0.356725
0.533824
0.532275
0.448273
0.019452
0.068320 0.041457
0.463208 0.343111
0.020580 0.063325
0.251019
0.405216
0.343766
0.028103 0.236084 0.673137
0.000006 0.001874 0.060480
0.000001 0.000029 0.000286
0.205066
0.284284
0.510650
0.020569
0.801502
0.177928
0.791863
0.207380
0.000757
0.593322
0.406594
0.000084
0.391889 0.247019
0.016122 0.013077
0.077917 0.253976
0.069895 0.043708
0.317903 0.425092
0.022407 0.120994
0.952955
0.020432
0.026613
0.090818
0.804090
0.105092
0.239228 0.450041
0.032650 0.278043
0.000005 0.000034
0.172621
0.694188
0.133191
0.086599 0.911380
0.000002 0.002007
0.000000 0.000012
0.974053
0.025945
0.000001
0.354564
0.624294
0.021142
0.654039
0.345910
0.000051
0.006531 0.012301
0.094846 0.817219
0.008150 0.060954
0.606844
0.392883
0.000274
0.722161
0.277052
0.000787
0.597712 0.040468
0.357458 0.003840
0.000304 0.000219
0.303187 0.003005
0.079184 0.000010
0.537565 0.077048
0.026038
0.834450
0.139512
0.984772
0.014676
0.000552
0.559714
0.440178
0.000108
0.300263 0.532940
0.006283 0.059718
0.011128 0.089668
0.038466 0.019544
0.597382 0.295603
0.013578 0.035427
0.280184 0.361783
0.072501 0.285462
0.000010 0.000059
0.448741 0.154427
0.330035 0.066530
0.000093 0.000175
0.548738
0.451143
0.000119
0.569333
0.430515
0.000151
0.467073 0.135625
0.350481 0.046524
0.000112 0.000186
0.165909 0.792833
0.000645 0.039427
0.000084 0.001103
0.105088 0.887926
0.000026 0.006748
0.000008 0.000205
0.904499
0.095495
0.000005
0.937252
0.037838
0.024910
0.937549
0.031880
0.030572
0.766967 0.034334
0.024405 0.000058
0.132471 0.041765
0.901626
0.098368
0.000006
0.427732 0.179298
0.293489 0.099243
0.000078 0.000160
0.128021 0.266729
0.062520 0.524122
0.002296 0.016312
0.022938
0.812482
0.164580
0.973588
0.026409
0.000003
0.267756 0.151586
0.280110 0.298800
0.000290 0.001459
0.118653
0.781695
0.099653
0.834775
0.151347
0.013877
0.990129
0.009190
0.000681
0.023850
0.829880
0.146270
0.016594 0.012571
0.262265 0.552175
0.021108 0.135287
0.036286 0.265641 0.690531
0.000003 0.000408 0.007045
0.000001 0.000010 0.000075
0.177905
0.366547
0.455548
0.294791 0.231397
0.092845 0.126520
0.051300 0.203146
0.517035
0.023772
0.459193
0.977320
0.021824
0.000856
0.175699 0.193837 0.090668
0.091513 0.159799 0.057889
0.026938 0.081278 0.122380
0.409688 0.392335
0.051408 0.112589
0.005936 0.028044
0.364423
0.146320
0.489257
0.132478 0.337080
0.023816 0.485874
0.001795 0.018957
0.292535
0.658941
0.048524
0.021972
0.845823
0.132205
0.091808 0.130784
0.117297 0.597682
0.008607 0.053822
0.047447
0.878235
0.074318
0.016815 0.007019
0.542940 0.167970
0.081044 0.184212
0.423962 0.101355
0.369814 0.032376
0.030444 0.042048
0.056356 0.179634
0.037476 0.725229
0.000119 0.001186
0.012776 0.007156 0.001130
0.372751 0.230748 0.014302
0.053680 0.147630 0.159825
0.015870 0.005635
0.540964 0.124355
0.110129 0.203046
0.937198
0.058026
0.004776
0.235538 0.448361
0.026272 0.289794
0.000004 0.000031
0.033088 0.028913
0.333657 0.575122
0.005572 0.023648
0.588245
0.340517
0.071238
0.329468 0.014813
0.010960 0.000071
0.440852 0.203835
0.124143
0.798669
0.077189
0.015555 0.013756
0.300888 0.514011
0.030596 0.125194
0.968999
0.029720
0.001281
0.905561
0.094429
0.000010
0.610987
0.388941
0.000072
0.006497 0.036108 0.068369 0.060038
0.000173 0.018424 0.219038 0.567802
0.000042 0.000661 0.004520 0.018329
0.112237 0.038490
0.690641 0.134002
0.008410 0.016220
0.017111 0.017728
0.191005 0.773754
0.000045 0.000357
0.444002
0.515335
0.040663
0.037398 0.061820
0.098906 0.730427
0.008675 0.062772
0.987083
0.007589
0.005329
0.673468
0.278672
0.047860
0.237489 0.467676
0.040530 0.254260
0.000007 0.000038
0.369246
0.021738
0.609017
0.014577 0.038410
0.030777 0.877608
0.002268 0.036360
0.753036
0.190056
0.056908
0.088543 0.587879
0.001516 0.318979
0.000120 0.002964
0.549269
0.450612
0.000119
0.158595
0.001912
0.839493
0.014602 0.024218
0.149599 0.708400
0.016042 0.087139
0.585180
0.414620
0.000200
0.013891 0.006789 0.001234
0.447908 0.157152 0.009571
0.083888 0.152067 0.127499
0.495861
0.053155
0.450984
0.067402 0.918399
0.000017 0.014182
0.000000 0.000000
0.019459 0.012618
0.527579 0.439422
0.000248 0.000675
0.128390 0.265202 0.187985
0.017837 0.177235 0.205441
0.000656 0.004405 0.012849
0.772797
0.199788
0.027415
0.137810 0.010360
0.454008 0.011410
0.238431 0.147981
0.583636
0.416258
0.000106
0.014128
0.105330
0.880542
0.281364
0.500875
0.217761
0.983496
0.015848
0.000656
0.199487 0.532465
0.006620 0.261414
0.000001 0.000013
0.476005 0.124483
0.333280 0.065967
0.000084 0.000182
0.021370
0.721063
0.257566
0.281481 0.371245
0.080346 0.266855
0.000013 0.000061
0.013581 0.005295 0.000745
0.470598 0.095384 0.002932
0.113656 0.175425 0.122384
0.215735
0.743533
0.040732
0.944209
0.036519
0.019272
0.475337
0.053470
0.471193
0.908051
0.085921
0.006029
0.046071 0.071611 0.046014
0.106208 0.417657 0.300227
0.000895 0.003726 0.007592
0.014796 0.012663
0.299434 0.502302
0.032304 0.138502
0.053835
0.188799
0.757366
0.432341 0.076924
0.393660 0.028652
0.024413 0.044010
0.001630 0.001772
0.167828 0.820757
0.000825 0.007188
0.343592
0.284965
0.371443
0.193598
0.726707
0.079696
0.074684
0.865567
0.059748
0.346949 0.461857
0.020823 0.154818
0.001415 0.014138
0.001631 0.001611
0.299535 0.685177
0.002109 0.009936
0.188954 0.070550
0.525974 0.125115
0.029137 0.060270
0.101896
0.814669
0.083435
0.520159
0.279061
0.200780
0.386924
0.611639
0.001437
0.178870 0.618430
0.006472 0.196036
0.000017 0.000174
0.364503 0.246813
0.032339 0.029646
0.082905 0.243794
0.575055
0.424848
0.000097
0.672884
0.127067
0.200049
0.015334 0.015187
0.267032 0.560072
0.026951 0.115424
0.586654
0.413258
0.000088
0.347930 0.050897
0.035623 0.001063
0.298243 0.266244
0.053361 0.052123
0.300021 0.488475
0.024256 0.081764
0.626478
0.373201
0.000321
0.017578 0.005008
0.818146 0.139694
0.008330 0.011244
0.257128
0.702787
0.040084
0.912295 0.013085
0.073457 0.000022
0.001025 0.000115
0.160172
0.838993
0.000835
0.132219
0.856472
0.011310
0.109866
0.888021
0.002113
0.926959
0.072918
0.000123
0.096978
0.696090
0.206932
0.206186 0.331157
0.053609 0.392831
0.001954 0.014263
0.275695 0.317142
0.057307 0.172500
0.029406 0.147950
0.160072
0.740935
0.098993
0.096510
0.522917
0.380573
0.805486
0.194494
0.000021
0.524409
0.449714
0.025878
0.895785
0.096584
0.007631
0.502005
0.444505
0.053489
0.535130
0.438657
0.026213
0.421796
0.550953
0.027251
0.726108
0.079301
0.194591
0.178118 0.048836
0.630120 0.073027
0.027080 0.042819
0.604033
0.395700
0.000267
0.336449 0.283539
0.149987 0.229904
0.000025 0.000097
0.785673
0.214301
0.000026
0.286371 0.347455
0.077222 0.288880
0.000011 0.000062
0.260228
0.673687
0.066085
0.021754
0.582459
0.395787
0.048340
0.811890
0.139769
0.362605 0.290788
0.027581 0.037824
0.059161 0.222040
0.016823
0.046059
0.937118
0.550876
0.448965
0.000159
0.389725 0.564120
0.006498 0.037170
0.000324 0.002162
0.032286 0.055979 0.033897
0.063152 0.390674 0.310405
0.005566 0.031174 0.076868
0.533083
0.444913
0.022004
0.317730 0.306451
0.121104 0.254613
0.000019 0.000084
0.085587 0.089867
0.207604 0.547188
0.011694 0.058060
0.598327
0.067170
0.334503
0.143844 0.549505
0.007010 0.288626
0.000899 0.010117
0.321608 0.304150
0.129829 0.244305
0.000021 0.000087
0.450810
0.049752
0.499438
0.670048
0.329514
0.000439
0.078414
0.797577
0.124009
0.095233 0.029492
0.739206 0.119105
0.006267 0.010697
0.955048
0.042018
0.002934
0.995912
0.004088
0.000001
0.526631 0.096140
0.358511 0.018328
0.000189 0.000202
0.302408
0.495480
0.202112
0.098904 0.136874 0.076328
0.115557 0.317615 0.206988
0.004186 0.015480 0.028067
0.749628
0.250342
0.000029
0.143265 0.749029
0.000845 0.106806
0.000003 0.000053
0.367317 0.128826
0.043629 0.009266
0.155060 0.295901
0.083457 0.014316
0.493069 0.044071
0.207796 0.157290
0.015844 0.005509
0.551285 0.114460
0.107929 0.204974
0.395892 0.153441
0.283047 0.123663
0.009543 0.034415
0.714452
0.277145
0.008403
0.804651
0.191052
0.004297
0.330426 0.293994
0.144216 0.231246
0.000025 0.000093
0.249908
0.019448
0.730644
0.022367
0.383115
0.594519
0.528496
0.434032
0.037473
0.686300
0.313659
0.000042
0.566813 0.197718
0.122048 0.042637
0.017461 0.053323
0.119074
0.869417
0.011509
0.067562 0.919366
0.000007 0.013020
0.000001 0.000043
0.119497 0.617664
0.002090 0.257429
0.000156 0.003164
0.474652 0.280375
0.111375 0.077560
0.013768 0.042270
0.741481 0.036848
0.220324 0.000617
0.000541 0.000188
0.691519
0.308434
0.000048
0.065209 0.053701 0.019322
0.352946 0.322471 0.069939
0.019498 0.044657 0.052257
0.014983 0.183435 0.789330
0.000001 0.000220 0.012032
0.000000 0.000000 0.000000
0.238965
0.686675
0.074360
0.393471
0.593712
0.012818
0.015315 0.016265
0.163358 0.693985
0.012382 0.098694
0.620652 0.028840
0.179099 0.002263
0.136296 0.032849
0.720061
0.278781
0.001158
0.006928 0.005248
0.374133 0.431850
0.042858 0.138984
0.034538
0.922952
0.042510
0.871069
0.128918
0.000013
0.368661 0.250266
0.201779 0.179128
0.000047 0.000119
0.204068 0.177965 0.067459
0.078576 0.081179 0.019473
0.058218 0.140510 0.172552
0.989414
0.010209
0.000377
0.324674
0.497750
0.177576
0.525978 0.104952
0.339400 0.029282
0.000194 0.000195
0.210705
0.729464
0.059832
0.050031
0.646016
0.303953
0.937439
0.032567
0.029994
0.285581
0.024649
0.689770
0.021507
0.648745
0.329748
0.194383 0.279558
0.084682 0.440647
0.000100 0.000630
0.203550
0.087843
0.708607
0.198443 0.580535
0.006847 0.214160
0.000001 0.000014
0.982875
0.016508
0.000617
0.545491
0.365250
0.089259
0.001609 0.028044 0.198953 0.769779
0.000000 0.000000 0.000032 0.001582
0.000000 0.000000 0.000000 0.000000
0.920840 0.039986
0.011762 0.000038
0.022582 0.004793
0.454641 0.154834
0.294239 0.096069
0.000053 0.000165
0.786852
0.197675
0.015473
0.995401
0.004433
0.000166
0.017045 0.005644
0.568381 0.109228
0.108006 0.191696
0.476857
0.522425
0.000718
0.151529 0.699622
0.001439 0.147406
0.000000 0.000005
0.441574
0.545224
0.013203
0.093937
0.848183
0.057880
0.201918 0.566222
0.008110 0.223735
0.000001 0.000015
0.122198 0.062374
0.372240 0.309503
0.024204 0.109480
0.025100
0.790666
0.184234
0.070693 0.028981
0.527618 0.157511
0.066816 0.148382
0.087516
0.067046
0.845437
0.116972 0.271653
0.019227 0.582870
0.000514 0.008764
0.162110 0.172225
0.110958 0.499533
0.005903 0.049272
0.020917 0.042357 0.029486
0.041396 0.389553 0.431903
0.001681 0.011058 0.031650
0.081364 0.039379
0.479181 0.210405
0.053328 0.136342
0.032776 0.059735 0.037917
0.058365 0.408435 0.361701
0.001867 0.010956 0.028249
0.055965 0.020334
0.654837 0.146682
0.040535 0.081647
0.109762 0.266130 0.220698
0.009637 0.141794 0.238839
0.000378 0.002929 0.009833
0.089219
0.747405
0.163376
0.251694 0.002047
0.002082 0.000000
0.667973 0.076204
0.270334
0.008505
0.721161
0.630471
0.362390
0.007139
0.734597 0.038157
0.225767 0.000760
0.000530 0.000189
0.539242
0.440666
0.020091
0.132501 0.427048
0.023459 0.406474
0.001154 0.009363
0.472886 0.126609
0.338443 0.061810
0.000069 0.000182
0.723636 0.010812
0.024087 0.000018
0.218179 0.023269
0.064488 0.154794 0.130565
0.017602 0.219560 0.362926
0.001594 0.011538 0.036934
0.566376
0.433495
0.000128
0.094845 0.015643
0.528015 0.026687
0.175181 0.159628
0.408351 0.209942
0.033060 0.027613
0.059770 0.261265
0.576775
0.423030
0.000194
0.166384 0.711923
0.001681 0.120006
0.000000 0.000006
0.054457 0.031739
0.381841 0.436296
0.015537 0.080130
0.549400
0.450472
0.000127
0.098552 0.028676
0.698205 0.102145
0.028123 0.044299
0.938850
0.049006
0.012144
0.059601 0.044332
0.353262 0.422920
0.025177 0.094707
0.501810
0.112537
0.385653
0.284237 0.016874
0.110869 0.000716
0.349208 0.238096
0.318226 0.239516
0.186811 0.224272
0.006757 0.024418
0.995200
0.004707
0.000093
0.063819 0.044977 0.009990
0.300992 0.294550 0.045337
0.032113 0.092952 0.115271
0.572421
0.427478
0.000101
0.060787
0.813429
0.125785
0.102062 0.894496
0.000005 0.003414
0.000000 0.000022
0.464698
0.051310
0.483992
0.118868 0.022443
0.765846 0.067087
0.013533 0.012223
0.015430 0.006225
0.539038 0.115321
0.124083 0.199904
0.364856 0.249698
0.195922 0.189372
0.000035 0.000117
0.332087
0.662165
0.005749
0.010761
0.888855
0.100384
0.578916
0.069408
0.351675
0.015740 0.006617
0.525320 0.166970
0.087606 0.197746
0.419464
0.546504
0.034032
0.023217
0.836023
0.140760
0.668491
0.331464
0.000045
0.605453
0.394475
0.000072
0.286698 0.018019
0.070068 0.000331
0.438036 0.186848
0.085422
0.803834
0.110744
0.291567 0.049195
0.066124 0.003182
0.351984 0.237948
0.411946
0.539903
0.048151
0.586589 0.353238
0.032354 0.018252
0.003127 0.006441
0.540033
0.434744
0.025223
0.569585
0.430310
0.000105
0.340699 0.038182
0.029976 0.000545
0.348784 0.241814
0.388626 0.222125
0.236500 0.152569
0.000045 0.000135
0.331646 0.301634
0.095389 0.271245
0.000011 0.000074
0.152087 0.828874
0.000102 0.012043
0.000326 0.006568
0.007421 0.002391
0.590071 0.102661
0.106932 0.190525
0.083174
0.883943
0.032883
0.289369
0.274483
0.436147
0.231268
0.748970
0.019762
0.007892 0.012851 0.007188
0.076460 0.433520 0.288180
0.008903 0.048787 0.116220
0.406790
0.590931
0.002279
0.516892 0.102309
0.357827 0.022597
0.000176 0.000199
0.034715 0.964579
0.000000 0.000705
0.000000 0.000000
0.350183 0.281978
0.125802 0.241933
0.000017 0.000088
0.266219 0.076420
0.362310 0.050032
0.094853 0.150166
0.058852 0.079950
0.139108 0.695204
0.003649 0.023237
0.267462 0.062464
0.575784 0.077100
0.005184 0.012005
0.021224
0.729032
0.249744
0.738478
0.079320
0.182202
0.773791
0.200047
0.026162
0.887588
0.045114
0.067298
0.118077
0.686580
0.195343
0.096869 0.884312
0.000101 0.018717
0.000000 0.000001
0.669662
0.081584
0.248754
0.623467 0.127984
0.151536 0.015127
0.026759 0.055128
0.818149
0.181831
0.000020
0.714053 0.041601
0.242637 0.001026
0.000490 0.000194
0.310426
0.672456
0.017118
0.021573 0.000805
0.231083 0.000397
0.588973 0.157169
0.083741 0.004931
0.483379 0.004407
0.262247 0.161295
0.600801 0.120346
0.147512 0.014508
0.060098 0.056735
0.181470
0.816210
0.002320
0.987230
0.012315
0.000456
0.128343
0.821712
0.049946
0.039143 0.014809
0.524335 0.216352
0.045226 0.160136
0.698275 0.038022
0.120123 0.000815
0.089434 0.053331
0.064120 0.082805
0.195680 0.636053
0.003903 0.017438
0.232533 0.566176
0.011470 0.111212
0.009402 0.069208
0.970701
0.028474
0.000825
0.760626
0.208320
0.031054
0.129368 0.302459 0.184010
0.005723 0.105000 0.127881
0.002915 0.029816 0.112828
0.648458
0.344503
0.007038
0.067106
0.807162
0.125732
0.029781 0.044900 0.027782
0.121939 0.456996 0.301271
0.001299 0.005342 0.010688
0.436685
0.210462
0.352854
0.821442
0.063825
0.114733
0.346305 0.271010
0.163822 0.218733
0.000027 0.000103
0.056368 0.001577
0.205703 0.000295
0.614836 0.121221
0.018808 0.003791
0.504016 0.060405
0.223364 0.189617
0.096010
0.611960
0.292030
0.990759
0.009056
0.000185
0.904246
0.094312
0.001441
0.485160 0.120970
0.359164 0.034380
0.000134 0.000192
0.063524 0.067491
0.143222 0.651036
0.007941 0.066786
0.750362
0.249609
0.000029
0.134105 0.021363
0.499424 0.022580
0.170037 0.152492
0.654967
0.344984
0.000049
0.188034 0.691412
0.001507 0.096708
0.000973 0.021366
0.998493
0.001478
0.000029
0.054160 0.017929
0.645305 0.115315
0.058291 0.109000
0.295127
0.662524
0.042349
0.097656
0.179531
0.722813
0.215917 0.528657
0.020442 0.234957
0.000003 0.000024
0.017163 0.004773
0.587031 0.070922
0.123399 0.196712
0.128544 0.868252
0.000013 0.003145
0.000002 0.000044
0.554763
0.445100
0.000137
0.290939 0.350738
0.054849 0.303417
0.000006 0.000051
0.083710 0.029787
0.545859 0.115599
0.075262 0.149783
0.044380
0.879264
0.076355
0.215641 0.000963
0.004230 0.000001
0.739683 0.039484
0.399011
0.599679
0.001309
0.651822
0.073036
0.275141
0.168786 0.398628 0.387859
0.001415 0.014412 0.026340
0.000106 0.000630 0.001823
0.549275
0.433793
0.016931
0.015675 0.007286
0.486841 0.210621
0.090733 0.188845
0.014152 0.020108
0.159063 0.698271
0.016287 0.092120
0.380678
0.049418
0.569904
0.150148
0.837903
0.011949
0.963756
0.036242
0.000002
0.263826 0.257074 0.101784
0.128202 0.184214 0.064684
0.000028 0.000079 0.000110
0.968166
0.030628
0.001206
0.641624
0.035270
0.323106
0.015928 0.014299
0.204276 0.634673
0.015664 0.115160
0.237160 0.196721
0.209240 0.322719
0.006679 0.027482
0.774274
0.225699
0.000027
0.824075
0.175906
0.000019
0.474925
0.494954
0.030121
0.002276 0.000591
0.818850 0.148732
0.008764 0.020788
0.058580 0.043874
0.384039 0.343234
0.045990 0.124283
0.074790 0.077605
0.225865 0.577525
0.007492 0.036723
0.543057
0.027029
0.429914
0.074046
0.740210
0.185744
0.134041
0.680471
0.185488
0.186991
0.779441
0.033569
0.261024
0.570750
0.168225
0.878073
0.076682
0.045245
0.801809
0.069498
0.128693
0.021850
0.551731
0.426418
0.256612
0.712864
0.030525
0.939809 0.017630
0.008639 0.000004
0.029664 0.004254
0.129328
0.273920
0.596752
0.494255
0.049092
0.456654
0.908271
0.091720
0.000009
0.919515 0.023461
0.025789 0.000027
0.023542 0.007666
0.187705
0.676238
0.136057
0.051956 0.065999 0.035116 0.010465
0.170196 0.412941 0.195883 0.032324
0.001484 0.005117 0.008724 0.009795
0.313406 0.310688
0.113287 0.262522
0.000017 0.000080
0.417886 0.188736
0.284318 0.108838
0.000067 0.000155
0.263779 0.367615
0.038491 0.194673
0.018527 0.116915
0.565999
0.433871
0.000130
0.011754 0.007681 0.002259
0.375017 0.212363 0.032170
0.077708 0.143129 0.137919
0.858102
0.141884
0.000014
0.624571 0.108601
0.134801 0.007642
0.063765 0.060619
0.540601
0.279518
0.179881
0.135484 0.811097
0.000319 0.053098
0.000000 0.000002
0.564044
0.435815
0.000140
0.173600 0.685503
0.002163 0.138727
0.000000 0.000007
0.283218
0.399461
0.317320
0.290726
0.679434
0.029840
0.199754 0.786132
0.000242 0.013601
0.000017 0.000254
0.074247
0.748124
0.177629
0.971922
0.028076
0.000002
0.012738 0.174043 0.807123
0.000000 0.000059 0.006037
0.000000 0.000000 0.000000
0.135936 0.859313
0.000043 0.004631
0.000004 0.000073
0.246247 0.181015 0.055121
0.026613 0.018722 0.002433
0.083534 0.185139 0.201175
0.706936 0.228238
0.043866 0.007779
0.004763 0.008418
0.869358
0.050366
0.080277
0.047048 0.103594
0.050129 0.748980
0.004814 0.045436
0.370188 0.201675
0.037547 0.021835
0.099363 0.269391
0.534022
0.447864
0.018114
0.045239 0.949809
0.000005 0.004946
0.000000 0.000000
0.971333
0.027497
0.001170
0.017819 0.000737
0.396997 0.001207
0.390595 0.192645
0.530228
0.264463
0.205309
0.021506 0.000700
0.195860 0.000471
0.641559 0.139904
0.940967
0.024531
0.034501
0.042140 0.066957
0.118766 0.742154
0.003902 0.026081
0.023086
0.813295
0.163619
0.589930
0.185761
0.224309
0.036068 0.199622 0.377002
0.000289 0.029943 0.349591
0.000061 0.000954 0.006470
0.503598
0.163321
0.333081
0.006586 0.006670
0.245765 0.611088
0.021899 0.107992
0.047079
0.916438
0.036484
0.016915 0.066292 0.089137
0.003045 0.134280 0.689144
0.000017 0.000195 0.000975
0.457714 0.147636
0.332609 0.061759
0.000105 0.000178
0.167621 0.672841
0.002328 0.155491
0.000099 0.001619
0.640508
0.359436
0.000056
0.478107 0.043173
0.307206 0.002893
0.118558 0.050063
0.021916
0.640510
0.337574
0.015031 0.011554
0.343380 0.439967
0.039570 0.150497
0.096101
0.901647
0.002252
0.021269
0.809317
0.169415
0.567020
0.432796
0.000184
0.147977 0.041249
0.589830 0.080858
0.069987 0.070100
0.564424
0.435496
0.000080
0.441852
0.395405
0.162743
0.940551 0.016994
0.008291 0.000004
0.029993 0.004167
0.325683 0.046513
0.222264 0.006273
0.212955 0.186311
0.110213 0.869372
0.000069 0.019991
0.000009 0.000345
0.220761 0.208734
0.213050 0.322496
0.008164 0.026794
0.217093
0.742664
0.040243
0.030745
0.888003
0.081252
0.081998 0.350266
0.012923 0.547375
0.000505 0.006933
0.192742 0.284876 0.145392
0.048124 0.213891 0.114839
0.000008 0.000040 0.000088
0.073807 0.062212
0.329714 0.498257
0.007444 0.028567
0.053215 0.087177
0.094952 0.738355
0.003102 0.023199
0.189214 0.071200
0.529489 0.130004
0.026202 0.053891
0.289959 0.249545
0.085313 0.136153
0.048224 0.190807
0.210632 0.004366
0.329257 0.000284
0.395964 0.059497
0.056828 0.018674
0.675575 0.119602
0.045410 0.083910
0.296471 0.242010 0.081865
0.185343 0.166388 0.027653
0.000043 0.000104 0.000123
0.163443
0.573289
0.263268
0.021526
0.638106
0.340368
0.536051 0.067066
0.379810 0.016678
0.000183 0.000211
0.175668 0.239991 0.114007
0.023060 0.083836 0.038248
0.021669 0.100197 0.203324
0.485606
0.048905
0.465490
0.049851 0.157666 0.172223
0.005744 0.147200 0.455713
0.000234 0.002215 0.009154
0.025517
0.853056
0.121428
0.066653 0.039214
0.524056 0.361606
0.002157 0.006314
0.933771
0.047222
0.019007
0.118943
0.856180
0.024877
0.376098
0.610416
0.013485
0.112530 0.847307
0.000297 0.039497
0.000016 0.000352
0.602001
0.397928
0.000072
0.015670 0.007509
0.498153 0.213061
0.074744 0.190862
0.727943
0.271449
0.000608
0.069834
0.914202
0.015965
0.075881
0.754729
0.169390
0.097211 0.723896
0.000608 0.176266
0.000051 0.001968
0.577044
0.422789
0.000168
0.838581
0.161402
0.000017
0.689477
0.108402
0.202122
0.059345 0.019676
0.510868 0.157886
0.063075 0.189149
0.444251
0.554336
0.001413
0.662307 0.092516
0.097665 0.003492
0.091942 0.052077
0.542155
0.457523
0.000322
0.402259 0.037208
0.541662 0.013230
0.002996 0.002645
0.057835 0.088984
0.124341 0.661935
0.009364 0.057541
0.042628 0.039615
0.211931 0.698467
0.000873 0.006487
0.582803
0.416982
0.000215
0.457340 0.149934
0.300634 0.091866
0.000058 0.000167
0.031269 0.037228
0.226569 0.598792
0.019970 0.086172
0.277903 0.017558
0.046166 0.000204
0.459158 0.199011
0.269736
0.641115
0.089149
0.292750 0.044532
0.083766 0.002947
0.302569 0.273435
0.297366 0.009502
0.180238 0.000305
0.418703 0.093885
0.572152
0.427735
0.000113
0.107237 0.626849
0.001539 0.258705
0.000239 0.005432
0.443888 0.508541
0.008045 0.036683
0.000321 0.002522
0.864748
0.126466
0.008786
0.084125
0.594320
0.321554
0.371937 0.194751
0.038727 0.020327
0.099178 0.275080
0.625525
0.374156
0.000318
0.465631
0.517401
0.016968
0.176494
0.022022
0.801484
0.404253 0.185494 0.023874
0.273389 0.108443 0.004197
0.000064 0.000149 0.000138
0.063338 0.041825 0.011869
0.426181 0.239555 0.029715
0.038552 0.075121 0.073844
0.746165 0.006294 0.000032
0.005237 0.000001 0.000000
0.230539 0.011338 0.000394
0.536423
0.414037
0.049541
0.235622
0.048690
0.715688
0.107012
0.806281
0.086707
0.138215 0.006112
0.825240 0.004459
0.017621 0.008353
0.021701
0.591237
0.387061
0.724898
0.275063
0.000040
0.574288
0.425025
0.000687
0.180895
0.256722
0.562383
0.205708 0.251109
0.110585 0.411488
0.003183 0.017927
0.049794 0.003128
0.397355 0.001820
0.383646 0.164257
0.065295 0.152801
0.062967 0.699733
0.002128 0.017075
0.356550 0.262393
0.184610 0.196298
0.000037 0.000111
0.091854
0.882774
0.025372
0.306357
0.684620
0.009023
0.136749 0.805950
0.000394 0.056904
0.000000 0.000002
0.601910
0.398025
0.000065
0.375645
0.621771
0.002584
0.290658
0.318510
0.390832
0.017331
0.261466
0.721203
0.045795
0.813292
0.140913
0.564976
0.434929
0.000094
0.114151
0.846979
0.038870
0.226428 0.293775
0.058620 0.404111
0.001601 0.015466
0.617653
0.382265
0.000082
0.571994
0.427842
0.000163
0.128059 0.010490
0.811401 0.018732
0.018001 0.013317
0.844928
0.116926
0.038146
0.032567 0.045922 0.030277
0.144829 0.353693 0.265095
0.013430 0.042367 0.071819
0.375161
0.608768
0.016071
0.092543
0.519903
0.387553
0.568175
0.431707
0.000118
0.281702 0.313869
0.049945 0.115194
0.048298 0.190993
0.639641
0.360286
0.000073
0.733795
0.266171
0.000034
0.302592
0.661271
0.036137
0.623318
0.376638
0.000044
0.740603
0.102124
0.157273
0.766855
0.228426
0.004719
0.072312 0.042190
0.526150 0.356226
0.000793 0.002330
0.020592
0.802158
0.177250
0.165855 0.713969
0.001630 0.118540
0.000000 0.000006
0.116344
0.826701
0.056955
0.090679 0.024099
0.538439 0.047547
0.142746 0.156490
0.563844
0.436026
0.000130
0.958285
0.041240
0.000475
0.252782 0.349440
0.073073 0.309762
0.002257 0.012686
0.274603 0.005273
0.011000 0.000012
0.645599 0.063513
0.768873
0.071985
0.159142
0.245287
0.677100
0.077613
0.052331 0.875329
0.000078 0.071616
0.000010 0.000636
0.064040 0.038163
0.418732 0.297462
0.045496 0.136108
0.089967 0.136381
0.096194 0.622173
0.006917 0.048368
0.753631
0.246335
0.000034
0.088180 0.202150
0.045056 0.633642
0.003071 0.027902
0.084596
0.851968
0.063436
0.790577
0.209316
0.000107
0.950264
0.023919
0.025817
0.097678
0.772640
0.129682
0.023279 0.007190
0.838362 0.129641
0.000557 0.000970
0.033772
0.881361
0.084867
0.580311
0.419582
0.000107
0.075333
0.827333
0.097334
0.023315
0.821961
0.154724
0.115193
0.826204
0.058603
0.015308 0.010018
0.402953 0.354025
0.051345 0.166351
0.600815
0.268941
0.130244
0.086288 0.033010
0.563412 0.238940
0.017229 0.061120
0.083594 0.283891 0.328646
0.001919 0.063806 0.238117
0.000000 0.000005 0.000021
0.689943
0.170281
0.139776
0.138818 0.803325
0.000350 0.057504
0.000000 0.000002
0.896020
0.076824
0.027156
0.662075
0.337513
0.000413
0.461390
0.534201
0.004409
0.068194
0.883906
0.047900
0.028059
0.971482
0.000460
0.108915 0.787387
0.000483 0.102418
0.000031 0.000767
0.195680
0.788046
0.016275
0.698261
0.294226
0.007513
0.117235
0.422571
0.460194
0.578645
0.421158
0.000197
0.629287
0.370649
0.000064
0.989732
0.010060
0.000208
0.907438 0.021537 0.000311
0.069602 0.000119 0.000000
0.000882 0.000103 0.000009
0.200751 0.788318
0.000270 0.010371
0.000024 0.000266
0.573996 0.044053
0.377439 0.004038
0.000254 0.000221
0.997641
0.002270
0.000090
0.020628
0.742866
0.236507
0.572663
0.421240
0.006097
0.920228
0.079767
0.000004
0.318927 0.293082
0.158158 0.229705
0.000029 0.000098
0.156768
0.779340
0.063891
0.013962 0.006647 0.001151
0.456848 0.147673 0.007499
0.085079 0.154161 0.126980
0.135463
0.846481
0.018056
0.960399
0.038715
0.000885
0.778564
0.221411
0.000024
0.798111
0.201867
0.000023
0.062575 0.167037 0.123223
0.011768 0.219576 0.371618
0.000879 0.008851 0.034473
0.924282 0.029277
0.013757 0.000081
0.027628 0.004975
0.017170 0.010551
0.344161 0.437370
0.030642 0.160106
0.022954
0.708580
0.268466
0.860862
0.139129
0.000009
0.107084
0.792631
0.100285
0.094020
0.778176
0.127804
0.624209
0.082759
0.293032
0.276965 0.220909
0.151262 0.317179
0.004938 0.028747
0.539973
0.447731
0.012295
0.580320
0.419592
0.000088
0.048951
0.702065
0.248983
0.084325 0.014390
0.763659 0.051694
0.031655 0.054279
0.337425 0.324258
0.026117 0.041138
0.062426 0.208635
0.185957
0.766368
0.047675
0.046770
0.025485
0.927745
0.057590 0.060888
0.214243 0.561198
0.017997 0.088084
0.237730 0.450909
0.030439 0.280885
0.000004 0.000033
