1.000000
1.000000
0.732661 0.267339
1.000000
1.000000
0.441796 0.558204
0.151791 0.848209
1.000000
0.000751 0.999249
0.731625 0.268375
1.000000
1.000000
1.000000
1.000000
0.698734 0.235399 0.065867
1.000000
1.000000
0.411032 0.588968
0.139805 0.316917 0.335797 0.207481
1.000000
1.000000
0.705113 0.294887
1.000000
1.000000
0.296265 0.703735
1.000000
1.000000
1.000000
1.000000
0.833640 0.166360
1.000000
1.000000
0.507326 0.492674
0.766365 0.233635
1.000000
1.000000
0.706869 0.293131
0.265054 0.734946
1.000000
0.630835 0.369165
1.000000
1.000000
0.025622 0.974378
1.000000
1.000000
0.947143 0.052857
1.000000
1.000000
0.825237 0.174763
1.000000
1.000000
1.000000
1.000000
0.655531 0.344469
1.000000
1.000000
1.000000
1.000000
0.362895 0.452081 0.185023
1.000000
0.907382 0.092618
1.000000
1.000000
0.603308 0.396692
1.000000
1.000000
0.803012 0.196988
1.000000
0.725991 0.274009
0.000019 0.999981
0.328552 0.671448
0.000381 0.999619
1.000000
0.004429 0.447377 0.548193
1.000000
1.000000
0.799594 0.200406
1.000000
0.889805 0.110195
1.000000
1.000000
1.000000
0.803320 0.196680
0.369725 0.630275
0.724904 0.275096
0.443707 0.556293
1.000000
1.000000
1.000000
1.000000
1.000000
1.000000
0.177257 0.435907 0.386836
0.232324 0.511397 0.256279
0.583108 0.416892
1.000000
1.000000
1.000000
1.000000
1.000000
0.040763 0.316085 0.643153
1.000000
0.470843 0.529157
0.295523 0.704477
0.897200 0.102800
0.388588 0.461029 0.150383
0.849306 0.150694
1.000000
1.000000
0.293504 0.706496
1.000000
1.000000
1.000000
1.000000
1.000000
0.711729 0.288271
0.310154 0.689846
1.000000
1.000000
1.000000
0.630683 0.369317
1.000000
1.000000
0.227830 0.772170
0.925752 0.074248
1.000000
1.000000
0.486655 0.513345
1.000000
0.604226 0.395774
0.570928 0.429072
1.000000
0.299704 0.700296
1.000000
1.000000
1.000000
1.000000
0.820145 0.179855
0.380669 0.619331
0.815124 0.184876
0.792861 0.207139
1.000000
1.000000
1.000000
0.644428 0.355572
0.043075 0.956925
0.024403 0.262355 0.334464 0.378778
1.000000
1.000000
1.000000
0.826670 0.173330
1.000000
0.457942 0.542058
1.000000
0.489830 0.510170
0.808539 0.191461
1.000000
0.896939 0.103061
0.705371 0.294629
0.188611 0.811389
1.000000
0.858190 0.109334 0.032475
0.392848 0.607152
1.000000
0.246994 0.753006
1.000000
0.170698 0.410737 0.418565
0.274302 0.725698
1.000000
0.901265 0.098735
0.453219 0.546781
1.000000
1.000000
1.000000
0.729924 0.270076
0.001390 0.998610
1.000000
1.000000
0.621664 0.378336
1.000000
0.004900 0.995100
1.000000
1.000000
0.764797 0.235203
1.000000
1.000000
1.000000
1.000000
1.000000
0.853738 0.146262
1.000000
1.000000
1.000000
1.000000
1.000000
1.000000
1.000000
1.000000
0.416932 0.583068
0.082695 0.368100 0.549205
0.774282 0.225718
1.000000
0.086387 0.913613
1.000000
1.000000
0.499688 0.500312
1.000000
1.000000
1.000000
0.137611 0.862389
1.000000
0.924660 0.075340
1.000000
1.000000
1.000000
1.000000
0.175269 0.824731
0.305348 0.694652
0.507757 0.492243
1.000000
0.498582 0.501418
0.523897 0.476103
1.000000
0.285888 0.410417 0.303694
0.614623 0.253548 0.131830
0.402974 0.597026
0.296833 0.703167
0.956387 0.043613
0.582932 0.417068
1.000000
0.379885 0.620115
1.000000
1.000000
0.000324 0.999676
1.000000
1.000000
1.000000
0.859848 0.140152
0.721105 0.278895
1.000000
0.023911 0.976089
1.000000
1.000000
1.000000
0.004301 0.995699
1.000000
1.000000
1.000000
1.000000
1.000000
0.094317 0.905683
1.000000
1.000000
1.000000
0.054118 0.945882
0.613749 0.386251
0.501630 0.498370
0.816487 0.183513
0.773482 0.226518
1.000000
1.000000
0.264228 0.735772
1.000000
1.000000
1.000000
1.000000
0.417156 0.325845 0.256999
0.516103 0.483897
0.766540 0.233460
0.143716 0.481115 0.375169
1.000000
0.260959 0.739041
1.000000
0.540441 0.459559
0.541434 0.458566
1.000000
0.343893 0.656107
1.000000
1.000000
1.000000
0.348085 0.651915
0.099787 0.446135 0.454078
0.220041 0.779959
1.000000
0.508475 0.491525
1.000000
0.788959 0.211041
1.000000
1.000000
1.000000
1.000000
0.040671 0.484559 0.474771
0.013332 0.986668
1.000000
1.000000
1.000000
1.000000
0.750678 0.249322
1.000000
0.711831 0.288169
1.000000
0.543575 0.456425
0.335571 0.664429
1.000000
1.000000
0.790135 0.209865
0.661417 0.338583
0.201373 0.798627
1.000000
1.000000
0.000128 0.999872
1.000000
0.447866 0.447995 0.104139
1.000000
1.000000
0.514062 0.485938
1.000000
1.000000
0.169460 0.830540
1.000000
0.398086 0.419561 0.182353
0.257793 0.742207
1.000000
0.898548 0.101452
1.000000
1.000000
1.000000
1.000000
0.732143 0.267857
1.000000
1.000000
0.863660 0.136340
0.788367 0.211633
1.000000
0.596115 0.403885
0.000121 0.999879
0.008187 0.991813
1.000000
1.000000
1.000000
1.000000
1.000000
0.903464 0.096536
1.000000
1.000000
0.490663 0.509337
1.000000
1.000000
0.128043 0.434365 0.437592
0.832857 0.167143
1.000000
1.000000
1.000000
0.387887 0.612113
0.001811 0.998189
1.000000
1.000000
1.000000
1.000000
0.098635 0.901365
1.000000
0.497463 0.383141 0.119396
1.000000
1.000000
0.312349 0.687651
0.006996 0.228086 0.764918
0.373292 0.626708
1.000000
0.191778 0.808222
1.000000
1.000000
1.000000
1.000000
1.000000
0.792409 0.207591
0.699442 0.300558
0.690321 0.309679
1.000000
1.000000
0.874635 0.125365
0.833518 0.166482
0.420597 0.579403
0.807119 0.192881
0.686116 0.313884
1.000000
1.000000
1.000000
0.002223 0.104122 0.292520 0.601135
0.165481 0.834519
1.000000
0.318238 0.681762
1.000000
0.827631 0.172369
1.000000
1.000000
0.004153 0.995847
1.000000
0.424042 0.411123 0.164835
0.517134 0.406436 0.076429
0.072070 0.927930
0.775081 0.224919
0.505024 0.240675 0.152584 0.101717
1.000000
0.561708 0.438292
1.000000
0.706922 0.195777 0.097301
0.156413 0.843587
0.000566 0.999434
0.728598 0.271402
0.516451 0.483549
1.000000
1.000000
1.000000
1.000000
0.598728 0.401272
1.000000
0.629103 0.370897
0.151587 0.848413
1.000000
1.000000
0.220709 0.528664 0.250627
1.000000
1.000000
1.000000
1.000000
0.087526 0.912474
1.000000
0.870804 0.129196
1.000000
0.133421 0.866579
1.000000
1.000000
1.000000
0.367133 0.632867
1.000000
1.000000
1.000000
1.000000
0.657466 0.342534
1.000000
0.337214 0.401420 0.261367
1.000000
1.000000
1.000000
0.163232 0.836768
1.000000
0.392344 0.607656
1.000000
1.000000
1.000000
1.000000
0.480330 0.519670
0.340957 0.659043
0.352139 0.647861
0.756550 0.243450
0.599038 0.400962
0.728392 0.271608
1.000000
1.000000
1.000000
1.000000
0.616325 0.383675
1.000000
1.000000
1.000000
1.000000
0.811912 0.138314 0.049774
0.907272 0.092728
1.000000
0.786610 0.213390
1.000000
1.000000
0.476447 0.523553
1.000000
0.229558 0.770442
1.000000
0.776295 0.223705
1.000000
0.807870 0.192130
1.000000
1.000000
1.000000
1.000000
0.423674 0.576326
1.000000
1.000000
0.776334 0.223666
0.620847 0.379153
1.000000
0.275589 0.724411
1.000000
0.664729 0.335271
0.095694 0.904306
1.000000
0.710896 0.289104
1.000000
1.000000
0.480216 0.519784
0.724196 0.275804
0.466472 0.533528
0.173560 0.826440
1.000000
1.000000
1.000000
1.000000
1.000000
0.277341 0.722659
0.607404 0.392596
1.000000
0.000084 0.999916
1.000000
0.652436 0.250251 0.097312
0.903958 0.096042
0.406888 0.593112
0.052669 0.310198 0.637133
0.003062 0.996938
1.000000
1.000000
1.000000
1.000000
1.000000
1.000000
1.000000
1.000000
1.000000
1.000000
0.085016 0.914984
1.000000
0.001413 0.998587
1.000000
0.403424 0.596576
1.000000
1.000000
1.000000
1.000000
1.000000
1.000000
0.337024 0.662976
1.000000
0.709341 0.189877 0.100783
0.817263 0.182737
1.000000
0.687071 0.312929
0.752701 0.247299
0.788587 0.211413
0.549766 0.450234
1.000000
0.497009 0.502991
1.000000
0.636603 0.363397
1.000000
1.000000
0.600644 0.256609 0.142747
1.000000
1.000000
0.766783 0.233217
1.000000
1.000000
0.467045 0.532955
1.000000
1.000000
0.024473 0.975527
1.000000
0.843325 0.135996 0.020679
0.610677 0.389323
0.502756 0.497244
0.443154 0.556846
1.000000
1.000000
0.781112 0.218888
0.786574 0.213426
0.881482 0.118518
0.617569 0.382431
0.225808 0.774192
1.000000
1.000000
0.660649 0.339351
0.305561 0.694439
1.000000
0.642039 0.357961
1.000000
1.000000
0.765231 0.234769
0.330761 0.669239
0.789102 0.210898
1.000000
1.000000
0.833471 0.166529
1.000000
0.217154 0.782846
1.000000
0.354039 0.645961
1.000000
0.484801 0.515199
1.000000
1.000000
1.000000
0.381702 0.618298
0.852020 0.147980
0.367798 0.632202
1.000000
0.691607 0.308393
1.000000
1.000000
1.000000
1.000000
1.000000
0.485206 0.514794
0.578574 0.421426
0.252679 0.747321
1.000000
0.707015 0.292985
1.000000
1.000000
0.472657 0.527343
0.331391 0.668609
1.000000
0.323324 0.396702 0.279974
0.792446 0.207554
0.326391 0.673609
0.072712 0.373866 0.553421
1.000000
0.521107 0.478893
1.000000
1.000000
1.000000
1.000000
1.000000
0.661619 0.338381
0.714804 0.285196
1.000000
1.000000
1.000000
0.810945 0.189055
0.246456 0.534026 0.219518
1.000000
1.000000
1.000000
0.290162 0.709838
1.000000
1.000000
0.786286 0.213714
1.000000
1.000000
1.000000
0.260965 0.739035
1.000000
0.336555 0.663445
1.000000
1.000000
0.000794 0.999206
1.000000
1.000000
0.733279 0.266721
0.888430 0.111570
1.000000
0.478823 0.521177
0.185548 0.814452
0.549011 0.450989
1.000000
1.000000
1.000000
1.000000
0.000744 0.999256
1.000000
0.354064 0.645936
1.000000
0.423857 0.576143
1.000000
0.011689 0.988311
1.000000
1.000000
1.000000
1.000000
0.000028 0.999972
0.058230 0.941770
1.000000
1.000000
1.000000
1.000000
1.000000
0.324196 0.675804
1.000000
0.573815 0.426185
0.839936 0.160064
1.000000
1.000000
1.000000
0.000029 0.999971
1.000000
0.684476 0.315524
0.001697 0.998303
0.007804 0.992196
1.000000
0.674461 0.325539
0.466676 0.533324
1.000000
0.273352 0.726648
1.000000
0.925938 0.074062
0.008635 0.991365
0.462381 0.537619
1.000000
1.000000
0.475579 0.451308 0.073113
0.531312 0.468688
0.716759 0.283241
1.000000
1.000000
0.468727 0.531273
1.000000
1.000000
0.792811 0.207189
0.005742 0.564476 0.429782
0.017220 0.361114 0.621665
1.000000
1.000000
0.238592 0.761408
1.000000
1.000000
1.000000
0.339945 0.660055
0.763185 0.236815
0.774122 0.225878
0.435474 0.452852 0.111674
0.458953 0.541047
0.648895 0.351105
1.000000
1.000000
1.000000
1.000000
0.266187 0.733813
0.211357 0.441349 0.347294
0.158688 0.841312
0.778035 0.221965
1.000000
0.829507 0.170493
1.000000
0.895445 0.104555
1.000000
0.591679 0.408321
0.001095 0.998905
1.000000
0.664496 0.335504
0.877765 0.122235
1.000000
0.515988 0.484012
0.043801 0.956199
0.000205 0.999795
0.354295 0.645705
0.439326 0.560674
1.000000
0.026786 0.423837 0.549378
0.715773 0.284227
1.000000
1.000000
0.000059 0.076691 0.923249
1.000000
1.000000
1.000000
0.040274 0.236356 0.415315 0.308055
1.000000
1.000000
1.000000
0.053539 0.345570 0.600891
1.000000
0.174830 0.445789 0.379381
1.000000
1.000000
0.019607 0.980393
0.793002 0.206998
1.000000
0.725125 0.274875
0.897320 0.102680
1.000000
1.000000
1.000000
1.000000
0.756997 0.243003
0.396073 0.603927
0.414946 0.585054
0.467905 0.340880 0.191214
0.807746 0.163871 0.028383
1.000000
1.000000
1.000000
0.624807 0.375193
1.000000
0.618706 0.381294
1.000000
1.000000
0.178479 0.821521
1.000000
1.000000
0.830278 0.169722
1.000000
1.000000
0.292106 0.707894
0.203875 0.514155 0.281970
1.000000
0.870976 0.129024
1.000000
0.254223 0.745777
1.000000
0.451389 0.548611
1.000000
1.000000
1.000000
0.682722 0.251913 0.065366
0.000310 0.999690
1.000000
0.001921 0.518794 0.479286
1.000000
1.000000
0.686824 0.313176
1.000000
1.000000
0.819321 0.180679
1.000000
1.000000
0.079087 0.920913
0.790609 0.209391
1.000000
1.000000
0.912452 0.067124 0.020424
0.467238 0.532762
1.000000
1.000000
0.327799 0.672201
0.893060 0.106940
1.000000
1.000000
0.498538 0.501462
1.000000
0.607883 0.392117
1.000000
1.000000
0.807812 0.192188
1.000000
1.000000
1.000000
0.034286 0.965714
0.783177 0.216823
0.896620 0.103380
1.000000
1.000000
0.200412 0.799588
0.269867 0.730133
0.000000 0.007841 0.992158
1.000000
0.869243 0.130757
0.239433 0.409684 0.270565 0.080317
1.000000
1.000000
1.000000
1.000000
0.841572 0.158428
1.000000
0.457000 0.543000
1.000000
1.000000
1.000000
1.000000
0.226818 0.773182
1.000000
1.000000
1.000000
1.000000
1.000000
0.743552 0.256448
1.000000
0.718367 0.281633
1.000000
1.000000
1.000000
1.000000
1.000000
0.716861 0.283139
1.000000
0.076610 0.923390
0.002601 0.997399
1.000000
1.000000
0.826857 0.173143
1.000000
0.751283 0.248717
1.000000
0.790204 0.209796
1.000000
1.000000
1.000000
1.000000
1.000000
1.000000
1.000000
1.000000
0.747936 0.252064
1.000000
0.844919 0.155081
0.186448 0.813552
1.000000
1.000000
0.523483 0.476517
1.000000
0.000569 0.999431
0.641317 0.358683
1.000000
0.006985 0.993015
1.000000
1.000000
0.829880 0.170120
0.003256 0.470424 0.526320
0.109338 0.890662
1.000000
1.000000
1.000000
1.000000
1.000000
0.721275 0.278725
1.000000
0.430919 0.569081
0.342169 0.657831
0.210214 0.789786
0.830864 0.169136
0.177928 0.822072
1.000000
0.157711 0.842289
1.000000
1.000000
1.000000
0.501102 0.498898
1.000000
1.000000
1.000000
1.000000
1.000000
0.428973 0.571027
0.820931 0.179069
0.045785 0.450466 0.503750
0.803687 0.196313
0.554102 0.445898
0.855602 0.144398
0.123406 0.876594
0.000031 0.999969
0.372068 0.627932
0.846158 0.153842
1.000000
1.000000
0.479177 0.520823
1.000000
1.000000
1.000000
0.148358 0.851642
1.000000
0.810747 0.189253
0.470175 0.529825
1.000000
1.000000
1.000000
0.069511 0.930489
0.887816 0.112184
1.000000
1.000000
1.000000
0.774193 0.225807
1.000000
0.551514 0.448486
0.030677 0.969323
0.010706 0.299065 0.690229
1.000000
0.182131 0.817869
0.165786 0.834214
1.000000
1.000000
1.000000
0.663229 0.201449 0.135323
0.355160 0.389697 0.255143
1.000000
0.665038 0.334962
0.223926 0.776074
1.000000
1.000000
1.000000
0.393781 0.606219
0.491384 0.508616
1.000000
1.000000
1.000000
1.000000
1.000000
1.000000
1.000000
1.000000
1.000000
1.000000
1.000000
1.000000
1.000000
1.000000
1.000000
1.000000
0.188460 0.811540
1.000000
1.000000
1.000000
1.000000
0.926509 0.073491
0.534037 0.465963
0.209386 0.790614
1.000000
1.000000
0.509011 0.490989
0.211982 0.788018
1.000000
0.307139 0.692861
0.788014 0.211986
0.699691 0.184614 0.082040 0.033655
0.825718 0.174282
0.622582 0.377418
0.509867 0.490133
0.775233 0.224767
1.000000
1.000000
1.000000
0.792309 0.207691
0.934561 0.065439
1.000000
1.000000
1.000000
1.000000
0.194930 0.805070
0.271610 0.728390
0.933011 0.066989
1.000000
0.686594 0.313406
1.000000
1.000000
0.089867 0.910133
1.000000
1.000000
0.567415 0.351771 0.080814
0.033658 0.966342
1.000000
0.798581 0.201419
0.217104 0.782896
1.000000
0.549635 0.450365
1.000000
0.735759 0.264241
1.000000
1.000000
0.610665 0.389335
1.000000
1.000000
0.261540 0.468102 0.270358
0.491130 0.508870
1.000000
0.590059 0.409941
0.020061 0.979939
0.597226 0.402774
1.000000
1.000000
1.000000
1.000000
1.000000
0.880802 0.119198
1.000000
1.000000
0.338315 0.661685
1.000000
1.000000
0.452009 0.547991
0.184665 0.815335
1.000000
1.000000
0.835036 0.164964
0.001819 0.998181
0.719163 0.280837
1.000000
0.418349 0.581651
0.360375 0.639625
1.000000
1.000000
1.000000
0.187778 0.812222
0.518968 0.481032
1.000000
1.000000
0.825600 0.174400
1.000000
0.500172 0.499828
1.000000
1.000000
0.542670 0.457330
1.000000
0.728606 0.183140 0.088254
1.000000
0.011071 0.988929
1.000000
1.000000
1.000000
1.000000
0.755911 0.244089
0.738398 0.261602
0.348791 0.651209
1.000000
1.000000
1.000000
0.618234 0.221079 0.102700 0.057988
0.068896 0.931104
0.378682 0.621318
0.031013 0.295494 0.673493
1.000000
1.000000
1.000000
1.000000
0.017680 0.422072 0.560248
0.001651 0.998349
1.000000
0.662537 0.337463
0.267106 0.732894
1.000000
0.792057 0.207943
1.000000
1.000000
0.001107 0.998893
1.000000
1.000000
0.856314 0.143686
1.000000
1.000000
0.634656 0.365344
0.799652 0.200348
0.086973 0.913027
0.644477 0.355523
0.595287 0.404713
0.777472 0.222528
0.161453 0.838547
0.508967 0.491033
0.048677 0.479630 0.471693
0.344794 0.655206
1.000000
0.662624 0.292782 0.044594
1.000000
1.000000
0.000557 0.999443
0.788467 0.211533
1.000000
0.516003 0.483997
0.470498 0.529502
1.000000
1.000000
0.162152 0.445328 0.392521
0.025466 0.974534
1.000000
0.712810 0.287190
0.940495 0.059505
0.326931 0.534168 0.138901
0.808809 0.191191
0.795018 0.204982
0.334916 0.665084
0.009576 0.990424
1.000000
1.000000
1.000000
1.000000
1.000000
0.412301 0.587699
1.000000
1.000000
1.000000
1.000000
0.629044 0.370956
1.000000
0.401922 0.598078
1.000000
1.000000
1.000000
0.542779 0.294825 0.162396
0.749814 0.250186
1.000000
0.200386 0.799614
1.000000
1.000000
1.000000
0.000065 0.999935
0.546605 0.453395
1.000000
1.000000
0.119244 0.880756
0.527853 0.331945 0.140202
1.000000
0.550282 0.449718
0.133618 0.866382
1.000000
1.000000
1.000000
0.831007 0.168993
1.000000
0.326428 0.673572
1.000000
0.359059 0.640941
1.000000
0.380653 0.619347
0.438594 0.561406
0.520506 0.479494
0.626603 0.373397
0.000201 0.999799
0.214398 0.785602
0.855324 0.144676
1.000000
0.030555 0.969445
0.711406 0.288594
1.000000
0.323509 0.676491
1.000000
0.723389 0.276611
0.918970 0.081030
0.818123 0.181877
1.000000
1.000000
1.000000
0.568013 0.245932 0.186055
1.000000
0.913113 0.086887
1.000000
0.486633 0.513367
1.000000
1.000000
1.000000
1.000000
1.000000
0.807088 0.192912
1.000000
1.000000
1.000000
1.000000
0.000024 0.999976
1.000000
0.639391 0.360609
0.773625 0.226375
0.424042 0.452754 0.123204
1.000000
1.000000
1.000000
1.000000
1.000000
0.889605 0.110395
0.000220 0.999780
0.544043 0.455957
0.261381 0.738619
1.000000
1.000000
1.000000
0.372617 0.431075 0.196308
1.000000
0.003930 0.996070
0.229006 0.770994
1.000000
1.000000
0.002366 0.997634
0.835558 0.164442
0.574141 0.425859
0.880857 0.119143
1.000000
0.375558 0.624442
1.000000
0.447515 0.552485
1.000000
1.000000
1.000000
0.008644 0.991356
0.131162 0.373047 0.495791
0.159869 0.391256 0.448875
1.000000
1.000000
0.529820 0.470180
1.000000
0.572454 0.427546
0.602163 0.397837
0.413451 0.586549
1.000000
1.000000
0.506490 0.493510
0.000000 0.006106 0.993894
1.000000
1.000000
1.000000
0.925890 0.074110
1.000000
1.000000
0.725053 0.274947
1.000000
0.097201 0.455250 0.447548
1.000000
0.474116 0.525884
1.000000
0.006981 0.993019
1.000000
1.000000
1.000000
0.232112 0.377481 0.390407
0.677981 0.322019
0.040712 0.317254 0.642034
0.663925 0.336075
1.000000
0.704520 0.188497 0.106982
0.710523 0.289477
1.000000
1.000000
1.000000
0.893288 0.106712
0.408023 0.591977
1.000000
1.000000
0.882619 0.117381
1.000000
1.000000
1.000000
0.340490 0.659510
1.000000
0.342065 0.657935
0.083028 0.916972
1.000000
1.000000
1.000000
1.000000
1.000000
1.000000
1.000000
1.000000
1.000000
1.000000
0.811555 0.188445
0.836313 0.163687
1.000000
0.314655 0.685345
1.000000
0.943433 0.056567
0.093756 0.906244
1.000000
1.000000
1.000000
0.529374 0.371339 0.099287
0.496266 0.503734
1.000000
0.015755 0.984245
1.000000
1.000000
1.000000
0.146010 0.853990
0.577918 0.316113 0.105968
0.082186 0.917814
0.790883 0.209117
0.827318 0.172682
1.000000
0.790928 0.209072
1.000000
0.001695 0.998305
1.000000
1.000000
0.643425 0.356575
0.000054 0.999946
0.224640 0.775360
0.626122 0.373878
1.000000
0.460735 0.539265
1.000000
1.000000
1.000000
1.000000
1.000000
0.515796 0.484204
1.000000
0.000049 0.181369 0.818582
1.000000
1.000000
1.000000
1.000000
0.527390 0.472610
0.397067 0.602933
1.000000
1.000000
0.379739 0.620261
1.000000
0.000945 0.999055
1.000000
1.000000
1.000000
0.128349 0.871651
1.000000
1.000000
0.938763 0.061237
0.774965 0.225035
1.000000
1.000000
1.000000
0.302370 0.697630
0.589651 0.410349
0.456810 0.543190
0.773026 0.226974
1.000000
1.000000
0.820497 0.179503
0.013131 0.986869
0.001356 0.998644
1.000000
1.000000
1.000000
0.638403 0.361597
1.000000
0.712071 0.287929
0.235697 0.764303
1.000000
1.000000
0.493845 0.506155
1.000000
1.000000
1.000000
1.000000
0.287039 0.712961
0.000516 0.284339 0.715145
1.000000
0.441270 0.558730
1.000000
1.000000
0.318178 0.403561 0.278261
0.764841 0.235159
1.000000
0.218877 0.781123
1.000000
1.000000
0.275441 0.724559
1.000000
0.648779 0.351221
0.840740 0.159260
0.102119 0.897881
0.462551 0.409836 0.127613
0.689967 0.310033
1.000000
0.381320 0.618680
0.334819 0.665181
1.000000
0.672291 0.327709
1.000000
0.340806 0.659194
1.000000
1.000000
1.000000
0.000545 0.122093 0.230354 0.647008
0.762573 0.237427
0.184219 0.815781
1.000000
0.191838 0.808162
1.000000
1.000000
0.341580 0.658420
1.000000
0.080953 0.919047
1.000000
0.003529 0.996471
1.000000
1.000000
0.201093 0.798907
1.000000
0.562393 0.317289 0.120318
1.000000
0.000667 0.999333
0.492143 0.507857
0.171379 0.370530 0.458091
1.000000
0.820886 0.179114
1.000000
1.000000
1.000000
1.000000
0.311757 0.688243
0.774077 0.225923
1.000000
0.454783 0.545217
0.619761 0.258997 0.121242
1.000000
1.000000
1.000000
1.000000
0.167933 0.440711 0.391356
0.339718 0.660282
1.000000
0.853220 0.146780
0.136012 0.863988
1.000000
1.000000
1.000000
0.791922 0.208078
0.257033 0.742967
0.719591 0.280409
1.000000
1.000000
1.000000
0.069973 0.930027
0.513941 0.486059
1.000000
1.000000
0.309450 0.690550
1.000000
0.715955 0.284045
0.390056 0.609944
1.000000
0.800020 0.199980
1.000000
0.919166 0.080834
1.000000
1.000000
1.000000
1.000000
1.000000
0.360254 0.639746
0.356853 0.643147
1.000000
1.000000
1.000000
1.000000
1.000000
1.000000
1.000000
1.000000
1.000000
0.809539 0.190461
1.000000
0.528584 0.471416
1.000000
0.465353 0.534647
1.000000
1.000000
1.000000
0.464378 0.535622
1.000000
1.000000
0.905013 0.094987
0.118303 0.433260 0.448437
1.000000
0.502991 0.497009
0.335308 0.664692
1.000000
0.038249 0.961751
0.511115 0.488885
1.000000
1.000000
1.000000
0.791133 0.208867
1.000000
1.000000
0.897043 0.102957
1.000000
0.240173 0.427839 0.331989
1.000000
0.013603 0.986397
0.665977 0.334023
0.788701 0.211299
0.700815 0.299185
0.639776 0.360224
1.000000
1.000000
0.525337 0.474663
1.000000
1.000000
1.000000
1.000000
0.711133 0.288867
1.000000
0.000228 0.999772
0.014360 0.985640
0.754404 0.245596
0.931451 0.068549
1.000000
0.438290 0.413030 0.148680
0.000003 0.025724 0.974273
1.000000
1.000000
0.202328 0.797672
0.887053 0.112947
1.000000
0.411196 0.588804
1.000000
1.000000
0.593249 0.406751
0.383898 0.390343 0.225759
1.000000
1.000000
0.867453 0.132547
1.000000
1.000000
1.000000
1.000000
1.000000
0.362565 0.637435
1.000000
0.206176 0.793824
1.000000
1.000000
0.000000 0.000012 0.023438 0.976550
0.740925 0.259075
0.695182 0.304818
1.000000
1.000000
0.715051 0.284949
1.000000
0.107659 0.892341
1.000000
1.000000
0.228634 0.771366
0.480180 0.519820
1.000000
0.665798 0.334202
1.000000
0.196668 0.803332
0.367376 0.632624
0.053775 0.390471 0.555754
0.603762 0.396238
0.085254 0.426794 0.487953
0.711554 0.288446
0.113781 0.368124 0.518095
1.000000
0.807605 0.192395
1.000000
1.000000
0.931889 0.068111
1.000000
0.098274 0.901726
0.771519 0.228481
0.842291 0.157709
0.098937 0.366216 0.534847
1.000000
0.815816 0.184184
0.508895 0.491105
1.000000
0.045791 0.954209
0.402700 0.597300
1.000000
0.788033 0.211967
1.000000
0.426723 0.573277
1.000000
0.719106 0.280894
0.532815 0.467185
1.000000
0.403263 0.450197 0.146540
1.000000
1.000000
0.003238 0.996762
1.000000
0.862807 0.137193
0.698868 0.301132
0.573191 0.426809
1.000000
1.000000
1.000000
0.642291 0.357709
1.000000
1.000000
1.000000
1.000000
0.725908 0.274092
1.000000
0.733073 0.266927
1.000000
0.625849 0.374151
1.000000
1.000000
0.712538 0.287462
0.616765 0.383235
0.474079 0.525921
0.012561 0.987439
0.725011 0.274989
1.000000
1.000000
1.000000
0.105920 0.466732 0.427348
1.000000
0.885296 0.114704
0.000002 0.999998
0.501940 0.498060
0.669747 0.330253
0.198085 0.801915
0.771194 0.228806
1.000000
1.000000
1.000000
1.000000
1.000000
0.002144 0.997856
1.000000
0.692640 0.307360
1.000000
0.933408 0.066592
1.000000
0.790639 0.209361
0.822517 0.177483
0.632445 0.367555
1.000000
1.000000
1.000000
0.591557 0.408443
0.621424 0.378576
0.299612 0.700388
0.189727 0.810273
1.000000
1.000000
0.090379 0.353064 0.556557
1.000000
1.000000
0.162783 0.456002 0.381215
1.000000
1.000000
0.539506 0.460494
0.819802 0.180198
0.757892 0.242108
1.000000
1.000000
1.000000
0.852931 0.147069
0.237758 0.762242
1.000000
0.817254 0.182746
1.000000
0.112273 0.887727
1.000000
0.747526 0.252474
1.000000
1.000000
0.280442 0.719558
0.758747 0.241253
0.002591 0.997409
1.000000
0.439050 0.560950
0.714711 0.285289
1.000000
0.902846 0.097154
1.000000
1.000000
0.291526 0.617587 0.090887
1.000000
0.602410 0.397590
0.209505 0.790495
1.000000
1.000000
1.000000
0.444293 0.383368 0.172339
1.000000
1.000000
0.235439 0.764561
0.489841 0.510159
1.000000
1.000000
1.000000
0.764889 0.235111
0.492900 0.507100
0.346177 0.653823
1.000000
1.000000
1.000000
1.000000
1.000000
1.000000
1.000000
1.000000
1.000000
0.785340 0.214660
1.000000
1.000000
1.000000
0.569665 0.430335
1.000000
0.226570 0.435448 0.267579 0.070403
0.496479 0.503521
0.689856 0.310144
0.312641 0.687359
1.000000
0.480122 0.368879 0.151000
1.000000
0.616156 0.383844
1.000000
0.006275 0.993725
1.000000
0.065740 0.934260
1.000000
1.000000
0.086439 0.913561
1.000000
1.000000
0.000000 0.009956 0.990044
0.009417 0.990583
0.447460 0.369182 0.183358
0.415310 0.584690
1.000000
0.126367 0.873633
0.564119 0.435881
1.000000
0.000231 0.999769
1.000000
0.778070 0.221930
1.000000
0.807365 0.192635
1.000000
0.204906 0.795094
1.000000
1.000000
0.002081 0.486279 0.511640
1.000000
0.265814 0.734186
1.000000
0.008970 0.285590 0.705440
0.786966 0.213034
0.059069 0.940931
1.000000
0.868727 0.131273
1.000000
0.388588 0.611412
1.000000
1.000000
1.000000
0.806145 0.193855
1.000000
1.000000
0.790484 0.209516
0.641036 0.358964
0.010726 0.989274
0.500048 0.499952
1.000000
1.000000
0.051358 0.948642
0.320839 0.396933 0.282228
0.380443 0.619557
0.196676 0.803324
0.712343 0.287657
0.425215 0.574785
0.883895 0.116105
0.743010 0.256990
0.535573 0.368784 0.095643
1.000000
1.000000
0.905085 0.094915
0.215622 0.465855 0.318523
1.000000
0.031888 0.342034 0.626078
1.000000
0.538548 0.461452
1.000000
1.000000
1.000000
0.004930 0.995070
1.000000
0.592778 0.407222
1.000000
1.000000
1.000000
0.012305 0.987695
1.000000
1.000000
1.000000
0.643312 0.356688
1.000000
0.647874 0.352126
1.000000
0.934509 0.065491
0.228361 0.771639
0.240343 0.759657
1.000000
0.709037 0.290963
0.297820 0.702180
0.730821 0.269179
1.000000
0.736832 0.263168
0.814868 0.185132
1.000000
0.006619 0.993381
0.916708 0.083292
1.000000
1.000000
0.573312 0.426688
1.000000
1.000000
1.000000
0.659592 0.303282 0.037126
0.519811 0.374331 0.105857
0.920530 0.074979 0.004491
1.000000
1.000000
1.000000
0.957484 0.042516
1.000000
1.000000
1.000000
1.000000
0.417115 0.582885
0.800564 0.199436
0.114415 0.885585
0.569054 0.430946
1.000000
1.000000
0.007932 0.992068
1.000000
1.000000
1.000000
1.000000
1.000000
1.000000
1.000000
0.368767 0.631233
1.000000
1.000000
0.922469 0.077531
1.000000
0.207620 0.423180 0.369200
1.000000
1.000000
1.000000
0.367282 0.632718
1.000000
1.000000
1.000000
1.000000
1.000000
1.000000
0.536511 0.463489
1.000000
0.044259 0.955741
1.000000
0.793388 0.206612
1.000000
1.000000
0.421190 0.578810
0.872438 0.127562
1.000000
1.000000
0.000403 0.999597
0.522573 0.477427
0.257231 0.742769
1.000000
0.168732 0.831268
1.000000
1.000000
1.000000
1.000000
0.804072 0.195928
1.000000
1.000000
1.000000
1.000000
1.000000
0.460992 0.539008
1.000000
0.595071 0.404929
0.034878 0.467107 0.498015
1.000000
0.007072 0.992928
1.000000
1.000000
1.000000
1.000000
1.000000
0.002766 0.997234
1.000000
1.000000
1.000000
1.000000
1.000000
1.000000
0.919238 0.071026 0.009736
0.041090 0.958910
0.941712 0.058288
1.000000
1.000000
1.000000
1.000000
0.539389 0.460611
1.000000
0.573240 0.308318 0.118442
1.000000
1.000000
1.000000
1.000000
0.088339 0.345436 0.566226
0.764958 0.235042
0.371246 0.628754
1.000000
1.000000
1.000000
1.000000
1.000000
0.446620 0.553380
1.000000
1.000000
1.000000
0.850717 0.149283
0.455620 0.544380
1.000000
1.000000
0.322812 0.677188
0.379073 0.620927
