2000 3
1 1 2 1 1 2 1 1 1 2 2 1 1 1 1 2 2 1 1 1 2 1 2 2 2 2 1 1 2 1 1 3 1 2 1 1 1 1 2 1 1 3 2 2 2 2 2 1 2 1 1 3 2 1 2 1 1 2 3 2 2 1 1 1 1 1 3 2 2 2 1 2 2 2 2 2 1 1 2 1 1 2 2 2 2 1 1 1 1 2 2 1 2 1 1 1 3 2 2 1 1 1 1 1 1 1 1 2 2 1 2 1 2 1 1 2 1 2 2 2 2 1 3 1 3 2 1 2 2 2 2 1 2 1 1 1 2 2 2 1 1 2 1 4 2 2 2 2 2 2 2 2 4 3 2 1 1 2 3 1 1 2 2 1 2 2 2 1 1 1 1 1 2 1 2 1 1 2 2 1 4 1 2 3 1 2 2 3 2 1 1 2 2 1 1 1 2 1 1 2 2 4 2 2 3 2 2 2 1 2 1 1 1 1 2 2 2 2 1 3 1 2 1 1 1 3 1 1 2 3 2 1 2 2 2 1 2 2 2 2 1 1 2 1 1 1 1 2 1 2 2 1 3 1 1 2 1 1 1 1 1 1 2 2 2 2 3 1 3 1 1 1 1 2 1 1 1 2 1 1 1 1 3 2 2 2 1 3 1 2 1 2 1 1 2 2 1 1 1 2 1 2 1 2 1 1 2 2 1 3 1 1 1 1 1 2 1 2 1 2 4 1 1 2 1 1 1 2 2 1 1 1 1 2 2 1 3 1 1 1 1 2 1 2 1 1 2 1 2 2 1 1 2 1 1 1 2 2 2 3 2 3 2 1 2 1 2 2 1 1 1 2 1 1 1 2 1 2 1 1 1 2 1 3 2 3 1 1 1 1 2 2 2 2 2 1 1 1 1 1 1 2 1 1 1 2 3 1 2 1 3 2 2 2 1 2 1 1 1 3 1 2 2 2 1 2 2 1 1 2 2 2 2 3 1 1 1 2 1 1 1 2 1 1 1 1 2 1 1 2 1 1 3 1 1 1 1 2 2 2 1 2 2 1 1 3 2 1 1 1 2 2 2 1 2 2 2 1 2 2 2 2 2 2 1 2 2 1 3 1 1 1 2 3 2 2 2 2 2 1 1 2 2 2 2 2 2 2 2 2 1 2 1 2 1 2 1 1 2 1 1 2 2 2 2 4 1 1 1 3 2 1 2 1 1 2 2 1 2 1 2 2 1 2 1 2 1 2 2 1 2 2 2 1 3 1 1 2 1 1 1 2 1 1 1 1 2 1 1 2 1 1 2 1 1 3 1 1 1 1 3 1 2 2 1 1 1 1 5 2 1 1 1 1 2 1 2 1 1 2 2 3 2 2 1 2 4 2 2 2 2 1 2 2 1 2 3 2 3 3 2 2 1 1 1 1 2 3 2 2 3 1 1 1 3 2 4 2 1 1 2 3 1 1 2 2 2 1 1 1 1 1 1 2 1 2 2 3 1 2 1 3 2 1 1 1 1 3 1 1 1 1 1 2 1 1 3 2 2 1 1 1 1 2 2 1 2 1 1 1 1 2 1 1 2 1 1 2 2 2 2 1 1 2 2 1 2 2 2 1 2 1 2 1 2 1 1 2 1 1 1 2 1 1 1 1 3 1 2 1 2 1 1 2 1 2 1 1 2 1 1 1 1 2 2 2 2 2 2 1 1 2 1 1 1 1 1 1 1 1 1 1 1 2 2 2 2 2 3 1 2 2 2 1 2 1 1 2 1 1 2 1 1 2 2 2 2 1 1 2 3 1 1 3 1 3 1 2 3 3 1 2 2 1 1 2 2 1 2 1 2 2 2 2 2 2 2 1 2 1 1 2 1 1 1 2 1 1 1 2 1 1 2 2 2 1 1 2 1 2 2 2 1 1 2 2 2 1 1 2 1 2 1 1 2 1 2 1 2 2 4 2 1 1 1 2 1 2 1 2 1 1 1 2 1 2 1 2 2 2 2 2 2 1 1 2 1 1 2 1 1 1 1 3 1 1 2 2 1 1 1 3 1 1 1 1 2 2 1 2 2 1 1 1 1 2 2 1 1 4 1 1 2 2 2 1 2 1 2 2 1 1 3 1 1 2 1 1 1 2 1 1 1 1 1 2 2 2 2 1 2 2 2 2 2 1 2 2 2 2 1 2 1 1 3 2 2 2 2 2 1 2 2 2 1 1 5 2 1 2 2 2 1 1 2 2 2 1 2 1 1 1 1 1 1 2 2 1 1 1 2 1 2 1 2 1 1 1 1 1 1 1 2 2 2 1 2 1 3 2 2 2 2 2 2 3 1 1 1 1 1 1 1 2 1 1 1 2 2 1 1 2 1 2 1 2 1 2 1 1 1 2 1 2 2 2 1 1 2 1 1 2 1 1 1 2 2 1 2 2 1 1 2 2 2 2 2 1 1 1 1 2 1 2 2 1 2 1 2 1 2 1 1 1 1 2 2 1 2 1 2 2 1 1 2 1 1 1 3 1 3 1 1 3 2 1 1 1 1 1 2 1 3 1 1 1 2 1 2 3 2 1 1 1 2 1 1 2 3 2 2 2 2 3 2 1 1 1 2 3 3 2 2 2 1 2 2 2 1 2 2 2 2 3 2 2 2 1 2 1 2 1 2 2 2 1 2 1 2 3 1 2 2 1 1 2 2 2 1 2 1 2 2 2 2 2 1 1 2 2 2 1 1 2 2 1 2 1 2 1 2 1 1 1 1 2 2 1 1 2 1 2 3 2 1 2 2 2 2 2 2 1 1 1 1 2 2 3 1 2 1 1 1 1 2 1 1 2 1 1 2 2 3 1 1 1 2 1 2 1 1 1 1 2 2 2 2 2 3 1 2 1 2 1 2 1 1 2 2 1 1 1 1 2 2 1 2 1 1 1 1 1 1 1 1 1 2 1 2 1 2 2 1 2 1 2 1 3 1 1 1 1 2 2 2 3 1 1 2 2 1 1 3 3 2 2 1 2 2 2 2 2 1 1 2 3 2 2 2 1 2 2 1 1 1 2 2 2 2 1 2 2 2 1 1 3 2 1 1 2 1 3 1 2 2 2 1 1 3 2 1 2 1 1 2 2 1 2 1 2 2 1 2 1 1 2 1 2 1 2 2 2 1 3 1 2 1 2 2 2 2 2 1 1 1 3 1 2 4 2 1 1 3 1 1 2 1 1 1 1 2 1 2 1 2 1 3 1 2 2 1 1 1 1 1 2 2 1 3 1 1 1 1 2 2 1 1 1 1 1 2 2 1 2 2 1 1 1 2 2 1 1 1 2 1 1 2 2 2 1 2 1 2 2 2 1 2 1 1 3 1 1 1 1 1 1 2 1 2 1 2 2 1 1 2 1 2 2 2 1 1 3 1 1 3 2 2 2 1 2 2 2 3 1 2 2 2 1 2 1 1 2 1 1 1 1 1 1 1 1 1 2 1 2 2 1 1 1 2 1 1 1 1 2 1 2 2 2 1 1 1 2 2 1 3 3 2 2 2 1 1 2 1 1 1 1 2 2 2 2 3 2 1 2 1 1 1 2 2 2 2 1 1 2 1 2 1 1 3 2 2 2 2 1 2 1 1 1 1 2 1 3 1 2 1 1 1 2 2 1 2 2 2 1 1 1 1 1 1 2 2 2 2 2 1 1 1 1 2 2 1 1 2 2 4 2 3 1 2 2 1 1 2 1 2 1 1 1 3 1 2 2 1 2 1 1 1 3 1 1 3 1 1 1 2 2 2 1 1 1 1 1 1 2 1 3 1 2 1 2 2 1 1 1 1 1 2 3 1 3 2 1 1 4 1 1 1 2 1 1 1 1 2 1 1 3 2 2 2 1 1 1 2 3 2 1 1 2 1 2 1 2 1 1 2 2 1 1 2 1 1 1 1 1 1 1 2 1 1 2 2 1 2 1 3 1 1 2 2 1 1 2 2 3 4 2 1 2 2 3 2 2 1 2 1 1 2 2 2 2 2 1 1 3 1 1 1 2 2 1 3 1 1 2 1 1 1 1 2 1 1 1 3 2 2 3 2 1 1 1 1 1 2 2 1 2 1 1 2 2 2 1 2 1 1 1 1 2 1 2 1 1 1 1 1 1 3 1 1 1 1 2 2 3 1 1 1 2 1 1 1 2 1 1 2 1 1 1 1 2 1 1 1 2 3 2 1 1 2 2 1 1 1 2 2 1 2 1 2 1 1 1 1 2 1 2 1 2 2 2 2 2 1 2 1 2 1 2 1 1 2 2 2 2 1 1 1 1 1 1 2 2 1 1 2 2 2 2 2 2 1 2 1 2 2 2 1 1 1 2 1 1 2 2 1 2 1 1 2 2 2 1 2 2 1 2 1 2 2 1 2 1 2 1 1 1 1 3 1 2 1 2 3 1 2 1 1 2 1 2 2 2 1 1 2 2 2 1 2 1 3 2 2 1 1 1 2 1 1 2 1 2 1 2 1 2 2 2 1 2 2 1 2 2 2 1 2 1 1 1
0.000000
0.251931
0.748069
-0.000000
0.007233
0.992767
-0.000000 -0.000000
0.465911 0.025803
0.191538 0.316747
0.000000
0.000051
0.999949
0.000000
0.005508
0.994492
0.000000 0.000000
0.150248 0.001015
0.699856 0.148881
0.000000
0.913237
0.086763
0.000000
0.999360
0.000640
-0.000000
0.077104
0.922896
-0.000000 -0.000000
0.255732 0.002806
0.038361 0.703100
-0.000000 -0.000000
0.031901 0.968096
0.000000 0.000004
-0.000000
1.000000
0.000000
0.000000
1.000000
0.000000
-0.000000
0.640142
0.359858
0.000000
1.000000
0.000000
0.000000 -0.000000
0.059534 0.940431
0.000000 0.000035
-0.000000 -0.000000
0.091242 0.000038
0.466886 0.441834
0.000000
0.004933
0.995067
-0.000000
0.999999
0.000001
-0.000000
0.749415
0.250585
-0.000000 0.000000
0.402698 0.583864
0.000103 0.013335
-0.000000
0.999996
0.000004
0.000000 0.000000
0.153954 0.004883
0.259118 0.582045
0.000000 -0.000000
0.622862 0.116669
0.051416 0.209052
-0.000000 0.000000
0.457819 0.016756
0.217378 0.308048
-0.000000 -0.000000
0.045755 0.000027
0.916154 0.038065
0.000000
0.997437
0.002563
-0.000000
0.999819
0.000181
-0.000000 -0.000000
0.454394 0.499733
0.001322 0.044551
0.000000
0.988232
0.011768
0.000000
0.999989
0.000011
0.000000 -0.000000 -0.000000
0.201088 0.487145 0.234846
0.000362 0.009732 0.066826
-0.000000
0.999870
0.000130
-0.000000 -0.000000
0.807735 0.037247
0.001770 0.153249
0.000000
0.999966
0.000034
-0.000000
0.999900
0.000100
0.000000
0.997104
0.002896
0.000000
0.997942
0.002058
0.000000 -0.000000
0.528004 0.027350
0.097686 0.346959
-0.000000
0.002625
0.997375
0.000000
0.887819
0.112181
-0.000000 -0.000000 0.000000
0.272423 0.017112 0.000466
0.472861 0.192088 0.045049
-0.000000 -0.000000
0.090588 0.000502
0.704393 0.204517
0.000000 0.000000
0.382558 0.034376
0.248875 0.334191
-0.000000 -0.000000
0.754043 0.045005
0.005364 0.195588
0.000000 -0.000000
0.850234 0.056436
0.000498 0.092833
0.000000 -0.000000
0.113702 0.886284
0.000000 0.000014
-0.000000
0.999700
0.000300
0.000000 -0.000000
0.028040 0.000001
0.906312 0.065648
0.000000
0.999829
0.000171
-0.000000
0.072064
0.927936
0.000000 0.000000 0.000000
0.298151 0.382019 0.113665
0.004985 0.050139 0.151041
-0.000000 0.000000
0.056555 0.943445
0.000000 0.000001
-0.000000
0.997615
0.002385
-0.000000 -0.000000
0.568592 0.003197
0.032630 0.395580
-0.000000
0.996548
0.003452
-0.000000
0.999497
0.000503
0.000000 -0.000000
0.163184 0.834405
0.000018 0.002393
0.000000 -0.000000 0.000000
0.413998 0.012527 0.000061
0.350693 0.194130 0.028591
-0.000000 -0.000000
0.472992 0.116192
0.064014 0.346803
-0.000000 -0.000000
0.424272 0.026877
0.108664 0.440186
0.000000
1.000000
0.000000
0.000000
0.655387
0.344613
-0.000000
0.001523
0.998477
-0.000000
0.981666
0.018334
-0.000000
0.999846
0.000154
-0.000000 -0.000000 0.000000
0.486001 0.056369 0.000219
0.021033 0.210274 0.226103
0.000000 0.000000
0.242050 0.000405
0.666152 0.091393
-0.000000 0.000000
0.346211 0.009258
0.296294 0.348237
-0.000000 -0.000000
0.529825 0.069982
0.033897 0.366296
0.000000
0.921405
0.078595
-0.000000 0.000000
0.364085 0.002614
0.454224 0.179077
-0.000000 -0.000000
0.257701 0.742208
0.000000 0.000090
-0.000000 0.000000
0.543099 0.048711
0.044915 0.363275
0.000000 -0.000000
0.000152 0.999848
-0.000000 0.000000
-0.000000 0.000000
0.260106 0.001796
0.540311 0.197787
-0.000000
0.999911
0.000089
-0.000000
0.004361
0.995639
0.000000 0.000000
0.271662 0.003641
0.630376 0.094321
0.000000
0.857270
0.142730
0.000000
0.008839
0.991161
-0.000000 0.000000
0.189224 0.000687
0.069952 0.740137
-0.000000 0.000000
0.046146 0.953850
0.000000 0.000004
0.000000 0.000000
0.105951 0.893900
0.000000 0.000149
0.000000 0.000000
0.195260 0.003705
0.570136 0.230899
-0.000000
0.998096
0.001904
0.000000
0.999512
0.000488
-0.000000
0.001267
0.998733
-0.000000
1.000000
0.000000
-0.000000 0.000000
0.678330 0.008409
0.013132 0.300129
0.000000 0.000000
0.040889 0.959109
0.000000 0.000002
0.000000
0.958069
0.041931
0.000000 0.000000
0.256885 0.740007
0.000011 0.003097
-0.000000
0.937426
0.062574
0.000000
0.188851
0.811149
-0.000000
0.238709
0.761291
0.000000 0.000000 -0.000000
0.368928 0.245669 0.020841
0.007909 0.099376 0.257277
-0.000000 -0.000000
0.662002 0.216436
0.000271 0.121291
0.000000 0.000000
0.196320 0.011461
0.127341 0.664878
-0.000000
0.999117
0.000883
0.000000
0.999265
0.000735
-0.000000
0.102911
0.897089
0.000000
0.118161
0.881839
-0.000000
0.999942
0.000058
0.000000
0.008362
0.991638
0.000000
0.125136
0.874864
0.000000
0.999882
0.000118
0.000000 -0.000000
0.650360 0.175477
0.008755 0.165408
-0.000000 -0.000000
0.568780 0.176861
0.017713 0.236646
-0.000000
1.000000
0.000000
0.000000 0.000000
0.590173 0.066016
0.045046 0.298764
0.000000
0.999263
0.000737
0.000000 -0.000000
0.005921 0.994079
0.000000 0.000000
0.000000
0.990675
0.009325
-0.000000
0.935690
0.064310
-0.000000 -0.000000
0.281155 0.715161
0.000014 0.003671
0.000000
0.666007
0.333993
0.000000 -0.000000
0.519250 0.343977
0.002043 0.134730
-0.000000 -0.000000
0.128316 0.000080
0.376604 0.495000
0.000000 0.000000
0.000244 0.999756
-0.000000 0.000000
-0.000000 0.000000
0.070227 0.000442
0.819496 0.109836
0.000000
0.999971
0.000029
0.000000 0.000000 -0.000000
0.038041 0.430960 0.530256
0.000000 0.000014 0.000729
-0.000000
0.995252
0.004748
-0.000000 0.000000 -0.000000
0.432635 0.014566 0.000061
0.295356 0.223233 0.034149
-0.000000 -0.000000
0.702514 0.003558
0.033700 0.260227
-0.000000
0.984867
0.015133
0.000000 -0.000000
0.655753 0.217314
0.003772 0.123161
0.000000 0.000000
0.447145 0.022629
0.104321 0.425905
0.000000 -0.000000
0.362871 0.006877
0.238174 0.392078
0.000000 0.000000
0.378490 0.004015
0.342516 0.274979
0.000000
0.228259
0.771741
0.000000 -0.000000
0.109355 0.003140
0.538247 0.349257
-0.000000
0.999940
0.000060
-0.000000
0.002883
0.997117
0.000000
0.948810
0.051190
-0.000000 -0.000000
0.232054 0.000270
0.706547 0.061129
0.000000 0.000000
0.637139 0.096360
0.022827 0.243673
-0.000000 0.000000
0.581583 0.035930
0.068414 0.314073
0.000000
0.442203
0.557797
0.000000
0.999985
0.000015
0.000000 -0.000000
0.373457 0.107742
0.021603 0.497199
0.000000
0.989943
0.010057
-0.000000 -0.000000 0.000000 0.000000
0.252655 0.243662 0.046619 0.002577
0.005543 0.061883 0.176356 0.210705
-0.000000 0.000000
0.396163 0.588854
0.000105 0.014877
-0.000000 0.000000
0.630174 0.058234
0.037912 0.273680
0.000000 -0.000000
0.018067 0.981933
0.000000 0.000000
-0.000000 -0.000000
0.798671 0.177792
0.000033 0.023503
0.000000 0.000000
0.149017 0.000026
0.587877 0.263079
-0.000000 0.000000
0.542413 0.022656
0.126509 0.308422
-0.000000 -0.000000
0.398822 0.004670
0.298023 0.298486
-0.000000 -0.000000
0.123505 0.875823
0.000001 0.000671
0.000000 0.000000 -0.000000 0.000000
0.134211 0.275711 0.148732 0.029936
0.003043 0.033841 0.125761 0.248766
-0.000000 0.000000 0.000000
0.017543 0.498633 0.483743
0.000000 0.000000 0.000081
-0.000000 -0.000000
0.048754 0.000108
0.859282 0.091856
0.000000
0.989047
0.010953
-0.000000
0.101468
0.898532
0.000000 -0.000000
0.632404 0.110719
0.024050 0.232827
-0.000000 -0.000000 0.000000
0.126051 0.032321 0.002052
0.172758 0.386862 0.279956
0.000000
0.999996
0.000004
-0.000000
0.999751
0.000249
-0.000000 0.000000
0.547575 0.085741
0.034234 0.332451
0.000000 0.000000
0.652671 0.001297
0.051971 0.294060
-0.000000
1.000000
0.000000
0.000000 0.000000
0.573181 0.010356
0.161965 0.254498
-0.000000 0.000000
0.419253 0.568635
0.000096 0.012017
-0.000000 0.000000
0.047243 0.000026
0.912800 0.039931
0.000000
0.987424
0.012576
-0.000000
0.979941
0.020059
-0.000000
0.987184
0.012816
-0.000000
0.999942
0.000058
0.000000
0.096384
0.903616
-0.000000 -0.000000
0.201351 0.000152
0.753372 0.045125
-0.000000
0.992217
0.007783
0.000000 0.000000
0.030911 0.000013
0.944045 0.025031
0.000000
0.818544
0.181456
0.000000
0.999414
0.000586
-0.000000 -0.000000
0.440126 0.554146
0.000048 0.005680
-0.000000 0.000000
0.068633 0.000001
0.891233 0.040132
0.000000
0.999776
0.000224
-0.000000 -0.000000 -0.000000 -0.000000
0.001789 0.049908 0.311617 0.636672
0.000000 0.000000 0.000001 0.000013
-0.000000
0.482577
0.517423
-0.000000 0.000000
0.529356 0.428232
0.000633 0.041779
0.000000 0.000000 0.000000
0.267727 0.290964 0.042848
0.004877 0.083251 0.310332
0.000000
0.640730
0.359270
0.000000 -0.000000
0.172621 0.000191
0.778738 0.048451
0.000000 0.000000
0.437017 0.197281
0.008524 0.357178
0.000000 -0.000000 0.000000
0.383147 0.070591 0.000465
0.014630 0.204005 0.327163
0.000000 -0.000000
0.128196 0.871584
0.000000 0.000219
-0.000000
0.379876
0.620124
-0.000000
1.000000
0.000000
-0.000000 -0.000000
0.058917 0.941041
0.000000 0.000042
-0.000000 -0.000000
0.189339 0.028518
0.171655 0.610488
-0.000000
0.999602
0.000398
0.000000
0.010419
0.989581
0.000000
0.961043
0.038957
0.000000 -0.000000
0.411057 0.185493
0.013170 0.390280
0.000000
0.001297
0.998703
-0.000000
0.006976
0.993024
0.000000 0.000000
0.629043 0.154667
0.023233 0.193057
0.000000 -0.000000
0.148892 0.003825
0.253436 0.593846
0.000000 -0.000000 0.000000 -0.000000
0.017504 0.141904 0.376125 0.462415
0.000000 0.000015 0.000225 0.001812
-0.000000 -0.000000
0.252474 0.744447
0.000018 0.003062
-0.000000 -0.000000
0.042509 0.000004
0.813914 0.143574
0.000000 -0.000000 -0.000000
0.012907 0.289506 0.697555
0.000000 0.000000 0.000031
0.000000 -0.000000
0.631875 0.024723
0.081337 0.262065
-0.000000 0.000000
0.404784 0.581494
0.000105 0.013618
0.000000 0.000000
0.357784 0.001797
0.051997 0.588423
0.000000
0.017917
0.982083
0.000000 -0.000000
0.506837 0.278691
0.013787 0.200685
0.000000
0.017996
0.982004
0.000000
0.001333
0.998667
0.000000
0.069902
0.930098
0.000000
0.974883
0.025117
0.000000 -0.000000
0.654685 0.042224
0.043702 0.259389
-0.000000 0.000000
0.315086 0.003718
0.334049 0.347147
0.000000 0.000000
0.229077 0.770823
0.000000 0.000100
0.000000 -0.000000
0.131892 0.868062
0.000000 0.000045
0.000000
0.067626
0.932374
-0.000000 0.000000 0.000000
0.497874 0.024845 0.000394
0.319424 0.133796 0.023667
0.000000
0.089091
0.910909
-0.000000 -0.000000
0.181013 0.818000
0.000004 0.000983
-0.000000
0.999979
0.000021
-0.000000
0.999943
0.000057
-0.000000
0.025252
0.974748
0.000000 -0.000000 0.000000
0.024289 0.369171 0.606339
0.000000 0.000003 0.000197
0.000000
0.999999
0.000001
0.000000
0.999982
0.000018
0.000000 0.000000
0.289714 0.004782
0.322852 0.382651
0.000000 0.000000 0.000000
0.167468 0.570360 0.226060
0.000035 0.002505 0.033572
0.000000 -0.000000
0.648783 0.102453
0.017383 0.231381
0.000000
0.998787
0.001213
0.000000 0.000000
0.612812 0.010362
0.011429 0.365398
0.000000 0.000000
0.369609 0.620393
0.000057 0.009940
-0.000000 -0.000000
0.649207 0.005354
0.015797 0.329643
0.000000
0.996355
0.003645
-0.000000 0.000000
0.166260 0.832952
0.000001 0.000786
-0.000000 0.000000
0.492566 0.474894
0.000496 0.032045
-0.000000 -0.000000
0.392306 0.587875
0.000147 0.019672
-0.000000 0.000000
0.584603 0.003642
0.024069 0.387685
0.000000
0.999923
0.000077
-0.000000
0.999951
0.000049
0.000000 0.000000
0.000184 0.999816
0.000000 0.000000
0.000000
0.982108
0.017892
0.000000
0.995258
0.004742
-0.000000
0.200206
0.799794
0.000000
0.984262
0.015738
-0.000000 -0.000000
0.206548 0.000001
0.784125 0.009325
-0.000000
0.993700
0.006300
-0.000000 -0.000000
0.599003 0.361109
0.000900 0.038988
0.000000 0.000000
0.629805 0.299923
0.000106 0.070166
0.000000
0.527932
0.472068
0.000000 -0.000000 0.000000
0.294889 0.477688 0.088235
0.000468 0.017586 0.121133
-0.000000
1.000000
0.000000
-0.000000
0.997303
0.002697
0.000000 -0.000000
0.390224 0.609034
0.000000 0.000742
-0.000000
0.999919
0.000081
0.000000
0.931572
0.068428
0.000000
0.000500
0.999500
-0.000000
0.991017
0.008983
0.000000
0.887963
0.112037
-0.000000
0.007584
0.992416
0.000000 0.000000
0.017120 0.000000
0.981484 0.001395
-0.000000 -0.000000
0.000103 0.999897
0.000000 0.000000
0.000000 -0.000000
0.215619 0.784122
0.000000 0.000259
-0.000000 0.000000
0.883471 0.018421
0.001656 0.096452
-0.000000 0.000000 -0.000000
0.409735 0.113603 0.006647
0.073010 0.218474 0.178531
0.000000
0.972630
0.027370
-0.000000 0.000000 -0.000000
0.528541 0.086090 0.000439
0.009352 0.146382 0.229197
-0.000000
0.982834
0.017166
-0.000000
0.996457
0.003543
0.000000
0.999826
0.000174
0.000000
1.000000
0.000000
0.000000 -0.000000
0.616080 0.033527
0.007497 0.342896
-0.000000
0.944558
0.055442
0.000000
0.057967
0.942033
-0.000000
0.999998
0.000002
-0.000000 -0.000000
0.627055 0.187380
0.013736 0.171829
0.000000
0.000098
0.999902
-0.000000
0.103590
0.896410
-0.000000
0.996120
0.003880
0.000000
0.993684
0.006316
-0.000000 0.000000 0.000000
0.264420 0.365794 0.018974
0.000401 0.032719 0.317693
0.000000 -0.000000
0.401855 0.560015
0.001196 0.036933
0.000000 0.000000
0.216471 0.782624
0.000000 0.000905
-0.000000 0.000000
0.551107 0.037385
0.058481 0.353027
0.000000
0.003815
0.996185
0.000000 0.000000 0.000000
0.411815 0.071414 0.001457
0.063370 0.255702 0.196243
0.000000
0.089912
0.910088
-0.000000 -0.000000
0.168018 0.000068
0.807307 0.024608
0.000000
1.000000
0.000000
-0.000000 -0.000000
0.866987 0.029646
0.001000 0.102366
-0.000000
0.993793
0.006207
0.000000
0.020408
0.979592
0.000000 0.000000
0.154705 0.843389
0.000018 0.001887
0.000000 -0.000000
0.413424 0.103202
0.019069 0.464305
0.000000
0.969738
0.030262
-0.000000
0.989550
0.010450
0.000000
0.000248
0.999752
0.000000 0.000000
0.492663 0.102991
0.048230 0.356115
0.000000
0.963104
0.036896
-0.000000 -0.000000
0.484713 0.008472
0.199532 0.307284
-0.000000
0.999284
0.000716
0.000000 0.000000
0.346685 0.652450
0.000001 0.000864
-0.000000
1.000000
0.000000
0.000000
0.112339
0.887661
-0.000000 -0.000000
0.440362 0.000332
0.179233 0.380073
-0.000000 0.000000
0.239758 0.760090
0.000000 0.000152
0.000000
0.144255
0.855745
0.000000 0.000000 -0.000000
0.071996 0.429189 0.493680
0.000004 0.000274 0.004857
0.000000
0.999999
0.000001
-0.000000
0.768909
0.231091
-0.000000
0.124151
0.875849
-0.000000
0.999999
0.000001
0.000000
1.000000
0.000000
-0.000000 0.000000
0.143723 0.003319
0.276021 0.576936
0.000000
0.000260
0.999740
-0.000000 -0.000000
0.440536 0.046811
0.207466 0.305186
0.000000
0.017744
0.982256
0.000000 -0.000000
0.452239 0.010667
0.178033 0.359061
0.000000 0.000000 -0.000000 0.000000
0.119129 0.415760 0.276363 0.051039
0.000052 0.002317 0.025199 0.110141
-0.000000
0.994056
0.005944
-0.000000
1.000000
-0.000000
0.000000 -0.000000
0.012420 0.000000
0.975118 0.012462
-0.000000
0.269261
0.730739
-0.000000
0.871622
0.128378
0.000000
0.992402
0.007598
0.000000 -0.000000
0.016376 0.983624
0.000000 0.000000
0.000000 0.000000
0.010105 0.989895
0.000000 0.000000
0.000000
0.916183
0.083817
-0.000000
0.998695
0.001305
-0.000000
0.999863
0.000137
0.000000
1.000000
0.000000
0.000000 0.000000
0.095128 0.904817
0.000000 0.000055
-0.000000 0.000000
0.526426 0.443547
0.002479 0.027548
-0.000000
0.157997
0.842003
0.000000 -0.000000 -0.000000
0.218979 0.193047 0.033013
0.013643 0.146934 0.394384
0.000000
0.999997
0.000003
0.000000
0.902682
0.097318
0.000000
0.463471
0.536529
-0.000000
0.999840
0.000160
-0.000000 -0.000000
0.588713 0.097232
0.018578 0.295477
0.000000
0.001244
0.998756
-0.000000 0.000000
0.509206 0.036134
0.064220 0.390440
0.000000
0.031527
0.968473
0.000000
1.000000
0.000000
-0.000000 0.000000
0.281065 0.716108
0.000012 0.002815
-0.000000
1.000000
0.000000
-0.000000 0.000000
0.493115 0.001141
0.067964 0.437779
0.000000 0.000000
0.787493 0.142746
0.003889 0.065872
-0.000000
0.995818
0.004182
0.000000
0.503791
0.496209
-0.000000 -0.000000
0.036668 0.000001
0.928266 0.035065
-0.000000
0.787637
0.212363
-0.000000
0.707975
0.292025
0.000000
0.999806
0.000194
-0.000000 0.000000
0.647681 0.142240
0.010457 0.199622
-0.000000 -0.000000
0.701207 0.296244
0.000002 0.002547
0.000000 0.000000
0.476583 0.004613
0.339238 0.179567
0.000000 -0.000000 -0.000000
0.558035 0.295078 0.018790
0.003420 0.038841 0.085836
-0.000000 0.000000
0.299174 0.698706
0.000010 0.002109
-0.000000 -0.000000 0.000000
0.362723 0.009897 0.000034
0.371682 0.227377 0.028287
0.000000 -0.000000
0.614897 0.001435
0.051920 0.331748
-0.000000
0.999991
0.000009
0.000000 -0.000000
0.039851 0.000026
0.913277 0.046847
-0.000000
0.999999
0.000001
0.000000 -0.000000
0.345155 0.647083
0.000041 0.007721
0.000000 0.000000
0.505934 0.023214
0.089002 0.381850
-0.000000
1.000000
0.000000
-0.000000
0.009535
0.990465
-0.000000
0.998873
0.001127
0.000000 0.000000
0.715635 0.009180
0.006975 0.268210
0.000000
0.034814
0.965186
-0.000000
0.026077
0.973923
-0.000000
1.000000
0.000000
-0.000000 -0.000000
0.134704 0.864917
0.000002 0.000376
-0.000000
0.999976
0.000024
0.000000 -0.000000
0.261971 0.731883
0.000022 0.006124
-0.000000
0.014460
0.985540
-0.000000
0.014939
0.985061
0.000000
0.868530
0.131470
0.000000 -0.000000
0.528444 0.110232
0.017564 0.343760
-0.000000
0.965275
0.034725
-0.000000 -0.000000 -0.000000
0.558958 0.041701 0.000133
0.046924 0.215257 0.137027
-0.000000 0.000000
0.081393 0.918598
0.000000 0.000009
0.000000 -0.000000 -0.000000
0.110091 0.439087 0.421943
0.000152 0.003544 0.025184
0.000000
0.999800
0.000200
0.000000
0.000079
0.999921
-0.000000
0.118114
0.881886
-0.000000
1.000000
0.000000
-0.000000 0.000000
0.287129 0.707634
0.000032 0.005205
0.000000 -0.000000
0.449172 0.030845
0.200181 0.319802
-0.000000 0.000000
0.569031 0.384675
0.002984 0.043311
0.000000 0.000000
0.339046 0.016702
0.122355 0.521898
0.000000 0.000000
0.014469 0.985531
0.000000 0.000000
0.000000
1.000000
0.000000
-0.000000
0.965180
0.034820
-0.000000
0.041071
0.958929
0.000000
0.889593
0.110407
0.000000
0.168127
0.831873
0.000000
0.001313
0.998687
-0.000000 0.000000
0.707884 0.043487
0.001503 0.247126
-0.000000
0.999981
0.000019
-0.000000
0.175021
0.824979
0.000000
0.999665
0.000335
-0.000000 0.000000
0.086142 0.913845
0.000000 0.000013
-0.000000 0.000000 -0.000000
0.279622 0.038677 0.000617
0.106842 0.354844 0.219397
-0.000000
0.238825
0.761175
-0.000000 0.000000
0.062543 0.937441
0.000000 0.000016
-0.000000
0.204905
0.795095
-0.000000 0.000000 0.000000
0.426854 0.036512 0.000547
0.193607 0.249570 0.092911
-0.000000 -0.000000
0.324862 0.173986
0.034260 0.466891
0.000000 0.000000
0.423522 0.046457
0.051761 0.478260
-0.000000 -0.000000
0.144894 0.000302
0.780997 0.073807
0.000000
0.999982
0.000018
-0.000000 0.000000
0.566724 0.220778
0.005540 0.206958
-0.000000
0.999975
0.000025
0.000000
0.017185
0.982815
-0.000000
0.995900
0.004100
0.000000 0.000000 0.000000
0.379074 0.209935 0.003553
0.001153 0.063668 0.342618
-0.000000
0.014064
0.985936
0.000000 0.000000
0.368846 0.019615
0.105984 0.505555
0.000000 0.000000
0.248505 0.748627
0.000010 0.002858
-0.000000 0.000000
0.269884 0.005278
0.273736 0.451102
0.000000
0.999874
0.000126
-0.000000 -0.000000
0.092710 0.905725
0.000008 0.001558
-0.000000 0.000000
0.036715 0.963282
0.000000 0.000003
-0.000000
0.998432
0.001568
0.000000
0.084774
0.915226
0.000000 0.000000
0.000010 0.999990
0.000000 -0.000000
-0.000000 -0.000000
0.183475 0.814608
0.000006 0.001911
0.000000 0.000000
0.021661 0.978339
0.000000 0.000000
-0.000000 -0.000000
0.308293 0.007030
0.396830 0.287847
0.000000 0.000000 0.000000
0.384440 0.036263 0.000107
0.031635 0.286768 0.260788
0.000000
0.271364
0.728636
0.000000
0.999980
0.000020
-0.000000
0.999993
0.000007
0.000000 0.000000
0.543153 0.410941
0.000963 0.044943
-0.000000
1.000000
0.000000
-0.000000
0.999999
0.000001
-0.000000
0.999988
0.000012
0.000000 0.000000
0.156438 0.841651
0.000018 0.001893
0.000000
0.999690
0.000310
-0.000000
0.010938
0.989062
-0.000000
0.996643
0.003357
0.000000
0.999877
0.000123
0.000000 0.000000
0.802078 0.092954
0.000286 0.104682
-0.000000
0.999911
0.000089
-0.000000
0.009737
0.990263
-0.000000 0.000000
0.505091 0.364813
0.003094 0.127003
-0.000000
0.524674
0.475326
-0.000000
0.999395
0.000605
0.000000 0.000000 -0.000000
0.000315 0.051709 0.947975
0.000000 0.000000 0.000000
0.000000
0.999970
0.000030
0.000000
0.000168
0.999832
-0.000000
1.000000
0.000000
-0.000000
0.959584
0.040416
0.000000 -0.000000
0.011086 0.988914
0.000000 0.000000
0.000000 -0.000000
0.703196 0.030955
0.054493 0.211356
-0.000000 -0.000000
0.007483 0.992517
0.000000 0.000000
0.000000
0.674378
0.325622
0.000000 0.000000
0.644395 0.137992
0.015633 0.201980
0.000000 -0.000000
0.746348 0.013867
0.005654 0.234131
-0.000000
0.057239
0.942761
0.000000
0.053136
0.946864
-0.000000 0.000000 -0.000000
0.149944 0.026277 0.001019
0.218698 0.396919 0.207142
-0.000000 0.000000
0.035545 0.964453
0.000000 0.000002
0.000000
0.515267
0.484733
0.000000
0.000272
0.999728
-0.000000
0.250187
0.749813
0.000000 0.000000
0.014835 0.985164
0.000000 0.000001
0.000000 0.000000
0.370237 0.616891
0.000082 0.012790
0.000000 -0.000000
0.592038 0.286569
0.006936 0.114456
-0.000000
0.027584
0.972416
0.000000 0.000000
0.077495 0.000031
0.606557 0.315916
0.000000 -0.000000
0.458313 0.342612
0.002734 0.196341
0.000000 -0.000000
0.086050 0.000001
0.893418 0.020532
-0.000000
0.807763
0.192237
0.000000 0.000000
0.447855 0.492100
0.001897 0.058148
0.000000 0.000000
0.087919 0.000629
0.625737 0.285715
-0.000000 -0.000000
0.260156 0.090374
0.078438 0.571032
-0.000000 0.000000
0.590528 0.321197
0.002407 0.085869
-0.000000 0.000000
0.022451 0.977549
0.000000 0.000001
0.000000 0.000000
0.072385 0.927593
0.000000 0.000022
0.000000
0.999604
0.000396
-0.000000 -0.000000
0.199177 0.001443
0.491867 0.307514
0.000000 0.000000
0.547977 0.062230
0.053494 0.336300
-0.000000
0.997013
0.002987
-0.000000 0.000000 0.000000
0.140786 0.477677 0.324721
0.000153 0.005507 0.051156
-0.000000
0.471398
0.528602
-0.000000
0.566899
0.433101
0.000000
0.999999
0.000001
0.000000 0.000000
0.000700 0.999300
-0.000000 0.000000
0.000000 -0.000000 -0.000000
0.017686 0.233660 0.748332
0.000000 0.000017 0.000304
-0.000000 0.000000
0.551625 0.079171
0.026114 0.343090
0.000000 0.000000
0.630755 0.133992
0.012172 0.223081
0.000000 0.000000
0.366451 0.009426
0.012080 0.612043
-0.000000 0.000000
0.772566 0.097086
0.011962 0.118386
0.000000 -0.000000
0.708911 0.015959
0.006104 0.269025
-0.000000
0.987516
0.012484
0.000000
0.073369
0.926631
-0.000000 0.000000
0.179561 0.000776
0.610247 0.209416
0.000000 0.000000
0.210815 0.014119
0.141714 0.633352
0.000000 -0.000000
0.511301 0.481209
0.000086 0.007405
0.000000 0.000000
0.418417 0.009465
0.194175 0.377943
-0.000000 0.000000
0.571175 0.043875
0.046258 0.338692
-0.000000 0.000000
0.499255 0.016373
0.130092 0.354280
-0.000000 0.000000
0.784509 0.210250
0.000007 0.005235
-0.000000 0.000000
0.030686 0.969313
0.000000 0.000001
-0.000000 0.000000
0.616831 0.002208
0.069186 0.311775
0.000000
0.942179
0.057821
-0.000000 -0.000000
0.596304 0.232087
0.011377 0.160233
0.000000
0.977219
0.022781
0.000000 0.000000
0.635726 0.005208
0.031065 0.328001
0.000000
0.999033
0.000967
-0.000000 0.000000
0.440747 0.542819
0.000195 0.016238
0.000000
0.999299
0.000701
0.000000
0.013811
0.986189
0.000000 0.000000
0.581270 0.140161
0.037891 0.240679
-0.000000
0.425635
0.574365
-0.000000
0.049252
0.950748
0.000000 0.000000
0.592709 0.124695
0.015817 0.266779
0.000000 -0.000000
0.005037 0.994963
0.000000 0.000000
0.000000 -0.000000
0.701927 0.287614
0.000009 0.010450
-0.000000 0.000000
0.065261 0.934731
0.000000 0.000009
0.000000 0.000000 -0.000000 -0.000000
0.116347 0.012787 0.000318 0.000003
0.337833 0.383826 0.128444 0.020442
-0.000000
0.012813
0.987187
-0.000000
0.999972
0.000028
0.000000
0.999457
0.000543
-0.000000 -0.000000 -0.000000
0.339155 0.007634 0.000029
0.450591 0.181814 0.020776
0.000000 0.000000
0.020444 0.000001
0.932406 0.047148
0.000000
0.002097
0.997903
0.000000 -0.000000
0.096036 0.903913
0.000000 0.000051
-0.000000
0.942133
0.057867
0.000000
1.000000
0.000000
-0.000000 0.000000
0.059719 0.940265
0.000000 0.000016
-0.000000 -0.000000
0.691421 0.099353
0.000468 0.208757
-0.000000
0.989637
0.010363
0.000000 -0.000000
0.211687 0.010155
0.184466 0.593692
0.000000
1.000000
0.000000
-0.000000 0.000000
0.540313 0.013430
0.043632 0.402624
0.000000 0.000000
0.592680 0.006960
0.050398 0.349962
-0.000000
0.999658
0.000342
0.000000 0.000000
0.428834 0.043281
0.051155 0.476730
-0.000000
0.534491
0.465509
-0.000000 0.000000
0.128277 0.002369
0.365263 0.504090
-0.000000
0.052071
0.947929
0.000000 0.000000
0.314240 0.013035
0.142540 0.530184
-0.000000 -0.000000
0.001274 0.998726
0.000000 0.000000
-0.000000
0.988059
0.011941
0.000000 0.000000
0.803023 0.027085
0.001761 0.168132
-0.000000 0.000000
0.250848 0.017170
0.102562 0.629420
0.000000 0.000000
0.045549 0.000000
0.939160 0.015290
0.000000
0.994217
0.005783
-0.000000 0.000000 -0.000000
0.000264 0.048127 0.951608
0.000000 0.000000 0.000000
-0.000000
0.964372
0.035628
0.000000
0.946179
0.053821
-0.000000 -0.000000
0.396315 0.004811
0.288437 0.310438
0.000000
0.001942
0.998058
-0.000000
0.998697
0.001303
0.000000
0.023874
0.976126
0.000000 0.000000
0.436122 0.008974
0.284283 0.270621
-0.000000
0.726574
0.273426
0.000000
0.999994
0.000006
-0.000000
1.000000
0.000000
0.000000
0.315721
0.684279
0.000000 0.000000
0.332922 0.039308
0.174790 0.452980
0.000000
0.097129
0.902871
0.000000
0.999976
0.000024
0.000000 0.000000
0.518132 0.013609
0.144627 0.323633
-0.000000
0.858691
0.141309
0.000000
0.999615
0.000385
-0.000000 0.000000
0.196049 0.802123
0.000007 0.001821
0.000000
0.087635
0.912365
0.000000
0.437564
0.562436
0.000000 -0.000000 -0.000000
0.469607 0.018577 0.000026
0.094118 0.304437 0.113236
0.000000
0.063328
0.936672
0.000000
0.059878
0.940122
-0.000000
0.998776
0.001224
-0.000000
0.520577
0.479423
0.000000 -0.000000 -0.000000
0.000305 0.041731 0.957964
0.000000 0.000000 0.000000
0.000000
1.000000
0.000000
0.000000 0.000000
0.652781 0.125685
0.013478 0.208056
0.000000 -0.000000
0.000162 0.999838
-0.000000 0.000000
-0.000000
0.986671
0.013329
0.000000
0.994515
0.005485
-0.000000
0.749469
0.250531
0.000000
0.125181
0.874819
0.000000 0.000000 0.000000 -0.000000 0.000000
0.208767 0.005433 0.000039 0.000000 0.000000
0.615576 0.155296 0.014149 0.000717 0.000024
0.000000 0.000000
0.362099 0.000291
0.271879 0.365731
0.000000
0.272553
0.727447
-0.000000
1.000000
0.000000
0.000000
0.717279
0.282721
0.000000
0.096190
0.903810
-0.000000 -0.000000
0.623547 0.068105
0.031045 0.277303
0.000000
0.000614
0.999386
-0.000000 0.000000
0.317396 0.678054
0.000025 0.004525
-0.000000
0.994373
0.005627
-0.000000
1.000000
0.000000
-0.000000 0.000000
0.178923 0.000958
0.565560 0.254559
-0.000000 -0.000000
0.602090 0.015463
0.117621 0.264826
0.000000 -0.000000 0.000000
0.158316 0.266363 0.089087
0.004325 0.082239 0.399669
-0.000000 -0.000000
0.482739 0.000656
0.116106 0.400499
-0.000000 0.000000
0.338872 0.637330
0.000491 0.023306
0.000000
0.064755
0.935245
-0.000000 -0.000000
0.213546 0.000060
0.649346 0.137049
0.000000 0.000000 0.000000 -0.000000
0.118397 0.040229 0.003046 0.000074
0.092538 0.309743 0.299846 0.136128
-0.000000 0.000000
0.666434 0.313172
0.000021 0.020372
0.000000 0.000000
0.316869 0.009806
0.199603 0.473722
-0.000000 0.000000
0.288761 0.710196
0.000004 0.001039
0.000000 0.000000
0.476762 0.086183
0.039941 0.397114
0.000000
0.999806
0.000194
-0.000000 -0.000000
0.237713 0.760655
0.000006 0.001627
-0.000000 0.000000
0.104430 0.000922
0.513705 0.380944
0.000000
0.158004
0.841996
-0.000000 0.000000
0.553082 0.032836
0.098582 0.315500
-0.000000 -0.000000 -0.000000
0.433090 0.063024 0.001784
0.132622 0.235801 0.133678
0.000000 0.000000
0.001459 0.998541
-0.000000 0.000000
-0.000000 0.000000 0.000000
0.000780 0.080931 0.918289
0.000000 0.000000 0.000000
-0.000000 -0.000000 0.000000
0.182234 0.115596 0.002801
0.003163 0.122038 0.574168
0.000000 -0.000000
0.240383 0.000057
0.580287 0.179272
0.000000 0.000000
0.440650 0.197307
0.013510 0.348532
0.000000
1.000000
0.000000
0.000000
0.999997
0.000003
0.000000
0.992559
0.007441
-0.000000
0.999999
0.000001
0.000000 -0.000000
0.096570 0.001325
0.748353 0.153752
0.000000 -0.000000 0.000000
0.205327 0.001088 0.000001
0.714178 0.077275 0.002131
-0.000000 0.000000
0.256124 0.740107
0.000015 0.003754
-0.000000 0.000000
0.540928 0.417917
0.000518 0.040638
0.000000 0.000000 -0.000000
0.054942 0.000120 0.000000
0.904172 0.040284 0.000481
0.000000
0.148476
0.851524
-0.000000
0.083654
0.916346
0.000000
0.044846
0.955154
0.000000 0.000000 0.000000
0.278387 0.305812 0.048645
0.005415 0.080845 0.280897
-0.000000 -0.000000
0.615998 0.139713
0.016769 0.227520
0.000000 0.000000 0.000000 0.000000
0.216427 0.064858 0.004325 0.000092
0.093976 0.280579 0.241986 0.097756
-0.000000 -0.000000
0.176911 0.822816
0.000000 0.000273
-0.000000
0.999932
0.000068
0.000000
0.004872
0.995128
-0.000000 -0.000000
0.627692 0.248912
0.003612 0.119784
0.000000 0.000000 -0.000000
0.049670 0.457439 0.490920
0.000000 0.000057 0.001914
0.000000
0.893891
0.106109
0.000000
0.735021
0.264979
-0.000000 0.000000
0.431164 0.001712
0.424697 0.142426
-0.000000 -0.000000
0.610392 0.045607
0.045275 0.298726
-0.000000 0.000000
0.424519 0.016840
0.123960 0.434681
-0.000000
0.233231
0.766769
0.000000
0.988866
0.011134
-0.000000
0.914820
0.085180
-0.000000
0.023521
0.976479
-0.000000
0.985782
0.014218
-0.000000
0.992603
0.007397
0.000000 0.000000
0.298139 0.692800
0.000046 0.009015
-0.000000
0.999872
0.000128
0.000000 -0.000000
0.552263 0.306308
0.010266 0.131163
-0.000000 0.000000
0.178917 0.006727
0.194998 0.619358
0.000000 0.000000 0.000000
0.089043 0.545356 0.360882
0.000001 0.000160 0.004558
-0.000000
0.121669
0.878331
0.000000 0.000000
0.329635 0.064412
0.031274 0.574679
-0.000000
0.997623
0.002377
0.000000 0.000000 0.000000
0.441085 0.085356 0.002560
0.074305 0.224645 0.172049
0.000000 -0.000000
0.156347 0.005835
0.265298 0.572520
-0.000000
0.002046
0.997954
-0.000000
0.032945
0.967055
0.000000
0.975800
0.024200
-0.000000
0.995769
0.004231
-0.000000 0.000000 -0.000000
0.013931 0.484136 0.501923
0.000000 0.000000 0.000011
-0.000000
0.030036
0.969964
0.000000
0.997437
0.002563
0.000000
0.409583
0.590417
-0.000000
0.135566
0.864434
-0.000000
0.973240
0.026760
0.000000 0.000000
0.344343 0.645892
0.000097 0.009668
0.000000
0.035234
0.964766
-0.000000
0.999614
0.000386
-0.000000 0.000000 -0.000000
0.269704 0.437876 0.154120
0.001847 0.026914 0.109539
0.000000 -0.000000
0.292928 0.001684
0.572232 0.133156
0.000000 -0.000000
0.565522 0.276584
0.003173 0.154721
-0.000000
0.989529
0.010471
0.000000
0.994253
0.005747
0.000000
0.009921
0.990079
-0.000000
0.998510
0.001490
-0.000000 0.000000
0.145719 0.854228
0.000000 0.000053
-0.000000 0.000000
0.292046 0.000924
0.618069 0.088961
-0.000000
1.000000
0.000000
0.000000 -0.000000
0.416087 0.026154
0.163191 0.394568
-0.000000
0.936764
0.063236
-0.000000
0.046173
0.953827
0.000000
0.999990
0.000010
0.000000
0.999989
0.000011
0.000000 0.000000
0.276065 0.719883
0.000026 0.004026
0.000000
0.996718
0.003282
0.000000
0.004918
0.995082
-0.000000 0.000000
0.320738 0.004453
0.354493 0.320316
-0.000000
0.999997
0.000003
0.000000
0.078207
0.921793
0.000000 -0.000000
0.196484 0.000075
0.789606 0.013835
-0.000000 0.000000
0.546417 0.142052
0.046162 0.265368
0.000000 0.000000
0.123283 0.000009
0.758483 0.118225
0.000000 0.000000
0.501267 0.000196
0.261216 0.237321
0.000000
1.000000
0.000000
-0.000000
0.999896
0.000104
0.000000 -0.000000
0.318088 0.667722
0.000282 0.013908
-0.000000 0.000000
0.076896 0.000056
0.580111 0.342938
0.000000
0.001178
0.998822
0.000000 0.000000
0.077625 0.000734
0.774869 0.146772
0.000000 -0.000000
0.403866 0.585494
0.000071 0.010570
0.000000 0.000000
0.497083 0.038708
0.172847 0.291362
0.000000
0.505984
0.494016
0.000000 -0.000000
0.207589 0.000176
0.743552 0.048683
0.000000
0.210042
0.789958
-0.000000 -0.000000
0.254610 0.001382
0.559497 0.184510
-0.000000
0.725427
0.274573
-0.000000 -0.000000
0.194500 0.804470
0.000003 0.001026
0.000000
0.613700
0.386300
0.000000
0.192954
0.807046
0.000000 -0.000000
0.114184 0.000098
0.332574 0.553144
-0.000000
0.016323
0.983677
-0.000000
0.999899
0.000101
0.000000
0.999961
0.000039
0.000000 0.000000
0.380079 0.016533
0.129159 0.474228
-0.000000
0.999380
0.000620
0.000000
0.060324
0.939676
-0.000000
0.844274
0.155726
-0.000000
0.967575
0.032425
-0.000000 0.000000 0.000000
0.200924 0.001839 0.000004
0.727581 0.067480 0.002171
0.000000
0.017231
0.982769
0.000000 0.000000
0.103730 0.895943
0.000001 0.000325
-0.000000
0.988097
0.011903
-0.000000 -0.000000
0.129931 0.869904
0.000001 0.000163
-0.000000
0.052064
0.947936
-0.000000
0.000074
0.999926
-0.000000 0.000000
0.341240 0.005062
0.280589 0.373108
-0.000000
0.999422
0.000578
-0.000000 0.000000
0.329474 0.001083
0.138900 0.530543
0.000000
0.065294
0.934706
0.000000
0.701229
0.298771
-0.000000 -0.000000
0.000351 0.999649
-0.000000 0.000000
0.000000
0.999774
0.000226
-0.000000
0.708017
0.291983
0.000000
0.935261
0.064739
0.000000
0.011990
0.988010
0.000000 0.000000
0.700120 0.147491
0.007874 0.144516
-0.000000 0.000000
0.011433 0.988567
0.000000 0.000000
-0.000000 -0.000000
0.622935 0.358041
0.000409 0.018615
0.000000 0.000000
0.026487 0.973513
0.000000 0.000000
0.000000 -0.000000
0.673957 0.119774
0.000955 0.205313
-0.000000 0.000000
0.076547 0.923279
0.000000 0.000173
-0.000000
0.981436
0.018564
-0.000000
0.005227
0.994773
0.000000 0.000000
0.389662 0.000296
0.254192 0.355850
-0.000000
0.989041
0.010959
-0.000000
0.999791
0.000209
-0.000000
0.995901
0.004099
-0.000000
0.032374
0.967626
0.000000
0.436920
0.563080
-0.000000
0.064506
0.935494
-0.000000
0.799260
0.200740
0.000000
0.981834
0.018166
0.000000
0.999982
0.000018
0.000000
0.000142
0.999858
-0.000000
0.815650
0.184350
0.000000 0.000000
0.165156 0.000438
0.717049 0.117357
0.000000 0.000000
0.175426 0.000689
0.624485 0.199400
-0.000000 -0.000000
0.568036 0.344282
0.005580 0.082102
0.000000 -0.000000
0.535225 0.277174
0.004452 0.183149
-0.000000 -0.000000
0.441904 0.177198
0.072365 0.308533
-0.000000 0.000000 -0.000000
0.412533 0.016278 0.000149
0.389892 0.160997 0.020151
-0.000000
0.937202
0.062798
-0.000000 0.000000
0.124759 0.000143
0.276918 0.598180
-0.000000 -0.000000
0.194844 0.000139
0.764085 0.040933
0.000000 0.000000
0.080981 0.918985
0.000000 0.000034
-0.000000
1.000000
0.000000
0.000000 -0.000000
0.326900 0.667888
0.000030 0.005182
-0.000000
0.985605
0.014395
0.000000
0.999185
0.000815
-0.000000 0.000000
0.330839 0.657645
0.000249 0.011267
-0.000000
0.999935
0.000065
-0.000000
0.000932
0.999068
0.000000 -0.000000
0.390058 0.004543
0.304745 0.300654
-0.000000
0.914463
0.085537
0.000000
1.000000
0.000000
-0.000000 -0.000000
0.624703 0.001221
0.055759 0.318317
-0.000000 0.000000
0.594551 0.310195
0.002602 0.092652
-0.000000 -0.000000
0.455478 0.018387
0.200484 0.325651
0.000000 0.000000
0.719066 0.148173
0.007615 0.125146
-0.000000
1.000000
0.000000
-0.000000
1.000000
0.000000
0.000000 -0.000000
0.592993 0.361231
0.001387 0.044388
-0.000000 0.000000 -0.000000
0.007051 0.221061 0.771879
0.000000 0.000000 0.000008
0.000000
0.999976
0.000024
0.000000
0.999381
0.000619
-0.000000 0.000000 0.000000
0.000863 0.079304 0.919832
0.000000 0.000000 0.000000
-0.000000
0.999883
0.000117
0.000000 0.000000 0.000000
0.505272 0.066886 0.000329
0.019821 0.189795 0.217896
0.000000
0.210097
0.789903
-0.000000 0.000000
0.052505 0.000080
0.846251 0.101163
-0.000000 -0.000000 -0.000000
0.293163 0.256924 0.024905
0.003806 0.084856 0.336346
0.000000 -0.000000 0.000000
0.335180 0.426739 0.061865
0.000906 0.027075 0.148236
-0.000000
0.191645
0.808355
-0.000000 0.000000
0.650611 0.234467
0.003110 0.111812
-0.000000 -0.000000
0.051876 0.948107
0.000000 0.000018
-0.000000
0.025921
0.974079
-0.000000
0.002120
0.997880
-0.000000 -0.000000
0.608766 0.050794
0.039600 0.300840
-0.000000 -0.000000
0.287866 0.002568
0.425562 0.284004
0.000000
0.036745
0.963255
0.000000 -0.000000
0.498897 0.028856
0.087367 0.384880
0.000000
1.000000
0.000000
-0.000000 -0.000000
0.724658 0.148854
0.006122 0.120366
-0.000000 -0.000000
0.828568 0.120439
0.000109 0.050884
0.000000 0.000000
0.369650 0.002546
0.412318 0.215485
0.000000 0.000000
0.056685 0.943304
0.000000 0.000011
-0.000000 0.000000
0.502529 0.023286
0.097667 0.376518
0.000000 -0.000000
0.411610 0.003215
0.349084 0.236091
-0.000000 -0.000000
0.795967 0.041140
0.037648 0.125245
-0.000000
0.983407
0.016593
0.000000 0.000000
0.630781 0.172183
0.015067 0.181969
-0.000000
0.999732
0.000268
-0.000000
1.000000
0.000000
-0.000000 0.000000
0.006811 0.993189
0.000000 0.000000
-0.000000
0.135328
0.864672
0.000000
0.999981
0.000019
-0.000000
0.997173
0.002827
0.000000 0.000000
0.407852 0.104782
0.069733 0.417633
-0.000000
0.999835
0.000165
0.000000
0.984080
0.015920
-0.000000
0.999730
0.000270
0.000000 -0.000000
0.257270 0.017760
0.386454 0.338517
-0.000000
0.999015
0.000985
0.000000
1.000000
0.000000
-0.000000 -0.000000
0.510639 0.002676
0.138664 0.348020
-0.000000 -0.000000
0.311913 0.058086
0.050540 0.579461
0.000000 0.000000
0.449790 0.017646
0.192718 0.339846
-0.000000
0.005525
0.994475
-0.000000
0.995954
0.004046
-0.000000 0.000000
0.134540 0.003094
0.402584 0.459782
-0.000000
0.992477
0.007523
0.000000 0.000000
0.361025 0.000715
0.185882 0.452378
-0.000000 0.000000
0.878201 0.057697
0.000384 0.063718
-0.000000 0.000000
0.403589 0.551261
0.000894 0.044257
0.000000
0.064240
0.935760
-0.000000
0.887439
0.112561
0.000000 0.000000
0.288155 0.029246
0.257315 0.425285
-0.000000 0.000000
0.173800 0.006090
0.212247 0.607863
-0.000000 0.000000
0.421840 0.004786
0.296301 0.277073
-0.000000
0.336152
0.663848
0.000000
0.094332
0.905668
0.000000 -0.000000
0.040819 0.959181
0.000000 0.000000
0.000000
0.072714
0.927286
0.000000 0.000000
0.114559 0.000209
0.816147 0.069086
0.000000
0.999827
0.000173
-0.000000
0.859869
0.140131
-0.000000 -0.000000
0.030360 0.969639
0.000000 0.000001
-0.000000
0.002848
0.997152
-0.000000 0.000000
0.153048 0.846938
0.000000 0.000014
-0.000000
0.982509
0.017491
-0.000000 -0.000000
0.076404 0.923575
0.000000 0.000021
0.000000 0.000000
0.763249 0.014396
0.086095 0.136260
-0.000000 0.000000 -0.000000 0.000000
0.207215 0.426646 0.185468 0.024719
0.000433 0.008381 0.044073 0.103064
-0.000000 0.000000
0.276867 0.000040
0.631618 0.091476
0.000000
0.049898
0.950102
-0.000000
0.989965
0.010035
-0.000000
1.000000
0.000000
-0.000000 0.000000
0.117098 0.882489
0.000003 0.000410
-0.000000
0.007418
0.992582
-0.000000 -0.000000
0.442837 0.003005
0.025844 0.528313
-0.000000
1.000000
0.000000
-0.000000 0.000000
0.298894 0.698926
0.000018 0.002163
-0.000000
0.995853
0.004147
0.000000
0.996919
0.003081
0.000000
0.032198
0.967802
-0.000000 -0.000000
0.809906 0.111159
0.000747 0.078189
0.000000
0.286264
0.713736
0.000000 -0.000000
0.593222 0.125666
0.013809 0.267303
0.000000
0.999992
0.000008
-0.000000 -0.000000
0.293103 0.046604
0.045635 0.614658
0.000000 -0.000000
0.028367 0.971633
0.000000 0.000000
0.000000 0.000000
0.312439 0.662772
0.000127 0.024662
0.000000 0.000000
0.412809 0.038369
0.076664 0.472157
0.000000 -0.000000
0.329678 0.666420
0.000019 0.003884
0.000000 0.000000
0.071729 0.928242
0.000000 0.000029
-0.000000
0.149281
0.850719
-0.000000
0.745448
0.254552
0.000000 0.000000
0.712821 0.009591
0.006726 0.270862
-0.000000
0.999614
0.000386
-0.000000
0.844496
0.155504
-0.000000 -0.000000
0.685984 0.072021
0.031680 0.210314
-0.000000
1.000000
0.000000
0.000000
0.499972
0.500028
-0.000000
0.999788
0.000212
0.000000
0.159364
0.840636
-0.000000 0.000000 -0.000000
0.008919 0.167911 0.823162
0.000000 0.000000 0.000008
0.000000
0.055620
0.944380
0.000000
0.194983
0.805017
0.000000 0.000000
0.262069 0.089875
0.074710 0.573347
-0.000000 0.000000
0.018311 0.981689
0.000000 0.000000
0.000000
0.999417
0.000583
0.000000
0.895422
0.104578
0.000000
0.942031
0.057969
-0.000000 0.000000 0.000000
0.356912 0.066457 0.000427
0.014116 0.211263 0.350824
0.000000
0.818786
0.181214
0.000000
0.997866
0.002134
-0.000000
0.999366
0.000634
-0.000000
0.020579
0.979421
-0.000000 -0.000000
0.364806 0.003225
0.363542 0.268428
0.000000 -0.000000
0.636710 0.007636
0.016849 0.338805
0.000000
0.013624
0.986376
-0.000000 -0.000000
0.190175 0.000704
0.069107 0.740015
-0.000000 -0.000000
0.072347 0.927623
0.000000 0.000030
0.000000
0.999994
0.000006
-0.000000
0.941576
0.058424
-0.000000
0.727831
0.272169
-0.000000
1.000000
0.000000
0.000000 0.000000
0.525230 0.454295
0.000235 0.020240
-0.000000 0.000000
0.445910 0.522903
0.001030 0.030157
0.000000
0.999867
0.000133
0.000000
0.057530
0.942470
0.000000 0.000000 -0.000000 0.000000
0.242563 0.043789 0.002219 0.000043
0.210265 0.298517 0.156203 0.046400
-0.000000
0.245549
0.754451
0.000000
1.000000
0.000000
-0.000000 0.000000
0.746338 0.053016
0.002672 0.197974
0.000000 -0.000000
0.383995 0.003673
0.381181 0.231150
-0.000000 -0.000000
0.601726 0.310600
0.001953 0.085721
0.000000
0.000506
0.999494
0.000000 -0.000000
0.597603 0.002914
0.028380 0.371103
-0.000000
0.998679
0.001321
-0.000000 0.000000
0.809599 0.104186
0.000211 0.086004
0.000000 0.000000
0.430099 0.008199
0.221207 0.340495
-0.000000
0.999893
0.000107
0.000000
0.220449
0.779551
0.000000 0.000000 0.000000
0.420842 0.106004 0.000988
0.008532 0.150000 0.313634
0.000000
1.000000
0.000000
0.000000
0.258571
0.741429
0.000000 -0.000000
0.551692 0.444211
0.000002 0.004096
0.000000
0.007461
0.992539
-0.000000
0.809166
0.190834
-0.000000
0.154388
0.845612
0.000000 0.000000
0.137575 0.000045
0.636440 0.225940
0.000000
0.980689
0.019311
0.000000
0.999086
0.000914
0.000000
0.939451
0.060549
0.000000
0.989781
0.010219
-0.000000
1.000000
0.000000
-0.000000 -0.000000
0.124090 0.875697
0.000000 0.000213
0.000000 -0.000000
0.008811 0.000000
0.985650 0.005539
-0.000000 0.000000
0.419686 0.012547
0.265795 0.301972
0.000000 0.000000
0.316846 0.017529
0.115395 0.550230
-0.000000
0.050941
0.949059
-0.000000 0.000000
0.594883 0.052029
0.038078 0.315010
0.000000 -0.000000
0.522709 0.445404
0.000373 0.031513
-0.000000 -0.000000
0.454739 0.000327
0.182217 0.362717
0.000000 0.000000
0.381998 0.604978
0.000218 0.012807
0.000000 0.000000
0.184226 0.815714
0.000000 0.000060
-0.000000
0.999960
0.000040
0.000000 -0.000000
0.688171 0.234920
0.002408 0.074502
-0.000000 -0.000000
0.696251 0.156630
0.025096 0.122023
0.000000 0.000000
0.101824 0.000857
0.523205 0.374113
0.000000 0.000000
0.043474 0.956525
0.000000 0.000002
0.000000
0.854752
0.145248
-0.000000 -0.000000
0.633129 0.004920
0.242656 0.119295
0.000000
0.606531
0.393469
-0.000000
0.037896
0.962104
0.000000 -0.000000 -0.000000
0.003181 0.153943 0.842874
0.000000 0.000000 0.000002
-0.000000 -0.000000
0.773050 0.194589
0.000107 0.032253
0.000000 0.000000
0.480498 0.032851
0.070862 0.415789
0.000000 0.000000
0.344569 0.015179
0.144833 0.495418
-0.000000 0.000000
0.531352 0.017310
0.135460 0.315879
-0.000000 -0.000000
0.224918 0.001132
0.100690 0.673260
0.000000
0.977300
0.022700
-0.000000 -0.000000
0.396980 0.004257
0.322663 0.276101
0.000000 -0.000000
0.401774 0.527228
0.003220 0.067778
0.000000 -0.000000
0.122485 0.001719
0.387729 0.488067
-0.000000
0.999886
0.000114
-0.000000
0.188591
0.811409
-0.000000 -0.000000 -0.000000 -0.000000 0.000000
0.258757 0.195619 0.040851 0.003407 0.000126
0.017821 0.096311 0.167633 0.144809 0.074666
-0.000000 0.000000
0.456052 0.015524
0.218152 0.310273
0.000000
0.998092
0.001908
0.000000 -0.000000
0.528163 0.108039
0.018703 0.345094
-0.000000 -0.000000
0.539191 0.063789
0.033064 0.363956
0.000000 -0.000000
0.368087 0.622322
0.000059 0.009532
0.000000
0.184260
0.815740
-0.000000
0.999965
0.000035
-0.000000 -0.000000
0.118315 0.881558
0.000000 0.000127
-0.000000 0.000000
0.297978 0.695695
0.000046 0.006281
-0.000000 0.000000
0.483773 0.077196
0.158080 0.280951
0.000000
0.907463
0.092537
0.000000 0.000000
0.537654 0.025155
0.103096 0.334095
0.000000
0.990317
0.009683
0.000000
0.153874
0.846126
-0.000000
0.999615
0.000385
0.000000
0.999406
0.000594
-0.000000
0.042577
0.957423
0.000000
0.606587
0.393413
0.000000 0.000000
0.121362 0.878442
0.000000 0.000196
-0.000000 -0.000000
0.443056 0.541338
0.000143 0.015463
0.000000
0.933087
0.066913
-0.000000
0.995916
0.004084
-0.000000
1.000000
0.000000
0.000000 0.000000
0.240802 0.002754
0.404374 0.352070
-0.000000
0.932156
0.067844
-0.000000 0.000000
0.000478 0.999522
0.000000 0.000000
0.000000
0.999586
0.000414
0.000000 -0.000000
0.059290 0.940704
0.000000 0.000005
0.000000
0.992627
0.007373
-0.000000
0.129993
0.870007
0.000000
0.999983
0.000017
-0.000000
0.999992
0.000008
-0.000000
1.000000
0.000000
-0.000000
0.730664
0.269336
-0.000000
0.114436
0.885564
0.000000 -0.000000
0.000190 0.999810
0.000000 0.000000
-0.000000 0.000000
0.217170 0.004161
0.341851 0.436819
0.000000 0.000000
0.050510 0.000208
0.840840 0.108441
0.000000
0.999957
0.000043
0.000000 -0.000000
0.017108 0.982892
0.000000 0.000000
0.000000
1.000000
0.000000
-0.000000 -0.000000 0.000000
0.432053 0.177689 0.016611
0.040280 0.155721 0.177646
0.000000 -0.000000
0.116800 0.883189
0.000000 0.000011
-0.000000 0.000000
0.508775 0.009682
0.023276 0.458268
0.000000 -0.000000
0.440142 0.429996
0.001351 0.128511
0.000000 -0.000000
0.378100 0.005014
0.364570 0.252316
-0.000000 -0.000000
0.274483 0.000062
0.471232 0.254223
-0.000000 0.000000
0.530762 0.335682
0.010379 0.123178
-0.000000 -0.000000 0.000000
0.283823 0.006388 0.000018
0.457743 0.228409 0.023619
0.000000
0.136833
0.863167
0.000000
0.978508
0.021492
0.000000
0.001716
0.998284
-0.000000
0.013873
0.986127
0.000000
0.978120
0.021880
-0.000000
0.999161
0.000839
-0.000000
0.006531
0.993469
-0.000000 -0.000000
0.000025 0.999975
-0.000000 -0.000000
0.000000
0.987679
0.012321
0.000000
0.979589
0.020411
0.000000
0.389660
0.610340
0.000000 -0.000000
0.138341 0.003147
0.312642 0.545870
-0.000000 -0.000000
0.600192 0.297616
0.007958 0.094233
-0.000000
0.993560
0.006440
0.000000
0.958575
0.041425
0.000000 0.000000
0.119608 0.880360
0.000000 0.000033
0.000000
0.446372
0.553628
0.000000 0.000000
0.231086 0.000322
0.709643 0.058949
-0.000000
0.997710
0.002290
-0.000000 -0.000000
0.646621 0.042355
0.077221 0.233803
0.000000
0.998514
0.001486
0.000000 0.000000
0.675694 0.033006
0.054705 0.236596
-0.000000
0.999689
0.000311
-0.000000
0.775836
0.224164
0.000000
0.776343
0.223657
0.000000 0.000000
0.392854 0.002943
0.379398 0.224805
-0.000000
0.002775
0.997225
0.000000 0.000000
0.134565 0.865203
0.000001 0.000231
-0.000000 -0.000000
0.425405 0.531080
0.001365 0.042150
0.000000 -0.000000
0.160563 0.003349
0.347848 0.488241
0.000000
0.436755
0.563245
-0.000000
0.999936
0.000064
-0.000000 -0.000000
0.290180 0.692489
0.000345 0.016986
0.000000
0.999976
0.000024
0.000000
0.092887
0.907113
0.000000 -0.000000
0.433780 0.001477
0.052548 0.512195
0.000000
0.999746
0.000254
-0.000000
0.001164
0.998836
0.000000
0.999586
0.000414
0.000000 -0.000000
0.022106 0.977894
0.000000 0.000000
0.000000 0.000000
0.244638 0.001047
0.623095 0.131220
-0.000000
0.996460
0.003540
0.000000 -0.000000
0.313380 0.679663
0.000047 0.006909
-0.000000 0.000000
0.557387 0.101726
0.064113 0.276775
0.000000
0.078612
0.921388
-0.000000
0.623418
0.376582
0.000000 0.000000
0.088667 0.911328
0.000000 0.000005
0.000000 0.000000
0.150768 0.000070
0.481880 0.367282
0.000000 -0.000000
0.171940 0.827113
0.000011 0.000937
0.000000 -0.000000
0.200885 0.798203
0.000003 0.000910
-0.000000 -0.000000
0.541478 0.021904
0.091539 0.345079
-0.000000
0.991359
0.008641
-0.000000
0.960155
0.039845
0.000000
1.000000
0.000000
0.000000
0.999475
0.000525
-0.000000 0.000000
0.766503 0.004584
0.014647 0.214266
0.000000
0.746574
0.253426
-0.000000 -0.000000
0.087974 0.911978
0.000000 0.000048
-0.000000 -0.000000
0.198033 0.800895
0.000004 0.001068
0.000000
0.057324
0.942676
-0.000000 0.000000
0.153246 0.846261
0.000002 0.000492
-0.000000
0.251637
0.748363
0.000000 -0.000000
0.507712 0.084164
0.043552 0.364572
0.000000
0.999425
0.000575
-0.000000 -0.000000
0.428128 0.010826
0.301906 0.259139
-0.000000
0.997494
0.002506
0.000000
0.999887
0.000113
-0.000000
0.009974
0.990026
0.000000
0.999365
0.000635
-0.000000 0.000000
0.357737 0.606199
0.000230 0.035834
-0.000000 0.000000
0.154590 0.844902
0.000001 0.000507
-0.000000
0.988629
0.011371
-0.000000 -0.000000
0.629935 0.100125
0.020798 0.249141
-0.000000
1.000000
0.000000
-0.000000 0.000000
0.521372 0.066463
0.109338 0.302827
-0.000000 -0.000000
0.162313 0.014670
0.298578 0.524440
-0.000000
0.017576
0.982424
-0.000000
1.000000
0.000000
-0.000000 -0.000000
0.494694 0.502804
0.000002 0.002500
0.000000
0.979252
0.020748
-0.000000
0.999983
0.000017
0.000000
0.055567
0.944433
-0.000000 0.000000 -0.000000
0.091093 0.000728 0.000000
0.574222 0.308432 0.025525
-0.000000
0.078878
0.921122
-0.000000 0.000000 0.000000
0.007022 0.224008 0.768960
0.000000 0.000000 0.000010
0.000000
0.998698
0.001302
-0.000000
0.614927
0.385073
-0.000000 0.000000 -0.000000
0.023615 0.366063 0.610127
0.000000 0.000003 0.000192
0.000000 0.000000
0.047464 0.000000
0.942120 0.010416
0.000000
0.281066
0.718934
0.000000
0.999982
0.000018
0.000000
0.162703
0.837297
-0.000000
0.994745
0.005255
0.000000
0.999965
0.000035
0.000000 -0.000000
0.638122 0.080212
0.021982 0.259685
-0.000000
0.883985
0.116015
0.000000 0.000000 -0.000000
0.000000 0.000161 0.999839
0.000000 0.000000 0.000000
-0.000000
0.999999
0.000001
0.000000
0.055631
0.944369
0.000000
0.984315
0.015685
0.000000 -0.000000
0.449254 0.545259
0.000001 0.005485
-0.000000
1.000000
0.000000
0.000000 0.000000
0.113423 0.001049
0.497582 0.387947
-0.000000 -0.000000 -0.000000
0.308252 0.056040 0.002509
0.178700 0.296331 0.158167
0.000000 0.000000
0.000137 0.999863
-0.000000 0.000000
0.000000
0.999691
0.000309
0.000000
0.023792
0.976208
0.000000
0.010987
0.989013
0.000000 0.000000
0.633760 0.080570
0.024341 0.261329
-0.000000
0.999906
0.000094
-0.000000
0.999357
0.000643
0.000000 0.000000
0.615185 0.310006
0.001638 0.073172
0.000000 -0.000000 0.000000
0.024515 0.370858 0.604485
0.000000 0.000002 0.000140
0.000000 0.000000
0.108702 0.891195
0.000000 0.000103
0.000000 -0.000000
0.694322 0.202950
0.005183 0.097545
-0.000000 -0.000000
0.018866 0.981134
0.000000 0.000000
0.000000 0.000000
0.553866 0.021926
0.097011 0.327198
-0.000000 -0.000000 -0.000000
0.357280 0.253725 0.035340
0.012795 0.108553 0.232306
0.000000 -0.000000
0.749982 0.014183
0.003945 0.231890
0.000000
0.200256
0.799744
-0.000000
0.999996
0.000004
0.000000
0.998496
0.001504
-0.000000 0.000000
0.094676 0.000001
0.880191 0.025131
-0.000000 -0.000000 -0.000000
0.070259 0.418507 0.505367
0.000006 0.000363 0.005498
0.000000 -0.000000 -0.000000
0.327131 0.024517 0.000370
0.278263 0.277609 0.092110
-0.000000 0.000000
0.461153 0.012571
0.171524 0.354752
-0.000000 0.000000
0.639894 0.115037
0.019629 0.225440
0.000000 0.000000
0.512834 0.102551
0.023107 0.361509
-0.000000
0.001083
0.998917
0.000000 -0.000000
0.235117 0.021269
0.082069 0.661545
0.000000 0.000000
0.495184 0.015910
0.130535 0.358372
0.000000 0.000000
0.083592 0.916378
0.000000 0.000030
-0.000000
0.947113
0.052887
-0.000000 -0.000000
0.061591 0.938404
0.000000 0.000005
-0.000000 0.000000
0.724326 0.185911
0.000365 0.089398
-0.000000 -0.000000
0.508677 0.462917
0.000315 0.028091
-0.000000 0.000000
0.798643 0.034779
0.001493 0.165085
0.000000 -0.000000 -0.000000
0.099237 0.556386 0.336437
0.000002 0.000292 0.007646
0.000000 -0.000000
0.453175 0.001445
0.143809 0.401571
-0.000000 0.000000
0.239176 0.755472
0.000027 0.005326
-0.000000 -0.000000
0.462904 0.012053
0.158642 0.366401
0.000000
0.175995
0.824005
0.000000 0.000000
0.636716 0.108281
0.014523 0.240480
-0.000000
0.097051
0.902949
-0.000000 -0.000000
0.856502 0.132465
0.000024 0.011008
0.000000
0.946752
0.053248
0.000000 -0.000000
0.434404 0.146437
0.015545 0.403614
0.000000 0.000000
0.719964 0.030187
0.001920 0.247929
-0.000000 0.000000
0.674731 0.002076
0.043362 0.279832
0.000000
0.000116
0.999884
0.000000 -0.000000
0.018051 0.981949
0.000000 0.000000
0.000000
0.094181
0.905819
-0.000000 0.000000
0.391954 0.098832
0.027098 0.482116
-0.000000 -0.000000 0.000000
0.083903 0.383257 0.518156
0.000075 0.001682 0.012928
0.000000
0.000709
0.999291
-0.000000 -0.000000
0.292593 0.001214
0.536643 0.169550
0.000000 -0.000000
0.121604 0.000237
0.765674 0.112484
0.000000
0.988005
0.011995
-0.000000
0.095234
0.904766
-0.000000 0.000000
0.367239 0.627511
0.000005 0.005244
0.000000 -0.000000
0.000014 0.999986
0.000000 0.000000
-0.000000 0.000000
0.502260 0.480487
0.000680 0.016573
-0.000000
0.999984
0.000016
-0.000000 0.000000
0.512541 0.468249
0.000824 0.018386
-0.000000
0.936060
0.063940
0.000000 0.000000
0.226607 0.004251
0.320461 0.448681
0.000000 -0.000000
0.191395 0.011491
0.157715 0.639399
-0.000000 0.000000
0.495745 0.202170
0.012804 0.289281
0.000000 0.000000
0.244224 0.000199
0.281119 0.474458
-0.000000 0.000000
0.562507 0.291033
0.010771 0.135689
0.000000
0.998283
0.001717
-0.000000
0.000751
0.999249
0.000000 0.000000
0.619471 0.033022
0.085170 0.262337
0.000000 -0.000000
0.482392 0.039626
0.192680 0.285302
0.000000 -0.000000
0.197358 0.000443
0.676685 0.125514
0.000000
0.984790
0.015210
0.000000
0.996452
0.003548
0.000000 0.000000
0.454518 0.539063
0.000056 0.006363
0.000000 0.000000
0.088006 0.911980
0.000000 0.000013
-0.000000
0.995367
0.004633
0.000000 -0.000000
0.536176 0.282886
0.003337 0.177602
0.000000
0.996447
0.003553
0.000000 0.000000
0.100130 0.001859
0.657789 0.240222
0.000000
1.000000
0.000000
0.000000 0.000000
0.377410 0.037077
0.061927 0.523586
0.000000
0.999946
0.000054
-0.000000
1.000000
0.000000
-0.000000
0.494057
0.505943
0.000000
0.999197
0.000803
0.000000 0.000000
0.000445 0.999555
-0.000000 0.000000
0.000000 0.000000
0.313303 0.004608
0.015841 0.666249
0.000000
0.023773
0.976227
-0.000000
0.046645
0.953355
-0.000000 -0.000000
0.033550 0.000016
0.935397 0.031037
0.000000
0.999926
0.000074
0.000000 -0.000000
0.466440 0.460657
0.001942 0.070961
0.000000 0.000000 -0.000000
0.418319 0.054353 0.001169
0.130851 0.257539 0.137768
-0.000000 -0.000000
0.685935 0.022815
0.004716 0.286534
-0.000000
0.999662
0.000338
-0.000000 -0.000000
0.625040 0.230936
0.004760 0.139264
-0.000000 -0.000000
0.078278 0.000350
0.684462 0.236910
0.000000 0.000000
0.612208 0.082514
0.031150 0.274127
0.000000 0.000000
0.439509 0.012024
0.315210 0.233258
-0.000000 0.000000
0.294911 0.000834
0.574583 0.129672
-0.000000 0.000000
0.056204 0.943782
0.000000 0.000014
0.000000
0.889668
0.110332
-0.000000
1.000000
0.000000
0.000000
0.147293
0.852707
0.000000
0.999958
0.000042
-0.000000 0.000000
0.460033 0.317197
0.003319 0.219451
-0.000000 0.000000
0.055486 0.944509
0.000000 0.000004
0.000000 0.000000 0.000000
0.284515 0.021362 0.000228
0.237474 0.341976 0.114445
0.000000
0.071607
0.928393
-0.000000 -0.000000
0.259101 0.000029
0.610418 0.130452
0.000000
0.997690
0.002310
0.000000
0.015923
0.984077
0.000000
0.054730
0.945270
0.000000
0.999825
0.000175
0.000000 0.000000
0.450224 0.001967
0.043629 0.504180
0.000000
0.998093
0.001907
0.000000
0.257662
0.742338
-0.000000 -0.000000
0.355169 0.636646
0.000054 0.008132
-0.000000
0.186538
0.813462
0.000000
0.985405
0.014595
0.000000 0.000000
0.400870 0.029064
0.075881 0.494185
-0.000000 0.000000
0.142410 0.000082
0.828754 0.028753
-0.000000 0.000000 -0.000000
0.025560 0.372015 0.600759
0.000000 0.000027 0.001639
0.000000
0.968367
0.031633
-0.000000
0.999883
0.000117
-0.000000
0.997185
0.002815
0.000000 -0.000000
0.570626 0.031459
0.065478 0.332437
-0.000000
0.889606
0.110394
-0.000000 -0.000000
0.253127 0.000100
0.381926 0.364847
-0.000000
0.951057
0.048943
-0.000000
0.862948
0.137052
0.000000
0.999292
0.000708
-0.000000
0.336089
0.663911
0.000000 -0.000000
0.053521 0.000089
0.842471 0.103919
0.000000 0.000000
0.387220 0.583175
0.000248 0.029357
-0.000000 -0.000000
0.688478 0.283615
0.000680 0.027226
-0.000000 0.000000
0.310308 0.689068
0.000000 0.000624
-0.000000 -0.000000
0.185180 0.000010
0.716509 0.098301
-0.000000 -0.000000 0.000000
0.454643 0.063069 0.000285
0.016201 0.202321 0.263481
-0.000000
0.987769
0.012231
-0.000000 -0.000000
0.168380 0.830432
0.000013 0.001175
-0.000000
0.977533
0.022467
0.000000 0.000000
0.398499 0.011999
0.163571 0.425932
-0.000000
0.042498
0.957502
-0.000000 0.000000
0.231788 0.038289
0.154169 0.575754
-0.000000
0.998325
0.001675
0.000000
0.994724
0.005276
-0.000000 0.000000
0.185263 0.003446
0.609736 0.201555
0.000000 -0.000000
0.230212 0.768639
0.000000 0.001149
0.000000
0.917349
0.082651
-0.000000
0.999933
0.000067
0.000000
1.000000
0.000000
-0.000000
0.999997
0.000003
-0.000000 -0.000000
0.000012 0.999988
-0.000000 0.000000
0.000000 0.000000
0.471465 0.083222
0.043262 0.402050
0.000000
0.910004
0.089996
0.000000 0.000000
0.544268 0.040979
0.089143 0.325611
0.000000
0.007721
0.992279
-0.000000
0.006008
0.993992
-0.000000
0.986485
0.013515
-0.000000
0.999581
0.000419
0.000000
0.999939
0.000061
0.000000
0.927398
0.072602
-0.000000
0.099069
0.900931
0.000000
0.023300
0.976700
-0.000000
0.999305
0.000695
-0.000000 -0.000000
0.335883 0.005701
0.012492 0.645924
-0.000000
0.998652
0.001348
0.000000 0.000000
0.574241 0.052498
0.039014 0.334248
0.000000
0.031905
0.968095
-0.000000 0.000000
0.577873 0.043801
0.046973 0.331354
-0.000000 0.000000
0.189448 0.809530
0.000002 0.001019
0.000000
0.001972
0.998028
0.000000 -0.000000
0.142006 0.857983
0.000000 0.000011
0.000000
0.999190
0.000810
-0.000000 -0.000000
0.767035 0.026293
0.005373 0.201299
0.000000
0.958069
0.041931
0.000000 0.000000 0.000000
0.277870 0.001922 0.000003
0.638483 0.078427 0.003294
0.000000
0.872362
0.127638
0.000000
0.004690
0.995310
0.000000
0.096866
0.903134
-0.000000
0.999464
0.000536
-0.000000 0.000000
0.010113 0.989887
0.000000 0.000000
-0.000000 0.000000
0.703493 0.246720
0.003545 0.046242
0.000000 0.000000
0.124290 0.002492
0.409704 0.463514
-0.000000 0.000000 0.000000
0.478751 0.258951 0.020399
0.009874 0.079817 0.152207
0.000000
0.990352
0.009648
0.000000
0.999999
0.000001
0.000000 -0.000000
0.300886 0.001548
0.501172 0.196395
-0.000000 0.000000
0.022332 0.977668
0.000000 0.000000
0.000000
0.994550
0.005450
0.000000
0.007354
0.992646
-0.000000 0.000000 0.000000
0.394043 0.171266 0.009183
0.016225 0.146215 0.263069
0.000000 -0.000000 -0.000000
0.291595 0.496361 0.092627
0.000309 0.013613 0.105496
-0.000000 -0.000000
0.048181 0.951818
0.000000 0.000001
-0.000000 -0.000000
0.040040 0.000028
0.911765 0.048168
-0.000000
0.999997
0.000003
0.000000 -0.000000
0.219987 0.778388
0.000006 0.001619
0.000000 -0.000000
0.726797 0.004243
0.020030 0.248930
-0.000000 0.000000
0.308929 0.673839
0.000334 0.016899
0.000000 0.000000
0.681974 0.114142
0.020161 0.183723
0.000000 0.000000
0.089769 0.000003
0.908292 0.001936
-0.000000
0.019175
0.980825
0.000000
0.000800
0.999200
0.000000 -0.000000
0.035168 0.964831
0.000000 0.000001
-0.000000 0.000000 -0.000000
0.149587 0.694027 0.132684
0.000005 0.000940 0.022756
0.000000 -0.000000
0.520992 0.101597
0.037843 0.339567
-0.000000 -0.000000
0.833735 0.157432
0.000017 0.008816
0.000000 0.000000
0.000032 0.999968
-0.000000 0.000000
-0.000000
0.933831
0.066169
0.000000 -0.000000
0.098409 0.001642
0.570966 0.328983
-0.000000 0.000000
0.698296 0.172948
0.005284 0.123472
-0.000000
0.123198
0.876802
-0.000000
0.909567
0.090433
0.000000
0.091108
0.908892
-0.000000 0.000000
0.139431 0.000553
0.643446 0.216570
0.000000 -0.000000
0.662770 0.149698
0.009803 0.177729
-0.000000 0.000000
0.375670 0.599635
0.000648 0.024048
-0.000000 -0.000000
0.188781 0.012495
0.173407 0.625317
-0.000000
0.999443
0.000557
0.000000 0.000000
0.563107 0.187446
0.007336 0.242111
-0.000000 0.000000
0.601629 0.000438
0.152874 0.245059
-0.000000 -0.000000
0.451992 0.284006
0.004873 0.259129
0.000000
1.000000
0.000000
-0.000000
0.953293
0.046707
0.000000 0.000000 0.000000
0.217631 0.095755 0.008927
0.059115 0.273013 0.345558
-0.000000 0.000000
0.683161 0.235798
0.002966 0.078075
0.000000
0.000607
0.999393
-0.000000
0.917945
0.082055
-0.000000 -0.000000
0.491424 0.051132
0.047199 0.410245
0.000000
0.990093
0.009907
-0.000000 0.000000 -0.000000
0.189606 0.036421 0.000292
0.026824 0.298978 0.447878
0.000000
0.975305
0.024695
0.000000 -0.000000
0.583889 0.045374
0.137079 0.233658
-0.000000 0.000000
0.171046 0.003591
0.286179 0.539184
-0.000000 0.000000
0.607007 0.176652
0.008076 0.208264
-0.000000
0.999809
0.000191
-0.000000
0.999013
0.000987
0.000000 0.000000 0.000000
0.235647 0.138228 0.011515
0.021166 0.192187 0.401257
-0.000000 -0.000000
0.677782 0.311438
0.000013 0.010767
-0.000000
0.999890
0.000110
-0.000000 0.000000
0.023074 0.976926
0.000000 0.000000
0.000000
0.940052
0.059948
0.000000
0.999961
0.000039
0.000000 -0.000000
0.023659 0.976340
0.000000 0.000001
-0.000000 0.000000
0.628682 0.019375
0.005436 0.346507
-0.000000
0.790116
0.209884
0.000000 -0.000000
0.207393 0.003778
0.380784 0.408045
0.000000
0.079503
0.920497
0.000000 0.000000
0.341746 0.643975
0.000243 0.014036
-0.000000 -0.000000
0.182253 0.011122
0.197860 0.608765
0.000000
0.012937
0.987063
-0.000000 0.000000
0.466111 0.478705
0.001822 0.053363
0.000000
0.099239
0.900761
0.000000
0.012945
0.987055
-0.000000 0.000000
0.108260 0.000082
0.368884 0.522774
0.000000
0.076963
0.923037
0.000000 0.000000
0.089126 0.000024
0.893177 0.017672
-0.000000
0.948037
0.051963
0.000000 0.000000
0.470685 0.204918
0.030766 0.293631
-0.000000 0.000000
0.541906 0.152184
0.041268 0.264643
0.000000 -0.000000
0.037011 0.962987
0.000000 0.000002
0.000000
0.017519
0.982481
0.000000 0.000000 0.000000
0.300350 0.030021 0.000124
0.053579 0.334954 0.280972
0.000000
0.998052
0.001948
0.000000 0.000000
0.781396 0.117844
0.014257 0.086503
-0.000000
0.001648
0.998352
-0.000000 0.000000
0.025112 0.000001
0.952697 0.022191
-0.000000 -0.000000
0.151405 0.004098
0.254731 0.589766
0.000000 0.000000
0.455723 0.041715
0.058981 0.443580
0.000000 0.000000
0.271965 0.727698
0.000000 0.000337
-0.000000 0.000000
0.293420 0.000953
0.553486 0.152141
0.000000
0.088226
0.911774
-0.000000
0.306801
0.693199
-0.000000
0.996048
0.003952
-0.000000 -0.000000 -0.000000
0.143435 0.530421 0.211920
0.000063 0.006253 0.107907
-0.000000
0.000323
0.999677
-0.000000 0.000000
0.519118 0.422655
0.000696 0.057531
0.000000 0.000000 -0.000000 0.000000
0.001112 0.042895 0.314735 0.641256
0.000000 0.000000 0.000000 0.000002
0.000000 0.000000
0.813924 0.125286
0.001467 0.059323
0.000000
0.109922
0.890078
0.000000
0.177683
0.822317
0.000000 0.000000 -0.000000
0.436090 0.176204 0.008397
0.014554 0.133054 0.231701
0.000000
0.687529
0.312471
0.000000
0.030900
0.969100
0.000000 -0.000000
0.129833 0.002126
0.354312 0.513730
0.000000
0.992414
0.007586
-0.000000
0.961942
0.038058
-0.000000
0.440422
0.559578
0.000000
0.997296
0.002704
0.000000 0.000000
0.306831 0.688771
0.000021 0.004377
0.000000
0.993387
0.006613
-0.000000 -0.000000
0.056122 0.943849
0.000000 0.000029
0.000000
0.949262
0.050738
0.000000 0.000000
0.297247 0.000108
0.380958 0.321688
0.000000
0.999999
0.000001
0.000000 0.000000 0.000000
0.181913 0.000595 0.000000
0.642387 0.169451 0.005654
-0.000000
0.999990
0.000010
0.000000 0.000000
0.388060 0.012611
0.154111 0.445218
-0.000000 -0.000000
0.033230 0.000006
0.954581 0.012183
-0.000000
0.906097
0.093903
0.000000
0.000870
0.999130
-0.000000
0.999791
0.000209
0.000000
0.993548
0.006452
-0.000000
0.999888
0.000112
-0.000000 0.000000
0.175254 0.000652
0.110334 0.713759
0.000000 0.000000
0.534705 0.018274
0.131299 0.315722
0.000000
0.030629
0.969371
-0.000000 0.000000 -0.000000
0.278809 0.371638 0.095281
0.002972 0.049313 0.201986
-0.000000
0.999543
0.000457
-0.000000
0.969819
0.030181
-0.000000
0.005891
0.994109
-0.000000
0.985316
0.014684
0.000000 -0.000000
0.061635 0.938358
0.000000 0.000008
0.000000 -0.000000
0.492351 0.037444
0.188162 0.282044
0.000000
0.014019
0.985981
-0.000000
0.002598
0.997402
0.000000
1.000000
0.000000
-0.000000
0.012779
0.987221
0.000000
0.874800
0.125200
-0.000000 -0.000000
0.509008 0.462851
0.000307 0.027835
0.000000 0.000000
0.208214 0.790799
0.000003 0.000985
-0.000000
0.999291
0.000709
-0.000000 0.000000
0.715212 0.146117
0.009077 0.129594
0.000000 0.000000
0.102364 0.897573
0.000000 0.000064
-0.000000
0.110092
0.889908
0.000000
0.000283
0.999717
0.000000
0.212001
0.787999
0.000000 -0.000000
0.843466 0.086967
0.000267 0.069299
-0.000000 -0.000000
0.019967 0.980033
0.000000 0.000000
0.000000
0.164038
0.835962
-0.000000
0.998731
0.001269
0.000000
0.166738
0.833262
0.000000 0.000000
0.017985 0.982014
0.000000 0.000000
0.000000
0.998949
0.001051
-0.000000
0.998034
0.001966
0.000000 0.000000
0.060927 0.000136
0.800605 0.138332
0.000000 0.000000
0.050022 0.949973
0.000000 0.000005
-0.000000 -0.000000
0.120531 0.000225
0.769567 0.109676
-0.000000
0.992317
0.007683
-0.000000 0.000000
0.213619 0.014795
0.101995 0.669591
-0.000000
0.956778
0.043222
-0.000000 0.000000
0.062303 0.000260
0.866753 0.070684
-0.000000 0.000000
0.317710 0.000024
0.574741 0.107526
-0.000000 0.000000
0.006946 0.000000
0.990972 0.002082
-0.000000
0.978706
0.021294
0.000000 -0.000000
0.344701 0.016175
0.311555 0.327569
0.000000
0.999919
0.000081
0.000000
0.998855
0.001145
0.000000 -0.000000 0.000000
0.580559 0.130806 0.001018
0.005254 0.094395 0.187969
-0.000000
0.114585
0.885415
0.000000
1.000000
0.000000
-0.000000
1.000000
0.000000
-0.000000
0.679084
0.320916
0.000000
0.000539
0.999461
0.000000
0.607035
0.392965
-0.000000 0.000000
0.500339 0.462484
0.000565 0.036612
0.000000
0.004918
0.995082
0.000000 0.000000
0.084854 0.915114
0.000000 0.000032
-0.000000
0.998338
0.001662
0.000000 0.000000
0.173189 0.020451
0.212062 0.594298
-0.000000 0.000000
0.517788 0.013275
0.143974 0.324963
-0.000000
0.251301
0.748699
-0.000000
0.026295
0.973705
-0.000000 0.000000
0.393083 0.043862
0.100484 0.462571
-0.000000
0.999974
0.000026
-0.000000 0.000000
0.435104 0.004516
0.299240 0.261141
0.000000 0.000000
0.532326 0.363870
0.001555 0.102250
0.000000 -0.000000
0.626645 0.068414
0.027926 0.277016
-0.000000
0.999975
0.000025
0.000000
0.099035
0.900965
-0.000000 0.000000 -0.000000
0.193364 0.183043 0.019225
0.004774 0.114006 0.485589
-0.000000
0.998448
0.001552
0.000000
0.026177
0.973823
-0.000000 -0.000000 -0.000000
0.097707 0.554279 0.338611
0.000002 0.000340 0.009061
0.000000 0.000000
0.025365 0.000001
0.915944 0.058691
-0.000000 -0.000000
0.509603 0.370657
0.001659 0.118082
0.000000 0.000000
0.631048 0.084630
0.026351 0.257971
-0.000000
0.994194
0.005806
-0.000000 0.000000
0.402294 0.574729
0.000217 0.022760
-0.000000 -0.000000
0.167204 0.830308
0.000034 0.002454
0.000000 0.000000
0.224422 0.772607
0.000032 0.002939
0.000000 0.000000 0.000000
0.277213 0.082841 0.002865
0.036705 0.259018 0.341359
0.000000
0.999885
0.000115
-0.000000 0.000000
0.631487 0.071416
0.025233 0.271864
-0.000000 -0.000000
0.118524 0.881311
0.000000 0.000164
-0.000000 -0.000000
0.069394 0.000019
0.623728 0.306859
0.000000
0.035390
0.964610
-0.000000 0.000000
0.298768 0.056576
0.049536 0.595120
0.000000
0.079484
0.920516
-0.000000
0.044542
0.955458
-0.000000 -0.000000
0.418635 0.452342
0.001628 0.127396
0.000000
0.999673
0.000327
0.000000
0.025949
0.974051
0.000000
0.037508
0.962492
-0.000000
0.382488
0.617512
-0.000000
1.000000
0.000000
-0.000000
0.000713
0.999287
0.000000
0.996928
0.003072
0.000000
0.997365
0.002635
-0.000000
0.000994
0.999006
-0.000000 -0.000000
0.401388 0.030177
0.083376 0.485060
0.000000
0.998994
0.001006
-0.000000 -0.000000
0.409123 0.003886
0.328432 0.258559
0.000000 0.000000
0.392575 0.602856
0.000001 0.004568
0.000000
0.692564
0.307436
0.000000
0.091856
0.908144
0.000000
0.041595
0.958405
0.000000 0.000000
0.665250 0.264202
0.002407 0.068141
0.000000
0.844899
0.155101
0.000000
0.931018
0.068982
0.000000
1.000000
0.000000
-0.000000
0.997783
0.002217
0.000000 0.000000
0.253508 0.003473
0.354107 0.388912
-0.000000
0.040644
0.959356
-0.000000 -0.000000
0.354749 0.006889
0.254867 0.383495
-0.000000 0.000000
0.559818 0.170852
0.011515 0.257815
-0.000000 -0.000000
0.238388 0.760022
0.000005 0.001584
-0.000000
1.000000
0.000000
-0.000000
0.002583
0.997417
-0.000000
1.000000
0.000000
0.000000 0.000000
0.090108 0.000862
0.613337 0.295693
-0.000000 -0.000000
0.027183 0.000001
0.908676 0.064140
0.000000
1.000000
0.000000
0.000000 -0.000000 -0.000000
0.418665 0.159020 0.012258
0.047342 0.168145 0.194570
-0.000000 0.000000 -0.000000
0.190494 0.003011 0.000009
0.619989 0.171858 0.014638
-0.000000 -0.000000
0.633436 0.205448
0.006180 0.154936
-0.000000 0.000000
0.025091 0.974909
0.000000 0.000000
0.000000 -0.000000
0.264412 0.031500
0.056812 0.647277
-0.000000
0.150407
0.849593
0.000000
0.999993
0.000007
0.000000 -0.000000
0.076558 0.000047
0.897432 0.025963
0.000000
0.999949
0.000051
-0.000000
0.986812
0.013188
-0.000000
0.999673
0.000327
-0.000000
0.020379
0.979621
0.000000 0.000000
0.484705 0.475178
0.000427 0.039691
-0.000000 -0.000000
0.038959 0.000002
0.873383 0.087656
-0.000000 0.000000
0.297740 0.003414
0.359329 0.339517
0.000000 0.000000
0.316848 0.678308
0.000024 0.004820
0.000000 -0.000000 0.000000
0.140953 0.047422 0.002814
0.085070 0.338514 0.385228
0.000000 -0.000000
0.100980 0.000104
0.835595 0.063321
0.000000
0.999903
0.000097
-0.000000 0.000000
0.527980 0.002082
0.042502 0.427436
0.000000
0.097074
0.902926
0.000000
0.998699
0.001301
0.000000
0.998640
0.001360
-0.000000 0.000000
0.421947 0.298314
0.007546 0.272193
-0.000000 0.000000
0.567485 0.031361
0.066601 0.334553
0.000000 0.000000
0.164385 0.009947
0.368563 0.457106
-0.000000 0.000000
0.653267 0.165050
0.009465 0.172219
0.000000
0.683384
0.316616
0.000000
0.996389
0.003611
0.000000 -0.000000
0.609353 0.324848
0.001282 0.064517
0.000000
0.886545
0.113455
0.000000 -0.000000
0.229063 0.000272
0.705442 0.065223
0.000000
0.996164
0.003836
0.000000
0.270432
0.729568
-0.000000 -0.000000 0.000000
0.001440 0.107449 0.891111
0.000000 0.000000 0.000000
-0.000000 -0.000000
0.151786 0.006850
0.430004 0.411360
0.000000 0.000000
0.417691 0.556949
0.000256 0.025104
-0.000000 0.000000
0.035849 0.000005
0.845898 0.118247
0.000000 0.000000
0.657001 0.116069
0.012987 0.213943
-0.000000
0.092045
0.907955
0.000000 0.000000
0.325413 0.671873
0.000013 0.002701
0.000000
0.129082
0.870918
0.000000
0.194955
0.805045
-0.000000
0.953805
0.046195
-0.000000
1.000000
0.000000
0.000000 -0.000000
0.195494 0.000041
0.557150 0.247315
-0.000000
0.000369
0.999631
0.000000 -0.000000 0.000000
0.000907 0.084599 0.914494
0.000000 0.000000 0.000000
0.000000
0.362129
0.637871
-0.000000 -0.000000
0.190589 0.006288
0.231454 0.571669
0.000000
0.879870
0.120130
-0.000000
0.999561
0.000439
0.000000
0.020577
0.979423
-0.000000 -0.000000
0.732447 0.009283
0.015262 0.243009
0.000000 0.000000
0.041439 0.958524
0.000000 0.000037
-0.000000
0.999320
0.000680
-0.000000 0.000000
0.039157 0.000026
0.915098 0.045719
0.000000 -0.000000
0.681652 0.068277
0.035555 0.214516
-0.000000 0.000000
0.206962 0.014602
0.117651 0.660785
0.000000
0.999979
0.000021
-0.000000
1.000000
0.000000
0.000000
0.192731
0.807269
0.000000
0.999618
0.000382
-0.000000
0.978015
0.021985
0.000000
0.999995
0.000005
0.000000 0.000000
0.638264 0.048850
0.041530 0.271355
0.000000 0.000000
0.441855 0.193326
0.008149 0.356669
0.000000 0.000000
0.032546 0.000016
0.938109 0.029328
-0.000000 0.000000
0.321254 0.676889
0.000015 0.001841
-0.000000 -0.000000
0.310332 0.097453
0.060682 0.531533
0.000000
0.999054
0.000946
0.000000
0.021175
0.978825
-0.000000
0.991391
0.008609
0.000000
0.973073
0.026927
0.000000 -0.000000
0.431543 0.046798
0.147891 0.373768
-0.000000 -0.000000
0.240047 0.758896
0.000004 0.001053
-0.000000
0.818977
0.181023
0.000000
0.999817
0.000183
0.000000 0.000000
0.217394 0.000018
0.651186 0.131402
0.000000 -0.000000
0.495717 0.497960
0.000063 0.006260
0.000000 -0.000000 0.000000 0.000000
0.149066 0.428192 0.234543 0.035734
0.000099 0.003621 0.032363 0.116383
-0.000000 0.000000
0.024900 0.975100
0.000000 0.000000
-0.000000 0.000000 -0.000000
0.437783 0.101170 0.001111
0.016036 0.169972 0.273928
-0.000000
0.017211
0.982789
0.000000 -0.000000
0.076706 0.923259
0.000000 0.000035
-0.000000 0.000000
0.556234 0.001659
0.047093 0.395015
-0.000000
0.998336
0.001664
0.000000
0.999947
0.000053
-0.000000 -0.000000
0.019943 0.000000
0.979937 0.000120
-0.000000
0.984810
0.015190
-0.000000 -0.000000
0.000079 0.999921
-0.000000 0.000000
-0.000000
0.837141
0.162859
0.000000
0.995743
0.004257
0.000000
0.348681
0.651319
-0.000000 -0.000000 -0.000000
0.077331 0.437181 0.471380
0.000011 0.000764 0.013334
0.000000
0.921910
0.078090
0.000000 -0.000000
0.576824 0.031276
0.069313 0.322587
-0.000000 -0.000000
0.849658 0.116924
0.000077 0.033341
0.000000
0.776658
0.223342
-0.000000 -0.000000
0.045103 0.000036
0.914142 0.040718
-0.000000
0.998479
0.001521
-0.000000
0.999374
0.000626
-0.000000
0.818003
0.181997
-0.000000 0.000000 0.000000
0.148993 0.578571 0.246009
0.000014 0.001426 0.024986
-0.000000
0.891467
0.108533
-0.000000
0.007932
0.992068
-0.000000 0.000000 -0.000000
0.407882 0.164488 0.010272
0.028323 0.160478 0.228558
0.000000
0.999918
0.000082
0.000000
0.336084
0.663916
0.000000
1.000000
0.000000
0.000000 -0.000000
0.620299 0.336282
0.000772 0.042647
-0.000000 0.000000
0.667624 0.131230
0.011256 0.189890
-0.000000 -0.000000
0.600958 0.022513
0.167524 0.209005
0.000000
0.999999
0.000001
0.000000
0.003305
0.996695
0.000000
0.003105
0.996895
-0.000000
0.999873
0.000127
0.000000
1.000000
0.000000
-0.000000
0.886615
0.113385
-0.000000 -0.000000
0.122431 0.877391
0.000000 0.000177
0.000000
0.999978
0.000022
-0.000000 -0.000000 -0.000000
0.257561 0.481413 0.145372
0.001114 0.020300 0.094240
-0.000000
0.864912
0.135088
-0.000000 -0.000000
0.158901 0.840841
0.000001 0.000257
0.000000
0.022620
0.977380
-0.000000 -0.000000
0.702154 0.213081
0.000086 0.084679
0.000000 -0.000000
0.152188 0.000166
0.782270 0.065376
-0.000000
0.984752
0.015248
-0.000000
0.975809
0.024191
0.000000
0.104000
0.896000
-0.000000
0.057722
0.942278
-0.000000
0.999999
0.000001
0.000000 0.000000
0.178166 0.004257
0.258654 0.558923
0.000000 0.000000 0.000000
0.057621 0.490579 0.448996
0.000000 0.000068 0.002736
0.000000
0.993224
0.006776
-0.000000 -0.000000 0.000000
0.046880 0.357245 0.581400
0.000014 0.000843 0.013617
0.000000 -0.000000
0.306656 0.007288
0.222186 0.463870
-0.000000
0.558605
0.441395
0.000000
0.002712
0.997288
-0.000000 -0.000000 0.000000 -0.000000
0.465024 0.095766 0.005792 0.000148
0.132458 0.186827 0.090762 0.023223
-0.000000
0.001162
0.998838
-0.000000
0.457993
0.542007
-0.000000
0.999944
0.000056
0.000000 0.000000
0.680395 0.073024
0.026353 0.220228
0.000000
0.000681
0.999319
0.000000
0.999783
0.000217
-0.000000
0.999933
0.000067
-0.000000
0.005488
0.994512
-0.000000 0.000000
0.667899 0.014594
0.005589 0.311919
0.000000
0.065935
0.934065
-0.000000
0.098092
0.901908
-0.000000 -0.000000 -0.000000
0.020592 0.534626 0.444612
0.000000 0.000001 0.000170
0.000000 -0.000000
0.011559 0.988441
0.000000 0.000000
0.000000 -0.000000
0.118749 0.000146
0.806194 0.074911
-0.000000 -0.000000
0.242044 0.000059
0.593445 0.164452
0.000000
0.996437
0.003563
-0.000000
0.193292
0.806708
0.000000
0.880484
0.119516
0.000000 -0.000000
0.096293 0.903311
0.000002 0.000393
-0.000000 -0.000000 -0.000000
0.152382 0.043055 0.003450
0.175074 0.356579 0.269460
0.000000 -0.000000
0.323614 0.672788
0.000017 0.003581
0.000000
0.999933
0.000067
-0.000000
0.189794
0.810206
0.000000 0.000000
0.304577 0.695070
0.000000 0.000353
-0.000000
0.999577
0.000423
0.000000 -0.000000
0.470880 0.000922
0.158562 0.369636
0.000000
0.982863
0.017137
-0.000000 -0.000000
0.204167 0.794588
0.000003 0.001242
-0.000000
0.981646
0.018354
0.000000
0.000822
0.999178
0.000000 0.000000
0.261233 0.001570
0.045184 0.692014
0.000000 0.000000
0.856294 0.127593
0.000036 0.016077
0.000000
0.894334
0.105666
0.000000
0.999293
0.000707
0.000000 0.000000
0.142431 0.000652
0.630009 0.226907
0.000000
0.013894
0.986106
0.000000
0.371115
0.628885
-0.000000
0.999763
0.000237
0.000000
1.000000
0.000000
0.000000
0.075678
0.924322
-0.000000
0.946340
0.053660
0.000000
0.722633
0.277367
0.000000 0.000000
0.356516 0.000746
0.091687 0.551051
-0.000000
1.000000
0.000000
0.000000
0.999843
0.000157
-0.000000 -0.000000
0.009180 0.990820
0.000000 0.000000
0.000000 0.000000
0.023634 0.976365
0.000000 0.000001
0.000000
0.175621
0.824379
0.000000 -0.000000
0.064729 0.000012
0.663325 0.271935
-0.000000
0.980562
0.019438
0.000000 -0.000000 -0.000000
0.264732 0.503214 0.107112
0.000290 0.013398 0.111255
0.000000
0.050975
0.949025
0.000000
0.995777
0.004223
-0.000000 0.000000
0.557180 0.400523
0.000570 0.041727
0.000000 -0.000000
0.433588 0.000437
0.171724 0.394250
0.000000
0.006042
0.993958
-0.000000
0.998035
0.001965
-0.000000 0.000000
0.161513 0.836321
0.000014 0.002152
-0.000000 -0.000000
0.808843 0.072973
0.014038 0.104146
-0.000000 0.000000 0.000000
0.228223 0.512191 0.127378
0.000215 0.012039 0.119954
0.000000 -0.000000 0.000000 -0.000000
0.006951 0.084560 0.328750 0.579653
0.000000 0.000000 0.000006 0.000080
-0.000000 -0.000000
0.076779 0.923204
0.000000 0.000017
-0.000000
0.998824
0.001176
0.000000 -0.000000
0.185929 0.003360
0.605983 0.204728
0.000000 -0.000000
0.097906 0.000002
0.873071 0.029022
-0.000000 0.000000 0.000000
0.014986 0.483942 0.500984
0.000000 0.000000 0.000088
-0.000000 -0.000000
0.878811 0.106753
0.000038 0.014398
-0.000000 0.000000
0.119485 0.003002
0.455547 0.421965
0.000000
0.997574
0.002426
-0.000000 -0.000000
0.453506 0.035358
0.187894 0.323242
-0.000000
0.058802
0.941198
-0.000000
0.999993
0.000007
-0.000000 0.000000
0.561097 0.026668
0.094222 0.318013
0.000000 -0.000000
0.450038 0.547775
0.000001 0.002186
-0.000000 -0.000000
0.251238 0.743927
0.000026 0.004808
0.000000 0.000000
0.065331 0.934655
0.000000 0.000014
-0.000000 0.000000
0.295186 0.003264
0.367972 0.333578
-0.000000
0.992126
0.007874
0.000000
0.999887
0.000113
-0.000000 -0.000000 -0.000000
0.428801 0.024899 0.000207
0.225984 0.253295 0.066813
0.000000
0.000081
0.999919
-0.000000
0.079887
0.920113
0.000000
1.000000
0.000000
0.000000 0.000000
0.117024 0.882703
0.000002 0.000271
0.000000 0.000000
0.777785 0.204943
0.000024 0.017248
0.000000
0.047713
0.952287
0.000000 -0.000000 -0.000000
0.151256 0.581129 0.240948
0.000014 0.001405 0.025248
-0.000000
0.995160
0.004840
-0.000000
0.002542
0.997458
-0.000000 0.000000
0.706752 0.020400
0.003018 0.269831
-0.000000
0.845048
0.154952
0.000000
1.000000
0.000000
0.000000
0.939968
0.060032
0.000000
0.501559
0.498441
-0.000000 0.000000
0.517055 0.038124
0.131302 0.313519
-0.000000
1.000000
0.000000
-0.000000
0.858635
0.141365
-0.000000
0.910437
0.089563
-0.000000 0.000000 -0.000000
0.254860 0.577669 0.145107
0.000036 0.002019 0.020309
-0.000000 0.000000
0.077064 0.922853
0.000001 0.000082
0.000000 -0.000000
0.166800 0.833098
0.000000 0.000102
-0.000000 0.000000 -0.000000
0.000263 0.047886 0.951851
0.000000 0.000000 0.000000
-0.000000 0.000000
0.742848 0.123932
0.028278 0.104941
0.000000
0.999275
0.000725
-0.000000
0.237905
0.762095
-0.000000
0.469280
0.530720
-0.000000
0.943284
0.056716
0.000000
0.999990
0.000010
0.000000 0.000000
0.002014 0.997986
0.000000 0.000000
-0.000000 0.000000
0.825236 0.054984
0.001247 0.118533
-0.000000
0.595019
0.404981
0.000000 -0.000000
0.543188 0.028751
0.103536 0.324526
0.000000
0.999997
0.000003
0.000000
0.999701
0.000299
-0.000000 0.000000
0.644222 0.154494
0.013449 0.187835
0.000000 -0.000000
0.604667 0.380023
0.000261 0.015049
0.000000 -0.000000
0.445100 0.082237
0.097137 0.375526
0.000000
0.997539
0.002461
0.000000 -0.000000
0.078757 0.000019
0.562447 0.358778
0.000000
1.000000
0.000000
0.000000
0.134045
0.865955
-0.000000
0.948954
0.051046
0.000000
0.999904
0.000096
0.000000 -0.000000
0.521875 0.017738
0.118102 0.342285
-0.000000
0.999999
0.000001
-0.000000 -0.000000
0.539253 0.137749
0.073598 0.249400
-0.000000
0.016953
0.983047
-0.000000
0.983769
0.016231
0.000000
0.877299
0.122701
-0.000000
0.999995
0.000005
-0.000000
0.999524
0.000476
-0.000000
0.242842
0.757158
-0.000000 -0.000000 0.000000
0.138847 0.152121 0.044977
0.022111 0.180300 0.461645
0.000000
0.928614
0.071386
-0.000000
0.986358
0.013642
0.000000
0.989932
0.010068
0.000000
0.333061
0.666939
-0.000000 -0.000000
0.452182 0.014378
0.179747 0.353694
-0.000000 -0.000000
0.072331 0.000247
0.729846 0.197576
0.000000 -0.000000 0.000000
0.432744 0.122509 0.005042
0.041146 0.190256 0.208302
0.000000
0.980256
0.019744
0.000000
0.012657
0.987343
-0.000000
0.999970
0.000030
0.000000 -0.000000
0.411227 0.577055
0.000093 0.011626
0.000000
0.910439
0.089561
0.000000
0.120698
0.879302
0.000000
0.999975
0.000025
0.000000 -0.000000
0.498239 0.021279
0.099851 0.380632
-0.000000
0.959964
0.040036
0.000000
1.000000
-0.000000
0.000000 0.000000
0.145440 0.854405
0.000000 0.000154
0.000000
0.847718
0.152282
0.000000
0.964513
0.035487
-0.000000
0.999905
0.000095
0.000000
0.911107
0.088893
0.000000 0.000000
0.241166 0.000526
0.678070 0.080238
0.000000
0.067550
0.932450
0.000000
0.946345
0.053655
-0.000000
0.245307
0.754693
0.000000 0.000000
0.244674 0.001432
0.513784 0.240110
-0.000000 -0.000000 0.000000
0.079823 0.528714 0.386405
0.000001 0.000169 0.004889
-0.000000 -0.000000
0.159141 0.839969
0.000005 0.000885
0.000000
0.999895
0.000105
0.000000
0.952996
0.047004
0.000000 0.000000
0.397405 0.575725
0.000742 0.026127
0.000000 0.000000
0.482778 0.002311
0.038386 0.476525
0.000000
0.999194
0.000806
0.000000
0.990470
0.009530
-0.000000
0.359444
0.640556
0.000000 -0.000000
0.463140 0.438254
0.003912 0.094694
-0.000000 0.000000
0.626288 0.008480
0.010170 0.355062
-0.000000
1.000000
0.000000
0.000000 -0.000000
0.042694 0.957304
0.000000 0.000002
-0.000000
0.999610
0.000390
0.000000 0.000000
0.099475 0.900505
0.000000 0.000020
0.000000
0.126026
0.873974
-0.000000
0.025612
0.974388
-0.000000
0.000485
0.999515
0.000000
1.000000
0.000000
-0.000000 0.000000
0.024714 0.975286
0.000000 0.000000
0.000000
0.998590
0.001410
-0.000000 0.000000
0.497572 0.475154
0.000308 0.026966
-0.000000
0.999209
0.000791
-0.000000 -0.000000
0.188029 0.003863
0.618292 0.189815
-0.000000 0.000000
0.000009 0.999991
0.000000 -0.000000
0.000000 0.000000
0.388643 0.590039
0.000196 0.021122
-0.000000 -0.000000
0.094873 0.905074
0.000000 0.000053
0.000000 -0.000000
0.263733 0.734224
0.000027 0.002016
-0.000000
1.000000
0.000000
0.000000 -0.000000
0.564393 0.050429
0.085127 0.300051
0.000000
1.000000
0.000000
-0.000000 -0.000000
0.190967 0.808925
0.000000 0.000108
0.000000
0.996643
0.003357
-0.000000 0.000000
0.629612 0.078595
0.081266 0.210527
0.000000
0.993951
0.006049
0.000000
0.982856
0.017144
-0.000000 -0.000000
0.115930 0.001419
0.439965 0.442686
0.000000 0.000000
0.294314 0.701420
0.000022 0.004243
0.000000 -0.000000
0.384889 0.003572
0.378536 0.233003
0.000000 0.000000
0.305963 0.032167
0.193295 0.468575
0.000000
0.989163
0.010837
-0.000000
0.648500
0.351500
0.000000
0.993418
0.006582
-0.000000
0.004123
0.995877
-0.000000
0.868740
0.131260
0.000000
0.012439
0.987561
0.000000 -0.000000
0.107139 0.000061
0.354175 0.538624
0.000000 0.000000
0.302242 0.014260
0.135270 0.548229
0.000000
0.999790
0.000210
-0.000000
1.000000
0.000000
0.000000 -0.000000
0.318405 0.677336
0.000019 0.004240
-0.000000 -0.000000
0.090425 0.909483
0.000000 0.000092
0.000000 0.000000
0.337358 0.093297
0.066982 0.502363
-0.000000 -0.000000
0.409834 0.581106
0.000062 0.008999
0.000000 -0.000000
0.353244 0.638947
0.000045 0.007764
-0.000000 0.000000
0.735309 0.147084
0.000181 0.117426
-0.000000
1.000000
0.000000
-0.000000 0.000000
0.092873 0.000062
0.474679 0.432386
-0.000000
0.004694
0.995306
0.000000 -0.000000
0.443314 0.286716
0.005585 0.264385
0.000000 0.000000
0.736044 0.022836
0.005746 0.235375
-0.000000 0.000000
0.350419 0.638047
0.000112 0.011422
0.000000
0.996641
0.003359
-0.000000
0.998965
0.001035
-0.000000
0.999696
0.000304
0.000000 -0.000000
0.794380 0.007616
0.029870 0.168134
-0.000000
0.393058
0.606942
0.000000
0.004470
0.995530
0.000000 0.000000
0.472606 0.061664
0.034543 0.431187
0.000000 -0.000000
0.043306 0.956689
0.000000 0.000005
-0.000000
1.000000
0.000000
0.000000 -0.000000
0.523515 0.350936
0.007131 0.118417
0.000000
0.999940
0.000060
0.000000
0.998525
0.001475
0.000000 -0.000000
0.619114 0.013600
0.122857 0.244430
-0.000000 0.000000
0.383701 0.004751
0.350685 0.260863
-0.000000 -0.000000
0.463273 0.526054
0.000094 0.010580
-0.000000
0.994109
0.005891
-0.000000 0.000000
0.492231 0.019828
0.123939 0.364002
0.000000 0.000000
0.537806 0.026727
0.078752 0.356715
0.000000
0.016211
0.983789
-0.000000 0.000000
0.056558 0.000097
0.827660 0.115684
-0.000000
0.086534
0.913466
-0.000000 0.000000
0.643158 0.074406
0.040965 0.241471
0.000000 0.000000
0.089991 0.910001
0.000000 0.000007
0.000000
0.999770
0.000230
-0.000000 0.000000
0.450300 0.494256
0.001944 0.053500
0.000000
1.000000
0.000000
-0.000000 0.000000
0.647216 0.018565
0.207711 0.126508
-0.000000
0.999495
0.000505
0.000000
0.999213
0.000787
0.000000
0.295098
0.704902
0.000000
0.004087
0.995913
0.000000 0.000000 0.000000
0.271618 0.390583 0.061383
0.000965 0.036277 0.239173
0.000000
0.971536
0.028464
-0.000000 0.000000
0.087426 0.912571
0.000000 0.000003
-0.000000
0.999847
0.000153
-0.000000 0.000000
0.081322 0.000361
0.699969 0.218349
0.000000 -0.000000 0.000000
0.032981 0.409511 0.556455
0.000000 0.000019 0.001034
-0.000000
0.971676
0.028324
-0.000000 0.000000
0.292756 0.704092
0.000013 0.003139
0.000000
1.000000
0.000000
-0.000000
0.957204
0.042796
0.000000 -0.000000
0.654777 0.107351
0.014302 0.223570
-0.000000
0.999987
0.000013
-0.000000 -0.000000
0.598954 0.368524
0.000024 0.032498
0.000000 0.000000
0.017720 0.000000
0.953698 0.028582
-0.000000 0.000000
0.203509 0.796436
0.000000 0.000056
-0.000000
0.999388
0.000612
0.000000
0.047843
0.952157
-0.000000 0.000000
0.601320 0.197241
0.017974 0.183465
-0.000000 -0.000000
0.151660 0.847987
0.000001 0.000353
0.000000 0.000000
0.647539 0.280924
0.006251 0.065286
-0.000000
0.815937
0.184063
-0.000000 -0.000000
0.192698 0.000455
0.682680 0.124167
-0.000000
0.424167
0.575833
-0.000000 0.000000 0.000000
0.140107 0.039068 0.001458
0.067874 0.352719 0.398773
0.000000 -0.000000
0.029108 0.000000
0.966322 0.004570
0.000000 -0.000000
0.298828 0.692825
0.000134 0.008214
0.000000
0.992786
0.007214
0.000000
0.431783
0.568217
-0.000000
0.005241
0.994759
-0.000000 -0.000000
0.731308 0.016495
0.005419 0.246777
0.000000
0.179880
0.820120
0.000000
0.048874
0.951126
-0.000000 0.000000
0.280539 0.010834
0.159474 0.549153
-0.000000
1.000000
0.000000
0.000000 0.000000
0.162191 0.837618
0.000001 0.000190
0.000000
0.999940
0.000060
-0.000000 0.000000
0.168392 0.830972
0.000001 0.000634
-0.000000
0.999660
0.000340
0.000000 0.000000
0.524523 0.066587
0.102494 0.306395
0.000000 -0.000000
0.736628 0.068185
0.001527 0.193661
-0.000000 -0.000000
0.249882 0.746727
0.000012 0.003378
0.000000
0.088926
0.911074
-0.000000 0.000000
0.057178 0.942809
0.000000 0.000013
-0.000000 0.000000
0.648573 0.198428
0.006586 0.146412
0.000000
0.999990
0.000010
-0.000000 -0.000000
0.086401 0.913552
0.000000 0.000047
0.000000 0.000000
0.139780 0.000005
0.816980 0.043236
0.000000 0.000000
0.678720 0.006856
0.010090 0.304334
0.000000
0.999894
0.000106
0.000000 0.000000
0.495813 0.463066
0.000556 0.040565
0.000000
0.871742
0.128258
-0.000000
0.995110
0.004890
0.000000
0.990803
0.009197
