0.289276 0.544434 0.000055 0.166235
0.065922 0.735039 0.011349 0.187690
0.007882 0.417237 0.086360 0.488521
0.029045 0.648855 0.014622 0.307478
0.049353 0.602800 0.000421 0.347426
0.388956 0.459838 0.000026 0.151180
0.285914 0.630841 0.002670 0.080575
0.038373 0.629803 0.005052 0.326773
0.995651 0.000446 0.000000 0.003903
0.005817 0.523099 0.437914 0.033170
0.000000 0.000191 0.991751 0.008057
0.007713 0.829630 0.052805 0.109852
0.000000 0.077629 0.180193 0.742177
0.019851 0.596957 0.016029 0.367162
0.000108 0.072164 0.900124 0.027605
0.120324 0.580022 0.010207 0.289446
0.000133 0.102781 0.862117 0.034969
0.187571 0.647505 0.016225 0.148699
0.242558 0.499250 0.000134 0.258058
0.000007 0.210640 0.280211 0.509142
0.000110 0.006793 0.975683 0.017413
0.136644 0.545672 0.000369 0.317315
0.000675 0.634474 0.322334 0.042516
0.000088 0.217870 0.142987 0.639054
0.254168 0.568930 0.043716 0.133186
0.087982 0.853152 0.039147 0.019719
0.000008 0.214756 0.099478 0.685757
0.867608 0.080691 0.000644 0.051056
0.007027 0.879112 0.086164 0.027697
0.000000 0.010313 0.421757 0.567930
0.972347 0.010441 0.000276 0.016936
0.000008 0.057818 0.004691 0.937482
0.096992 0.730946 0.012016 0.160046
0.077326 0.584988 0.000440 0.337247
0.000016 0.152460 0.258187 0.589337
0.998019 0.000794 0.000421 0.000766
0.144237 0.533792 0.000336 0.321635
0.088036 0.494593 0.014580 0.402791
0.005765 0.662793 0.000297 0.331145
0.204407 0.504818 0.000247 0.290527
0.000008 0.044688 0.291507 0.663798
0.000188 0.338003 0.611600 0.050210
0.811290 0.101226 0.000092 0.087391
0.000248 0.294070 0.113455 0.592227
0.619007 0.270820 0.001100 0.109073
0.000000 0.000005 0.996926 0.003069
0.009607 0.687714 0.012354 0.290326
0.352858 0.406067 0.004256 0.236819
0.029729 0.529733 0.044388 0.396150
0.000000 0.034155 0.568903 0.396942
0.062005 0.704298 0.000091 0.233605
0.008449 0.657100 0.000310 0.334141
0.969366 0.008437 0.000001 0.022196
0.183274 0.520562 0.000289 0.295875
0.097112 0.689944 0.000103 0.212841
0.000000 0.000007 0.873634 0.126360
0.898356 0.087218 0.006857 0.007569
0.000127 0.004427 0.981622 0.013825
0.090688 0.414737 0.057162 0.437413
0.903544 0.054708 0.000002 0.041746
0.011232 0.513005 0.001182 0.474581
0.036213 0.859473 0.016701 0.087614
0.005995 0.650962 0.012361 0.330683
0.233175 0.460354 0.000188 0.306283
0.000016 0.079269 0.291075 0.629641
0.276539 0.557056 0.000050 0.166356
0.001844 0.362717 0.109561 0.525878
0.000034 0.204220 0.009255 0.786491
0.007487 0.374226 0.558056 0.060231
0.996474 0.000036 0.000000 0.003490
0.208261 0.567491 0.002870 0.221378
0.998051 0.000266 0.000000 0.001683
0.077911 0.636247 0.008415 0.277428
0.680907 0.307423 0.002086 0.009584
0.843931 0.048485 0.000813 0.106771
0.000000 0.011778 0.418194 0.570027
0.000288 0.266587 0.158042 0.575082
0.000218 0.481315 0.044815 0.473653
0.001049 0.405769 0.109504 0.483677
0.002342 0.421694 0.066406 0.509558
0.000010 0.049754 0.005504 0.944733
0.022322 0.714012 0.000179 0.263487
0.000008 0.091282 0.310351 0.598360
0.230537 0.591725 0.008674 0.169064
0.005071 0.065246 0.888864 0.040818
0.013872 0.805468 0.004524 0.176135
0.171707 0.640962 0.000070 0.187260
0.003997 0.639575 0.012917 0.343510
0.000010 0.084042 0.873277 0.042671
0.912954 0.045387 0.000004 0.041655
0.004645 0.780595 0.182598 0.032162
0.003241 0.651486 0.032671 0.312602
0.159100 0.605036 0.012002 0.223863
0.092561 0.499761 0.032323 0.375354
0.000113 0.004771 0.982414 0.012702
0.014561 0.622137 0.017134 0.346168
0.000000 0.000000 0.998930 0.001070
0.136000 0.747597 0.012043 0.104360
0.481724 0.387558 0.000031 0.130686
0.036954 0.685563 0.018916 0.258567
0.099905 0.573977 0.006568 0.319550
0.107626 0.701455 0.000035 0.190885
0.103033 0.459383 0.029221 0.408363
0.403576 0.465337 0.000005 0.131082
0.000000 0.000260 0.935373 0.064368
0.155951 0.601873 0.049685 0.192491
0.038386 0.567367 0.000755 0.393492
0.860793 0.126310 0.005783 0.007114
0.195509 0.691185 0.001387 0.111919
0.402309 0.465800 0.000004 0.131887
0.000190 0.014543 0.961775 0.023492
0.010929 0.626241 0.000388 0.362442
0.000000 0.000073 0.993988 0.005940
0.997163 0.001552 0.000205 0.001080
0.954850 0.017293 0.000002 0.027855
0.002074 0.363849 0.600921 0.033156
0.119323 0.656271 0.006561 0.217845
0.005038 0.693573 0.000178 0.301211
0.810687 0.170658 0.005217 0.013437
0.102362 0.796327 0.004781 0.096530
0.000097 0.003448 0.984900 0.011556
0.000000 0.000115 0.990771 0.009114
0.288856 0.612517 0.001806 0.096821
0.171662 0.552312 0.005689 0.270337
0.004422 0.427549 0.001693 0.566336
0.590055 0.297822 0.000022 0.112100
0.416857 0.430018 0.002473 0.150652
0.048157 0.507544 0.031165 0.413134
0.982942 0.009963 0.000437 0.006657
0.238369 0.493564 0.000216 0.267851
0.116053 0.556219 0.050526 0.277203
0.018210 0.800025 0.152734 0.029032
0.083126 0.474418 0.017643 0.424813
0.000057 0.130203 0.181903 0.687837
0.796962 0.126146 0.001280 0.075612
0.914600 0.044763 0.000004 0.040633
0.951381 0.017180 0.000113 0.031327
0.018756 0.523250 0.045875 0.412119
0.066086 0.460174 0.027999 0.445741
0.066544 0.505780 0.000970 0.426706
0.742458 0.150553 0.037726 0.069263
0.079331 0.755335 0.007180 0.158155
0.860747 0.083459 0.000007 0.055787
0.006423 0.783248 0.007566 0.202762
0.200884 0.502429 0.000251 0.296436
0.995307 0.002621 0.000814 0.001258
0.376674 0.464521 0.001987 0.156818
0.000604 0.430796 0.049062 0.519539
0.049949 0.725621 0.000116 0.224314
0.024910 0.881906 0.070280 0.022904
0.000050 0.048231 0.366631 0.585088
0.514055 0.361874 0.000033 0.124039
0.088067 0.489448 0.024818 0.397667
0.107404 0.788990 0.002901 0.100705
0.359537 0.457213 0.000070 0.183180
0.021032 0.694622 0.050008 0.234337
0.001379 0.381102 0.069465 0.548053
0.000061 0.380844 0.182736 0.436359
0.030455 0.769198 0.019882 0.180465
0.535680 0.435833 0.014439 0.014048
0.983718 0.001035 0.000000 0.015247
0.000831 0.151326 0.170191 0.677651
0.286144 0.644299 0.044533 0.025024
0.011082 0.620998 0.000403 0.367518
0.418111 0.389910 0.003209 0.188770
0.952930 0.039798 0.002306 0.004967
0.184752 0.734813 0.050877 0.029558
0.086528 0.489867 0.015447 0.408158
0.050835 0.732514 0.007647 0.209004
0.011982 0.555709 0.000957 0.431352
0.030324 0.029603 0.920865 0.019208
0.784107 0.096816 0.001126 0.117951
0.589453 0.301448 0.000027 0.109071
0.655398 0.106052 0.002075 0.236475
0.103152 0.569182 0.000437 0.327229
0.999825 0.000081 0.000008 0.000086
0.024695 0.866672 0.003849 0.104783
0.043173 0.626388 0.017132 0.313308
0.213612 0.497753 0.000234 0.288401
0.000025 0.018553 0.952456 0.028965
0.998363 0.001036 0.000032 0.000569
0.000002 0.001235 0.988804 0.009959
0.975608 0.013908 0.006162 0.004323
0.000008 0.021488 0.973161 0.005344
0.000226 0.264910 0.690752 0.044112
0.981139 0.002161 0.000000 0.016700
0.052700 0.700430 0.086107 0.160763
0.000065 0.446318 0.000665 0.552952
0.000000 0.000009 0.970088 0.029903
0.028829 0.600504 0.000642 0.370025
0.000026 0.373418 0.185140 0.441416
0.348037 0.497835 0.000041 0.154087
0.000878 0.851658 0.009587 0.137877
0.999429 0.000010 0.000003 0.000558
0.084436 0.695977 0.005241 0.214346
0.000000 0.020898 0.317321 0.661781
0.756942 0.070155 0.001157 0.171746
0.782439 0.145908 0.000011 0.071642
0.001335 0.019687 0.961957 0.017022
0.100497 0.774652 0.003024 0.121827
0.665030 0.170343 0.073081 0.091546
0.000807 0.562100 0.392491 0.044601
0.579598 0.250724 0.000912 0.168767
0.000000 0.006707 0.966746 0.026548
0.017569 0.817400 0.012841 0.152191
0.335883 0.466901 0.000102 0.197115
0.002495 0.839926 0.009555 0.148024
0.006029 0.841756 0.036449 0.115766
0.013558 0.584701 0.034449 0.367292
0.125189 0.723150 0.000774 0.150887
0.995791 0.000869 0.000175 0.003165
0.007793 0.504422 0.001290 0.486495
0.001741 0.041784 0.924379 0.032095
0.000000 0.000003 0.997393 0.002605
0.000000 0.002192 0.434027 0.563781
0.415154 0.444154 0.006311 0.134381
0.121557 0.587282 0.004717 0.286444
0.081067 0.435334 0.016281 0.467318
0.349684 0.465568 0.000089 0.184659
0.962177 0.016495 0.016300 0.005028
0.352788 0.456343 0.000079 0.190790
0.325661 0.462327 0.000110 0.211902
0.000196 0.549810 0.000419 0.449576
0.187312 0.635634 0.148433 0.028621
0.012584 0.292239 0.665776 0.029401
0.314995 0.540251 0.001306 0.143448
0.312865 0.480496 0.003159 0.203479
0.000000 0.083768 0.173394 0.742837
0.262969 0.491601 0.000196 0.245234
0.010312 0.620454 0.008933 0.360301
0.115470 0.570594 0.020319 0.293617
0.963627 0.022197 0.002319 0.011857
0.031694 0.692182 0.010350 0.265774
0.996738 0.000199 0.000001 0.003062
0.001208 0.031938 0.937679 0.029175
0.704877 0.204157 0.000015 0.090950
0.000008 0.189316 0.138272 0.672404
0.000000 0.002150 0.979491 0.018360
0.739297 0.227854 0.016334 0.016516
0.010090 0.669666 0.179469 0.140775
0.951169 0.021883 0.000001 0.026947
0.031560 0.718165 0.000157 0.250118
0.000384 0.515228 0.030336 0.454051
0.021467 0.721513 0.000167 0.256853
0.998689 0.000667 0.000049 0.000596
0.246916 0.573442 0.010512 0.169129
0.000196 0.810893 0.006997 0.181914
0.000326 0.390418 0.067947 0.541309
0.819113 0.112341 0.000470 0.068075
0.000173 0.657775 0.024069 0.317983
0.456235 0.463667 0.000496 0.079602
0.000381 0.398379 0.001020 0.600220
0.006851 0.828427 0.040415 0.124307
0.003618 0.710322 0.011103 0.274957
0.388483 0.493865 0.000692 0.116959
0.223427 0.492755 0.000224 0.283594
0.349511 0.456855 0.000083 0.193551
0.000002 0.033060 0.334154 0.632785
0.018153 0.505077 0.067278 0.409492
0.000014 0.430205 0.123174 0.446607
0.003118 0.407591 0.064013 0.525278
0.198972 0.527765 0.003931 0.269332
0.000023 0.335080 0.090619 0.574278
0.949443 0.023170 0.000002 0.027384
0.725364 0.193794 0.000017 0.080825
0.054748 0.799629 0.001788 0.143835
0.117802 0.358684 0.427735 0.095779
0.293598 0.465053 0.006731 0.234618
0.026615 0.474497 0.078522 0.420366
0.076874 0.507655 0.021599 0.393872
0.000533 0.599775 0.058948 0.340745
0.132095 0.596534 0.008838 0.262534
0.765090 0.162339 0.000313 0.072257
0.161980 0.655670 0.149540 0.032810
0.051401 0.481995 0.039380 0.427223
0.000058 0.142600 0.632417 0.224925
0.237035 0.602754 0.007752 0.152459
0.504013 0.368308 0.000028 0.127651
0.000006 0.166810 0.781898 0.051286
0.016338 0.871207 0.001270 0.111185
0.074351 0.452699 0.022412 0.450538
0.084504 0.588818 0.011424 0.315254
0.090163 0.553022 0.010010 0.346805
0.028141 0.680485 0.005668 0.285707
0.117044 0.651952 0.021520 0.209484
0.386665 0.344521 0.003873 0.264941
0.000003 0.009759 0.942804 0.047433
0.000262 0.720658 0.023689 0.255392
0.000071 0.417701 0.057779 0.524449
0.035165 0.614952 0.019992 0.329890
0.177030 0.699529 0.035534 0.087906
0.512818 0.372371 0.000012 0.114798
0.971185 0.012917 0.000000 0.015898
0.000353 0.366072 0.056001 0.577574
0.285584 0.479707 0.005614 0.229095
0.343620 0.501161 0.000045 0.155174
0.000003 0.002312 0.982583 0.015102
0.082093 0.612034 0.036473 0.269400
0.975548 0.021094 0.000479 0.002879
0.000842 0.282873 0.681510 0.034774
0.765613 0.173307 0.001071 0.060009
0.306488 0.465270 0.000133 0.228109
0.444778 0.424745 0.000017 0.130460
0.018574 0.915242 0.043573 0.022610
0.035604 0.746753 0.002852 0.214791
0.066294 0.569931 0.000610 0.363165
0.185995 0.522285 0.000368 0.291352
0.141934 0.554085 0.005405 0.298577
0.000084 0.558280 0.104440 0.337197
0.033091 0.906383 0.038471 0.022056
0.999122 0.000063 0.000023 0.000792
0.041508 0.644814 0.011952 0.301727
0.068899 0.462254 0.074418 0.394429
0.002871 0.833207 0.010421 0.153502
0.000000 0.028858 0.260952 0.710189
0.295542 0.465215 0.006601 0.232641
0.000000 0.009368 0.961207 0.029425
0.970933 0.011173 0.000000 0.017894
0.211015 0.522752 0.003507 0.262725
0.003586 0.495903 0.000799 0.499712
0.166185 0.548638 0.252762 0.032415
0.316744 0.654438 0.012143 0.016674
0.000018 0.206251 0.739754 0.053978
0.002689 0.723349 0.034314 0.239648
0.001436 0.775621 0.005346 0.217597
0.996967 0.001640 0.000277 0.001117
0.017467 0.711884 0.000138 0.270511
0.000028 0.038763 0.399780 0.561429
0.008466 0.407099 0.077448 0.506987
0.449640 0.357560 0.004922 0.187878
0.058826 0.652748 0.009152 0.279274
0.753960 0.052341 0.171788 0.021911
0.001211 0.255951 0.161696 0.581142
0.817675 0.176273 0.004010 0.002042
0.246928 0.487582 0.000203 0.265287
0.999958 0.000004 0.000001 0.000038
0.978884 0.008910 0.000012 0.012194
0.987829 0.005792 0.000677 0.005702
0.033702 0.815735 0.009943 0.140620
0.000321 0.534923 0.031160 0.433596
0.004982 0.607076 0.348591 0.039351
0.924989 0.037294 0.000011 0.037706
0.841184 0.056838 0.087444 0.014534
0.000286 0.313448 0.115082 0.571184
0.000020 0.099935 0.344048 0.555997
0.042541 0.765773 0.020512 0.171173
0.937018 0.030867 0.000003 0.032112
0.455942 0.232958 0.003808 0.307292
0.085048 0.569373 0.016810 0.328769
0.019011 0.575685 0.055048 0.350256
0.970760 0.012725 0.000000 0.016514
0.950830 0.041701 0.002392 0.005077
0.029805 0.666849 0.011495 0.291851
0.133174 0.440459 0.017755 0.408611
0.995277 0.001831 0.000000 0.002892
0.000259 0.185366 0.157725 0.656650
0.989040 0.004246 0.000120 0.006594
0.000703 0.466723 0.038550 0.494025
0.007131 0.617452 0.043137 0.332280
0.268377 0.477418 0.000784 0.253421
0.000287 0.622692 0.043242 0.333779
0.097870 0.612219 0.080621 0.209291
0.383092 0.365907 0.004729 0.246272
0.161262 0.480249 0.008617 0.349872
0.031578 0.832928 0.001530 0.133965
0.154073 0.595491 0.001537 0.248899
0.135727 0.462202 0.016804 0.385267
0.000317 0.735667 0.222303 0.041713
0.269319 0.460308 0.006271 0.264102
0.000047 0.172342 0.155848 0.671764
0.989114 0.002377 0.000000 0.008509
0.979504 0.008551 0.008664 0.003281
0.000000 0.000693 0.983949 0.015357
0.011030 0.691427 0.000236 0.297307
0.000118 0.098635 0.253646 0.647602
0.032710 0.638637 0.021646 0.307007
0.002220 0.392266 0.406091 0.199424
0.986338 0.007909 0.000726 0.005026
0.053641 0.840162 0.006686 0.099511
0.016215 0.596104 0.026802 0.360879
0.000005 0.125327 0.451669 0.422999
0.395352 0.459392 0.000038 0.145218
0.029789 0.733294 0.053086 0.183831
0.014529 0.411513 0.067555 0.506403
0.000000 0.012820 0.299379 0.687801
0.000867 0.725031 0.010756 0.263346
0.054286 0.666927 0.011088 0.267699
0.209664 0.575516 0.001845 0.212975
0.088459 0.806079 0.001241 0.104221
0.346175 0.497219 0.000018 0.156588
0.388308 0.482458 0.000005 0.129228
0.000000 0.005734 0.887652 0.106614
0.002672 0.355368 0.119628 0.522332
0.012464 0.617347 0.027770 0.342419
0.988180 0.004563 0.004946 0.002311
0.916075 0.049527 0.000014 0.034384
0.946360 0.022358 0.000002 0.031280
0.292998 0.436368 0.000232 0.270402
0.259751 0.429585 0.000377 0.310286
0.511771 0.346010 0.001274 0.140945
0.003631 0.369082 0.102678 0.524609
0.018299 0.402856 0.552556 0.026289
0.005077 0.702709 0.017693 0.274522
0.242448 0.478724 0.009801 0.269027
0.209122 0.183634 0.555814 0.051430
0.005863 0.319769 0.173618 0.500750
0.127698 0.603482 0.004082 0.264737
0.996510 0.000375 0.000000 0.003114
0.000126 0.105532 0.862054 0.032288
0.341607 0.450487 0.000096 0.207810
0.018961 0.916383 0.042221 0.022435
0.000682 0.549486 0.044053 0.405779
0.001415 0.333137 0.445921 0.219527
0.015536 0.712262 0.000191 0.272010
0.078064 0.667587 0.029639 0.224710
0.826317 0.105406 0.000602 0.067675
0.066859 0.635215 0.266691 0.031235
0.037908 0.858724 0.000499 0.102868
0.000000 0.025963 0.349896 0.624141
0.002577 0.674782 0.218287 0.104355
0.058512 0.427689 0.038745 0.475054
0.926944 0.038944 0.000001 0.034110
0.100758 0.745953 0.018766 0.134523
0.006988 0.649559 0.237918 0.105535
0.132233 0.827287 0.020364 0.020116
0.840662 0.099744 0.000004 0.059589
0.005873 0.421544 0.061456 0.511126
0.006916 0.442224 0.095482 0.455379
0.107302 0.651055 0.000161 0.241483
0.175420 0.574301 0.001158 0.249121
0.897379 0.015162 0.000157 0.087302
0.094324 0.691662 0.000104 0.213909
0.000012 0.446828 0.222094 0.331066
0.287953 0.659105 0.031291 0.021652
0.098245 0.588153 0.012478 0.301123
0.000031 0.245759 0.106066 0.648144
0.996414 0.001723 0.000810 0.001053
0.001485 0.555772 0.032499 0.410244
0.118227 0.553366 0.023784 0.304623
0.953496 0.025329 0.000001 0.021174
0.289846 0.464909 0.000134 0.245111
0.122444 0.613228 0.000224 0.264104
0.000180 0.112252 0.240433 0.647134
0.000000 0.000446 0.985793 0.013761
0.128174 0.578380 0.005707 0.287739
0.003897 0.489845 0.057781 0.448477
0.401079 0.459322 0.000024 0.139574
0.000122 0.310445 0.110907 0.578527
0.987494 0.007486 0.000856 0.004164
0.275242 0.673342 0.020313 0.031103
0.005530 0.726708 0.012121 0.255640
0.367173 0.458296 0.000060 0.174471
0.265446 0.647096 0.009828 0.077630
0.073126 0.454572 0.022997 0.449305
0.000004 0.000668 0.990840 0.008488
0.049592 0.544040 0.045141 0.361227
0.002415 0.273405 0.574459 0.149721
0.021699 0.616885 0.216515 0.144901
0.999829 0.000006 0.000016 0.000149
0.001011 0.425972 0.000994 0.572022
0.157501 0.674532 0.005206 0.162761
0.087051 0.636338 0.244955 0.031656
0.000146 0.456276 0.035315 0.508264
0.535443 0.264383 0.003174 0.197000
0.155902 0.654345 0.000042 0.189711
0.000742 0.225064 0.002787 0.771407
0.013060 0.429916 0.146578 0.410446
0.840167 0.053412 0.089746 0.016676
0.929899 0.043473 0.013976 0.012652
0.012706 0.381431 0.102246 0.503616
0.000017 0.156167 0.153038 0.690778
0.395127 0.458794 0.000040 0.146039
0.381176 0.428183 0.000050 0.190591
0.010418 0.695543 0.000229 0.293810
0.090298 0.594114 0.008779 0.306809
0.008781 0.887252 0.002413 0.101553
0.784903 0.154314 0.012564 0.048220
0.870742 0.116240 0.005253 0.007766
0.002125 0.796094 0.011363 0.190417
0.427551 0.430978 0.000044 0.141426
0.054043 0.772641 0.145587 0.027729
0.892695 0.061615 0.000005 0.045685
0.684683 0.226012 0.000020 0.089285
0.271322 0.416011 0.011592 0.301075
0.789189 0.146369 0.016355 0.048086
0.238503 0.618542 0.000155 0.142800
0.075914 0.580602 0.000480 0.343005
0.176877 0.510184 0.013821 0.299117
0.001354 0.813179 0.010544 0.174923
0.174919 0.609204 0.006135 0.209742
0.031522 0.871419 0.007834 0.089225
0.018406 0.378167 0.087533 0.515894
0.752083 0.231795 0.005540 0.010582
0.822071 0.113444 0.000009 0.064476
0.007733 0.443568 0.515446 0.033253
0.000065 0.272053 0.675661 0.052221
0.000079 0.362705 0.088848 0.548368
0.267122 0.477722 0.007913 0.247242
0.739251 0.233781 0.011492 0.015476
0.376398 0.462329 0.000047 0.161226
0.557592 0.336656 0.000215 0.105538
0.523177 0.449879 0.023288 0.003656
0.000010 0.270278 0.076386 0.653326
0.997141 0.000197 0.000091 0.002571
0.000878 0.667157 0.066890 0.265075
0.003798 0.618172 0.000395 0.377635
0.085359 0.489974 0.015940 0.408728
0.034902 0.236257 0.538451 0.190389
0.092109 0.722443 0.003690 0.181758
0.998165 0.000035 0.000000 0.001800
0.128719 0.801875 0.049080 0.020326
0.000243 0.129509 0.839107 0.031141
0.897324 0.060635 0.029644 0.012397
0.213424 0.514470 0.017186 0.254920
0.116070 0.744191 0.002307 0.137432
0.966280 0.006919 0.000010 0.026792
0.699481 0.251372 0.001263 0.047884
0.000442 0.172676 0.744317 0.082565
0.965981 0.011582 0.000001 0.022435
0.981013 0.002338 0.000001 0.016649
0.986254 0.007330 0.000324 0.006093
0.000044 0.400065 0.000809 0.599082
0.490723 0.379852 0.000030 0.129395
0.978327 0.016776 0.001242 0.003655
0.000299 0.403233 0.063302 0.533166
0.020702 0.596959 0.280132 0.102207
0.693868 0.292579 0.001086 0.012467
0.200191 0.740272 0.039284 0.020253
0.993830 0.000911 0.000000 0.005259
0.007509 0.893534 0.001921 0.097035
0.403112 0.455734 0.000033 0.141121
0.077851 0.823120 0.076195 0.022834
0.976045 0.004771 0.000001 0.019184
0.010300 0.579970 0.021318 0.388412
0.937202 0.001038 0.000119 0.061642
0.000170 0.539846 0.000438 0.459546
0.002621 0.703173 0.003041 0.291164
0.237604 0.630447 0.029294 0.102656
0.642368 0.251675 0.002401 0.103557
0.000813 0.232184 0.199834 0.567169
0.002197 0.348809 0.131505 0.517490
0.026925 0.707500 0.000184 0.265391
0.158337 0.533349 0.000354 0.307960
0.653386 0.247044 0.071463 0.028106
0.000788 0.211455 0.187881 0.599876
0.300100 0.480486 0.000150 0.219264
0.877865 0.036804 0.000673 0.084658
0.356147 0.431347 0.000073 0.212433
0.370740 0.587468 0.024737 0.017055
0.020114 0.284094 0.631154 0.064637
0.005519 0.645246 0.026422 0.322813
0.009124 0.630191 0.000376 0.360308
0.011888 0.324254 0.633621 0.030237
0.985440 0.007407 0.000838 0.006315
0.171952 0.767031 0.040502 0.020516
0.047033 0.673439 0.003753 0.275776
0.002008 0.882267 0.001040 0.114685
0.002201 0.394810 0.066934 0.536055
0.065646 0.587222 0.019726 0.327407
0.985936 0.003529 0.000000 0.010535
0.000108 0.005723 0.980311 0.013857
0.923449 0.033698 0.000134 0.042718
0.784556 0.082153 0.000570 0.132721
0.000003 0.011551 0.436221 0.552226
0.232856 0.499555 0.000232 0.267357
0.083061 0.716458 0.009556 0.190925
0.051107 0.036785 0.890995 0.021114
0.004493 0.544219 0.038714 0.412574
0.558036 0.324317 0.000025 0.117622
0.773670 0.204247 0.007764 0.014319
0.000007 0.049963 0.297937 0.652092
0.000737 0.519541 0.168848 0.310874
0.224714 0.485106 0.000210 0.289970
0.507117 0.363384 0.000480 0.129018
0.053922 0.712388 0.000090 0.233600
0.000564 0.691291 0.020101 0.288044
0.181035 0.522591 0.000304 0.296070
0.129564 0.709679 0.006833 0.153924
0.045682 0.600147 0.000437 0.353734
0.156507 0.533011 0.017003 0.293479
0.013334 0.551408 0.026060 0.409198
0.000974 0.593538 0.000362 0.405126
0.022547 0.750504 0.027559 0.199391
0.074184 0.553346 0.017459 0.355011
0.000406 0.174158 0.210174 0.615262
0.000000 0.001174 0.983389 0.015437
0.000632 0.330652 0.083581 0.585135
0.029859 0.609852 0.057753 0.302535
0.038410 0.813386 0.005130 0.143074
0.134610 0.738734 0.002980 0.123676
0.024023 0.594037 0.025598 0.356342
0.089251 0.613496 0.012169 0.285084
0.042486 0.586230 0.012566 0.358717
0.351249 0.463270 0.000079 0.185402
0.987416 0.005818 0.000689 0.006077
0.080589 0.589009 0.015763 0.314639
0.058756 0.785017 0.006142 0.150085
0.272081 0.665839 0.041508 0.020573
0.000076 0.064296 0.562885 0.372743
0.296642 0.454596 0.006067 0.242695
0.955414 0.019602 0.019294 0.005690
0.032234 0.695768 0.029925 0.242072
0.018949 0.849833 0.056403 0.074816
0.004180 0.677438 0.010712 0.307671
0.000524 0.545858 0.021192 0.432425
0.153444 0.685524 0.007137 0.153895
0.000023 0.106842 0.003326 0.889809
0.363501 0.467212 0.000070 0.169217
0.266635 0.482420 0.000181 0.250764
0.133802 0.601523 0.008050 0.256625
0.013703 0.799162 0.009985 0.177150
0.046754 0.589163 0.021217 0.342866
0.941945 0.033850 0.000001 0.024203
0.041280 0.590254 0.011961 0.356505
0.280080 0.532693 0.003031 0.184197
0.031261 0.815114 0.001498 0.152127
0.979492 0.002989 0.000001 0.017518
0.282802 0.474143 0.000132 0.242923
0.004226 0.440672 0.078490 0.476613
0.208060 0.579420 0.003471 0.209048
0.076455 0.655101 0.007786 0.260658
0.000760 0.518207 0.054164 0.426869
0.040694 0.417456 0.041440 0.500409
0.000102 0.173969 0.002629 0.823300
0.455370 0.409157 0.000033 0.135440
0.001842 0.512786 0.052160 0.433212
0.000000 0.001233 0.980753 0.018014
0.035457 0.719015 0.000150 0.245379
0.141082 0.532949 0.016932 0.309038
0.001956 0.388173 0.575852 0.034019
0.005414 0.912482 0.057739 0.024364
0.000000 0.007387 0.408400 0.584213
0.000003 0.072829 0.198161 0.729008
0.003735 0.477836 0.077051 0.441378
0.102401 0.679494 0.010068 0.208037
0.001979 0.700272 0.000164 0.297585
0.999010 0.000522 0.000030 0.000438
0.034793 0.732969 0.008495 0.223742
0.301547 0.506152 0.001686 0.190615
0.000286 0.886913 0.000764 0.112037
0.901244 0.067139 0.000177 0.031439
0.020513 0.693833 0.124900 0.160754
0.308712 0.348834 0.002336 0.340118
0.013144 0.849885 0.110850 0.026121
0.538709 0.364668 0.000214 0.096410
0.088929 0.496332 0.014141 0.400598
0.005198 0.609203 0.025872 0.359727
0.200509 0.626815 0.037482 0.135194
0.015439 0.764385 0.000068 0.220108
0.001828 0.426187 0.056248 0.515737
0.995763 0.000524 0.000000 0.003713
0.018601 0.626393 0.020925 0.334081
0.002249 0.883199 0.001420 0.113133
0.029474 0.762748 0.021875 0.185903
0.000000 0.001201 0.982345 0.016454
0.166184 0.729909 0.081618 0.022289
0.087288 0.697262 0.019759 0.195691
0.173243 0.579293 0.002419 0.245045
0.161811 0.546358 0.029780 0.262050
0.891767 0.032712 0.000229 0.075293
0.122614 0.685241 0.001855 0.190290
0.312066 0.558053 0.000387 0.129494
0.000108 0.211726 0.740706 0.047460
0.999875 0.000033 0.000004 0.000088
0.991843 0.003018 0.003442 0.001697
0.410539 0.456037 0.000015 0.133408
0.364369 0.484243 0.000041 0.151347
0.182143 0.604769 0.011886 0.201202
0.156930 0.649955 0.003779 0.189335
0.974395 0.011273 0.000000 0.014332
0.929318 0.059339 0.005592 0.005751
0.004839 0.722921 0.014790 0.257450
0.990231 0.002130 0.000000 0.007639
0.014856 0.786848 0.086613 0.111683
0.999957 0.000026 0.000000 0.000016
0.886263 0.068248 0.000001 0.045488
0.004818 0.861022 0.005504 0.128655
0.993442 0.003313 0.001483 0.001761
0.013994 0.857892 0.009180 0.118935
0.000596 0.702206 0.030524 0.266674
0.981985 0.014979 0.000515 0.002521
0.274786 0.570991 0.004273 0.149950
0.005723 0.675880 0.019399 0.298997
0.000076 0.125840 0.789117 0.084967
0.720005 0.055640 0.204378 0.019977
0.073051 0.716962 0.000095 0.209892
0.961924 0.022011 0.009967 0.006098
0.782358 0.143846 0.000011 0.073786
0.999446 0.000013 0.000000 0.000541
0.112783 0.570282 0.020432 0.296503
0.150712 0.537916 0.000326 0.311046
0.993508 0.001235 0.000000 0.005257
0.982538 0.015695 0.000215 0.001552
0.049578 0.851902 0.006963 0.091557
0.158462 0.514731 0.000265 0.326541
0.051000 0.419831 0.034896 0.494272
0.002477 0.522194 0.044723 0.430606
0.132466 0.563996 0.008787 0.294751
0.015273 0.709183 0.000197 0.275347
0.002270 0.237643 0.003508 0.756579
0.979883 0.007937 0.000000 0.012179
0.106479 0.457009 0.028070 0.408442
0.000129 0.076531 0.244522 0.678818
0.000066 0.547260 0.034151 0.418523
0.034095 0.661990 0.065601 0.238314
0.028692 0.761086 0.033062 0.177160
0.007762 0.543042 0.417109 0.032087
0.789155 0.193317 0.008616 0.008912
0.196693 0.748898 0.035317 0.019092
0.050699 0.434713 0.037317 0.477271
0.057319 0.798110 0.049378 0.095193
0.991057 0.005321 0.000688 0.002935
0.012804 0.594183 0.102986 0.290027
0.718814 0.209039 0.000002 0.072144
0.287927 0.621971 0.001538 0.088565
0.974063 0.009697 0.000000 0.016240
0.023083 0.673524 0.000260 0.303133
0.173631 0.584169 0.005302 0.236898
0.000134 0.403928 0.544222 0.051717
0.344860 0.478694 0.001834 0.174612
0.007357 0.807407 0.006209 0.179027
0.287920 0.674574 0.019087 0.018420
0.008457 0.345644 0.139966 0.505933
0.000006 0.024997 0.948295 0.026702
0.049775 0.688387 0.043118 0.218720
0.086107 0.487963 0.023612 0.402317
0.030577 0.455015 0.060495 0.453913
0.790916 0.191115 0.007998 0.009971
0.945383 0.031849 0.014572 0.008197
0.041461 0.643435 0.012595 0.302509
0.001952 0.466432 0.045639 0.485977
0.525173 0.356691 0.000011 0.118125
0.142816 0.654405 0.015503 0.187276
0.101695 0.544375 0.006643 0.347287
0.050741 0.559232 0.044354 0.345673
0.000000 0.000032 0.952603 0.047365
0.705800 0.057235 0.216970 0.019995
0.733406 0.182155 0.000013 0.084425
0.001249 0.346486 0.095505 0.556759
0.012224 0.375727 0.356888 0.255161
0.252295 0.488096 0.000199 0.259409
0.959133 0.002254 0.000025 0.038588
0.947535 0.043893 0.003861 0.004711
0.018904 0.494116 0.282678 0.204302
0.020421 0.521582 0.001064 0.456932
0.004197 0.893779 0.075392 0.026631
0.330069 0.464360 0.000104 0.205467
0.892625 0.070135 0.000044 0.037196
0.999594 0.000017 0.000002 0.000387
0.276354 0.670962 0.034482 0.018201
0.192787 0.558483 0.024645 0.224085
0.000001 0.035712 0.264562 0.699725
0.385285 0.491483 0.000006 0.123226
0.011651 0.473560 0.370626 0.144164
0.079964 0.848083 0.050524 0.021429
0.010906 0.747487 0.046830 0.194777
0.983525 0.005943 0.000010 0.010522
0.000515 0.515027 0.437707 0.046750
0.000000 0.000086 0.996024 0.003890
0.000084 0.428356 0.049833 0.521726
0.089605 0.720252 0.007806 0.182337
0.017735 0.823419 0.034788 0.124058
0.000000 0.050723 0.904553 0.044724
0.007166 0.546027 0.028344 0.418463
0.070081 0.681613 0.004995 0.243310
0.008109 0.665890 0.000291 0.325711
0.057003 0.441148 0.033676 0.468172
0.010770 0.671064 0.008464 0.309702
0.003411 0.655809 0.019414 0.321367
0.959983 0.020119 0.000000 0.019897
0.000202 0.055393 0.919988 0.024418
0.000000 0.000045 0.694632 0.305322
0.003243 0.509671 0.454030 0.033055
0.017258 0.599684 0.000715 0.382342
0.000000 0.001437 0.979989 0.018574
0.399325 0.455124 0.000036 0.145515
0.091569 0.621527 0.008714 0.278190
0.197665 0.729145 0.053148 0.020042
0.011752 0.465578 0.067839 0.454831
0.065283 0.432232 0.027203 0.475282
0.096791 0.755150 0.006867 0.141191
0.109862 0.519503 0.318384 0.052251
0.037664 0.556865 0.001113 0.404358
0.075781 0.699617 0.000120 0.224482
0.009236 0.683990 0.000252 0.306521
0.282621 0.552123 0.000049 0.165207
0.211011 0.500672 0.000239 0.288078
0.987310 0.009646 0.000894 0.002150
0.058661 0.555703 0.040191 0.345444
0.633903 0.256311 0.003065 0.106721
0.174513 0.538000 0.007806 0.279681
0.123818 0.592674 0.004602 0.278905
0.078981 0.553634 0.010570 0.356815
0.000066 0.247360 0.107485 0.645089
0.002285 0.366139 0.159864 0.471713
0.912829 0.048082 0.000004 0.039085
0.000119 0.290343 0.088340 0.621199
0.967558 0.020061 0.006934 0.005446
0.085436 0.667337 0.015171 0.232056
0.355039 0.489071 0.000053 0.155838
0.000042 0.314748 0.169740 0.515470
0.784765 0.167337 0.013633 0.034264
0.905361 0.084573 0.001975 0.008091
0.000000 0.000350 0.990977 0.008672
0.373970 0.454185 0.000065 0.171780
0.000215 0.158390 0.180237 0.661158
0.824732 0.151025 0.012211 0.012032
0.009086 0.574750 0.031957 0.384206
0.013225 0.646718 0.107513 0.232543
0.999226 0.000290 0.000013 0.000471
0.000839 0.431942 0.484576 0.082644
0.808926 0.131983 0.000069 0.059022
0.001402 0.524240 0.031023 0.443335
0.992849 0.004864 0.000549 0.001737
0.016238 0.413552 0.080796 0.489414
0.005457 0.636458 0.021267 0.336818
0.992184 0.004041 0.001782 0.001992
0.000005 0.031732 0.370878 0.597385
0.003117 0.538292 0.030387 0.428204
0.019815 0.883804 0.001438 0.094943
0.466673 0.302981 0.001177 0.229169
0.788520 0.151418 0.010361 0.049701
0.104514 0.773410 0.005952 0.116125
0.577769 0.309141 0.000024 0.113066
0.000906 0.250235 0.003156 0.745703
0.083891 0.510775 0.029349 0.375985
0.027094 0.860728 0.004595 0.107582
0.000000 0.003927 0.013215 0.982858
0.195196 0.740370 0.042449 0.021986
0.014196 0.574667 0.000853 0.410284
0.023048 0.079323 0.860591 0.037039
0.000017 0.554797 0.049749 0.395437
0.348779 0.459594 0.000082 0.191545
0.483727 0.385880 0.000031 0.130362
0.025959 0.291535 0.488692 0.193815
0.000265 0.020575 0.952537 0.026623
0.672909 0.224293 0.014829 0.087969
0.007780 0.784650 0.020263 0.187307
0.094062 0.836272 0.049191 0.020475
0.006284 0.591730 0.024839 0.377147
0.004039 0.501436 0.175738 0.318786
0.990031 0.008659 0.000056 0.001254
0.002763 0.374062 0.101984 0.521191
0.002541 0.739107 0.030881 0.227472
0.472134 0.395398 0.000015 0.132453
0.047728 0.855029 0.002702 0.094541
0.219635 0.751070 0.011735 0.017560
0.108215 0.518005 0.012335 0.361445
0.998185 0.000044 0.000000 0.001771
0.001742 0.432941 0.047439 0.517878
0.785950 0.057001 0.141433 0.015617
0.132150 0.503491 0.020415 0.343944
0.624349 0.271065 0.000021 0.104565
0.825820 0.111882 0.000004 0.062295
0.000000 0.060773 0.713440 0.225786
0.975691 0.005286 0.000001 0.019023
0.000000 0.010065 0.433496 0.556439
0.999087 0.000047 0.000278 0.000588
0.374774 0.464249 0.000047 0.160930
0.948578 0.021431 0.000002 0.029989
0.633980 0.257769 0.001027 0.107224
0.000000 0.016026 0.006665 0.977308
0.035024 0.712447 0.000162 0.252367
0.351131 0.622596 0.009556 0.016717
0.549697 0.332761 0.000028 0.117514
0.121527 0.595478 0.008047 0.274948
0.043292 0.623687 0.004646 0.328376
0.000000 0.000427 0.672297 0.327276
0.000433 0.413585 0.000964 0.585017
0.000001 0.025629 0.946645 0.027725
0.002739 0.482889 0.000832 0.513540
0.004954 0.502585 0.459891 0.032571
0.702911 0.207997 0.000016 0.089077
0.019616 0.720287 0.008684 0.251413
0.265150 0.560750 0.003040 0.171059
0.000004 0.076613 0.215849 0.707533
0.825759 0.054675 0.000325 0.119241
0.023789 0.674846 0.269137 0.032228
0.652660 0.283234 0.001684 0.062423
0.095986 0.646220 0.001036 0.256758
0.984854 0.002449 0.000015 0.012683
0.055107 0.748138 0.003166 0.193588
0.000072 0.265237 0.092813 0.641878
0.000017 0.038157 0.365927 0.595899
0.741512 0.079623 0.000612 0.178252
0.021846 0.768842 0.022725 0.186587
0.949567 0.021888 0.022534 0.006011
0.063135 0.591464 0.000489 0.344912
0.003085 0.420100 0.001299 0.575515
0.245377 0.707763 0.028274 0.018587
0.008297 0.811936 0.015344 0.164422
0.378566 0.465918 0.000061 0.155455
0.000040 0.244473 0.114897 0.640590
0.992648 0.005713 0.000163 0.001475
0.001724 0.522547 0.046167 0.429562
0.008692 0.539311 0.045588 0.406409
0.070812 0.563306 0.027802 0.338081
0.000632 0.797076 0.013655 0.188637
0.000000 0.009463 0.415550 0.574987
0.119041 0.708492 0.002373 0.170095
0.979087 0.003319 0.000001 0.017593
0.003846 0.856494 0.007479 0.132182
0.327320 0.460678 0.000109 0.211894
0.001120 0.466332 0.054043 0.478506
0.996319 0.000343 0.000000 0.003338
0.192481 0.511619 0.000262 0.295639
0.489774 0.379855 0.022264 0.108107
0.979469 0.011124 0.000051 0.009357
0.083116 0.664573 0.012642 0.239669
0.011894 0.761017 0.171668 0.055421
0.000361 0.238611 0.195438 0.565590
0.536890 0.451890 0.001133 0.010087
0.099552 0.572625 0.004882 0.322941
0.996823 0.000807 0.001308 0.001063
0.001507 0.636140 0.000276 0.362078
0.996755 0.001500 0.000719 0.001026
0.000024 0.330751 0.060549 0.608676
0.000029 0.335144 0.075852 0.588975
0.457023 0.327014 0.168991 0.046972
0.000000 0.000200 0.643279 0.356521
0.301197 0.523928 0.001856 0.173019
0.113424 0.645485 0.008133 0.232958
0.312759 0.667132 0.004018 0.016091
0.006800 0.571719 0.068516 0.352964
0.083042 0.812286 0.001316 0.103357
0.435662 0.425148 0.000034 0.139156
0.148075 0.759357 0.000883 0.091685
0.125253 0.811258 0.058478 0.005011
0.926917 0.035732 0.000003 0.037347
0.017486 0.776522 0.175429 0.030563
0.357785 0.449597 0.000078 0.192541
0.528829 0.215083 0.001535 0.254553
0.001271 0.672292 0.011690 0.314747
0.887266 0.069477 0.000002 0.043254
0.002277 0.404531 0.100848 0.492344
0.112947 0.594844 0.010705 0.281505
0.311790 0.532484 0.001655 0.154072
0.011042 0.780749 0.023071 0.185138
0.423629 0.441667 0.000840 0.133863
0.000254 0.188685 0.215786 0.595275
0.288381 0.465879 0.000142 0.245597
0.020235 0.608869 0.028677 0.342220
0.101060 0.585217 0.004194 0.309530
0.999910 0.000002 0.000000 0.000087
0.069005 0.450877 0.025271 0.454847
0.000001 0.009366 0.418871 0.571762
0.745220 0.174029 0.000006 0.080746
0.884323 0.074033 0.000003 0.041642
0.367772 0.458625 0.000059 0.173543
0.000032 0.184706 0.764958 0.050304
0.029458 0.838191 0.106761 0.025590
0.000230 0.277764 0.125942 0.596065
0.216746 0.526042 0.003239 0.253972
0.039669 0.708112 0.004592 0.247627
0.002285 0.377181 0.123102 0.497431
0.034823 0.781473 0.030486 0.153218
0.000272 0.328416 0.063962 0.607349
0.000264 0.388733 0.144294 0.466709
0.364026 0.478739 0.038315 0.118920
0.431842 0.476939 0.000334 0.090885
0.800802 0.052646 0.127460 0.019092
0.083268 0.545580 0.011853 0.359299
0.664160 0.088295 0.001791 0.245755
0.000028 0.154477 0.110287 0.735207
0.011790 0.491790 0.101783 0.394638
0.000000 0.000053 0.694431 0.305516
0.297111 0.469303 0.000144 0.233442
0.930635 0.037371 0.000046 0.031949
0.320701 0.594452 0.000562 0.084286
0.003829 0.692698 0.012076 0.291397
0.098456 0.523867 0.006857 0.370820
0.214525 0.663812 0.001177 0.120486
0.019647 0.620937 0.016147 0.343269
0.002304 0.525605 0.032825 0.439267
0.904198 0.035625 0.000582 0.059595
0.620883 0.162157 0.116508 0.100452
0.283721 0.471305 0.000172 0.244802
0.250430 0.554753 0.005117 0.189701
0.010718 0.807070 0.004461 0.177751
0.196457 0.515263 0.006967 0.281314
0.999524 0.000091 0.000082 0.000304
0.000000 0.004680 0.423720 0.571601
0.006259 0.524305 0.043729 0.425707
0.270730 0.660710 0.047026 0.021535
0.370297 0.452854 0.005166 0.171683
0.983865 0.000984 0.000000 0.015150
0.000183 0.318948 0.093433 0.587437
0.002991 0.779442 0.008433 0.209134
0.000270 0.237105 0.463201 0.299423
0.985023 0.006014 0.006289 0.002674
0.050409 0.580955 0.011612 0.357025
0.020459 0.663193 0.015013 0.301335
0.018912 0.788216 0.082894 0.109977
0.944449 0.031524 0.000001 0.024026
0.006534 0.564139 0.307672 0.121655
0.602661 0.282790 0.001124 0.113426
0.000051 0.620473 0.014862 0.364614
0.000123 0.506994 0.000513 0.492370
0.000000 0.000016 0.995049 0.004934
0.000000 0.003619 0.974342 0.022039
0.122614 0.706519 0.005740 0.165127
0.035240 0.802094 0.009612 0.153054
0.990895 0.001781 0.000000 0.007324
0.958917 0.018850 0.000160 0.022074
0.009429 0.629049 0.007927 0.353595
0.000746 0.528468 0.041349 0.429436
0.002669 0.278451 0.002959 0.715922
0.319788 0.472721 0.000126 0.207365
0.218134 0.638171 0.013023 0.130672
0.000603 0.614425 0.063932 0.321039
0.035082 0.853555 0.087399 0.023963
0.020451 0.802073 0.002958 0.174518
0.117686 0.566466 0.009138 0.306710
0.973555 0.008791 0.000098 0.017556
0.129120 0.541332 0.011363 0.318185
0.757203 0.195460 0.025943 0.021394
0.000934 0.182140 0.235766 0.581161
0.007849 0.519663 0.089582 0.382906
0.215278 0.480891 0.000211 0.303620
0.184692 0.651340 0.133807 0.030160
0.004233 0.424217 0.087286 0.484265
0.999210 0.000018 0.000194 0.000579
0.006440 0.658295 0.000307 0.334958
0.000001 0.016896 0.417613 0.565490
0.015479 0.778146 0.021754 0.184621
0.001310 0.353707 0.002110 0.642873
0.823930 0.130992 0.001777 0.043301
0.000000 0.000042 0.995614 0.004344
0.000414 0.467668 0.117691 0.414228
0.230239 0.625967 0.004656 0.139138
0.094473 0.542315 0.007124 0.356088
0.128679 0.527488 0.012612 0.331222
0.002057 0.407319 0.001783 0.588841
0.146929 0.647861 0.000065 0.205145
0.027958 0.560568 0.270572 0.140901
0.028369 0.718460 0.000162 0.253010
0.000001 0.003404 0.912574 0.084021
0.057938 0.864508 0.001508 0.076046
0.996652 0.000042 0.000000 0.003306
0.000043 0.194621 0.002061 0.803275
0.202539 0.494280 0.042678 0.260503
0.684787 0.138580 0.000607 0.176026
0.788057 0.141906 0.000011 0.070026
0.001271 0.310949 0.135785 0.551995
0.935157 0.043643 0.001266 0.019934
0.019015 0.572509 0.020682 0.387794
0.139369 0.638983 0.193309 0.028339
0.940857 0.026958 0.000003 0.032182
0.032035 0.692117 0.042866 0.232982
0.000089 0.519379 0.041399 0.439133
0.006670 0.637672 0.000355 0.355303
0.027151 0.410036 0.061799 0.501014
0.000014 0.307071 0.001137 0.691778
0.013676 0.671857 0.014193 0.300275
0.053727 0.408412 0.049792 0.488069
0.357070 0.438621 0.000069 0.204240
0.000742 0.549309 0.020817 0.429132
0.038912 0.492008 0.049712 0.419367
0.929723 0.048276 0.000566 0.021435
0.062271 0.520178 0.038667 0.378884
0.676257 0.251154 0.000793 0.071795
0.000863 0.822827 0.141951 0.034359
0.308462 0.528679 0.034127 0.128731
0.341805 0.198097 0.417029 0.043069
0.103734 0.765143 0.006920 0.124202
0.000157 0.170579 0.163135 0.666129
0.008971 0.746392 0.005010 0.239628
0.022304 0.646471 0.000327 0.330898
0.287781 0.675646 0.018365 0.018208
0.000602 0.071859 0.873796 0.053743
0.000008 0.079228 0.003571 0.917194
0.379343 0.467731 0.000039 0.152887
0.632344 0.275757 0.000003 0.091896
0.000000 0.000082 0.994039 0.005879
0.000062 0.398497 0.045925 0.555516
0.719789 0.057362 0.204913 0.017936
0.993582 0.001748 0.000010 0.004660
0.426878 0.241959 0.185905 0.145258
0.000739 0.340363 0.081887 0.577011
0.273155 0.447994 0.012090 0.266761
0.388499 0.483488 0.000009 0.128004
0.790684 0.139069 0.022410 0.047837
0.661855 0.240911 0.000018 0.097216
0.914692 0.051039 0.003392 0.030877
0.092759 0.572176 0.007709 0.327356
0.106270 0.708792 0.154997 0.029941
0.841160 0.143987 0.006277 0.008576
0.053765 0.578100 0.007415 0.360720
0.000117 0.069159 0.342554 0.588170
0.027380 0.630606 0.012557 0.329456
0.080552 0.549338 0.034352 0.335758
0.123211 0.513097 0.008880 0.354812
0.562076 0.228080 0.001123 0.208721
0.307680 0.433128 0.000121 0.259071
0.900434 0.086066 0.005707 0.007794
0.004528 0.389926 0.161794 0.443752
0.000020 0.314189 0.064846 0.620945
0.998363 0.000587 0.000428 0.000623
0.001278 0.774150 0.020674 0.203898
0.996569 0.000949 0.001406 0.001077
0.967602 0.009722 0.000001 0.022676
0.000002 0.140333 0.632949 0.226717
0.577744 0.274453 0.110644 0.037158
0.123037 0.544064 0.000408 0.332491
0.244547 0.642295 0.005254 0.107904
0.720663 0.189895 0.001123 0.088319
0.142103 0.700817 0.000226 0.156853
0.008787 0.095172 0.713603 0.182439
0.006217 0.264738 0.190263 0.538783
0.133634 0.536832 0.001396 0.328137
0.379760 0.494572 0.000009 0.125659
0.102798 0.603936 0.005446 0.287819
0.042808 0.782302 0.000925 0.173965
0.000106 0.400954 0.000882 0.598057
0.402897 0.341366 0.001826 0.253912
0.302901 0.535556 0.000045 0.161498
0.523828 0.455118 0.007809 0.013245
0.996593 0.002744 0.000013 0.000650
0.156156 0.655606 0.000040 0.188197
0.018192 0.410680 0.064826 0.506302
0.194173 0.535023 0.005316 0.265488
0.058127 0.712135 0.010352 0.219387
0.000221 0.202322 0.186933 0.610524
0.021159 0.719621 0.000170 0.259049
0.002185 0.555203 0.000553 0.442059
0.999529 0.000195 0.000009 0.000267
0.007547 0.636093 0.034623 0.321736
0.062435 0.650401 0.008840 0.278323
0.000031 0.076478 0.654916 0.268575
0.004894 0.533306 0.031223 0.430576
0.048162 0.866684 0.063416 0.021737
0.110995 0.452887 0.051291 0.384827
0.002952 0.412839 0.083537 0.500672
0.093336 0.656613 0.001250 0.248801
0.020301 0.415062 0.059026 0.505611
0.245762 0.479789 0.000199 0.274250
0.777811 0.152231 0.017574 0.052384
0.571075 0.404420 0.010417 0.014089
0.348709 0.465541 0.000091 0.185659
0.450130 0.421692 0.000017 0.128161
0.052364 0.456171 0.019772 0.471693
0.043358 0.588393 0.011807 0.356441
0.131928 0.515522 0.000701 0.351848
0.009715 0.414099 0.375664 0.200521
0.169738 0.488323 0.006923 0.335016
0.999356 0.000051 0.000004 0.000589
0.754256 0.153160 0.030214 0.062369
0.309232 0.595894 0.000832 0.094041
0.336812 0.457023 0.000099 0.206067
0.227529 0.575384 0.001052 0.196036
0.382707 0.401583 0.008967 0.206742
0.503550 0.365893 0.001597 0.128960
0.083969 0.651274 0.011660 0.253097
0.464976 0.238309 0.000336 0.296379
0.000000 0.005489 0.604587 0.389924
0.008640 0.804866 0.005275 0.181219
0.001659 0.463544 0.001517 0.533280
0.090265 0.417659 0.043620 0.448456
0.000267 0.260323 0.188944 0.550467
0.001624 0.302282 0.147124 0.548970
0.279539 0.636522 0.002832 0.081106
0.905496 0.027852 0.000105 0.066547
0.000103 0.174419 0.785366 0.040112
0.977958 0.009199 0.009586 0.003257
0.085739 0.782535 0.064168 0.067558
0.016066 0.758225 0.005190 0.220519
0.150328 0.489676 0.008890 0.351105
0.060486 0.409048 0.026029 0.504437
0.953324 0.022996 0.000001 0.023679
0.334275 0.635456 0.011935 0.018334
0.000711 0.349064 0.101595 0.548630
0.021770 0.579967 0.000542 0.397722
0.022128 0.416147 0.055012 0.506714
0.956089 0.016603 0.000002 0.027307
0.117982 0.066010 0.788439 0.027569
0.000000 0.007700 0.892703 0.099597
0.013432 0.756745 0.000079 0.229743
0.000675 0.453301 0.000837 0.545186
0.036624 0.425075 0.404433 0.133867
0.000001 0.000580 0.991282 0.008137
0.000005 0.148489 0.211205 0.640300
0.101405 0.588047 0.008265 0.302283
0.050899 0.717744 0.006432 0.224924
0.998649 0.000312 0.000114 0.000925
0.000132 0.510873 0.033269 0.455726
0.999968 0.000002 0.000000 0.000029
0.308132 0.473508 0.000141 0.218219
0.002395 0.326703 0.575534 0.095368
0.002197 0.498648 0.000749 0.498407
0.150112 0.575663 0.002777 0.271447
0.022725 0.376243 0.106632 0.494400
0.992202 0.003403 0.000602 0.003793
0.301961 0.477477 0.000148 0.220415
0.760603 0.170028 0.000005 0.069364
0.128219 0.671822 0.000085 0.199873
0.093013 0.664941 0.000157 0.241888
0.000001 0.012480 0.418578 0.568940
0.000003 0.001287 0.982253 0.016457
0.064016 0.696230 0.010418 0.229336
0.449227 0.421252 0.000015 0.129506
0.001008 0.641158 0.000259 0.357575
0.171988 0.510728 0.012321 0.304963
0.040680 0.336369 0.546040 0.076912
0.394684 0.470675 0.000018 0.134623
0.241433 0.656122 0.079150 0.023295
0.041025 0.420081 0.041912 0.496983
0.139693 0.605447 0.001104 0.253757
0.999866 0.000031 0.000002 0.000102
0.209931 0.759472 0.013171 0.017426
0.021071 0.513443 0.096967 0.368519
0.000375 0.758194 0.014712 0.226720
0.940298 0.033231 0.000001 0.026470
0.043740 0.571568 0.077760 0.306932
0.000071 0.493333 0.046755 0.459840
0.075658 0.498390 0.018958 0.406994
0.000416 0.704438 0.032265 0.262882
0.000076 0.063185 0.803486 0.133253
0.002374 0.773553 0.029779 0.194294
0.000030 0.076383 0.371428 0.552159
0.044422 0.729528 0.000118 0.225932
0.083000 0.709707 0.020095 0.187198
0.054715 0.723655 0.005638 0.215992
0.017868 0.499539 0.455255 0.027339
0.000000 0.000035 0.996317 0.003648
0.009698 0.460566 0.001499 0.528238
0.011498 0.603966 0.184842 0.199694
0.372521 0.423367 0.000060 0.204052
0.801375 0.048526 0.000415 0.149684
0.003012 0.797181 0.005133 0.194674
0.000052 0.225231 0.110505 0.664212
0.000000 0.011101 0.007752 0.981147
0.754278 0.162179 0.000656 0.082888
0.054085 0.603529 0.000410 0.341975
0.999581 0.000121 0.000011 0.000287
0.004788 0.860176 0.003308 0.131728
0.461441 0.399790 0.001705 0.137065
0.029009 0.855759 0.004969 0.110263
0.998635 0.000008 0.000000 0.001357
0.034610 0.878036 0.062555 0.024799
0.012339 0.806770 0.004278 0.176613
0.006272 0.497560 0.088350 0.407818
0.134501 0.594135 0.061784 0.209580
0.996225 0.002271 0.000269 0.001235
0.925598 0.042658 0.000001 0.031742
0.860168 0.129904 0.002313 0.007615
0.000000 0.000033 0.991711 0.008256
0.647007 0.296777 0.003476 0.052739
0.872222 0.093480 0.018235 0.016063
0.997405 0.000101 0.000000 0.002494
0.145009 0.650580 0.175543 0.028868
0.155461 0.716589 0.003658 0.124292
0.009725 0.577464 0.021898 0.390913
0.000001 0.016367 0.398338 0.585294
0.008245 0.587921 0.365387 0.038447
0.182147 0.563709 0.222031 0.032114
0.000002 0.050720 0.244487 0.704791
0.988332 0.003012 0.000000 0.008656
0.172663 0.597671 0.003234 0.226431
0.000000 0.027400 0.302936 0.669664
0.000000 0.057768 0.203607 0.738625
0.991800 0.002199 0.000001 0.006000
0.012179 0.753971 0.032986 0.200864
0.280591 0.501324 0.014192 0.203893
0.000165 0.221532 0.126425 0.651878
0.024729 0.643946 0.000331 0.330994
0.402967 0.461735 0.000019 0.135279
0.105399 0.822387 0.051583 0.020631
0.380238 0.469218 0.000036 0.150508
0.262856 0.704150 0.012347 0.020647
0.000000 0.006055 0.439377 0.554569
0.000335 0.396740 0.001042 0.601883
0.977435 0.009127 0.000013 0.013425
0.163315 0.773116 0.035866 0.027703
0.176298 0.491619 0.009228 0.322855
0.000000 0.018918 0.297685 0.683397
0.152832 0.694894 0.000190 0.152084
0.322925 0.458937 0.000115 0.218023
0.925985 0.031951 0.034086 0.007978
0.272433 0.482889 0.000176 0.244501
0.022534 0.741827 0.018219 0.217420
0.390945 0.464697 0.000029 0.144329
0.973646 0.015098 0.006473 0.004783
0.017341 0.707936 0.000197 0.274526
0.043166 0.414515 0.039198 0.503120
0.999835 0.000042 0.000001 0.000123
0.002723 0.660841 0.012852 0.323584
0.030339 0.762766 0.059722 0.147173
0.182729 0.635691 0.003539 0.178041
0.003564 0.326378 0.002486 0.667571
0.880255 0.066829 0.000302 0.052614
0.000000 0.006059 0.347916 0.646025
0.036618 0.693186 0.027813 0.242383
0.159862 0.642300 0.002868 0.194970
0.079038 0.566137 0.011020 0.343806
0.187511 0.631117 0.000061 0.181310
0.258880 0.624394 0.110141 0.006585
0.067900 0.567433 0.004648 0.360020
0.982133 0.005763 0.000000 0.012104
0.053742 0.883595 0.040383 0.022280
0.848393 0.093713 0.000007 0.057886
0.007892 0.821082 0.142150 0.028875
0.247196 0.515368 0.000060 0.237376
0.024760 0.768213 0.015919 0.191108
0.082990 0.537301 0.008734 0.370975
0.181086 0.522748 0.000319 0.295847
0.046186 0.707034 0.007748 0.239031
0.646297 0.143658 0.110162 0.099883
0.021382 0.645159 0.035826 0.297633
0.392417 0.567311 0.023454 0.016818
0.000032 0.453101 0.490611 0.056256
0.000063 0.010388 0.967465 0.022084
0.000014 0.022673 0.270159 0.707154
0.120647 0.063543 0.788809 0.027000
0.000176 0.484062 0.055837 0.459925
0.000048 0.866885 0.005391 0.127676
0.018517 0.579285 0.000805 0.401392
0.000000 0.001581 0.962073 0.036346
0.970247 0.010909 0.000112 0.018731
0.012259 0.837175 0.123351 0.027214
0.239651 0.599536 0.007819 0.152995
0.000724 0.308407 0.113037 0.577833
0.113673 0.567561 0.016661 0.302106
0.262123 0.631271 0.000334 0.106271
0.140247 0.670206 0.000039 0.189508
0.000000 0.029134 0.860429 0.110437
0.004483 0.400805 0.089382 0.505330
0.002092 0.299153 0.525144 0.173611
0.005199 0.459071 0.048027 0.487703
0.010385 0.679011 0.000262 0.310342
0.012081 0.922074 0.043556 0.022289
0.000002 0.009366 0.528758 0.461874
0.119193 0.516826 0.009017 0.354964
0.995388 0.002328 0.001079 0.001206
0.000056 0.142553 0.236077 0.621314
0.006835 0.564978 0.225595 0.202591
0.044684 0.817355 0.008700 0.129260
0.214812 0.571938 0.002317 0.210933
0.000000 0.022291 0.287827 0.689883
0.000264 0.465681 0.116550 0.417505
0.752406 0.235223 0.003801 0.008571
0.070586 0.623675 0.010950 0.294789
0.004084 0.766554 0.196189 0.033173
0.013832 0.710011 0.000198 0.275960
0.230715 0.461711 0.000430 0.307144
0.356069 0.466863 0.000080 0.176987
0.072693 0.693887 0.000135 0.233285
0.969604 0.018789 0.000000 0.011607
0.095745 0.819730 0.062922 0.021603
0.113850 0.677143 0.000099 0.208908
0.945136 0.050201 0.003388 0.001275
0.211130 0.516071 0.004824 0.267975
0.030741 0.436445 0.089197 0.443616
0.098180 0.608021 0.001611 0.292188
0.000184 0.189274 0.194037 0.616505
0.000001 0.032674 0.697373 0.269953
0.003361 0.649102 0.013380 0.334157
0.010679 0.458065 0.072354 0.458903
0.000515 0.406389 0.001014 0.592082
0.978915 0.003571 0.000005 0.017509
0.000002 0.076819 0.211748 0.711431
0.181674 0.722025 0.050669 0.045632
0.060561 0.735386 0.021995 0.182057
0.998772 0.000123 0.000001 0.001104
0.358969 0.614828 0.009585 0.016618
0.038360 0.689273 0.024396 0.247971
0.001887 0.702233 0.037006 0.258874
0.378316 0.464827 0.000043 0.156814
0.006564 0.669500 0.000283 0.323653
0.000017 0.280203 0.139883 0.579897
0.084867 0.585341 0.260023 0.069769
0.000008 0.097987 0.196312 0.705694
0.054074 0.712871 0.004500 0.228554
0.069726 0.621603 0.017833 0.290838
0.000140 0.230134 0.147103 0.622623
0.977867 0.008581 0.000004 0.013548
0.000000 0.020542 0.359061 0.620397
0.000457 0.534324 0.022880 0.442339
0.000010 0.114323 0.002786 0.882880
0.138201 0.663410 0.000084 0.198305
0.191298 0.626016 0.175099 0.007587
0.130213 0.433203 0.018568 0.418016
0.940577 0.051289 0.002747 0.005387
0.037762 0.637777 0.014776 0.309686
0.413067 0.448582 0.000024 0.138328
0.040815 0.559252 0.027170 0.372763
0.999836 0.000037 0.000005 0.000121
0.992660 0.000911 0.000000 0.006429
0.923826 0.007780 0.000098 0.068295
0.400346 0.454496 0.000038 0.145120
0.078506 0.593562 0.005737 0.322195
0.002827 0.563470 0.000538 0.433165
0.000007 0.188527 0.001989 0.809477
0.002184 0.469267 0.001491 0.527058
0.000000 0.007704 0.844276 0.148020
0.019092 0.591760 0.021655 0.367494
0.992427 0.002704 0.003165 0.001704
0.014987 0.737045 0.000103 0.247865
0.282031 0.685003 0.016282 0.016685
0.022748 0.740240 0.016174 0.220838
0.374676 0.464183 0.000047 0.161094
0.075044 0.584379 0.000460 0.340117
0.004931 0.740549 0.000109 0.254411
0.022322 0.701587 0.000202 0.275889
0.044821 0.600394 0.000548 0.354237
0.993746 0.002062 0.000103 0.004089
0.999451 0.000266 0.000010 0.000273
0.963740 0.016102 0.000001 0.020158
0.000016 0.014864 0.958173 0.026946
0.000021 0.008351 0.971519 0.020108
0.000013 0.009618 0.962913 0.027456
0.964710 0.014677 0.000001 0.020612
0.131998 0.547606 0.000385 0.320012
0.277109 0.542846 0.001675 0.178371
0.008577 0.559608 0.025435 0.406379
0.977701 0.004216 0.000001 0.018082
0.216396 0.539172 0.001157 0.243275
0.109906 0.560457 0.016686 0.312951
0.865953 0.091376 0.009808 0.032862
0.996891 0.000303 0.000105 0.002701
0.006265 0.604790 0.022063 0.366882
0.084981 0.439825 0.014647 0.460547
0.997115 0.001815 0.000237 0.000832
0.000017 0.119834 0.163055 0.717093
0.184929 0.607740 0.082102 0.125229
0.003709 0.580431 0.406445 0.009415
0.984263 0.006364 0.006615 0.002758
0.108455 0.468343 0.234284 0.188918
0.708383 0.228333 0.040867 0.022417
0.000040 0.596642 0.350829 0.052489
0.408164 0.397183 0.001937 0.192716
0.032872 0.686709 0.007295 0.273124
0.001479 0.595860 0.014305 0.388356
0.192422 0.532671 0.005724 0.269183
0.246339 0.399681 0.006179 0.347800
0.019010 0.450408 0.054372 0.476210
0.023100 0.573297 0.036464 0.367140
0.369181 0.548248 0.000603 0.081969
0.032797 0.351825 0.085756 0.529621
0.014251 0.407977 0.070139 0.507634
0.258543 0.242790 0.441535 0.057132
0.395413 0.469685 0.000018 0.134883
0.050313 0.760918 0.006762 0.182007
0.209427 0.612079 0.044264 0.134229
0.000337 0.173848 0.818815 0.007000
0.126062 0.573989 0.010436 0.289512
0.072118 0.494947 0.020805 0.412131
0.963932 0.015654 0.015602 0.004813
0.952202 0.019720 0.000002 0.028076
0.212921 0.605325 0.000068 0.181687
0.189549 0.579880 0.000785 0.229787
0.019539 0.748616 0.019359 0.212487
0.038042 0.842611 0.000576 0.118770
0.053527 0.695615 0.011860 0.238999
0.141198 0.562842 0.006280 0.289680
0.989816 0.008262 0.000216 0.001706
0.464462 0.395803 0.025086 0.114650
0.485529 0.382327 0.000033 0.132111
0.000021 0.162874 0.786986 0.050118
0.115656 0.558563 0.001795 0.323986
0.063299 0.646669 0.226975 0.063057
0.961301 0.010853 0.000024 0.027822
0.005150 0.739099 0.000110 0.255641
0.000000 0.001336 0.981172 0.017493
0.107873 0.507228 0.010904 0.373996
0.017833 0.648226 0.000327 0.333614
0.017989 0.389633 0.104704 0.487675
0.001157 0.644247 0.313493 0.041103
0.997593 0.000578 0.000000 0.001829
0.021418 0.813872 0.003007 0.161703
0.226790 0.555141 0.003141 0.214927
0.086293 0.797136 0.065392 0.051180
0.002551 0.298901 0.147461 0.551087
0.095255 0.681406 0.000121 0.223218
0.000000 0.009385 0.343183 0.647431
0.000043 0.352241 0.205230 0.442486
0.987212 0.005034 0.005615 0.002138
0.396870 0.474050 0.000005 0.129075
0.087685 0.570192 0.000421 0.341702
0.001205 0.439616 0.051425 0.507754
0.371369 0.458192 0.000061 0.170378
0.009558 0.354394 0.126501 0.509547
0.724779 0.103881 0.001623 0.169717
0.000246 0.018087 0.956333 0.025334
0.002689 0.660978 0.295378 0.040955
0.974900 0.013718 0.001428 0.009953
0.090622 0.734867 0.006392 0.168119
0.076386 0.452885 0.021441 0.449288
0.000000 0.021323 0.305584 0.673092
0.021584 0.605991 0.028854 0.343571
0.007162 0.858252 0.000607 0.133979
0.000000 0.039069 0.404218 0.556713
0.006205 0.692958 0.032171 0.268666
0.017573 0.751028 0.008888 0.222510
0.791142 0.152947 0.008555 0.047355
0.006387 0.834782 0.001542 0.157289
0.039844 0.691469 0.056283 0.212403
0.007172 0.680918 0.009531 0.302380
0.005754 0.846940 0.043507 0.103799
0.021305 0.782982 0.000452 0.195261
0.879641 0.080308 0.000278 0.039773
0.175891 0.653525 0.141733 0.028850
0.068814 0.716838 0.000102 0.214246
0.000001 0.034235 0.189448 0.776316
0.076382 0.511138 0.018206 0.394275
0.111466 0.684049 0.000091 0.204394
0.002648 0.421096 0.542625 0.033630
0.114235 0.579528 0.022372 0.283866
0.001954 0.507522 0.000707 0.489817
0.002878 0.775196 0.014156 0.207770
0.031525 0.742250 0.005322 0.220903
0.000002 0.017074 0.007314 0.975610
0.216950 0.681877 0.003345 0.097828
0.033372 0.840245 0.002755 0.123628
0.024171 0.859087 0.001289 0.115453
0.968175 0.009564 0.000037 0.022224
0.002854 0.501978 0.048413 0.446754
0.316786 0.532044 0.002091 0.149079
0.218062 0.640920 0.042564 0.098453
0.014266 0.675896 0.018073 0.291765
0.000062 0.228014 0.125658 0.646265
0.864204 0.081087 0.000006 0.054702
0.744240 0.142353 0.001910 0.111497
0.945431 0.046345 0.003007 0.005216
0.000617 0.589999 0.018075 0.391309
0.740651 0.147513 0.002061 0.109774
0.719727 0.138500 0.001511 0.140262
0.099486 0.827959 0.051879 0.020676
0.016289 0.690249 0.057054 0.236409
0.002987 0.571738 0.000515 0.424759
0.323637 0.459563 0.000114 0.216686
0.797604 0.136094 0.000011 0.066291
0.375775 0.462790 0.000047 0.161388
0.029059 0.666931 0.012774 0.291236
0.000071 0.255639 0.098938 0.645352
0.004316 0.628572 0.023204 0.343908
0.222827 0.652233 0.097859 0.027081
0.000000 0.002031 0.471417 0.526552
0.001926 0.697483 0.000169 0.300423
0.873775 0.059227 0.054114 0.012885
0.084973 0.540690 0.013783 0.360555
0.775178 0.136166 0.001893 0.086764
0.349335 0.455934 0.000084 0.194648
0.164000 0.580132 0.010676 0.245192
0.043965 0.767477 0.159826 0.028732
0.885119 0.048999 0.000394 0.065488
0.335503 0.462646 0.000098 0.201754
0.000242 0.615861 0.336180 0.047717
0.010128 0.446355 0.001221 0.542296
0.004389 0.635495 0.016298 0.343819
0.019223 0.761977 0.027170 0.191630
0.992065 0.005717 0.000507 0.001711
0.983555 0.000231 0.000000 0.016213
0.013938 0.555110 0.000949 0.430002
0.000518 0.386898 0.242509 0.370074
0.144664 0.657110 0.028598 0.169627
0.744135 0.174799 0.000013 0.081053
0.972856 0.012988 0.000026 0.014130
0.044913 0.646384 0.276564 0.032139
0.007757 0.347880 0.132698 0.511666
0.012302 0.413322 0.068917 0.505459
0.158598 0.499039 0.013174 0.329189
0.793235 0.135138 0.000776 0.070851
0.880549 0.067781 0.000304 0.051366
0.319710 0.467960 0.000117 0.212213
0.000000 0.025234 0.937969 0.036797
0.000006 0.095898 0.180673 0.723423
0.056331 0.639588 0.014214 0.289868
0.536892 0.341750 0.000026 0.121333
0.390378 0.356862 0.201825 0.050935
0.008792 0.799508 0.016824 0.174876
0.998308 0.000162 0.000000 0.001530
0.960710 0.017459 0.000074 0.021757
0.579351 0.193814 0.111848 0.114986
0.000133 0.170845 0.003465 0.825557
0.538140 0.342303 0.000034 0.119523
0.092435 0.568593 0.049555 0.289417
0.997530 0.000475 0.000000 0.001996
0.001451 0.735845 0.038862 0.223841
0.295742 0.520923 0.000933 0.182402
0.096131 0.507637 0.008310 0.387922
0.001642 0.165833 0.189377 0.643148
0.903945 0.065520 0.000988 0.029547
0.042947 0.495404 0.030194 0.431454
0.013540 0.799129 0.006177 0.181154
0.933905 0.031408 0.000003 0.034684
0.250468 0.495455 0.000221 0.253855
0.109559 0.480027 0.270955 0.139459
0.999374 0.000248 0.000017 0.000361
0.000011 0.209325 0.426729 0.363935
0.032291 0.534017 0.000968 0.432724
0.143368 0.576643 0.007015 0.272973
0.001135 0.393776 0.082592 0.522498
0.000025 0.008989 0.970440 0.020546
0.000000 0.002154 0.902788 0.095058
0.000505 0.347361 0.075978 0.576155
0.281110 0.578839 0.000132 0.139920
0.000000 0.002772 0.571296 0.425931
0.597629 0.290879 0.000007 0.111486
0.991491 0.003073 0.003555 0.001880
0.116375 0.683946 0.059206 0.140474
0.999756 0.000006 0.000000 0.000238
0.000030 0.001079 0.989613 0.009279
0.138480 0.529692 0.000287 0.331541
0.861846 0.070234 0.004346 0.063575
0.998288 0.000287 0.000660 0.000766
0.011070 0.441074 0.069889 0.477967
0.363773 0.510717 0.000437 0.125073
0.778311 0.155854 0.000001 0.065833
0.833678 0.075687 0.000527 0.090108
0.070130 0.617428 0.005422 0.307019
0.562028 0.321585 0.000008 0.116379
0.103103 0.477111 0.022002 0.397784
0.025170 0.510284 0.033175 0.431370
0.030072 0.495755 0.047374 0.426799
0.000000 0.002868 0.441663 0.555468
0.211452 0.626824 0.000416 0.161308
0.301793 0.453173 0.005569 0.239466
0.019990 0.790329 0.011827 0.177855
0.044495 0.524661 0.043486 0.387358
0.042838 0.784662 0.010669 0.161830
0.005396 0.695573 0.069499 0.229531
0.240231 0.567550 0.001954 0.190266
0.003570 0.568006 0.033541 0.394883
0.000000 0.005338 0.990441 0.004221
0.000073 0.045587 0.929780 0.024560
0.290172 0.540706 0.001071 0.168051
0.000193 0.186008 0.003361 0.810437
0.118897 0.670738 0.005064 0.205301
0.645696 0.240241 0.000645 0.113418
0.075073 0.583632 0.000364 0.340932
0.000006 0.002485 0.908662 0.088847
0.214288 0.516673 0.006480 0.262559
0.020065 0.708078 0.000141 0.271716
0.003298 0.406555 0.130148 0.459999
0.196546 0.645138 0.123566 0.034749
0.007767 0.661809 0.000300 0.330125
0.910079 0.051667 0.000001 0.038253
0.080901 0.555159 0.013913 0.350027
0.004449 0.730724 0.000122 0.264705
0.014338 0.693038 0.050469 0.242155
0.081230 0.063620 0.825118 0.030032
0.104817 0.545993 0.024840 0.324350
0.002486 0.678798 0.251637 0.067079
0.000262 0.297029 0.550129 0.152580
0.272604 0.476658 0.007930 0.242808
0.999142 0.000256 0.000167 0.000436
0.066606 0.465436 0.062550 0.405408
0.059748 0.722312 0.000107 0.217833
0.002313 0.624680 0.016906 0.356101
0.999586 0.000149 0.000016 0.000249
0.002714 0.636443 0.319348 0.041496
0.011438 0.679853 0.057101 0.251607
0.011362 0.403779 0.078199 0.506660
0.273572 0.474230 0.000171 0.252028
0.583180 0.318790 0.000673 0.097357
0.002682 0.654680 0.010469 0.332169
0.013011 0.804876 0.149822 0.032291
0.020249 0.416227 0.057362 0.506163
0.774466 0.096423 0.001477 0.127634
0.002139 0.594985 0.017865 0.385011
0.463078 0.401729 0.000030 0.135162
0.186862 0.628835 0.000067 0.184235
0.000074 0.121131 0.724141 0.154654
0.022278 0.651966 0.015664 0.310092
0.003387 0.343865 0.617189 0.035559
0.001874 0.707257 0.011577 0.279292
0.406988 0.061596 0.507837 0.023579
0.757205 0.134655 0.001842 0.106299
0.050053 0.727221 0.000113 0.222612
0.001192 0.314091 0.650144 0.034573
0.220036 0.494996 0.000228 0.284741
0.370354 0.442537 0.000053 0.187056
0.973023 0.023935 0.000323 0.002718
0.007029 0.453032 0.070532 0.469407
0.000140 0.645507 0.032038 0.322315
0.000119 0.108637 0.252033 0.639211
0.520457 0.326732 0.001662 0.151150
0.056835 0.462576 0.019953 0.460636
0.018955 0.714754 0.001007 0.265284
0.018884 0.564000 0.000878 0.416239
0.999798 0.000001 0.000000 0.000201
0.338909 0.450486 0.000084 0.210520
0.012289 0.499157 0.289947 0.198608
0.070008 0.802400 0.005396 0.122196
0.033694 0.693889 0.082098 0.190319
0.000164 0.446727 0.043128 0.509982
0.109219 0.824231 0.046335 0.020215
0.553586 0.302967 0.048862 0.094586
0.696214 0.280667 0.011622 0.011497
0.000190 0.514678 0.133191 0.351940
0.993135 0.001879 0.000000 0.004985
0.033869 0.871065 0.072503 0.022563
0.132858 0.479284 0.325228 0.062630
0.871864 0.076902 0.000006 0.051228
0.000290 0.219029 0.003064 0.777617
0.061295 0.816027 0.005848 0.116830
0.000004 0.037761 0.314944 0.647290
0.000357 0.278969 0.166050 0.554624
0.096397 0.204145 0.521833 0.177625
0.354573 0.554658 0.001556 0.089213
0.999147 0.000412 0.000023 0.000418
0.460171 0.297293 0.003806 0.238731
0.039841 0.458947 0.038321 0.462891
0.002347 0.186536 0.748297 0.062819
0.128674 0.721751 0.006984 0.142591
0.340737 0.625500 0.016747 0.017016
0.960410 0.022841 0.010541 0.006208
0.434556 0.372986 0.072583 0.119875
0.121551 0.737784 0.023861 0.116804
0.383223 0.466474 0.001033 0.149269
0.000877 0.624697 0.025137 0.349289
0.072441 0.761683 0.009724 0.156152
0.000378 0.824864 0.139650 0.035108
0.381081 0.576168 0.026061 0.016691
0.315170 0.455851 0.000125 0.228853
0.000004 0.030894 0.372369 0.596733
0.006595 0.326893 0.133655 0.532858
0.004038 0.406646 0.124965 0.464351
0.997904 0.000829 0.000446 0.000821
0.000030 0.047608 0.007955 0.944407
0.030212 0.596184 0.000655 0.372950
0.143182 0.556807 0.005606 0.294406
0.748615 0.170796 0.000013 0.080576
0.004081 0.364420 0.112440 0.519059
0.402878 0.452008 0.000036 0.145079
0.369385 0.611474 0.002735 0.016406
0.999724 0.000030 0.000038 0.000208
0.012557 0.596667 0.043018 0.347758
0.070206 0.731508 0.007915 0.190371
0.000037 0.051886 0.359273 0.588804
0.540929 0.344456 0.000016 0.114599
0.005847 0.437706 0.078640 0.477807
0.999566 0.000104 0.000051 0.000279
0.006521 0.715841 0.000142 0.277496
0.385622 0.461522 0.000027 0.152829
0.019419 0.532716 0.058566 0.389298
0.211171 0.430168 0.006669 0.351991
0.000000 0.002740 0.973650 0.023609
0.048521 0.762839 0.000412 0.188228
0.070560 0.798745 0.105653 0.025042
0.836147 0.070102 0.077287 0.016464
0.147156 0.658192 0.003841 0.190812
0.028207 0.413484 0.058395 0.499914
0.095414 0.519965 0.010668 0.373953
0.000745 0.238429 0.686106 0.074719
0.036057 0.849860 0.002250 0.111832
0.981800 0.007625 0.000000 0.010575
0.253861 0.464201 0.000310 0.281628
0.995710 0.003202 0.000109 0.000978
0.015135 0.821363 0.156758 0.006743
0.093252 0.477012 0.010558 0.419179
0.275690 0.491455 0.009488 0.223367
0.786892 0.143239 0.000011 0.069857
0.886679 0.064993 0.000005 0.048323
0.656213 0.205338 0.002754 0.135694
0.001018 0.784799 0.005926 0.208256
0.094777 0.476359 0.034825 0.394038
0.170796 0.624785 0.008701 0.195718
0.001737 0.660124 0.328890 0.009249
0.002592 0.571263 0.035820 0.390325
0.000088 0.497809 0.052629 0.449474
0.216749 0.508388 0.002437 0.272426
0.001599 0.477799 0.058670 0.461931
0.826745 0.140185 0.006966 0.026105
0.284089 0.667966 0.029852 0.018093
0.000137 0.239475 0.112197 0.648191
0.012515 0.769985 0.002985 0.214516
0.000001 0.000341 0.991840 0.007818
0.000002 0.060108 0.269283 0.670608
0.018224 0.599996 0.345718 0.036062
0.961053 0.013227 0.000002 0.025719
0.000017 0.003820 0.983957 0.012205
0.000452 0.489743 0.094701 0.415105
0.087039 0.668216 0.018926 0.225819
0.358358 0.453323 0.000074 0.188244
0.145927 0.540811 0.000334 0.312928
0.229574 0.659028 0.025434 0.085963
0.029001 0.720862 0.000156 0.249981
0.027658 0.361490 0.095588 0.515264
0.928160 0.034658 0.000003 0.037179
0.038601 0.291449 0.612670 0.057279
0.006645 0.826779 0.054310 0.112265
0.983718 0.005199 0.000000 0.011082
0.019061 0.718732 0.000175 0.262031
0.870178 0.078402 0.000002 0.051418
0.000417 0.223494 0.158816 0.617273
0.108396 0.685913 0.003526 0.202164
0.990793 0.005360 0.001587 0.002260
0.000629 0.521951 0.050479 0.426941
0.990864 0.001830 0.000000 0.007306
0.998945 0.000044 0.000000 0.001011
0.998852 0.000518 0.000172 0.000459
0.111635 0.537209 0.320182 0.030974
0.135661 0.066622 0.769970 0.027747
0.606297 0.365122 0.015596 0.012985
0.140080 0.573252 0.003674 0.282994
0.132490 0.655593 0.180177 0.031740
0.343525 0.499854 0.003295 0.153326
0.998943 0.000208 0.000000 0.000849
0.970184 0.012770 0.012901 0.004145
0.000028 0.146114 0.220803 0.633055
0.031866 0.813857 0.056350 0.097927
0.000009 0.034122 0.342262 0.623607
0.875966 0.112069 0.005122 0.006843
0.120069 0.701239 0.003618 0.175074
0.005753 0.539336 0.022828 0.432083
0.051659 0.870737 0.056468 0.021136
0.739316 0.159937 0.000268 0.100479
0.021122 0.823814 0.127782 0.027281
0.062274 0.537604 0.015063 0.385059
0.000144 0.803996 0.008572 0.187287
0.213638 0.705081 0.000388 0.080893
0.071037 0.579635 0.000514 0.348814
0.866396 0.079316 0.000093 0.054194
0.340797 0.503520 0.000045 0.155638
0.000543 0.190270 0.200139 0.609047
0.002334 0.355654 0.082466 0.559546
0.066478 0.438893 0.026602 0.468028
0.003561 0.861800 0.013732 0.120907
0.001206 0.543031 0.021996 0.433768
0.007207 0.663691 0.000237 0.328865
0.014646 0.558213 0.048876 0.378265
0.020269 0.762994 0.000064 0.216673
0.001690 0.711057 0.107066 0.180187
0.000001 0.000307 0.991997 0.007695
0.001200 0.265150 0.558772 0.174878
0.996376 0.002967 0.000022 0.000635
0.263306 0.512805 0.011133 0.212756
0.338221 0.431090 0.003318 0.227371
0.029788 0.603973 0.007333 0.358906
0.745512 0.179383 0.000413 0.074691
0.284112 0.473901 0.000124 0.241863
0.075029 0.749255 0.012343 0.163372
0.128737 0.699812 0.002404 0.169047
0.055108 0.711724 0.081402 0.151767
0.188798 0.619316 0.074691 0.117195
0.000003 0.042302 0.380497 0.577199
0.004006 0.691112 0.075876 0.229005
0.226187 0.463793 0.000442 0.309578
0.000245 0.348492 0.072291 0.578972
0.000393 0.333216 0.079618 0.586773
0.015612 0.573512 0.000860 0.410017
0.146509 0.714360 0.108335 0.030796
0.007137 0.600947 0.353313 0.038603
0.214990 0.682837 0.002544 0.099629
0.013523 0.627759 0.016432 0.342286
0.068931 0.751291 0.010767 0.169010
0.000371 0.037282 0.928468 0.033879
0.011321 0.865043 0.005447 0.118190
0.626011 0.242111 0.000914 0.130964
0.986018 0.005242 0.000007 0.008733
0.169951 0.644671 0.000066 0.185313
0.027843 0.415036 0.049856 0.507264
0.001332 0.297018 0.002022 0.699628
0.006947 0.813073 0.010794 0.169186
0.005388 0.591926 0.031307 0.371379
0.958198 0.017695 0.000021 0.024086
0.026037 0.677646 0.000246 0.296072
0.907136 0.049693 0.000004 0.043167
0.000154 0.063267 0.731049 0.205530
0.028132 0.457066 0.049969 0.464833
0.025042 0.799839 0.001504 0.173616
0.012747 0.142671 0.791135 0.053446
0.371951 0.496822 0.000050 0.131177
0.004993 0.595841 0.003898 0.395268
0.143618 0.571132 0.006612 0.278638
0.084654 0.780627 0.002059 0.132660
0.004611 0.636791 0.000353 0.358244
0.130995 0.538802 0.000309 0.329894
0.107857 0.545621 0.015506 0.331016
0.000058 0.145836 0.817432 0.036674
0.033551 0.631420 0.021677 0.313352
0.002482 0.464739 0.498746 0.034033
0.000020 0.039925 0.367578 0.592478
0.053734 0.713744 0.000130 0.232391
0.947967 0.011873 0.000047 0.040112
0.870371 0.057245 0.058066 0.014318
0.779509 0.198011 0.007417 0.015064
0.000115 0.288770 0.136757 0.574359
0.123166 0.659129 0.184908 0.032796
0.001870 0.509056 0.000698 0.488376
0.784245 0.143207 0.001874 0.070674
0.000007 0.018903 0.905350 0.075740
0.141658 0.506881 0.000664 0.350797
0.031270 0.611681 0.077720 0.279329
0.000000 0.000169 0.982468 0.017363
0.042827 0.592344 0.022674 0.342155
0.000000 0.002821 0.848265 0.148914
0.027227 0.673075 0.011733 0.287965
0.000165 0.508687 0.061240 0.429909
0.000189 0.277824 0.096699 0.625287
0.638474 0.262637 0.000025 0.098864
0.447264 0.439577 0.002654 0.110505
0.000002 0.050321 0.218886 0.730791
0.316596 0.510965 0.004214 0.168225
0.000044 0.126925 0.257454 0.615577
0.097965 0.806093 0.003804 0.092139
0.274845 0.484268 0.000176 0.240711
0.029036 0.793672 0.003077 0.174216
0.615918 0.284187 0.001661 0.098235
0.980841 0.006993 0.000000 0.012165
0.100400 0.694537 0.000056 0.205007
0.003114 0.709572 0.002917 0.284398
0.000089 0.131963 0.212600 0.655347
0.000000 0.051192 0.217813 0.730995
0.000855 0.603618 0.021846 0.373681
0.022489 0.743437 0.000085 0.233988
0.017578 0.838655 0.012682 0.131085
0.319348 0.525306 0.001767 0.153579
0.242857 0.571146 0.000084 0.185913
0.019354 0.689923 0.000229 0.290493
0.002467 0.644445 0.073344 0.279744
0.829747 0.119834 0.006507 0.043912
0.094860 0.562378 0.032051 0.310711
0.318447 0.574923 0.005725 0.100905
0.000002 0.173469 0.171156 0.655373
0.040686 0.722372 0.000136 0.236806
0.181518 0.733433 0.062346 0.022702
0.335046 0.497895 0.000072 0.166987
0.683706 0.225385 0.000018 0.090891
0.680345 0.143212 0.001730 0.174712
0.136089 0.677119 0.000032 0.186760
0.000084 0.055737 0.719537 0.224642
0.968170 0.006278 0.000047 0.025505
0.057210 0.755811 0.022399 0.164580
0.000472 0.535230 0.022760 0.441538
0.912919 0.049652 0.000001 0.037428
0.001114 0.773187 0.027507 0.198192
0.005635 0.446653 0.108764 0.438947
0.024326 0.725648 0.000155 0.249871
0.987984 0.002676 0.000008 0.009331
0.348185 0.482700 0.002602 0.166512
0.000001 0.004024 0.909786 0.086189
0.219908 0.718978 0.042001 0.019112
0.000824 0.586058 0.074893 0.338225
0.993124 0.001241 0.000002 0.005633
0.083509 0.458550 0.035688 0.422252
0.195039 0.544786 0.004487 0.255688
0.707165 0.208532 0.000019 0.084284
0.220261 0.555727 0.002659 0.221352
0.157702 0.550002 0.006753 0.285544
0.920828 0.047540 0.000005 0.031626
0.000012 0.004481 0.977822 0.017684
0.026580 0.596510 0.024629 0.352282
0.003909 0.810010 0.005941 0.180140
0.072217 0.590343 0.009340 0.328099
0.082887 0.691843 0.000122 0.225147
0.002590 0.677574 0.028453 0.291382
0.010327 0.570674 0.022987 0.396013
0.672903 0.092475 0.001910 0.232713
0.052155 0.425462 0.034670 0.487714
0.041403 0.839086 0.025359 0.094152
0.026909 0.717216 0.031093 0.224782
0.429952 0.446249 0.000010 0.123788
0.188983 0.762362 0.029557 0.019098
0.981952 0.005848 0.000000 0.012201
0.834583 0.138547 0.002809 0.024061
0.003978 0.442185 0.001086 0.552751
0.001600 0.548592 0.002849 0.446959
0.353179 0.338276 0.002543 0.306001
0.006318 0.892274 0.001006 0.100402
0.985773 0.005478 0.000022 0.008727
0.246965 0.627177 0.004295 0.121562
0.904898 0.034958 0.000208 0.059936
0.000014 0.158025 0.204670 0.637292
0.008943 0.658135 0.000308 0.332613
0.293463 0.540680 0.000056 0.165802
0.997417 0.001088 0.000557 0.000938
0.000031 0.030147 0.007678 0.962144
0.994794 0.002338 0.001463 0.001406
0.001830 0.516232 0.001233 0.480704
0.998494 0.000242 0.000546 0.000717
0.000898 0.457698 0.038791 0.502613
0.000436 0.413639 0.091001 0.494925
0.973937 0.009841 0.000000 0.016221
0.317494 0.470042 0.000130 0.212334
0.206168 0.522273 0.007481 0.264077
0.016346 0.391338 0.106239 0.486076
0.163547 0.690042 0.003911 0.142500
0.978882 0.002385 0.000034 0.018699
0.819597 0.114363 0.000009 0.066031
0.839651 0.101452 0.000008 0.058889
0.192839 0.530681 0.004783 0.271697
0.000148 0.001690 0.990000 0.008162
0.068646 0.406131 0.021903 0.503320
0.001055 0.433580 0.059305 0.506060
0.920082 0.045891 0.000002 0.034026
0.058518 0.608712 0.016289 0.316481
0.014967 0.614393 0.023188 0.347452
0.003241 0.889873 0.079685 0.027201
0.288565 0.487242 0.005799 0.218394
0.123040 0.670947 0.122444 0.083568
0.087303 0.707929 0.000088 0.204680
0.001138 0.445994 0.066218 0.486650
0.002341 0.769263 0.071549 0.156846
0.225523 0.655908 0.094165 0.024404
0.316351 0.424234 0.003755 0.255661
0.000000 0.000614 0.573939 0.425448
0.153694 0.505751 0.013189 0.327366
0.409005 0.453747 0.000022 0.137226
