0.034883 0.000942 0.201908 0.762230 0.000037
0.001715 0.007039 0.490646 0.203785 0.296815
0.010205 0.001183 0.201461 0.764135 0.023016
0.978682 0.000266 0.013002 0.007838 0.000212
0.978552 0.000270 0.013020 0.007938 0.000221
0.536325 0.003714 0.196964 0.249378 0.013618
0.005017 0.019636 0.289843 0.425097 0.260407
0.002501 0.924505 0.045267 0.026193 0.001533
0.927940 0.005265 0.034774 0.029047 0.002973
0.950271 0.001311 0.016866 0.029423 0.002130
0.001853 0.057605 0.296765 0.575852 0.067925
0.006454 0.617443 0.158751 0.208717 0.008634
0.000864 0.841579 0.148608 0.008944 0.000005
0.013474 0.006207 0.112872 0.861954 0.005492
0.001651 0.954264 0.031015 0.013059 0.000012
0.890248 0.001152 0.038387 0.069306 0.000908
0.967632 0.000024 0.024762 0.006349 0.001233
0.038111 0.000810 0.227551 0.730735 0.002794
0.000003 0.005935 0.063732 0.026488 0.903842
0.008221 0.001623 0.285795 0.607918 0.096444
0.009366 0.004664 0.071365 0.883978 0.030627
0.000000 0.431692 0.561856 0.006426 0.000027
0.964556 0.000707 0.014936 0.018641 0.001160
0.000452 0.010267 0.162355 0.170911 0.656015
0.020302 0.001232 0.131493 0.846900 0.000073
0.933348 0.004638 0.034389 0.025549 0.002075
0.069121 0.010614 0.101173 0.728991 0.090101
0.000432 0.131553 0.084397 0.773046 0.010571
0.007494 0.320912 0.236005 0.266339 0.169251
0.000652 0.010906 0.083615 0.902594 0.002232
0.024433 0.464016 0.116361 0.391322 0.003868
0.006360 0.002745 0.064178 0.926604 0.000113
0.000063 0.018088 0.039395 0.932391 0.010063
0.000109 0.162384 0.132068 0.705056 0.000381
0.000003 0.005510 0.062950 0.026595 0.904943
0.000493 0.556303 0.132022 0.309681 0.001500
0.049829 0.345390 0.366426 0.150225 0.088130
0.000000 0.332507 0.604875 0.012540 0.050077
0.015736 0.001209 0.114358 0.860573 0.008124
0.971761 0.000016 0.023492 0.004252 0.000478
0.000847 0.090981 0.238006 0.626456 0.043711
0.382258 0.050793 0.301910 0.250504 0.014536
0.925011 0.005631 0.034979 0.030923 0.003457
0.000000 0.005885 0.590245 0.183589 0.220282
0.020044 0.004633 0.105573 0.842913 0.026836
0.002391 0.562797 0.199741 0.231263 0.003807
0.000058 0.006470 0.061999 0.168103 0.763371
0.013831 0.008412 0.104679 0.860086 0.012991
0.947835 0.000044 0.031203 0.020842 0.000075
0.000000 0.389772 0.567883 0.007496 0.034849
0.002819 0.003067 0.421321 0.559342 0.013452
0.018018 0.125721 0.108739 0.743174 0.004348
0.000003 0.005663 0.063229 0.026556 0.904549
0.003494 0.337007 0.123693 0.498473 0.037333
0.026785 0.014654 0.137407 0.819353 0.001802
0.003388 0.001693 0.052355 0.912713 0.029851
0.000003 0.005502 0.063003 0.026598 0.904894
0.100564 0.235184 0.155851 0.456957 0.051444
0.036055 0.134899 0.416209 0.405796 0.007041
0.046752 0.016691 0.337265 0.549155 0.050138
0.109638 0.110420 0.579626 0.139858 0.060458
0.000629 0.712053 0.138956 0.147333 0.001029
0.000000 0.096283 0.821541 0.019769 0.062407
0.165913 0.040733 0.710666 0.070601 0.012087
0.000005 0.006644 0.070331 0.026411 0.896609
0.580470 0.000712 0.077542 0.337706 0.003570
0.028644 0.082740 0.149935 0.735095 0.003587
0.032346 0.005343 0.221152 0.738945 0.002214
0.068710 0.007465 0.428809 0.462720 0.032296
0.221229 0.144205 0.220259 0.378097 0.036210
0.000000 0.079853 0.042301 0.288162 0.589685
0.008901 0.151537 0.562182 0.275251 0.002130
0.000004 0.008029 0.067633 0.025962 0.898372
0.153042 0.144027 0.278375 0.278748 0.145808
0.971405 0.007611 0.012812 0.006954 0.001217
0.041282 0.090440 0.752068 0.116183 0.000027
0.000022 0.065373 0.076855 0.857281 0.000468
0.971746 0.000016 0.023497 0.004259 0.000481
0.006549 0.004932 0.315753 0.672088 0.000678
0.676720 0.000646 0.065392 0.254557 0.002686
0.978675 0.000266 0.013003 0.007843 0.000212
0.957488 0.000858 0.015916 0.024109 0.001629
0.133715 0.014539 0.272122 0.579471 0.000153
0.000000 0.145469 0.575301 0.033171 0.246059
0.022919 0.016883 0.884236 0.075962 0.000000
0.008422 0.156094 0.071930 0.758520 0.005035
0.024532 0.409131 0.022599 0.286637 0.257102
0.978681 0.000266 0.013002 0.007839 0.000212
0.956956 0.007473 0.014889 0.018538 0.002144
0.019213 0.070353 0.115765 0.790404 0.004265
0.002538 0.968455 0.023779 0.004834 0.000395
0.005960 0.002268 0.060567 0.901701 0.029503
0.013056 0.017747 0.199326 0.696369 0.073502
0.857521 0.006014 0.029266 0.098715 0.008484
0.009888 0.135150 0.606497 0.247036 0.001429
0.204600 0.128624 0.221434 0.381708 0.063633
0.001284 0.011201 0.232336 0.708874 0.046305
0.945983 0.000422 0.030749 0.016156 0.006691
0.954179 0.000066 0.028870 0.013128 0.003758
0.008419 0.519322 0.143696 0.327847 0.000716
0.000000 0.336813 0.516585 0.015169 0.131433
0.011357 0.026216 0.410872 0.548391 0.003165
0.000000 0.003346 0.789577 0.131275 0.075802
0.000000 0.410803 0.554360 0.005630 0.029207
0.978677 0.000266 0.013003 0.007842 0.000212
0.003970 0.000000 0.961691 0.016442 0.017898
0.004206 0.400463 0.128958 0.454662 0.011711
0.000117 0.170819 0.137154 0.691536 0.000374
0.012180 0.004478 0.344552 0.546627 0.092162
0.822972 0.115792 0.030199 0.020765 0.010272
0.013163 0.001754 0.101339 0.874700 0.009044
0.000017 0.032196 0.112780 0.019899 0.835108
0.000000 0.287441 0.687194 0.025326 0.000039
0.000113 0.031304 0.045554 0.912945 0.010084
0.003451 0.008925 0.055296 0.924964 0.007363
0.048224 0.172224 0.120186 0.640888 0.018479
0.105322 0.152299 0.132137 0.453158 0.157083
0.001575 0.077764 0.860035 0.060627 0.000000
0.909340 0.007437 0.036095 0.041069 0.006059
0.002546 0.973861 0.021148 0.002191 0.000254
0.971021 0.000018 0.023720 0.004628 0.000613
0.965714 0.000468 0.024520 0.005853 0.003444
0.000061 0.187834 0.096598 0.715083 0.000424
0.000124 0.035751 0.046854 0.907148 0.010124
0.007990 0.168124 0.520952 0.300173 0.002762
0.000029 0.006587 0.182475 0.028580 0.782329
0.006685 0.112340 0.067603 0.808209 0.005162
0.000111 0.202603 0.130450 0.666459 0.000377
0.016011 0.001663 0.405129 0.507425 0.069772
0.020214 0.001236 0.469810 0.454827 0.053914
0.046275 0.001420 0.189757 0.748066 0.014483
0.000000 0.028411 0.466317 0.497244 0.008028
0.967109 0.000026 0.024922 0.006613 0.001330
0.017231 0.075918 0.132322 0.765653 0.008876
0.000418 0.045281 0.357184 0.597013 0.000105
0.005445 0.062410 0.065397 0.861493 0.005254
0.002060 0.084662 0.450558 0.462116 0.000604
0.006340 0.117481 0.137105 0.739074 0.000000
0.000912 0.148808 0.246592 0.601863 0.001826
0.026408 0.001000 0.160983 0.811551 0.000057
0.000470 0.055381 0.147888 0.101400 0.694861
0.944782 0.003754 0.017239 0.031561 0.002663
0.011838 0.458687 0.437572 0.089139 0.002764
0.001479 0.009524 0.256489 0.690828 0.041681
0.065264 0.226539 0.125270 0.566155 0.016772
0.050209 0.046986 0.171005 0.295026 0.436773
0.001963 0.418826 0.577975 0.000781 0.000455
0.000869 0.780543 0.187744 0.030835 0.000010
0.007083 0.008641 0.893107 0.069083 0.022085
0.005847 0.225900 0.419628 0.344559 0.004067
0.028001 0.092095 0.552857 0.238258 0.088789
0.881593 0.000417 0.050796 0.049287 0.017908
0.004442 0.041210 0.728894 0.136219 0.089236
0.000162 0.018873 0.083791 0.151189 0.745984
0.977917 0.000286 0.013107 0.008426 0.000263
0.002595 0.010241 0.050346 0.929231 0.007586
0.000000 0.003335 0.791179 0.130838 0.074648
0.000133 0.129079 0.151055 0.719372 0.000362
0.965618 0.000973 0.014741 0.017558 0.001110
0.000030 0.058081 0.160483 0.013392 0.768013
0.057948 0.307126 0.083971 0.420516 0.130439
0.013265 0.003156 0.362060 0.537416 0.084103
0.000035 0.006203 0.211499 0.029248 0.753016
0.971403 0.007611 0.012813 0.006956 0.001217
0.000753 0.006533 0.241987 0.183351 0.567375
0.001506 0.504289 0.176996 0.312064 0.005145
0.933360 0.004637 0.034389 0.025541 0.002073
0.003334 0.001822 0.051615 0.931909 0.011319
0.005653 0.019658 0.067121 0.905139 0.002430
0.000004 0.006851 0.068987 0.026326 0.897831
0.000000 0.078689 0.170251 0.681244 0.069816
0.000000 0.029534 0.955671 0.006359 0.008436
0.060253 0.040814 0.268423 0.629190 0.001320
0.001879 0.001030 0.044259 0.941671 0.011162
0.971678 0.000017 0.023518 0.004294 0.000493
0.025431 0.684444 0.238533 0.049713 0.001879
0.003638 0.245704 0.190384 0.553709 0.006565
0.001573 0.826674 0.055587 0.116112 0.000053
0.041407 0.058825 0.858271 0.041111 0.000387
0.002528 0.958031 0.028873 0.009902 0.000665
0.002517 0.954208 0.030714 0.011795 0.000766
0.915958 0.001945 0.021638 0.056059 0.004400
0.007019 0.025686 0.075255 0.884318 0.007721
0.000393 0.198803 0.761270 0.037819 0.001715
0.016433 0.457350 0.324930 0.201243 0.000045
0.019422 0.000752 0.332154 0.638752 0.008920
0.942302 0.000314 0.032098 0.018409 0.006877
0.059744 0.016104 0.390486 0.492591 0.041075
0.008200 0.033424 0.074950 0.880966 0.002459
0.041627 0.567310 0.349265 0.041023 0.000775
0.000032 0.094763 0.081555 0.823193 0.000458
0.063896 0.449526 0.343334 0.085137 0.058107
0.958271 0.001199 0.015748 0.023179 0.001603
0.002602 0.198912 0.412872 0.385592 0.000021
0.000000 0.030967 0.940385 0.008465 0.020183
0.000275 0.289429 0.499189 0.049652 0.161454
0.941638 0.000291 0.032348 0.018827 0.006896
0.038480 0.000918 0.219282 0.741291 0.000029
0.978680 0.000266 0.013002 0.007840 0.000212
0.017563 0.388916 0.230289 0.362555 0.000676
0.960486 0.000041 0.026955 0.009968 0.002550
0.005909 0.025535 0.068891 0.891763 0.007903
0.001488 0.135199 0.093157 0.754711 0.015445
0.977873 0.000287 0.013113 0.008461 0.000266
0.019941 0.092703 0.097131 0.275782 0.514444
0.000554 0.007124 0.190246 0.178046 0.624030
0.010237 0.039391 0.081434 0.866492 0.002446
0.000000 0.035863 0.872759 0.091323 0.000055
0.001367 0.063985 0.902806 0.015555 0.016286
0.052056 0.154143 0.474148 0.315089 0.004564
0.971705 0.000016 0.023510 0.004280 0.000488
0.000418 0.045280 0.357194 0.597003 0.000105
0.066773 0.001258 0.255429 0.669432 0.007107
0.002669 0.001436 0.046343 0.949437 0.000114
0.002705 0.356915 0.391353 0.061289 0.187737
0.165417 0.001104 0.313008 0.520408 0.000062
0.000029 0.086130 0.080180 0.833200 0.000461
0.002459 0.914901 0.049851 0.030998 0.001791
0.054427 0.118842 0.534481 0.292062 0.000187
0.113063 0.098114 0.082757 0.508414 0.197652
0.001193 0.012509 0.974187 0.000000 0.012111
0.000040 0.120495 0.085887 0.793130 0.000448
0.000000 0.434088 0.486559 0.006036 0.073317
0.965283 0.007552 0.013692 0.011862 0.001610
0.000645 0.032239 0.949846 0.017001 0.000270
0.008018 0.494967 0.145178 0.351081 0.000756
0.000000 0.449676 0.481765 0.004571 0.063989
0.000063 0.018117 0.039401 0.932355 0.010064
0.000000 0.050453 0.871757 0.013368 0.064421
0.002068 0.149813 0.103840 0.729425 0.014854
0.000409 0.039841 0.084135 0.866952 0.008663
0.000000 0.126245 0.581366 0.034962 0.257427
0.039883 0.013391 0.309826 0.583076 0.053824
0.005925 0.000000 0.128153 0.858365 0.007557
0.005214 0.080528 0.172536 0.729345 0.012377
0.000000 0.275545 0.536104 0.020856 0.167495
0.105780 0.016723 0.107881 0.683193 0.086423
0.010668 0.171244 0.079494 0.733721 0.004873
0.044148 0.288195 0.382709 0.182460 0.102488
0.002589 0.006793 0.159971 0.828963 0.001684
0.000000 0.412712 0.493136 0.008045 0.086107
0.000380 0.044678 0.129102 0.115998 0.709843
0.015913 0.765138 0.067291 0.150795 0.000863
0.001493 0.077758 0.074076 0.846673 0.000000
0.006939 0.003566 0.063642 0.895435 0.030417
0.000400 0.046144 0.344447 0.608888 0.000122
0.000179 0.049164 0.053727 0.886810 0.010119
0.042267 0.562685 0.353641 0.040675 0.000731
0.002860 0.592622 0.091260 0.145804 0.167455
0.000014 0.020406 0.107229 0.023173 0.849178
0.936308 0.006958 0.017910 0.035379 0.003445
0.000259 0.052929 0.244773 0.701788 0.000251
0.000097 0.138094 0.124623 0.736791 0.000395
0.002276 0.139548 0.840600 0.017576 0.000000
0.005425 0.249900 0.052957 0.689740 0.001978
0.001377 0.433967 0.202143 0.355044 0.007470
0.000052 0.005766 0.060771 0.169063 0.764349
0.006113 0.060156 0.067965 0.860559 0.005206
0.000000 0.030909 0.940603 0.008449 0.020039
0.000100 0.027572 0.043985 0.918271 0.010071
0.011856 0.000000 0.094448 0.855423 0.038272
0.434696 0.036379 0.326041 0.196175 0.006708
0.000000 0.030912 0.940594 0.008450 0.020044
0.002546 0.973878 0.021140 0.002183 0.000253
0.002539 0.001490 0.047596 0.937081 0.011295
0.004161 0.710706 0.112848 0.172217 0.000068
0.072755 0.244154 0.336657 0.340863 0.005571
0.011812 0.014027 0.194961 0.705987 0.073213
0.024589 0.214322 0.122520 0.637159 0.001409
0.000005 0.006572 0.069781 0.026421 0.897222
0.043060 0.295758 0.377318 0.181358 0.102507
0.000431 0.576584 0.348981 0.014143 0.059860
0.002545 0.973518 0.021315 0.002359 0.000263
0.014331 0.097938 0.736731 0.150999 0.000000
0.002928 0.007822 0.052326 0.929536 0.007389
0.002630 0.006014 0.970368 0.020988 0.000000
0.000027 0.079143 0.079050 0.841317 0.000463
0.000119 0.161428 0.138896 0.699184 0.000373
0.971767 0.000016 0.023491 0.004249 0.000477
0.033755 0.005280 0.229234 0.729762 0.001970
0.000005 0.009342 0.071122 0.025653 0.893878
0.090134 0.207447 0.155752 0.492196 0.054471
0.002495 0.000000 0.857415 0.041352 0.098738
0.001216 0.018590 0.105411 0.872555 0.002228
0.000000 0.181263 0.701971 0.025991 0.090775
0.002800 0.008297 0.168198 0.819045 0.001658
0.566161 0.003228 0.203087 0.218807 0.008718
0.003658 0.008892 0.201878 0.784115 0.001458
0.975746 0.000342 0.013407 0.010098 0.000408
0.000415 0.045425 0.355053 0.599000 0.000108
0.000188 0.586393 0.160385 0.252753 0.000280
0.000016 0.013803 0.121360 0.025338 0.839482
0.005119 0.228069 0.052841 0.711950 0.002021
0.069968 0.000000 0.916372 0.000000 0.013660
0.000260 0.365256 0.593734 0.038629 0.002122
0.796119 0.053928 0.040061 0.088474 0.021418
0.000572 0.008119 0.080600 0.908506 0.002203
0.000087 0.008780 0.068639 0.165172 0.757322
0.034267 0.005257 0.232174 0.726422 0.001881
0.000000 0.158744 0.702723 0.017783 0.120751
0.000196 0.148962 0.123690 0.724485 0.002667
0.036451 0.165841 0.401016 0.396158 0.000535
0.000662 0.020354 0.155134 0.760233 0.063617
0.000103 0.011734 0.071416 0.160939 0.755809
0.002545 0.973467 0.021340 0.002384 0.000264
0.004026 0.000000 0.965420 0.015453 0.015100
0.000259 0.053067 0.244512 0.701912 0.000251
0.000214 0.006406 0.101909 0.829439 0.062031
0.963977 0.000032 0.025886 0.008203 0.001902
0.005073 0.021565 0.064219 0.901326 0.007816
0.002543 0.972081 0.022014 0.003062 0.000300
0.000000 0.041612 0.206757 0.726331 0.025300
0.000000 0.042174 0.583634 0.361244 0.012948
0.051228 0.214033 0.209512 0.522649 0.002578
0.009834 0.043147 0.090877 0.847895 0.008248
0.961290 0.000039 0.026708 0.009562 0.002401
0.933990 0.004564 0.034344 0.025133 0.001969
0.008152 0.059688 0.337856 0.589868 0.004435
0.933879 0.004577 0.034352 0.025205 0.001987
0.003869 0.005980 0.210336 0.778459 0.001355
0.052122 0.041104 0.163200 0.403393 0.340181
0.003835 0.002212 0.054145 0.928363 0.011445
0.002546 0.973880 0.021139 0.002182 0.000253
0.978661 0.000267 0.013005 0.007854 0.000213
0.030614 0.005420 0.211213 0.750238 0.002515
0.000000 0.081100 0.055794 0.294568 0.568537
0.000048 0.140037 0.090269 0.769207 0.000440
0.211335 0.508887 0.160113 0.099365 0.020299
0.504788 0.082836 0.180940 0.185182 0.046255
0.006871 0.130332 0.063394 0.797292 0.002110
0.023258 0.154302 0.407466 0.270961 0.144013
0.001636 0.006811 0.044945 0.939056 0.007552
0.824105 0.115962 0.030081 0.019798 0.010053
0.001182 0.021634 0.103963 0.870931 0.002289
0.004077 0.921602 0.051864 0.021250 0.001208
0.020256 0.414223 0.383819 0.181676 0.000026
0.002015 0.037314 0.914973 0.045698 0.000000
0.002541 0.970821 0.022628 0.003677 0.000333
0.041906 0.179800 0.428565 0.228913 0.120816
0.044972 0.011923 0.197829 0.744004 0.001273
0.012120 0.053258 0.103684 0.822497 0.008441
0.000000 0.112032 0.374090 0.511610 0.002268
0.061347 0.040518 0.272468 0.624425 0.001241
0.171055 0.104994 0.206287 0.505782 0.011882
0.002654 0.005695 0.971777 0.019873 0.000000
0.002545 0.973646 0.021253 0.002297 0.000259
0.000038 0.113846 0.085125 0.800541 0.000450
0.000190 0.593323 0.161496 0.244713 0.000278
0.003310 0.005919 0.188324 0.800955 0.001492
0.006367 0.895540 0.072192 0.024605 0.001296
0.000000 0.100892 0.150711 0.719416 0.028981
0.087189 0.156189 0.391858 0.359504 0.005260
0.002653 0.005708 0.971719 0.019919 0.000000
0.003498 0.070191 0.138560 0.773787 0.013963
0.020235 0.178088 0.674988 0.123475 0.003215
0.002518 0.951352 0.032122 0.013169 0.000839
0.011426 0.003317 0.088650 0.896502 0.000105
0.002595 0.957262 0.029470 0.010006 0.000668
0.001104 0.006674 0.332508 0.190855 0.468860
0.009105 0.876703 0.090437 0.022671 0.001085
0.000006 0.010555 0.072940 0.025340 0.891160
0.014656 0.000840 0.264592 0.703963 0.015949
0.003414 0.280715 0.468959 0.064475 0.182437
0.030666 0.744945 0.130151 0.091062 0.003177
0.978471 0.000272 0.013031 0.008001 0.000226
0.480202 0.064172 0.065752 0.313300 0.076574
0.005441 0.000000 0.124225 0.862785 0.007550
0.006838 0.057195 0.301486 0.629385 0.005096
0.002231 0.815191 0.134691 0.046389 0.001498
0.933979 0.004565 0.034345 0.025141 0.001971
0.000218 0.065527 0.058320 0.865664 0.010271
0.001987 0.415376 0.481639 0.100975 0.000023
0.000000 0.000000 0.208295 0.671712 0.119993
0.020499 0.411479 0.387571 0.180426 0.000025
0.002546 0.973850 0.021153 0.002197 0.000254
0.000000 0.564563 0.210203 0.195319 0.029914
0.000052 0.005788 0.060804 0.169032 0.764324
0.001212 0.000000 0.774537 0.064110 0.160141
0.978626 0.000268 0.013010 0.007881 0.000216
0.948310 0.000043 0.031143 0.020433 0.000071
0.000000 0.081465 0.056475 0.294757 0.567303
0.000370 0.218134 0.740333 0.039328 0.001836
0.000005 0.005539 0.072394 0.026768 0.895295
0.003306 0.339293 0.442514 0.056373 0.158514
0.002537 0.967856 0.024071 0.005126 0.000410
0.001221 0.019327 0.105581 0.871632 0.002240
0.578985 0.000710 0.077729 0.338993 0.003583
0.971767 0.000016 0.023491 0.004249 0.000477
0.029631 0.000878 0.614346 0.334806 0.020339
0.002546 0.973864 0.021146 0.002190 0.000254
0.001735 0.111753 0.152801 0.726093 0.007618
0.035403 0.001665 0.154916 0.789467 0.018550
0.002430 0.826050 0.066974 0.104499 0.000046
0.002588 0.070009 0.923875 0.002830 0.000697
0.026008 0.237920 0.474696 0.220737 0.040639
0.000830 0.805911 0.169470 0.023780 0.000008
0.002643 0.008447 0.050670 0.930766 0.007474
0.002108 0.083407 0.458882 0.455053 0.000550
0.008266 0.001856 0.067975 0.893612 0.028291
0.037063 0.000927 0.212440 0.749537 0.000032
0.971765 0.000016 0.023491 0.004250 0.000478
0.000705 0.123121 0.792646 0.000000 0.083527
0.000000 0.420856 0.547896 0.004738 0.026509
0.961993 0.000035 0.026496 0.009212 0.002264
0.009807 0.610030 0.137434 0.242162 0.000567
0.002536 0.966972 0.024501 0.005557 0.000433
0.410462 0.007735 0.170896 0.375929 0.034978
0.032580 0.122734 0.739884 0.096741 0.008061
0.000000 0.354787 0.510931 0.013493 0.120789
0.963781 0.000654 0.015055 0.019304 0.001206
0.086967 0.177095 0.387364 0.343573 0.005001
0.942548 0.003883 0.017535 0.033216 0.002817
0.002306 0.114309 0.879408 0.003128 0.000849
0.213540 0.000863 0.374579 0.410989 0.000029
0.005903 0.093570 0.016875 0.511617 0.372036
0.000325 0.296742 0.664471 0.036596 0.001866
0.003192 0.057290 0.057336 0.876766 0.005416
0.971717 0.000016 0.023506 0.004274 0.000486
0.003642 0.015372 0.056192 0.917091 0.007703
0.017528 0.004694 0.426349 0.476960 0.074468
0.044661 0.074290 0.785081 0.095953 0.000015
0.000000 0.077237 0.872981 0.013152 0.036630
0.003856 0.003001 0.217982 0.659189 0.115973
0.000000 0.052864 0.947136 -0.000000 0.000000
0.011057 0.691005 0.131923 0.165580 0.000434
0.932811 0.007234 0.018361 0.037902 0.003692
0.000151 0.471870 0.142022 0.385635 0.000322
0.000022 0.064253 0.076811 0.858445 0.000469
0.002627 0.006053 0.970177 0.021143 -0.000000
0.032102 0.780847 0.127318 0.057189 0.002543
0.001003 0.206159 0.785297 0.005731 0.001810
0.817334 0.114943 0.030783 0.025577 0.011363
0.022844 0.001203 0.510141 0.421059 0.044753
0.017599 0.001985 0.429247 0.485807 0.065362
0.086076 0.005651 0.500145 0.388263 0.019866
0.012033 0.754012 0.127652 0.105974 0.000331
0.000165 0.514355 0.148835 0.336339 0.000306
0.027365 0.100989 0.112742 0.266452 0.492452
0.002544 0.972788 0.021670 0.002716 0.000282
0.000000 0.946610 0.019112 0.031658 0.002621
0.002360 0.850960 0.080961 0.062258 0.003459
0.233009 0.037705 0.131189 0.524517 0.073580
0.017307 0.001778 0.123511 0.857240 0.000164
0.971640 0.000017 0.023530 0.004313 0.000500
0.000047 0.141949 0.089710 0.767854 0.000440
0.000000 0.045084 0.127364 0.796969 0.030583
0.000000 0.328609 0.546659 0.012978 0.111755
0.007511 0.786579 0.080831 0.113844 0.011234
0.565960 0.003231 0.203046 0.219013 0.008751
0.000000 0.272629 0.702202 0.025106 0.000063
0.002479 0.000000 0.862968 0.042547 0.092006
0.000000 0.186590 0.184244 0.602492 0.026673
0.001650 0.953541 0.031145 0.013652 0.000012
0.000376 0.006586 0.072947 0.917867 0.002224
0.971767 0.000016 0.023491 0.004249 0.000477
0.000191 0.594748 0.161725 0.243059 0.000277
0.016335 0.058028 0.055514 0.705186 0.164937
0.970576 0.007603 0.012931 0.007619 0.001270
0.000000 0.098139 0.082215 0.300628 0.519018
0.031973 0.777624 0.127572 0.060230 0.002600
0.023653 0.013998 0.127053 0.833411 0.001884
0.000403 0.046180 0.083070 0.861507 0.008840
0.018099 0.295268 0.250465 0.435383 0.000785
0.002825 0.003063 0.422034 0.558731 0.013347
0.210263 0.127307 0.226526 0.377609 0.058295
0.889432 0.012664 0.037153 0.051688 0.009063
0.000807 0.229551 0.712810 -0.000000 0.056832
0.039662 0.154073 0.425453 0.380334 0.000477
0.000000 0.027299 0.960337 0.005873 0.006491
0.014185 0.052477 0.356189 0.572669 0.004481
0.148094 0.554930 0.143042 0.146258 0.007675
0.000313 0.392403 0.441013 0.037854 0.128418
0.002675 0.488410 0.241264 0.262253 0.005398
0.978462 0.000272 0.013032 0.008007 0.000226
0.940943 0.000057 0.032073 0.026787 0.000141
0.929538 0.006035 0.019026 0.041584 0.003817
0.000416 0.045344 0.356258 0.597875 0.000106
0.000553 0.004433 0.143560 0.796783 0.054671
0.082302 0.239938 0.134763 0.527423 0.015574
0.974951 0.000365 0.013516 0.010708 0.000461
0.948444 0.000158 0.030480 0.015769 0.005148
0.009538 0.004063 0.082988 0.892122 0.011289
0.967353 0.000469 0.024008 0.005007 0.003163
0.008391 0.036749 0.082791 0.863944 0.008126
0.000052 0.005764 0.060807 0.169070 0.764308
0.003140 0.034048 0.960832 0.001696 0.000284
0.016613 0.000000 0.214427 0.763390 0.005570
0.000000 0.124801 0.029352 0.261511 0.584335
0.002333 0.000599 0.347681 0.630579 0.018809
0.000292 0.051349 0.267893 0.680246 0.000221
0.721859 0.029909 0.049335 0.161794 0.037104
0.002243 0.069823 0.343266 0.515336 0.069331
0.084630 0.120525 0.471987 0.266798 0.056059
0.010920 0.521329 0.060400 0.405960 0.001392
0.096097 0.003133 0.224277 0.676375 0.000119
0.000000 0.170168 0.280359 0.499973 0.049501
0.942508 0.000146 0.032351 0.018863 0.006132
0.004824 0.716243 0.120458 0.158413 0.000061
0.004667 0.092190 0.236865 0.660117 0.006161
0.002738 0.075396 0.614036 0.174391 0.133438
0.000000 0.027973 0.958926 0.006020 0.007081
0.000621 0.038342 0.940347 0.020239 0.000451
0.903014 0.000176 0.036853 0.059441 0.000516
0.002827 0.938958 0.039230 0.017906 0.001079
0.023545 0.000000 0.270364 0.701890 0.004201
0.024122 0.002314 0.118747 0.831665 0.023152
0.015713 0.006827 0.125696 0.846618 0.005145
0.002679 0.960082 0.028361 0.008304 0.000574
0.000000 0.433330 0.486789 0.006108 0.073774
0.003410 0.287277 0.466632 0.063459 0.179222
0.007113 0.341665 0.146453 0.470455 0.034312
0.020642 0.043175 0.115762 0.818239 0.002182
0.006313 0.089302 0.652433 0.251953 0.000000
0.024362 0.219672 0.307361 0.447865 0.000740
0.014720 0.241778 0.019606 0.405951 0.317945
0.007254 0.308692 0.056836 0.625388 0.001830
0.953900 0.000461 0.028211 0.011953 0.005475
0.001204 0.011971 0.976407 -0.000000 0.010418
0.002492 0.014901 0.155774 0.824982 0.001850
0.917045 0.001856 0.021498 0.055278 0.004323
0.971011 0.000018 0.023723 0.004633 0.000615
0.000000 0.015278 0.439085 0.210102 0.335535
0.076097 0.537969 0.324167 0.029423 0.032344
0.000102 0.305863 0.117652 0.576004 0.000379
0.002526 0.960369 0.027715 0.008785 0.000606
0.969678 0.000574 0.014230 0.014700 0.000818
0.948415 0.000043 0.031130 0.020342 0.000070
0.004740 0.088010 0.240733 0.663941 0.002576
0.000463 0.371148 0.216431 0.087998 0.323960
0.056405 0.011340 0.235759 0.695547 0.000948
0.971586 0.000017 0.023546 0.004341 0.000510
0.933963 0.004567 0.034346 0.025151 0.001973
0.002098 0.001370 0.043585 0.952831 0.000115
0.001022 0.173218 0.817855 0.006036 0.001869
0.000112 0.012962 0.073398 0.159248 0.754279
0.000000 0.362423 0.585449 0.009926 0.042202
0.950828 0.006395 0.015940 0.024374 0.002463
0.006447 0.024471 0.069538 0.897102 0.002443
0.869782 0.014549 0.038598 0.064706 0.012365
0.969705 0.000471 0.023274 0.003792 0.002758
0.024980 0.211752 0.673422 0.087672 0.002174
0.014058 0.001439 0.101345 0.883070 0.000088
0.001024 0.001039 0.071333 0.890649 0.035955
0.146833 0.060158 0.555266 0.220619 0.017125
0.038895 0.155836 0.419796 0.384981 0.000492
0.963630 0.000034 0.025990 0.008376 0.001970
0.001412 0.015015 0.216223 0.764686 0.002664
0.000930 0.030311 0.914329 -0.000000 0.054430
0.000631 0.714293 0.139056 0.144998 0.001022
0.002449 0.001767 0.197248 0.681758 0.116778
0.000338 0.043663 0.074720 0.872146 0.009133
0.850191 0.019215 0.039698 0.075525 0.015371
0.098439 0.004886 0.550830 0.334668 0.011178
0.003755 0.002431 0.051594 0.942103 0.000118
0.002546 0.973710 0.021221 0.002265 0.000258
0.006144 0.260832 0.173243 0.558681 0.001101
0.000000 0.139256 0.592562 0.032104 0.236078
0.012959 0.000866 0.240532 0.727202 0.018442
0.070502 0.010234 0.282546 0.636172 0.000546
0.955438 0.007454 0.015108 0.019758 0.002241
0.004108 0.000000 0.970828 0.014019 0.011045
0.000845 0.017460 0.141930 0.833967 0.005797
0.010500 0.001121 0.084158 0.904125 0.000095
0.002540 0.969695 0.023176 0.004228 0.000362
0.822052 0.115653 0.030294 0.021551 0.010450
0.002387 0.003305 0.368431 0.604590 0.021286
0.000000 0.076493 0.878432 0.012164 0.032911
0.925784 0.005515 0.034927 0.030443 0.003331
0.000000 0.129143 0.580284 0.034710 0.255863
0.032777 0.180457 0.372864 0.413302 0.000599
0.017327 0.010361 0.218215 0.685779 0.068318
0.000016 0.030929 0.110252 0.020214 0.838589
0.004101 0.003213 0.221602 0.655260 0.115824
0.007198 0.004691 0.341266 0.646330 0.000515
0.000301 0.050958 0.274247 0.674282 0.000213
0.100493 0.050312 0.138331 0.605761 0.105104
0.976977 0.000310 0.013237 0.009150 0.000326
0.001715 0.007038 0.490578 0.203779 0.296889
0.000000 0.076307 0.027133 0.281912 0.614648
0.326306 0.006825 0.153903 0.464964 0.048002
0.000187 0.582544 0.159768 0.257220 0.000282
0.002546 0.973673 0.021240 0.002284 0.000259
0.018194 0.128562 0.109252 0.739657 0.004335
0.000977 0.835385 0.110954 0.006069 0.046614
0.000004 0.005516 0.065978 0.026651 0.901852
0.011234 0.173585 0.047566 0.521689 0.245926
0.009065 0.000986 0.080611 0.899836 0.009502
0.163383 0.042747 0.705289 0.074155 0.014427
0.000623 0.038110 0.940836 0.019994 0.000438
0.010128 0.041585 0.395062 0.549768 0.003457
0.951337 0.000057 0.029773 0.014622 0.004213
0.000033 0.063966 0.171400 0.011915 0.752686
0.000137 0.059453 0.158554 0.781493 0.000362
0.975358 0.000352 0.013460 0.010396 0.000434
0.000441 0.031046 0.088605 0.871614 0.008293
0.024353 0.013234 0.902605 0.059808 0.000000
0.006568 0.389005 0.153686 0.449816 0.000926
0.007267 0.028660 0.072068 0.889555 0.002450
0.031845 0.140683 0.214200 0.603154 0.010117
0.023002 0.016593 0.885347 0.075058 0.000000
0.000648 0.006671 0.214526 0.180801 0.597355
0.936332 0.000208 0.034156 0.021832 0.007472
0.008345 0.062788 0.237212 0.681995 0.009660
0.019008 0.024186 0.222409 0.662991 0.071406
0.066795 0.001258 0.255499 0.669348 0.007100
0.000381 0.047100 0.330905 0.621476 0.000139
0.921683 0.000168 0.034496 0.043307 0.000346
0.000000 0.334656 0.521535 0.014911 0.128898
0.000521 0.069662 0.895445 0.033181 0.001191
0.001373 0.755542 0.067232 0.175774 0.000078
0.000000 0.154504 0.787986 0.013781 0.043729
0.000000 0.390042 0.567711 0.007472 0.034775
0.014714 0.342009 0.162388 0.470617 0.010273
0.973135 0.000413 0.013766 0.012104 0.000582
0.013808 0.034170 0.498600 0.451808 0.001615
0.005584 0.237595 0.424819 0.326755 0.005247
0.033088 0.069108 0.166960 0.727575 0.003269
0.002544 0.972681 0.021722 0.002768 0.000284
0.038192 0.000000 0.389933 0.563025 0.008850
0.958993 0.002471 0.015433 0.021455 0.001648
0.029963 0.005451 0.207476 0.754483 0.002628
0.773124 0.066845 0.040441 0.095409 0.024180
0.000183 0.570902 0.157901 0.270728 0.000286
0.000337 0.480125 0.508286 0.010345 0.000907
0.003038 0.012443 0.052818 0.924064 0.007637
0.012472 0.782362 0.125735 0.079147 0.000284
0.926857 0.005430 0.034846 0.029718 0.003149
0.095644 0.005060 0.539369 0.346786 0.013143
0.077181 0.177234 0.154978 0.532581 0.058027
0.008337 0.004817 0.073746 0.912979 0.000120
0.978467 0.000272 0.013031 0.008003 0.000226
0.043685 0.078800 0.775622 0.101874 0.000018
0.000412 0.045580 0.352771 0.601127 0.000111
0.000000 0.027468 0.959982 0.005910 0.006640
0.000000 0.173415 0.688729 0.017423 0.120432
0.000946 0.011528 0.190909 0.744082 0.052535
0.002770 0.077715 0.916754 0.002245 0.000516
0.005034 0.302468 0.158203 0.533223 0.001072
0.000917 0.781128 0.123276 0.015645 0.079033
0.566144 0.003228 0.203083 0.218824 0.008721
0.019289 0.006544 0.103063 0.842150 0.028955
0.008762 0.162538 0.072881 0.750808 0.005010
0.030076 0.020995 0.132235 0.447530 0.369164
0.000509 0.006169 0.179012 0.178533 0.635777
0.001336 0.006755 0.392537 0.195851 0.403522
0.023586 0.253538 0.296013 0.426149 0.000714
0.055512 0.008779 0.374606 0.519380 0.041723
0.187763 0.000991 0.341599 0.469601 0.000047
0.000000 0.096017 0.244515 0.656298 0.003170
0.000997 0.147972 0.842704 0.006377 0.001950
0.566097 0.003229 0.203074 0.218873 0.008728
0.000290 0.357763 0.458201 0.042339 0.141406
0.000133 0.037719 0.047948 0.904081 0.010119
0.000187 0.252317 0.678303 0.065904 0.003289
0.000486 0.547559 0.131637 0.318792 0.001527
0.005286 0.003128 0.131548 0.826210 0.033828
0.911413 0.000127 0.035796 0.052238 0.000426
0.022335 0.366728 0.047813 0.374829 0.188296
0.973440 0.000402 0.013724 0.011872 0.000561
0.946784 0.002910 0.017095 0.030739 0.002472
0.000006 0.010820 0.073456 0.025274 0.890444
0.000668 0.027491 0.118388 0.846469 0.006983
0.964318 0.000744 0.014964 0.018796 0.001178
0.003343 0.024787 0.970512 0.001236 0.000122
0.038109 0.000810 0.227542 0.730744 0.002794
0.006107 0.085669 0.652433 0.255791 0.000000
0.007460 0.048890 0.315532 0.376888 0.251230
0.002496 0.940777 0.037249 0.018361 0.001117
0.970936 0.000018 0.023746 0.004671 0.000629
0.006086 0.321026 0.217888 0.276744 0.178256
0.000092 0.007143 0.480281 0.034138 0.478346
0.000412 0.045565 0.352986 0.600927 0.000110
0.065941 0.033740 0.506851 0.311129 0.082339
0.007141 0.124844 0.068689 0.794197 0.005129
0.034262 0.005257 0.232141 0.726459 0.001882
0.919114 0.001192 0.034738 0.044296 0.000659
0.011500 0.356117 0.184802 0.434380 0.013200
0.001210 0.015588 0.189673 0.789753 0.003777
0.276504 0.032746 0.140631 0.485167 0.064952
0.000100 0.027176 0.043979 0.918682 0.010063
0.005409 0.095972 0.063675 0.829689 0.005254
0.015256 0.050700 0.378001 0.552514 0.003530
0.005381 0.429557 0.358341 0.206708 0.000013
0.004576 0.273493 0.160095 0.560716 0.001120
0.052722 0.097976 0.227490 0.621141 0.000671
0.000181 0.564910 0.156940 0.277680 0.000288
0.127258 0.001749 0.264175 0.606726 0.000091
0.000125 0.006224 0.079615 0.169977 0.744059
0.030240 0.000858 0.623696 0.327028 0.018177
0.002361 0.851580 0.080660 0.061955 0.003443
0.040530 0.700559 0.047357 0.121874 0.089679
0.000125 0.035999 0.046952 0.906799 0.010125
0.018120 0.297018 0.047539 0.428019 0.209304
0.971733 0.000016 0.023501 0.004266 0.000483
0.001166 0.095847 0.834766 0.022760 0.045461
0.000960 0.819702 0.114512 0.008838 0.055988
0.054394 0.118921 0.534236 0.292261 0.000188
0.001699 0.007026 0.486379 0.203440 0.301456
0.012951 0.002100 0.100265 0.875379 0.009305
0.426309 0.038052 0.322279 0.205370 0.007991
0.000067 0.006684 0.361863 0.031997 0.599390
0.065986 0.035689 0.251260 0.606296 0.040770
0.000382 0.006696 0.073184 0.917513 0.002225
0.019452 0.421292 0.160344 0.390201 0.008711
0.968259 0.000023 0.024569 0.006030 0.001119
0.971765 0.000016 0.023491 0.004250 0.000478
0.977206 0.000305 0.013205 0.008974 0.000310
0.000055 0.158703 0.093896 0.746914 0.000432
0.003143 0.285826 0.627500 0.083516 0.000015
0.037239 0.047250 0.183294 0.729246 0.002972
0.001380 0.015089 0.211954 0.768735 0.002842
0.001339 0.015181 0.206617 0.773797 0.003066
0.303941 0.050108 0.297512 0.343916 0.004524
0.010622 0.000983 0.088486 0.890763 0.009147
0.006260 0.025144 0.068887 0.897257 0.002453
0.033049 0.169847 0.376623 0.419874 0.000607
0.000000 0.036675 0.941024 0.007857 0.014444
0.970363 0.000483 0.014148 0.014239 0.000767
0.000000 0.026763 0.499769 0.467665 0.005802
0.000807 0.277653 0.200824 0.512763 0.007953
0.000000 0.920619 0.020746 0.054976 0.003659
0.000000 0.073705 0.811068 0.016939 0.098287
0.000000 0.817793 0.027290 0.147158 0.007759
0.005079 0.044110 0.626690 0.316708 0.007413
0.000000 0.060894 0.286499 0.649655 0.002952
0.003388 0.002215 0.211349 0.668038 0.115010
0.000000 0.032401 0.935006 0.008861 0.023732
0.933868 0.004578 0.034353 0.025212 0.001989
0.006685 0.029150 0.073235 0.882952 0.007979
0.003118 0.571712 0.097062 0.153404 0.174704
0.022230 0.370682 0.021882 0.314049 0.271157
0.970065 0.000020 0.024014 0.005113 0.000788
0.165913 0.040732 0.710668 0.070600 0.012087
0.070401 0.006781 0.435855 0.456033 0.030930
0.011137 0.008998 0.325535 0.543789 0.110542
0.396372 0.006096 0.168231 0.392662 0.036639
0.044581 0.074661 0.784302 0.096442 0.000015
0.863220 0.003472 0.028879 0.096499 0.007930
0.028178 0.022968 0.577299 0.273940 0.097616
0.017124 0.323901 0.096059 0.558516 0.004401
0.000146 0.058558 0.164965 0.775977 0.000354
0.000008 0.005966 0.086241 0.026911 0.880875
0.971749 0.000016 0.023496 0.004258 0.000480
0.001576 0.551016 0.245062 0.044426 0.157919
0.002545 0.973217 0.021461 0.002506 0.000270
0.003323 0.939334 0.040674 0.015725 0.000944
0.002542 0.971601 0.022248 0.003296 0.000313
0.775870 0.089012 0.037494 0.076215 0.021410
0.935689 0.000450 0.033899 0.021355 0.008607
0.006357 0.022681 0.069321 0.899209 0.002432
0.933989 0.004564 0.034344 0.025134 0.001969
0.024544 0.001017 0.151982 0.822395 0.000062
0.006573 0.024882 0.069939 0.896164 0.002442
0.002511 0.946367 0.034551 0.015602 0.000969
0.000022 0.064233 0.077090 0.858186 0.000468
0.978248 0.000277 0.013062 0.008172 0.000241
0.000000 0.058667 0.836563 0.016109 0.088662
0.001411 0.015017 0.216105 0.764798 0.002669
0.027950 0.666123 0.255807 0.048411 0.001710
0.000327 0.017612 0.394042 0.558635 0.029384
0.005281 0.504277 0.143204 0.336998 0.010239
0.978682 0.000266 0.013002 0.007838 0.000212
0.040696 0.049629 0.079791 0.682147 0.147737
0.161619 0.044177 0.701529 0.076621 0.016054
0.000623 0.037775 0.941223 0.019944 0.000434
0.000280 0.018735 0.114309 0.154000 0.712677
0.000665 0.134171 0.775938 0.000000 0.089226
0.089279 0.198676 0.503251 0.140136 0.068658
0.046083 0.140353 0.472583 0.340632 0.000349
0.006372 0.067978 0.068548 0.851916 0.005187
0.968634 0.000530 0.014386 0.015567 0.000882
0.019624 0.044071 0.320217 0.616088 0.000000
0.014357 0.007679 0.087207 0.858964 0.031793
0.001874 0.680363 0.151273 0.163374 0.003117
0.000236 0.251450 0.119757 0.626143 0.002415
0.003768 0.851280 0.085425 0.056433 0.003094
0.000000 0.372248 0.579205 0.009039 0.039508
0.000761 0.572358 0.176444 0.051513 0.198924
0.000003 0.005558 0.063047 0.026583 0.904809
0.971766 0.000016 0.023491 0.004249 0.000477
0.004838 0.005427 0.248429 0.740199 0.001108
0.008866 0.236872 0.196412 0.556780 0.001070
0.971319 0.007610 0.012825 0.007023 0.001223
0.000582 0.006284 0.197759 0.179957 0.615418
0.017723 0.006605 0.098042 0.848064 0.029566
0.003850 0.006788 0.209529 0.778459 0.001374
0.000019 0.014885 0.135088 0.025291 0.824717
0.002546 0.973794 0.021181 0.002225 0.000255
0.012768 0.801449 0.124446 0.061083 0.000253
0.000014 0.019195 0.107503 0.023526 0.849762
0.000246 0.074440 0.061731 0.853266 0.010316
0.015300 0.617565 0.341601 0.024433 0.001100
0.011031 0.008911 0.323980 0.545459 0.110619
0.967762 0.000469 0.023881 0.004796 0.003092
0.002015 0.733307 0.144784 0.117413 0.002481
0.005281 0.308780 0.377228 0.304955 0.003755
0.006785 0.004805 0.325025 0.662767 0.000618
0.971213 0.000017 0.023661 0.004530 0.000579
0.069396 0.121998 0.539728 0.265392 0.003486
0.016052 0.405468 0.216854 0.360937 0.000689
0.032798 0.005322 0.223743 0.736001 0.002136
0.000109 0.210007 0.128627 0.660878 0.000379
0.776681 0.108820 0.035000 0.060273 0.019226
0.978342 0.000275 0.013049 0.008100 0.000235
0.566193 0.003227 0.203093 0.218774 0.008712
0.004614 0.281117 0.373940 0.334548 0.005781
0.080300 0.006067 0.476456 0.413234 0.023942
0.036908 0.008963 0.813194 0.140843 0.000093
0.018445 0.000000 0.229185 0.747278 0.005092
0.002546 0.973706 0.021224 0.002267 0.000258
0.000019 0.015294 0.133162 0.025137 0.826388
0.001115 0.029994 0.209583 0.697158 0.062149
0.000328 0.049864 0.293252 0.656368 0.000188
0.165934 0.397635 0.158224 0.245188 0.033020
0.001271 0.004788 0.231510 0.720286 0.042145
0.044037 0.144166 0.457665 0.353741 0.000391
0.016305 0.772506 0.165291 0.043964 0.001934
0.007538 0.316840 0.390625 0.284860 0.000137
0.000121 0.156776 0.140976 0.701755 0.000371
0.030197 0.125702 0.143743 0.697838 0.002519
0.075102 0.530761 0.325729 0.033964 0.034444
0.029476 0.560593 0.130375 0.276054 0.003501
0.032097 0.005353 0.219721 0.740572 0.002257
0.000026 0.051019 0.147387 0.015166 0.786401
0.000114 0.012855 0.073916 0.159455 0.753660
0.000000 0.135508 0.809455 0.013505 0.041532
0.000141 0.440122 0.136976 0.422428 0.000333
0.000004 0.005516 0.066556 0.026662 0.901263
0.000022 0.064285 0.076693 0.858531 0.000469
0.006211 0.013829 0.842671 0.093412 0.043878
0.000071 0.217985 0.101490 0.680042 0.000413
0.017960 0.281048 0.661316 0.039676 0.000000
0.000210 0.061502 0.209344 0.728648 0.000296
0.886611 0.000388 0.038907 0.073369 0.000724
0.008189 0.053504 0.339606 0.594280 0.004421
0.030273 0.000857 0.624201 0.326608 0.018061
0.925696 0.007158 0.019385 0.043613 0.004148
0.927401 0.000088 0.033780 0.038460 0.000272
0.914361 0.000435 0.040565 0.032375 0.012265
0.064685 0.007164 0.412416 0.480779 0.034956
0.000017 0.020960 0.120872 0.023276 0.834875
0.002412 0.000649 0.351921 0.626141 0.018876
0.970176 0.000019 0.023980 0.005057 0.000768
0.004114 0.007028 0.059154 0.922563 0.007140
0.002762 0.063292 0.930968 0.002422 0.000556
0.913276 0.000121 0.035561 0.050634 0.000408
0.041293 0.046600 0.198267 0.711160 0.002681
0.000316 0.050151 0.285205 0.664129 0.000198
0.000000 0.028615 0.957583 0.006161 0.007642
0.000053 0.005953 0.061089 0.168808 0.764098
0.000642 0.033024 0.948621 0.017421 0.000293
0.273575 0.008106 0.489886 0.226141 0.002292
0.016813 0.074040 0.129977 0.770332 0.008839
0.000016 0.005879 0.123556 0.027652 0.842896
0.012186 0.763912 0.126980 0.096608 0.000314
0.038479 0.000918 0.219279 0.741295 0.000029
0.001213 0.667164 0.082861 0.248655 0.000108
0.001017 0.200359 0.791058 0.005756 0.001811
0.000666 0.020508 0.155572 0.759598 0.063656
0.024457 0.695117 0.230091 0.048483 0.001852
0.000022 0.012403 0.147058 0.026233 0.814285
0.000099 0.007276 0.513594 0.034740 0.444291
0.946370 0.000047 0.031388 0.022106 0.000089
0.000193 0.195146 0.118359 0.683724 0.002577
0.824043 0.115953 0.030088 0.019851 0.010065
0.006588 0.531429 0.333885 0.128089 0.000009
0.971718 0.000016 0.023506 0.004274 0.000486
0.321182 0.007927 0.152727 0.468965 0.049200
0.005199 0.148855 0.696520 0.071499 0.077926
0.001438 0.777434 0.063692 0.157365 0.000070
0.000384 0.006572 0.073267 0.917554 0.002222
0.002290 0.151515 0.163679 0.675206 0.007310
0.000000 0.031564 0.938137 0.008631 0.021669
0.010480 0.513562 0.154193 0.311207 0.010558
0.186653 0.000988 0.340179 0.472132 0.000047
0.012402 0.004206 0.348126 0.544755 0.090511
0.002538 0.968477 0.023769 0.004823 0.000394
0.947590 0.000147 0.030767 0.016245 0.005251
0.008082 0.849204 0.074931 0.060193 0.007590
0.736628 0.000906 0.057806 0.202440 0.002220
0.000000 0.103690 0.842738 0.013610 0.039962
0.005251 0.238828 0.052831 0.701090 0.002000
0.011828 0.740785 0.128546 0.118489 0.000352
0.162274 0.043629 0.702933 0.075712 0.015452
0.017934 0.052627 0.111889 0.813193 0.004358
0.000369 0.024945 0.079254 0.886879 0.008553
0.000063 0.018100 0.039416 0.932359 0.010063
0.000077 0.069289 0.114916 0.815300 0.000418
0.000415 0.010287 0.152729 0.170060 0.666509
0.002546 0.973817 0.021169 0.002213 0.000255
0.912106 0.002026 0.022172 0.059040 0.004656
0.013179 0.627408 0.280916 0.078448 0.000049
0.000000 0.032820 0.967180 -0.000000 0.000000
0.000000 0.436346 0.485863 0.005824 0.071968
0.944860 0.000049 0.031579 0.023408 0.000104
0.092942 0.005225 0.528294 0.358498 0.015040
0.948352 0.000160 0.030507 0.015813 0.005169
0.002544 0.972910 0.021611 0.002656 0.000278
0.037858 0.053474 0.293785 0.547391 0.067492
0.088773 0.115021 0.169378 0.567696 0.059132
0.032819 0.165103 0.419328 0.250296 0.132454
0.113225 0.153098 0.566328 0.116925 0.050424
0.001200 0.085827 0.270709 0.601556 0.040708
0.001935 0.179614 0.098986 0.704638 0.014827
0.002503 0.926064 0.044506 0.025435 0.001493
0.971656 0.000017 0.023525 0.004305 0.000498
0.005244 0.005275 0.264425 0.724050 0.001005
0.002379 0.008209 0.151651 0.836000 0.001760
0.000000 0.030964 0.940397 0.008464 0.020175
0.957351 0.000863 0.015934 0.024213 0.001638
0.001982 0.036556 0.134706 0.824402 0.002354
0.000166 0.518886 0.149562 0.331081 0.000305
0.012225 0.011907 0.197061 0.706527 0.072280
0.033262 0.627731 0.292111 0.045548 0.001347
0.045617 0.024639 0.186538 0.705978 0.037228
0.000204 0.020717 0.093748 0.149247 0.736084
0.000896 0.606869 0.175919 0.044178 0.172139
0.002525 0.957488 0.029128 0.010180 0.000680
0.054140 0.119524 0.532361 0.293782 0.000193
0.029477 0.019886 0.725757 0.224563 0.000316
0.001302 0.015264 0.201819 0.778348 0.003266
0.000343 0.489549 0.501289 0.008013 0.000807
0.039475 0.030481 0.304848 0.565856 0.059340
0.011480 0.057714 0.301057 0.622872 0.006877
0.018040 0.006991 0.099040 0.846101 0.029828
0.000000 0.000000 0.208307 0.671715 0.119977
0.005910 0.071940 0.187264 0.723091 0.011795
0.002528 0.913161 0.050931 0.031563 0.001818
0.068237 0.404704 0.371565 0.095299 0.060195
0.004193 0.005773 0.223051 0.765711 0.001272
0.001615 0.006721 0.044827 0.939287 0.007550
0.006118 0.189274 0.703016 0.044313 0.057279
0.022249 0.000000 0.259992 0.712802 0.004957
0.076201 0.538726 0.324003 0.028946 0.032124
0.956094 0.000862 0.016113 0.025211 0.001719
0.001396 0.025311 0.112195 0.858797 0.002301
0.061319 0.040526 0.272364 0.624547 0.001243
0.016226 0.226195 0.249552 0.507111 0.000916
0.000000 0.028599 0.648772 0.322056 0.000574
0.000000 0.032341 0.949819 0.006968 0.010872
0.002392 0.008714 0.049227 0.932135 0.007532
0.000149 0.017213 0.081090 0.153470 0.748077
0.002890 0.007305 0.052127 0.930312 0.007366
0.003312 0.857271 0.080983 0.055379 0.003055
0.029530 0.561617 0.130524 0.274833 0.003497
0.005773 0.037986 0.294056 0.401583 0.260602
0.971761 0.000016 0.023492 0.004252 0.000478
0.004295 0.006243 0.227068 0.761139 0.001255
0.003070 0.000000 0.901319 0.032082 0.063529
0.970672 0.000018 0.023827 0.004805 0.000677
0.011534 0.010018 0.101627 0.870776 0.006044
0.000260 0.068184 0.063703 0.857750 0.010104
0.038682 0.156573 0.418188 0.386061 0.000496
0.000774 0.580457 0.174873 0.050038 0.193859
0.012486 0.063435 0.051476 0.705028 0.167576
0.000153 0.476936 0.142843 0.379748 0.000320
0.000017 0.019701 0.122168 0.023662 0.834451
0.005344 0.707175 0.129105 0.158317 0.000059
0.967375 0.000025 0.024841 0.006479 0.001280
0.000926 0.789598 0.121341 0.014152 0.073982
0.005460 0.001034 0.062372 0.920784 0.010351
0.000000 0.459669 0.190817 0.341010 0.008504
0.000838 0.143150 0.726775 0.034969 0.094268
0.001413 0.015013 0.216342 0.764573 0.002659
0.000000 0.382437 0.502431 0.010893 0.104240
0.002043 0.654366 0.164239 0.176129 0.003222
0.014802 0.001921 0.386429 0.522070 0.074777
0.000000 0.069344 0.884708 0.012442 0.033506
0.006092 0.211861 0.432972 0.345085 0.003989
0.863410 0.013959 0.039214 0.069858 0.013560
0.000000 0.182899 0.703832 0.025228 0.088040
0.022949 0.005841 0.167232 0.800127 0.003850
0.025254 0.027639 0.247269 0.631645 0.068193
0.964583 0.000031 0.025699 0.007895 0.001793
0.003307 0.061272 0.185655 0.747305 0.002460
0.059003 0.041151 0.263797 0.634639 0.001410
0.000000 0.265080 0.463949 0.246355 0.024617
0.020417 0.001210 0.132050 0.846250 0.000072
0.000007 0.013299 0.077959 0.024649 0.884085
0.302300 0.019995 0.147423 0.473874 0.056408
0.043850 0.015818 0.325574 0.562903 0.051855
0.002064 0.131663 0.159667 0.699168 0.007438
0.966183 0.000592 0.014724 0.017456 0.001046
0.002530 0.963070 0.026402 0.007463 0.000535
0.000348 0.010566 0.117751 0.808827 0.062508
0.002161 0.002185 0.087335 0.871800 0.036519
0.017280 0.001494 0.122167 0.851110 0.007949
0.001919 0.063391 0.163521 0.763607 0.007561
0.069990 0.200353 0.337389 0.385819 0.006449
0.003239 0.868775 0.075087 0.050121 0.002778
0.970560 0.000476 0.014121 0.014089 0.000754
0.000022 0.064277 0.076703 0.858530 0.000469
0.016053 0.303040 0.093097 0.583332 0.004479
0.034231 0.005259 0.231963 0.726661 0.001887
0.000000 0.080962 0.754217 0.022130 0.142691
0.016631 0.023103 0.212900 0.674668 0.072699
0.006772 0.428128 0.136075 0.415214 0.013812
0.006011 0.001811 0.060754 0.902383 0.029042
0.002655 0.848697 0.083041 0.062164 0.003443
0.002544 0.972625 0.021749 0.002795 0.000286
0.000583 0.048650 0.924674 0.025354 0.000739
0.003316 0.001098 0.051530 0.933179 0.010877
0.002456 0.796285 0.153109 0.046222 0.001928
0.000328 0.099350 0.071656 0.818240 0.010426
0.000127 0.170948 0.737869 0.086858 0.004198
0.003303 0.056179 0.057795 0.877316 0.005408
0.003280 0.027622 0.967547 0.001379 0.000173
0.002534 0.966147 0.024903 0.005961 0.000455
0.000000 0.385660 0.263940 0.329206 0.021194
0.971361 0.007611 0.012819 0.006989 0.001220
0.008952 0.000987 0.080039 0.900494 0.009528
0.922477 0.005898 0.035162 0.032582 0.003880
0.215224 0.518416 0.160275 0.086875 0.019210
0.002343 0.010224 0.953340 0.034093 0.000000
0.970815 0.000018 0.023783 0.004732 0.000651
0.006875 0.433545 0.126262 0.433318 0.000000
0.000181 0.566154 0.157140 0.276238 0.000287
0.000000 0.448414 0.289105 0.243017 0.019464
0.024554 0.210631 0.122561 0.640838 0.001416
0.000926 0.284723 0.222098 0.482494 0.009759
0.000413 0.132400 0.822053 0.043281 0.001853
0.918719 0.006328 0.020515 0.049899 0.004540
0.026331 0.001032 0.160608 0.811972 0.000057
0.000000 0.029470 0.444674 0.516387 0.009469
0.000337 0.055819 0.074151 0.860282 0.009411
0.030249 0.013741 0.575810 0.362155 0.018045
0.195607 0.012111 0.395196 0.294123 0.102963
0.000588 0.122856 0.208937 0.622402 0.045218
0.000000 0.003280 0.799273 0.128629 0.068818
0.971679 0.000017 0.023518 0.004294 0.000493
0.000005 0.006645 0.071531 0.026434 0.895385
0.013003 0.018995 0.105667 0.466600 0.395735
0.978679 0.000266 0.013002 0.007840 0.000212
0.012769 0.801484 0.124444 0.061050 0.000253
0.006590 0.112927 0.067225 0.808089 0.005169
0.014597 0.018444 0.205488 0.688809 0.072662
0.133630 0.066588 0.641981 0.115882 0.041919
0.962142 0.000037 0.026446 0.009129 0.002245
0.000018 0.016847 0.126080 0.024556 0.832500
0.006032 0.349927 0.156818 0.486234 0.000988
0.889487 0.000404 0.048364 0.045270 0.016475
0.011597 0.058678 0.050841 0.710583 0.168301
0.044561 0.045065 0.210385 0.697543 0.002446
0.010011 0.133203 0.612013 0.243432 0.001340
0.000669 0.547958 0.177045 0.056660 0.217667
0.055128 0.125950 0.046587 0.488548 0.283788
0.006378 0.027689 0.071520 0.886466 0.007947
0.000030 0.007327 0.187182 0.028458 0.777002
0.002458 0.045402 0.152991 0.796758 0.002392
0.029159 0.657455 0.264036 0.047724 0.001625
0.008303 0.001009 0.076759 0.904240 0.009689
0.004011 0.197374 0.731461 0.067144 0.000009
0.061347 0.040518 0.272466 0.624427 0.001241
0.006651 0.406633 0.151172 0.434643 0.000901
0.002079 0.110382 0.132288 0.741545 0.013706
0.896642 0.009370 0.036941 0.048928 0.008119
0.041400 0.568945 0.347718 0.041146 0.000791
0.000127 0.135587 0.113232 0.748280 0.002775
0.042100 0.273825 0.385706 0.191626 0.106743
0.001813 0.001174 0.042205 0.954693 0.000115
0.037624 0.000813 0.225089 0.733568 0.002906
0.269894 0.072346 0.251636 0.374369 0.031756
0.009476 0.010172 0.190300 0.748743 0.041309
0.042326 0.562259 0.354044 0.040643 0.000727
0.957717 0.007479 0.014780 0.017929 0.002095
0.000077 0.022586 0.041172 0.926081 0.010084
0.000000 0.044673 0.556749 0.381938 0.016640
0.001717 0.031237 0.124527 0.840193 0.002326
0.000000 0.090929 0.147565 0.732307 0.029199
0.002261 0.420569 0.493313 0.083839 0.000018
0.015187 0.050813 0.376605 0.553803 0.003591
0.000000 0.092105 0.148069 0.337281 0.422544
0.001705 0.007126 0.045334 0.938277 0.007558
0.002500 0.007713 0.962810 0.026977 0.000000
0.000790 0.662631 0.150496 0.036507 0.149576
0.002619 0.011100 0.050454 0.928196 0.007631
0.000185 0.065334 0.191454 0.742709 0.000319
0.000005 0.008679 0.071361 0.025847 0.894108
0.000006 0.005899 0.076049 0.026735 0.891312
0.000005 0.009864 0.071023 0.025501 0.893607
0.012690 0.602827 0.289285 0.095141 0.000056
0.000000 0.091456 0.070231 0.297415 0.540898
0.008754 0.006460 0.085789 0.892683 0.006314
0.000754 0.724889 0.216867 0.057474 0.000016
0.003111 0.002052 0.048480 0.946240 0.000117
0.015219 0.050760 0.377259 0.553199 0.003563
0.000042 0.128582 0.087080 0.783850 0.000445
0.002378 0.009293 0.955758 0.032571 0.000000
0.004537 0.000415 0.465269 0.516360 0.013418
0.017354 0.287183 0.020401 0.373579 0.301483
0.038966 0.051329 0.189466 0.717391 0.002848
0.029895 0.131658 0.170097 0.416420 0.251930
0.028433 0.118348 0.138223 0.712481 0.002515
0.070480 0.010235 0.282475 0.636263 0.000547
0.000000 0.859541 0.024668 0.109700 0.006091
0.634838 0.083412 0.050208 0.184463 0.047079
0.002284 0.009651 0.048580 0.931880 0.007605
0.003470 0.013948 0.055249 0.919682 0.007650
0.010644 0.014621 0.096382 0.871891 0.006462
0.000168 0.524716 0.150495 0.324318 0.000302
0.000183 0.077883 0.189778 0.731837 0.000319
0.917906 0.000122 0.034977 0.046629 0.000367
0.000646 0.031998 0.950222 0.016871 0.000262
0.002230 0.814688 0.134753 0.046825 0.001504
0.015136 0.246411 0.019777 0.402648 0.316028
0.000093 0.022746 0.043201 0.923957 0.010003
0.002312 0.001777 0.195152 0.683480 0.117280
0.000413 0.045531 0.353491 0.600456 0.000110
0.974447 0.000379 0.013585 0.011095 0.000495
0.056748 0.095432 0.241884 0.605392 0.000544
0.026565 0.037351 0.250750 0.615062 0.070272
0.000000 0.339798 0.515792 0.014875 0.129535
0.696326 0.034554 0.050944 0.177007 0.041168
0.000061 0.187832 0.096508 0.715174 0.000424
0.040853 0.000000 0.410166 0.547496 0.001485
0.000000 0.043370 0.956630 0.000000 0.000000
0.007893 0.828518 0.076877 0.077917 0.008794
0.003922 0.000000 0.958484 0.017292 0.020303
0.000209 0.288098 0.651293 0.057470 0.002930
0.000932 0.794097 0.120327 0.013357 0.071287
0.004975 0.127383 0.164307 0.690974 0.012361
0.031366 0.069028 0.069694 0.675902 0.154010
0.971419 0.007611 0.012810 0.006944 0.001216
0.000195 0.247782 0.507360 0.057755 0.186908
0.970480 0.000019 0.023886 0.004903 0.000712
0.001383 0.081010 0.114202 0.789121 0.014284
0.642987 0.088277 0.048918 0.174690 0.045129
0.535234 0.072460 0.060044 0.266333 0.065929
0.935380 0.000067 0.032774 0.031585 0.000194
0.319455 0.079059 0.271320 0.306785 0.023381
0.000000 0.585131 0.047252 0.066218 0.301400
0.000000 0.126560 0.581130 0.034947 0.257363
0.001204 0.011936 0.976554 -0.000000 0.010306
0.933968 0.004566 0.034345 0.025148 0.001973
0.019759 0.099124 0.116413 0.760481 0.004224
0.000134 0.417789 0.133368 0.448368 0.000341
0.004204 0.247585 0.162054 0.584995 0.001162
0.000471 0.381789 0.146570 0.469293 0.001876
0.000157 0.018210 0.082644 0.152094 0.746894
0.005854 0.311502 0.217124 0.283647 0.181873
0.000018 0.017155 0.127984 0.024504 0.830339
0.002544 0.972865 0.021633 0.002679 0.000280
0.029059 0.200980 0.343364 0.425939 0.000657
0.014426 0.016792 0.118011 0.844830 0.005941
0.000113 0.099164 0.138618 0.761723 0.000383
0.006737 0.004819 0.323124 0.664690 0.000630
0.002540 0.969777 0.023136 0.004187 0.000360
0.000150 0.017278 0.081374 0.153397 0.747801
0.001406 0.015029 0.215417 0.765450 0.002697
0.005129 0.021705 0.064533 0.900819 0.007815
0.000000 0.005210 0.634751 0.172098 0.187940
0.037091 0.013546 0.171628 0.776229 0.001505
0.018947 0.118986 0.112482 0.745303 0.004281
0.000378 0.205421 0.752841 0.039541 0.001819
0.061347 0.040518 0.272469 0.624424 0.001241
0.952997 0.001492 0.016448 0.027097 0.001966
0.017627 0.001183 0.118579 0.862532 0.000078
0.007157 0.004854 0.068050 0.919815 0.000123
0.023022 0.023531 0.120617 0.451665 0.381164
0.000028 0.055141 0.155028 0.014131 0.775672
0.000000 0.331184 0.650366 0.018400 0.000050
0.000248 0.065954 0.062253 0.861427 0.010117
0.019826 0.040716 0.113167 0.824103 0.002187
0.007582 0.444677 0.150976 0.395934 0.000831
0.000000 0.037418 0.324135 0.620959 0.017488
0.000000 0.205892 0.686821 0.023660 0.083626
0.003721 0.006089 0.204477 0.784320 0.001394
0.093947 0.005163 0.532416 0.354139 0.014334
0.020953 0.003987 0.108514 0.840656 0.025890
0.003310 0.026295 0.968935 0.001312 0.000149
0.002882 0.957383 0.030353 0.008789 0.000592
0.005597 0.001888 0.059424 0.903828 0.029262
0.785768 0.061690 0.039994 0.090088 0.022461
0.000000 0.209876 0.634731 0.018596 0.136797
0.000032 0.006304 0.197277 0.028946 0.767442
0.007431 0.007401 0.912711 0.059029 0.013427
0.014354 0.766968 0.184243 0.034436 0.000000
0.245435 0.005372 0.665940 0.075593 0.007661
0.800595 0.050098 0.040148 0.088143 0.021016
0.041237 0.059466 0.142520 0.393689 0.363089
0.000000 0.030910 0.940602 0.008449 0.020039
0.052795 0.120337 0.684678 0.142190 0.000000
0.003302 0.026638 0.968576 0.001329 0.000155
0.000048 0.136594 0.090655 0.772263 0.000440
0.968932 0.000022 0.024362 0.005688 0.000995
0.002092 0.057879 0.591145 0.200737 0.148148
0.090534 0.185609 0.486125 0.233994 0.003739
0.003308 0.932156 0.044154 0.019249 0.001132
0.001924 0.008094 0.046558 0.935848 0.007577
0.003404 0.931559 0.044760 0.019155 0.001123
0.000978 0.368039 0.256593 0.081831 0.292559
0.003535 0.000000 0.932803 0.024058 0.039605
0.958793 0.001041 0.015700 0.022909 0.001558
0.001710 0.060514 0.880988 0.056789 0.000000
0.000000 0.043782 0.926046 0.009432 0.020740
0.014337 0.455071 0.196200 0.333728 0.000664
0.008054 0.493655 0.145660 0.351875 0.000757
0.007244 0.004678 0.343086 0.644488 0.000503
0.003128 0.330669 0.431691 0.060070 0.174441
0.000701 0.020112 0.122921 0.849625 0.006641
0.028771 0.000906 0.601146 0.345785 0.023392
0.000071 0.018050 0.040417 0.931442 0.010020
0.000098 0.010860 0.070553 0.162187 0.756302
0.001593 0.831808 0.054816 0.111732 0.000051
0.008368 0.011285 0.181416 0.724204 0.074727
0.000000 0.635991 0.039759 0.309329 0.014921
0.002519 0.000000 0.851770 0.039919 0.105792
0.940085 0.000452 0.032527 0.019088 0.007848
0.941123 0.000057 0.032050 0.026631 0.000139
0.002302 0.141175 0.840444 0.016079 0.000000
0.002878 0.000000 0.887092 0.035241 0.074789
0.002372 0.855805 0.078618 0.059873 0.003332
0.000000 0.080348 0.027181 0.280142 0.612329
0.001193 0.006639 0.355660 0.192881 0.443627
0.000391 0.438294 0.126918 0.432540 0.001857
0.044283 0.766742 0.047397 0.071595 0.069982
0.944101 0.001721 0.017675 0.033945 0.002559
0.978500 0.000271 0.013027 0.007978 0.000224
0.002826 0.003063 0.422159 0.558625 0.013328
0.971657 0.000017 0.023524 0.004305 0.000497
0.010657 0.173847 0.047041 0.522016 0.246439
0.132109 0.249825 0.166787 0.405663 0.045616
0.019928 0.001292 0.135565 0.835992 0.007222
0.190408 0.173053 0.202946 0.393762 0.039832
0.019666 0.010552 0.104078 0.832995 0.032709
0.000873 0.016165 0.181493 0.744473 0.056996
0.969673 0.000020 0.024135 0.005312 0.000860
0.011172 0.012863 0.099464 0.870231 0.006270
0.032256 0.153451 0.382631 0.423362 0.008300
0.000379 0.047157 0.329782 0.622542 0.000141
0.017763 0.336298 0.097827 0.543758 0.004354
0.006447 0.063019 0.670598 0.259935 0.000000
0.947515 0.001233 0.031149 0.019688 0.000415
0.004991 0.044990 0.618664 0.323188 0.008167
0.000000 0.137560 0.729960 0.029892 0.102588
0.932062 0.005918 0.018687 0.039689 0.003645
0.010717 0.669264 0.133369 0.186180 0.000470
0.000000 0.058658 0.857423 0.013867 0.070052
0.976576 0.000321 0.013292 0.009459 0.000352
0.052962 0.097675 0.228354 0.620345 0.000663
0.000000 0.134602 0.029650 0.257310 0.578437
0.002639 0.005581 0.814111 0.174704 0.002965
0.945813 0.000048 0.031458 0.022586 0.000095
0.002534 0.962857 0.026519 0.007550 0.000539
0.028268 0.138611 0.740450 0.090568 0.002103
0.013072 0.018991 0.105777 0.466536 0.395624
0.952740 0.000054 0.029340 0.013908 0.003957
0.003857 0.015915 0.057410 0.915121 0.007698
0.022533 0.017809 0.879327 0.080331 0.000000
0.000620 0.010107 0.082375 0.904672 0.002226
0.000000 0.091984 0.854534 0.013743 0.039738
0.210505 0.011550 0.418819 0.280050 0.079076
0.906077 0.006980 0.022203 0.059334 0.005407
0.000005 0.006304 0.074138 0.026582 0.892971
0.004188 0.248290 0.161823 0.584538 0.001161
0.000050 0.149467 0.090820 0.759225 0.000437
0.000518 0.021867 0.098860 0.871079 0.007676
0.000534 0.018903 0.430758 0.522637 0.027168
0.037754 0.079036 0.826906 0.055426 0.000877
0.002679 0.007469 0.050909 0.931532 0.007411
0.000000 0.084951 0.057113 0.293538 0.564399
0.002400 0.850539 0.081298 0.062302 0.003460
0.047999 0.134240 0.487003 0.330445 0.000313
0.977957 0.000285 0.013102 0.008396 0.000260
0.001270 0.248782 0.743944 0.004534 0.001471
0.003699 0.936712 0.043197 0.015477 0.000915
0.005875 0.003070 0.060257 0.900487 0.030311
0.059139 0.041114 0.264300 0.634048 0.001400
0.034588 0.024060 0.162857 0.776842 0.001652
0.019181 0.091333 0.056657 0.670568 0.162261
0.002655 0.249573 0.108479 0.625454 0.013840
0.005009 0.076144 0.063140 0.850423 0.005284
0.059607 0.008027 0.391491 0.502183 0.038693
0.932683 0.004715 0.034437 0.025979 0.002186
0.854803 0.020736 0.039118 0.070949 0.014394
0.002873 0.192429 0.175210 0.622500 0.006988
0.003713 0.015578 0.056596 0.916411 0.007703
0.003206 0.031242 0.963777 0.001544 0.000231
0.001081 0.000000 0.767268 0.066583 0.165067
0.007611 0.071423 0.072951 0.842917 0.005098
0.012809 0.613922 0.062990 0.309088 0.001191
0.073161 0.382049 0.455864 0.086465 0.002461
0.002467 0.000000 0.100106 0.889957 0.007470
0.040746 0.027985 0.230489 0.700604 0.000176
0.000000 0.150942 0.791882 0.013757 0.043419
0.000010 0.005759 0.097334 0.027183 0.869714
0.015291 0.001599 0.107298 0.875726 0.000086
0.004108 0.000000 0.970790 0.014029 0.011074
0.001413 0.015013 0.216351 0.764564 0.002658
0.004287 0.173673 0.052303 0.767607 0.002129
0.000000 0.203998 0.191180 0.578626 0.026197
0.805764 0.113198 0.031984 0.035453 0.013601
0.000298 0.005205 0.112294 0.822480 0.059723
0.925338 0.005566 0.034959 0.030731 0.003405
0.948232 0.000043 0.031153 0.020500 0.000072
0.000000 0.393768 0.606232 0.000000 0.000000
0.942496 0.001918 0.017870 0.035039 0.002678
0.003297 0.058386 0.057668 0.875240 0.005408
0.000000 0.061624 0.256406 0.659993 0.021977
0.000000 0.027380 0.960168 0.005891 0.006562
0.013447 0.001614 0.098393 0.886455 0.000091
0.004575 0.040209 0.238308 0.654125 0.062783
0.005964 0.012126 0.936342 0.039522 0.006046
0.002388 0.869012 0.072177 0.053436 0.002989
0.000010 0.019186 0.088574 0.023165 0.869065
0.000614 0.237129 0.186245 0.574013 0.001998
0.003235 0.010113 0.054018 0.925166 0.007469
0.035930 0.000936 0.206965 0.756135 0.000035
0.000366 0.062583 0.791454 0.000000 0.145597
0.971767 0.000016 0.023491 0.004249 0.000477
0.042183 0.563292 0.353067 0.040721 0.000737
0.001527 0.092525 0.583145 0.302124 0.020678
0.002545 0.973560 0.021294 0.002339 0.000262
0.005079 0.914163 0.058812 0.020802 0.001144
0.969606 0.000531 0.014248 0.014795 0.000819
0.000030 0.014429 0.187184 0.026422 0.771934
0.005009 0.042615 0.243425 0.646727 0.062224
0.001225 0.001258 0.074152 0.887279 0.036087
0.002375 0.003321 0.366918 0.605870 0.021516
0.002544 0.972432 0.021844 0.002890 0.000291
0.003121 0.012976 0.053279 0.922971 0.007654
0.933759 0.004591 0.034360 0.025283 0.002007
0.003501 0.014601 0.195444 0.784858 0.001597
0.013027 0.388984 0.198679 0.398532 0.000779
0.000398 0.093542 0.197235 0.661207 0.047618
0.978456 0.000272 0.013033 0.008012 0.000227
0.000548 0.064652 0.164163 0.088757 0.681880
0.002817 0.011910 0.051565 0.926064 0.007644
0.000026 0.006637 0.168418 0.028296 0.796624
0.005424 0.004031 0.241322 0.635276 0.113947
0.001922 0.489519 0.290529 0.049919 0.168110
0.034495 0.108783 0.765808 0.085655 0.005258
0.933835 0.004582 0.034355 0.025234 0.001995
0.933985 0.004564 0.034344 0.025136 0.001970
0.003610 0.360096 0.120904 0.479328 0.036062
0.007431 0.368073 0.163373 0.460191 0.000933
0.088048 0.200454 0.500268 0.141551 0.069678
0.002801 0.958761 0.029411 0.008450 0.000577
0.012769 0.801484 0.124444 0.061051 0.000253
0.006955 0.016638 0.071575 0.902461 0.002371
0.973016 0.000435 0.013779 0.012179 0.000591
0.001436 0.582399 0.224656 0.041147 0.150362
0.000000 0.026997 0.494998 0.471886 0.006120
0.000176 0.007275 0.092330 0.169470 0.730749
0.066455 0.001261 0.254410 0.670653 0.007222
0.002573 0.006758 0.967055 0.023614 0.000000
0.001437 0.592405 0.338746 0.067395 0.000017
0.008674 0.138892 0.073674 0.773743 0.005018
0.955892 0.000066 0.028337 0.012248 0.003457
0.013628 0.011038 0.362345 0.504346 0.108644
0.000000 0.243714 0.696837 0.013028 0.046422
0.000000 0.089880 0.129194 0.328533 0.452393
0.934204 0.005652 0.018426 0.038230 0.003487
0.000648 0.734284 0.139949 0.124158 0.000961
0.003983 0.001910 0.052691 0.941302 0.000114
0.003292 0.000000 0.913628 0.027878 0.055202
0.000017 0.019024 0.122608 0.023865 0.834486
0.127392 0.107604 0.508988 0.254271 0.001744
0.845158 0.005682 0.031078 0.108820 0.009262
0.095869 0.150229 0.537106 0.147859 0.068936
0.003272 0.862969 0.078051 0.052789 0.002919
0.870837 0.023091 0.037463 0.057311 0.011298
0.581617 0.076601 0.055581 0.228952 0.057250
0.000656 0.007244 0.216524 0.180105 0.595471
0.891217 0.009943 0.037334 0.052481 0.009026
0.008384 0.357043 0.445730 0.188833 0.000011
0.000000 0.045029 0.127348 0.797039 0.030585
0.014233 0.007590 0.086815 0.859612 0.031750
0.002095 0.032735 0.922632 0.042538 0.000000
0.000424 0.459453 0.130345 0.408002 0.001776
0.002518 0.953544 0.031045 0.012109 0.000783
0.015093 0.725189 0.066153 0.192615 0.000950
0.001432 0.000000 0.788275 0.060133 0.150161
0.000155 0.004545 0.094813 0.838668 0.061819
0.000335 0.477330 0.510362 0.011037 0.000937
0.279696 0.016880 0.143208 0.501312 0.058904
0.000601 0.004439 0.149449 0.791692 0.053820
0.002373 0.009817 0.955062 0.032748 0.000000
0.313036 0.052191 0.439017 0.162968 0.032789
0.001582 0.456839 0.204669 0.329939 0.006970
0.960570 0.000992 0.015455 0.021544 0.001439
0.002636 0.005598 0.813517 0.175246 0.003003
0.001410 0.020019 0.112997 0.863369 0.002205
0.000000 0.028803 0.957188 0.006202 0.007807
0.002657 0.005664 0.971916 0.019763 0.000000
0.971246 0.000460 0.014027 0.013560 0.000708
0.943564 0.000052 0.031742 0.024526 0.000116
0.165683 0.040916 0.710178 0.070924 0.012300
0.008731 0.806787 0.123583 0.057922 0.002977
0.000000 0.195160 0.659805 0.017770 0.127265
0.024888 0.029975 0.130431 0.812739 0.001967
0.002539 0.969382 0.023328 0.004381 0.000370
0.001204 0.011926 0.976594 -0.000000 0.010276
0.000000 0.084060 0.874314 0.011334 0.030291
0.005352 0.003192 0.061817 0.917935 0.011704
0.008968 0.862564 0.096939 0.030046 0.001483
0.001716 0.007039 0.490708 0.203790 0.296748
0.002654 0.005706 0.971730 0.019911 -0.000000
0.964878 0.000674 0.014896 0.018416 0.001136
0.000000 0.109669 0.755160 0.018381 0.116790
0.030748 0.209152 0.395446 0.236539 0.128114
0.033704 0.000951 0.196215 0.769091 0.000040
0.975710 0.000343 0.013412 0.010126 0.000410
0.005901 0.196243 0.684404 0.045981 0.067470
0.000329 0.361273 0.124331 0.511982 0.002084
0.645800 0.072689 0.050585 0.184692 0.046233
0.948494 0.000043 0.031120 0.020274 0.000069
0.035100 0.061270 0.299414 0.599199 0.005016
0.000000 0.292950 0.035635 0.190042 0.481373
0.000000 0.242048 0.045874 0.217941 0.494137
0.010171 0.130696 0.619130 0.238777 0.001226
0.002719 0.003122 0.409115 0.569784 0.015260
0.025303 0.345161 0.291883 0.337096 0.000557
0.000157 0.058140 0.172163 0.769196 0.000345
0.978395 0.000274 0.013041 0.008059 0.000231
0.968880 0.000535 0.014350 0.015368 0.000867
0.000000 0.233138 0.550171 0.024732 0.191959
0.005999 0.824552 0.105886 0.060348 0.003214
0.926652 0.000105 0.037363 0.027154 0.008727
0.000577 0.017573 0.145023 0.773600 0.063228
0.003615 0.002095 0.053033 0.929834 0.011423
0.672557 0.092569 0.045870 0.149578 0.039425
0.948760 0.007395 0.016067 0.025109 0.002670
0.045060 0.116446 0.124168 0.694961 0.019364
0.032226 0.000000 0.340479 0.624466 0.002829
0.000000 0.132297 0.579309 0.034414 0.253980
0.000000 0.035051 0.925059 0.009594 0.030296
0.002537 0.967891 0.024054 0.005109 0.000409
0.066180 0.013444 0.424054 0.493454 0.002867
0.933860 0.004579 0.034353 0.025218 0.001990
0.000050 0.065628 0.096717 0.837162 0.000442
0.335284 0.043648 0.318329 0.300033 0.002707
0.003710 0.014604 0.060907 0.918331 0.002447
0.006226 0.040198 0.300107 0.395616 0.257853
0.002344 0.001538 0.044772 0.951230 0.000116
0.956320 0.000049 0.028235 0.012083 0.003312
0.006024 0.214551 0.429553 0.345850 0.004022
0.971538 0.000017 0.023561 0.004365 0.000519
0.018898 0.352324 0.457758 0.170942 0.000078
0.000090 0.277653 0.110963 0.610903 0.000392
0.083371 0.060930 0.280371 0.558608 0.016720
0.000418 0.045282 0.357175 0.597020 0.000105
0.004631 0.075092 0.061796 0.853170 0.005312
0.000445 0.500836 0.129529 0.367521 0.001668
0.001203 0.123255 0.299337 0.574671 0.001534
0.933917 0.004572 0.034349 0.025181 0.001981
0.933975 0.004566 0.034345 0.025143 0.001971
0.000977 0.834573 0.111138 0.006213 0.047100
0.933904 0.004574 0.034350 0.025189 0.001983
0.002341 0.074174 0.114840 0.793665 0.014980
0.000249 0.066132 0.062283 0.861217 0.010119
0.002587 0.010957 0.050279 0.928549 0.007629
0.000053 0.005847 0.061047 0.168964 0.764089
0.000020 0.014511 0.136888 0.025433 0.823148
0.003678 0.066565 0.058687 0.865690 0.005380
0.001710 0.007034 0.489178 0.203666 0.298412
0.978682 0.000266 0.013002 0.007838 0.000212
0.962722 0.000683 0.015201 0.020117 0.001277
0.000115 0.273029 0.128740 0.597748 0.000369
0.000000 0.447462 0.482445 0.004779 0.065314
0.151596 0.025694 0.401483 0.264493 0.156734
0.003726 0.014579 0.060960 0.918289 0.002446
0.161163 0.044514 0.700572 0.077272 0.016479
0.969603 0.007594 0.013071 0.008399 0.001333
0.000161 0.018627 0.083621 0.151546 0.746044
0.000084 0.257668 0.108095 0.633754 0.000398
0.977589 0.000295 0.013152 0.008679 0.000285
0.119337 0.445634 0.136363 0.287891 0.010774
0.005873 0.012949 0.931365 0.042242 0.007570
0.003128 0.012814 0.053326 0.923089 0.007643
0.955155 0.001224 0.016186 0.025627 0.001807
0.003231 0.001518 0.049055 0.946082 0.000114
0.978174 0.000279 0.013072 0.008229 0.000246
0.000099 0.007279 0.514665 0.034759 0.443198
0.948490 0.000043 0.031121 0.020277 0.000069
0.002556 0.009218 0.050148 0.930545 0.007534
0.021505 0.001214 0.489612 0.438272 0.049397
0.002529 0.961626 0.027109 0.008164 0.000572
0.000377 0.006574 0.073009 0.917816 0.002224
0.000035 0.014260 0.207297 0.026857 0.751552
0.033585 0.005287 0.228260 0.730869 0.001999
0.824103 0.115962 0.030081 0.019800 0.010053
0.000864 0.841600 0.148597 0.008935 0.000005
0.672532 0.042506 0.052000 0.188379 0.044583
0.971767 0.000016 0.023491 0.004249 0.000477
0.029425 0.178191 0.349910 0.441796 0.000679
0.007287 0.004205 0.068669 0.919720 0.000119
0.165858 0.040777 0.710549 0.070679 0.012138
0.000561 0.017223 0.143069 0.775870 0.063277
0.004078 0.238383 0.162793 0.593569 0.001177
0.960830 0.000975 0.015421 0.021354 0.001421
0.032831 0.179678 0.373373 0.413519 0.000599
0.086459 0.005630 0.501715 0.386599 0.019597
0.933618 0.004607 0.034370 0.025374 0.002031
0.000000 0.108146 0.869952 0.021858 0.000044
0.002317 0.001781 0.195226 0.683401 0.117276
0.041673 0.150506 0.440081 0.367304 0.000436
0.000000 0.285124 0.648608 0.013932 0.052335
0.000139 0.102257 0.157149 0.740097 0.000358
0.002533 0.964960 0.025481 0.006540 0.000486
0.000415 0.045400 0.355425 0.598652 0.000107
0.830367 0.040836 0.038742 0.073382 0.016672
0.003189 0.090225 0.628180 0.155029 0.123378
0.007244 0.004678 0.343060 0.644515 0.000503
0.009122 0.004621 0.070583 0.885004 0.030671
0.978471 0.000272 0.013031 0.008001 0.000226
0.001535 0.077654 0.858267 0.062544 0.000000
0.000137 0.114015 0.154675 0.730813 0.000359
0.000023 0.064219 0.077293 0.857997 0.000468
0.047328 0.004692 0.161846 0.785975 0.000159
0.029394 0.041125 0.261583 0.598403 0.069495
0.009632 0.495889 0.263644 0.230835 0.000000
0.000000 0.108377 0.850587 0.010892 0.030145
0.000063 0.018075 0.039389 0.932410 0.010063
0.000137 0.104792 0.155422 0.739290 0.000360
0.004091 0.017682 0.058701 0.911765 0.007760
0.969423 0.000021 0.024211 0.005439 0.000905
0.977897 0.000287 0.013110 0.008442 0.000264
0.947724 0.000158 0.030705 0.016140 0.005273
0.975259 0.000356 0.013473 0.010471 0.000440
0.561272 0.003300 0.202084 0.223825 0.009518
0.913824 0.006236 0.021226 0.053864 0.004850
0.002320 0.001781 0.195276 0.683359 0.117264
0.978206 0.000279 0.013067 0.008204 0.000244
0.978134 0.000280 0.013077 0.008260 0.000248
0.935645 0.001445 0.018923 0.040900 0.003088
0.012655 0.794160 0.124938 0.067982 0.000265
0.933989 0.004564 0.034344 0.025134 0.001969
0.002370 0.001789 0.196032 0.682690 0.117119
0.003766 0.014585 0.061092 0.918112 0.002445
0.000110 0.007479 0.565698 0.035682 0.391031
0.000455 0.109069 0.849775 0.039115 0.001585
0.000053 0.005779 0.060956 0.169060 0.764154
0.000956 0.016211 0.156389 0.821274 0.005171
0.873188 0.006652 0.026933 0.085713 0.007515
0.006389 0.000959 0.147387 0.817186 0.028079
0.114695 0.021570 0.717099 0.145916 0.000720
0.041484 0.058399 0.858932 0.040808 0.000377
0.000017 0.019577 0.119207 0.023641 0.837559
0.119683 0.131340 0.179791 0.515860 0.053326
0.015734 0.015256 0.210757 0.687346 0.070907
0.222864 0.179705 0.401586 0.185900 0.009944
0.012494 0.051073 0.088394 0.845571 0.002468
0.000000 0.044167 0.926086 0.009337 0.020410
0.001413 0.015013 0.216331 0.764584 0.002659
0.067551 0.007123 0.424139 0.468204 0.032984
0.057174 0.154032 0.490058 0.294519 0.004218
0.014647 0.340481 0.162492 0.472080 0.010301
0.964366 0.007544 0.013824 0.012598 0.001669
0.056568 0.105018 0.714446 0.123967 0.000000
0.032102 0.780839 0.127319 0.057197 0.002543
0.974409 0.000383 0.013590 0.011121 0.000497
0.978462 0.000272 0.013032 0.008007 0.000226
0.000012 0.022404 0.094288 0.022352 0.860945
0.000193 0.111676 0.194225 0.693598 0.000308
0.000621 0.038553 0.940159 0.020217 0.000450
0.002201 0.022295 0.143987 0.829466 0.002051
0.002215 0.809103 0.135440 0.051671 0.001571
0.948632 0.000118 0.030498 0.015807 0.004945
0.004513 0.157349 0.784472 0.053662 0.000005
0.000000 0.077252 0.027059 0.281454 0.614235
0.563901 0.003261 0.202623 0.221126 0.009088
0.004748 0.452750 0.136130 0.395403 0.010970
0.002602 0.000000 0.101192 0.888766 0.007440
0.051260 0.271209 0.079194 0.462434 0.135904
0.971656 0.000017 0.023525 0.004305 0.000497
0.026817 0.033514 0.252520 0.618224 0.068925
0.932407 0.004747 0.034456 0.026158 0.002232
0.036368 0.087607 0.814368 0.060600 0.001057
0.003719 0.002153 0.053562 0.929130 0.011435
0.963246 0.001355 0.015015 0.019093 0.001292
0.227320 0.015212 0.657769 0.096724 0.002975
0.001966 0.715030 0.147026 0.133277 0.002700
0.001177 0.004242 0.220048 0.731090 0.043443
0.000000 0.028856 0.957077 0.006214 0.007853
0.002529 0.916084 0.049499 0.030145 0.001743
0.895193 0.001158 0.037762 0.065022 0.000865
0.930257 0.005386 0.019032 0.041602 0.003723
0.024440 0.064160 0.135324 0.772186 0.003890
0.895491 0.009914 0.036973 0.049354 0.008268
0.000387 0.052976 0.080766 0.856794 0.009077
0.867423 0.003326 0.028306 0.093298 0.007647
0.934291 0.000448 0.034337 0.022080 0.008844
0.011517 0.535093 0.162502 0.290264 0.000625
0.010412 0.316645 0.171685 0.468200 0.033058
0.001361 0.015132 0.209471 0.771090 0.002946
0.006759 0.404301 0.152330 0.435708 0.000902
0.874804 0.011448 0.038549 0.063408 0.011791
0.001636 0.944088 0.032852 0.021409 0.000015
0.903422 0.008537 0.036465 0.044578 0.006999
0.006575 0.004830 0.258430 0.617565 0.112600
0.977864 0.000287 0.013115 0.008467 0.000266
0.000125 0.139932 0.144387 0.715188 0.000369
0.001373 0.015105 0.211028 0.769614 0.002881
0.000006 0.011269 0.074447 0.025164 0.889113
0.000635 0.034904 0.945683 0.018429 0.000349
0.966108 0.000591 0.014735 0.017515 0.001051
0.005206 0.062269 0.064524 0.862730 0.005271
0.002546 0.973874 0.021142 0.002185 0.000253
0.406324 0.042045 0.313313 0.227272 0.011046
0.978682 0.000266 0.013002 0.007838 0.000212
0.000000 0.550666 0.045881 0.080824 0.322629
0.001148 0.015614 0.181639 0.797487 0.004111
0.880448 0.011984 0.038002 0.058834 0.010732
0.000060 0.064562 0.103706 0.831239 0.000433
0.013923 0.020430 0.106845 0.464095 0.394707
0.002639 0.005582 0.814079 0.174732 0.002967
0.002388 0.370604 0.362952 0.063178 0.200879
0.001850 0.393937 0.602236 0.001362 0.000614
0.000016 0.030963 0.110452 0.020208 0.838361
0.978468 0.000272 0.013031 0.008003 0.000226
0.000425 0.010036 0.155530 0.170679 0.663330
0.953320 0.000074 0.029122 0.013542 0.003942
0.002538 0.968365 0.023824 0.004876 0.000397
0.002543 0.971888 0.022108 0.003156 0.000305
0.000000 0.033564 0.947228 0.007242 0.011966
0.000262 0.030677 0.104619 0.135100 0.729342
0.000000 0.104960 0.728725 0.166189 0.000126
0.002539 0.969572 0.023236 0.004288 0.000366
0.019771 0.164848 0.107626 0.706115 0.001640
0.941231 0.005061 0.017526 0.033194 0.002988
0.971659 0.000017 0.023524 0.004304 0.000497
0.002575 0.917180 0.049109 0.029434 0.001703
0.946757 0.002963 0.017090 0.030712 0.002477
0.000000 0.726864 0.033077 0.228675 0.011384
0.000110 0.007475 0.564592 0.035662 0.392162
0.000085 0.008708 0.067998 0.165227 0.757983
0.107756 0.015541 0.108426 0.682579 0.085697
0.029822 0.171832 0.627122 0.171161 0.000063
0.000005 0.009464 0.070599 0.025608 0.894324
0.023459 0.017324 0.263234 0.690915 0.005067
0.000000 0.396089 0.498262 0.009606 0.096042
0.057752 0.041489 0.259171 0.640088 0.001500
0.002775 0.938208 0.039428 0.018478 0.001112
0.014924 0.367930 0.215591 0.400792 0.000763
0.047958 0.200309 0.199285 0.549879 0.002569
0.000000 0.080492 0.304578 0.596178 0.018753
0.978618 0.000268 0.013011 0.007887 0.000216
0.016337 0.008754 0.093500 0.849272 0.032137
0.000547 0.017665 0.102816 0.871549 0.007424
0.000022 0.064252 0.076821 0.858436 0.000469
0.806763 0.113349 0.031880 0.034600 0.013408
0.001413 0.015013 0.216367 0.764549 0.002658
0.000032 0.085018 0.082588 0.831904 0.000458
0.001050 0.321061 0.159508 0.506958 0.011422
0.006100 0.001164 0.062909 0.929722 0.000105
0.021362 0.097279 0.099734 0.271841 0.509784
0.039268 0.584342 0.333151 0.042302 0.000937
0.001324 0.270654 0.722501 0.004149 0.001372
0.000000 0.131585 0.602925 0.031965 0.233525
0.000926 0.141604 0.249855 0.605792 0.001823
0.038291 0.564430 0.052142 0.220418 0.124719
0.867554 0.000268 0.055446 0.057003 0.019729
0.933134 0.004663 0.034405 0.025687 0.002111
0.002459 0.850115 0.081702 0.062267 0.003456
0.954272 0.000461 0.028094 0.011761 0.005411
0.688096 0.000599 0.063959 0.244775 0.002570
0.004100 0.014868 0.058840 0.914596 0.007596
0.000013 0.006584 0.107777 0.027147 0.858479
0.978677 0.000266 0.013003 0.007842 0.000212
0.015593 0.014059 0.124785 0.839980 0.005583
0.000000 0.665630 0.199226 0.114434 0.020710
0.000000 0.102773 0.230471 0.375051 0.291705
0.971383 0.007611 0.012816 0.006972 0.001219
0.024215 0.307543 0.024253 0.359066 0.284924
0.016645 0.402088 0.221576 0.359012 0.000680
0.000044 0.007382 0.254041 0.029726 0.708807
0.002543 0.972171 0.021970 0.003018 0.000298
0.971740 0.000016 0.023499 0.004263 0.000482
0.566189 0.003227 0.203093 0.218778 0.008713
0.004116 0.391721 0.127758 0.464571 0.011835
0.000024 0.069958 0.077577 0.851974 0.000467
0.000013 0.006234 0.109290 0.027277 0.857186
0.007858 0.004151 0.066557 0.890774 0.030660
0.000829 0.074768 0.084188 0.823883 0.016331
0.002491 0.440161 0.232268 0.320170 0.004910
0.099044 0.107884 0.174767 0.560499 0.057806
0.000092 0.010485 0.069115 0.162633 0.757675
0.000000 0.031109 0.939849 0.008505 0.020537
0.950510 0.000438 0.029309 0.013773 0.005970
0.029707 0.000876 0.615508 0.333839 0.020071
0.000077 0.007095 0.066686 0.167556 0.758586
0.000027 0.064034 0.080023 0.855452 0.000464
0.001389 0.015068 0.213200 0.767552 0.002790
0.944580 0.000050 0.031614 0.023650 0.000106
0.000032 0.063103 0.169799 0.012131 0.754935
0.887139 0.010560 0.037606 0.055008 0.009688
0.007455 0.000000 0.140567 0.844328 0.007650
0.008710 0.521351 0.145366 0.323867 0.000706
0.919466 0.000435 0.038976 0.029749 0.011374
0.418906 0.005767 0.172851 0.369525 0.032951
0.017615 0.013381 0.485478 0.321741 0.161785
0.014146 0.033508 0.508099 0.442801 0.001446
0.003907 0.303200 0.499456 0.054447 0.138991
0.001204 0.011922 0.976610 0.000000 0.010264
0.025215 0.001008 0.155219 0.818498 0.000060
0.000000 0.400835 0.039931 0.144325 0.414909
0.002233 0.427769 0.333410 0.055906 0.180681
0.978680 0.000266 0.013002 0.007840 0.000212
0.066545 0.468631 0.339217 0.073079 0.052528
0.037307 0.643630 0.047328 0.165118 0.106617
0.030274 0.000857 0.624212 0.326599 0.018058
0.011223 0.002746 0.331045 0.565199 0.089787
0.098263 0.004897 0.550107 0.335432 0.011302
0.430704 0.037175 0.324251 0.200551 0.007319
0.012090 0.049767 0.087114 0.848559 0.002470
0.002545 0.973513 0.021317 0.002361 0.000263
0.041974 0.013594 0.806459 0.136462 0.001511
0.054724 0.042328 0.247971 0.653260 0.001717
0.000003 0.005504 0.063567 0.026608 0.904318
0.035966 0.000935 0.207139 0.755926 0.000035
0.008805 0.059626 0.077914 0.848642 0.005013
0.003146 0.297787 0.114938 0.570966 0.013163
0.882299 0.016668 0.037271 0.053842 0.009920
0.005160 0.235015 0.052678 0.705138 0.002009
0.000000 0.410225 0.554732 0.005681 0.029362
0.966304 0.000587 0.014708 0.017364 0.001038
0.001320 0.121899 0.090705 0.770415 0.015661
0.000425 0.567533 0.353385 0.015335 0.063323
0.033678 0.049252 0.170076 0.743767 0.003227
0.891164 0.000416 0.047819 0.044366 0.016235
0.043888 0.157790 0.118959 0.660443 0.018920
0.000081 0.007202 0.067763 0.167485 0.757469
0.035524 0.011288 0.644540 0.299589 0.009060
0.845789 0.016475 0.040409 0.080891 0.016436
0.001816 0.903697 0.043316 0.051145 0.000026
0.000339 0.062718 0.786845 0.000000 0.150098
0.952867 0.000460 0.028533 0.012487 0.005653
0.002563 0.006889 0.966489 0.024059 0.000000
0.978652 0.000267 0.013006 0.007861 0.000214
0.000972 0.023962 0.927068 0.000000 0.047998
0.959554 0.007497 0.014516 0.016455 0.001977
0.014666 0.701277 0.255905 0.028124 0.000028
0.000000 0.028017 0.958833 0.006030 0.007120
0.006992 0.248141 0.181379 0.562391 0.001098
0.010748 0.000983 0.089123 0.890029 0.009118
0.000000 0.061362 0.829297 0.016548 0.092793
0.000069 0.019905 0.040109 0.929846 0.010072
0.000829 0.074667 0.084188 0.823983 0.016332
0.204300 0.469072 0.280184 0.034553 0.011890
0.042239 0.730703 0.047375 0.098974 0.080708
0.036873 0.000929 0.211522 0.750644 0.000033
0.976531 0.000322 0.013298 0.009494 0.000355
0.004350 0.845608 0.090122 0.056828 0.003092
0.001522 0.014335 0.117666 0.864398 0.002078
0.003336 0.025099 0.970186 0.001251 0.000128
0.000988 0.017685 0.096519 0.882540 0.002268
0.000289 0.073148 0.067413 0.849096 0.010053
0.019403 0.005957 0.146888 0.823288 0.004463
0.034264 0.005257 0.232155 0.726443 0.001881
0.000837 0.074604 0.084369 0.823864 0.016325
0.041799 0.287034 0.379108 0.186951 0.105108
0.011060 0.830470 0.119582 0.037111 0.001776
0.133181 0.181580 0.177717 0.458803 0.048720
0.000260 0.030418 0.104076 0.135446 0.729801
0.000000 0.000000 0.049841 0.581401 0.368758
0.000634 0.019450 0.151798 0.764622 0.063497
0.023095 0.016473 0.886472 0.073960 0.000000
0.015174 0.050835 0.376339 0.554049 0.003603
0.008079 0.000000 0.145631 0.838604 0.007686
0.003022 0.954289 0.032334 0.009718 0.000636
0.970162 0.000536 0.014168 0.014350 0.000784
0.000006 0.010878 0.073581 0.025259 0.890275
0.037080 0.014528 0.171545 0.775335 0.001513
0.563804 0.003263 0.202604 0.221226 0.009104
0.000509 0.060004 0.156003 0.095096 0.688389
0.028275 0.212022 0.335964 0.423078 0.000661
0.000167 0.049669 0.052107 0.887860 0.010197
0.017036 0.033208 0.236455 0.707716 0.005584
0.011479 0.009287 0.330592 0.538332 0.110310
0.084556 0.010169 0.493501 0.409873 0.001901
0.000194 0.056131 0.055469 0.878013 0.010193
0.011307 0.707128 0.130833 0.150324 0.000408
0.000826 0.018010 0.139336 0.835912 0.005916
0.978682 0.000266 0.013002 0.007838 0.000212
0.976340 0.000327 0.013325 0.009640 0.000368
0.002546 0.973877 0.021140 0.002184 0.000253
0.023156 0.096165 0.121724 0.756454 0.002500
0.011644 0.521361 0.062967 0.402660 0.001368
0.115577 0.021096 0.720009 0.142656 0.000661
0.004047 0.014607 0.058538 0.915219 0.007590
0.023515 0.154070 0.408026 0.270611 0.143779
0.002115 0.083221 0.460119 0.454003 0.000542
0.081391 0.003412 0.205456 0.709611 0.000130
0.010728 0.055156 0.085209 0.844032 0.004875
0.012758 0.800779 0.124491 0.061718 0.000254
0.001819 0.367875 0.237248 0.385274 0.007783
0.328145 0.006968 0.154259 0.462868 0.047761
0.016819 0.001560 0.114676 0.866863 0.000082
0.000604 0.071296 0.175829 0.079696 0.672576
0.006831 0.027107 0.270194 0.637762 0.058105
0.000135 0.017904 0.048845 0.923449 0.009667
0.004136 0.901677 0.061854 0.030629 0.001705
0.000141 0.439298 0.136819 0.423409 0.000333
0.000469 0.008314 0.076516 0.912469 0.002232
0.000035 0.069131 0.180983 0.010617 0.739233
0.012368 0.820578 0.128738 0.036619 0.001698
0.000000 0.354069 0.511281 0.013547 0.121104
0.009844 0.135816 0.604523 0.248356 0.001461
0.022071 0.005804 0.162197 0.805929 0.003998
0.000000 0.087528 0.257465 0.651908 0.003099
0.002540 0.969634 0.023206 0.004257 0.000364
0.478072 0.078413 0.176048 0.218523 0.048945
0.013758 0.484497 0.186997 0.314109 0.000639
0.015058 0.006168 0.121959 0.851596 0.005219
0.000186 0.071684 0.191739 0.736074 0.000317
0.000003 0.005691 0.063281 0.026549 0.904475
0.014283 0.269459 0.088165 0.623486 0.004608
0.000395 0.049083 0.082033 0.859546 0.008943
0.003146 0.941628 0.038965 0.015331 0.000930
0.017678 0.022488 0.482780 0.312777 0.164277
0.000000 0.137128 0.730460 0.029883 0.102530
0.975403 0.000351 0.013454 0.010361 0.000431
0.043941 0.760701 0.047393 0.076185 0.071781
0.060569 0.040728 0.269590 0.627815 0.001297
0.001526 0.344360 0.214877 0.432558 0.006679
0.012173 0.013091 0.228269 0.703443 0.043024
0.000199 0.062509 0.201480 0.735507 0.000306
0.000000 0.396778 0.498023 0.009545 0.095654
0.000496 0.034308 0.095683 0.861445 0.008068
0.933887 0.004576 0.034351 0.025200 0.001986
0.004758 0.076269 0.062209 0.851462 0.005302
0.881422 0.005747 0.025913 0.080003 0.006915
0.001624 0.006768 0.044881 0.939175 0.007551
0.000000 0.036836 0.409851 0.180443 0.372869
0.051471 0.125887 0.512649 0.309748 0.000245
0.952786 0.002402 0.016327 0.026440 0.002046
0.882021 0.000382 0.050728 0.049181 0.017687
0.852407 0.001087 0.043171 0.102105 0.001230
0.001775 0.001741 0.081909 0.878353 0.036222
0.002223 0.003402 0.348321 0.621785 0.024269
0.000000 0.039634 0.326867 0.616195 0.017304
0.976802 0.000315 0.013261 0.009285 0.000337
0.029090 0.093801 0.151055 0.722500 0.003554
0.000094 0.023335 0.043350 0.923212 0.010009
0.971747 0.000016 0.023497 0.004259 0.000481
0.000148 0.460312 0.140174 0.399041 0.000326
0.007862 0.452922 0.151478 0.386924 0.000814
0.000162 0.006132 0.089090 0.170924 0.733692
0.004538 0.155412 0.787057 0.052989 0.000004
0.002536 0.967343 0.024322 0.005375 0.000424
0.001284 0.004651 0.233109 0.719134 0.041821
0.000794 0.042112 0.853608 0.103486 0.000000
0.511763 0.083991 0.182217 0.176476 0.045552
0.486178 0.065059 0.065134 0.308210 0.075419
0.046356 0.168702 0.078983 0.493935 0.212024
0.025881 0.002248 0.134470 0.837240 0.000161
0.002292 0.741349 0.160539 0.093051 0.002769
0.000051 0.071675 0.096894 0.830938 0.000441
0.010094 0.122837 0.638891 0.226466 0.001712
0.042291 0.562516 0.353801 0.040663 0.000730
0.002746 0.007344 0.051297 0.931220 0.007393
0.006019 0.192454 0.694544 0.045071 0.061912
0.093888 0.009022 0.528685 0.366988 0.001417
0.000727 0.677225 0.245754 0.076274 0.000021
0.005950 0.278097 0.053568 0.660466 0.001918
0.002366 0.850963 0.080980 0.062232 0.003458
0.025834 0.002084 0.134413 0.837509 0.000160
0.000315 0.299952 0.128255 0.569254 0.002224
0.014598 0.001494 0.383594 0.526232 0.074081
0.034482 0.180936 0.067218 0.567749 0.149616
0.003142 0.012710 0.053409 0.923104 0.007635
0.047569 0.135200 0.483836 0.333073 0.000322
0.029836 0.031178 0.265316 0.607525 0.066144
0.022154 0.229011 0.542183 0.206564 0.000087
0.000000 0.456899 0.479545 0.003892 0.059665
0.106553 0.502745 0.170260 0.118278 0.102165
0.001945 0.118869 0.842607 0.036579 0.000000
0.002493 0.938282 0.038466 0.019578 0.001182
0.054122 0.119566 0.532229 0.293889 0.000193
0.978514 0.000271 0.013025 0.007967 0.000223
0.978681 0.000266 0.013002 0.007838 0.000212
0.000036 0.070026 0.182644 0.010393 0.736901
0.000000 0.442191 0.484065 0.005275 0.068469
0.000071 0.216090 0.101273 0.682153 0.000414
0.000073 0.198586 0.104212 0.696716 0.000412
0.950020 0.007405 0.015886 0.024100 0.002589
0.216216 0.018456 0.644930 0.115431 0.004967
0.044358 0.768049 0.047398 0.070602 0.069593
0.104703 0.230353 0.158323 0.455618 0.051004
0.000476 0.014583 0.133027 0.788941 0.062973
0.003008 0.690039 0.075394 0.105953 0.125606
0.032099 0.780784 0.127323 0.057249 0.002544
0.080121 0.070246 0.117391 0.613005 0.119236
0.007952 0.645671 0.306651 0.039721 0.000005
0.000000 0.620836 0.039571 0.323957 0.015636
0.005422 0.248461 0.053011 0.691126 0.001980
0.000032 0.008295 0.197788 0.028385 0.765500
0.005901 0.342688 0.157174 0.493238 0.001001
0.005025 0.387477 0.336669 0.227211 0.043617
0.971277 0.000465 0.014021 0.013530 0.000706
0.003201 0.013386 0.053727 0.922022 0.007664
0.045441 0.045353 0.213614 0.693209 0.002383
0.002679 0.067128 0.926960 0.002611 0.000622
0.000805 0.000000 0.752412 0.071905 0.174878
0.037066 0.600245 0.318108 0.043493 0.001087
0.032134 0.047634 0.130407 0.415842 0.373984
0.000110 0.007479 0.565630 0.035680 0.391100
0.005454 0.200919 0.463632 0.329977 0.000018
0.098471 0.004884 0.550959 0.334531 0.011156
0.965892 0.000028 0.025297 0.007232 0.001551
0.003132 0.000000 0.905595 0.031042 0.060231
0.001119 0.030245 0.557578 0.240869 0.170190
0.039474 0.027109 0.224337 0.708906 0.000174
0.001574 0.142655 0.094342 0.746097 0.015332
0.000257 0.077570 0.062985 0.848858 0.010330
0.813918 0.041274 0.040092 0.085162 0.019554
0.006527 0.290439 0.055065 0.646088 0.001881
0.008531 0.033471 0.076044 0.879504 0.002450
0.780744 0.100120 0.035719 0.064019 0.019399
0.002546 0.973869 0.021144 0.002188 0.000253
0.973091 0.000412 0.013772 0.012139 0.000585
0.007243 0.004678 0.343047 0.644528 0.000503
0.933119 0.005568 0.018595 0.039167 0.003551
0.003473 0.075900 0.175864 0.732771 0.011992
0.009008 0.034599 0.077574 0.876374 0.002445
0.003227 0.737421 0.068902 0.086083 0.104366
0.578411 0.000709 0.077802 0.339491 0.003588
0.000015 0.029240 0.107078 0.020637 0.843029
0.007775 0.598715 0.182810 0.210627 0.000073
0.934379 0.000090 0.034986 0.023230 0.007315
0.066932 0.001257 0.255939 0.668822 0.007050
0.000000 0.136793 0.804601 0.014245 0.044362
0.068637 0.483910 0.335879 0.063481 0.048093
0.000651 0.076882 0.185638 0.072078 0.664752
0.017529 0.005765 0.097460 0.850426 0.028820
0.000000 0.415607 0.492243 0.007773 0.084376
0.000195 0.058315 0.055495 0.875758 0.010237
0.000041 0.006529 0.241691 0.029734 0.722005
0.025863 0.000906 0.165590 0.802005 0.005636
0.000010 0.016861 0.087783 0.023817 0.871530
0.000841 0.014831 0.090872 0.891202 0.002254
0.003378 0.006797 0.190988 0.797346 0.001490
0.015161 0.001339 0.106669 0.876746 0.000085
0.036959 0.008925 0.813780 0.140245 0.000091
0.977875 0.000287 0.013113 0.008459 0.000266
0.000415 0.045406 0.355333 0.598738 0.000107
0.018897 0.196040 0.103139 0.680304 0.001621
0.001722 0.007199 0.045426 0.938094 0.007560
0.001116 0.034572 0.209154 0.689892 0.065266
0.002948 0.153737 0.181762 0.654574 0.006979
0.028282 0.023053 0.578840 0.272288 0.097537
0.015113 0.475888 0.303875 0.205074 0.000050
0.000398 0.530635 0.371175 0.020225 0.077567
0.765581 0.107107 0.036157 0.069778 0.021377
0.029766 0.005457 0.206347 0.755768 0.002662
0.000000 0.027306 0.960322 0.005875 0.006498
0.000000 0.186359 0.654815 0.019425 0.139401
0.000000 0.159267 0.578734 0.031048 0.230951
0.000055 0.006093 0.061335 0.168617 0.763901
0.802442 0.112693 0.032329 0.038292 0.014244
0.943163 0.000053 0.031793 0.024872 0.000120
0.000000 0.271017 0.536884 0.021347 0.170751
0.005782 0.209914 0.055997 0.726281 0.002026
0.000118 0.034425 0.046186 0.909147 0.010124
0.000000 0.956544 0.018488 0.022744 0.002224
0.007687 0.044066 0.472477 0.474803 0.000967
0.000126 0.133597 0.145886 0.720023 0.000368
0.068451 0.357081 0.450431 0.121183 0.002854
0.854428 0.001078 0.042916 0.100369 0.001209
0.978609 0.000268 0.013012 0.007894 0.000217
0.002414 0.884817 0.064493 0.045700 0.002576
0.000712 0.142967 0.846883 0.007220 0.002218
0.977768 0.000290 0.013128 0.008542 0.000273
0.011253 0.003293 0.087816 0.897532 0.000105
0.006233 0.379338 0.153055 0.460428 0.000946
0.000000 0.760567 0.046098 0.184753 0.008582
0.585061 0.051847 0.058317 0.245590 0.059185
0.033892 0.012005 0.623289 0.318977 0.011836
0.001023 0.015904 0.165167 0.813106 0.004800
0.963619 0.001288 0.014973 0.018857 0.001263
0.219842 0.000833 0.382641 0.396660 0.000024
0.001744 0.154306 0.096941 0.731887 0.015123
0.000112 0.031684 0.045477 0.912632 0.010096
0.000000 0.436306 0.232490 0.325633 0.005571
0.978654 0.000267 0.013006 0.007859 0.000214
0.010341 0.002073 0.083400 0.904084 0.000100
0.000108 0.007448 0.557681 0.035537 0.399226
0.001715 0.007038 0.490513 0.203774 0.296960
0.002134 0.014327 0.940051 0.043487 -0.000000
0.006446 0.616654 0.158642 0.209612 0.008646
0.001364 0.762745 0.065665 0.170150 0.000076
0.964517 0.000468 0.024894 0.006471 0.003650
0.004682 0.041272 0.239474 0.651895 0.062677
0.009859 0.532634 0.217058 0.133656 0.106793
0.000181 0.077460 0.187867 0.734171 0.000321
0.298900 0.032349 0.145231 0.462256 0.061263
0.033504 0.226113 0.392502 0.225141 0.122741
0.006224 0.185859 0.712153 0.043493 0.052272
0.002766 0.051175 0.164827 0.778816 0.002417
0.000114 0.182900 0.133871 0.682739 0.000376
0.000000 0.057572 0.515905 0.113692 0.312831
0.004764 0.454298 0.136343 0.393648 0.010948
0.056273 0.095713 0.240187 0.607269 0.000559
0.004841 0.085864 0.164614 0.731997 0.012684
0.454251 0.060255 0.068445 0.335455 0.081594
0.009386 0.000000 0.156198 0.826919 0.007497
0.004947 0.001055 0.059777 0.923741 0.010480
0.000323 0.009572 0.114849 0.812989 0.062267
0.000004 0.007192 0.068561 0.026220 0.898022
