1.000000
1.000000
0.694759 0.305241
1.000000
1.000000
0.839794 0.160206
1.000000
1.000000
1.000000
0.212743 0.787257
0.000485 0.999515
1.000000
1.000000
1.000000
1.000000
0.002605 0.997395
0.517102 0.482898
1.000000
1.000000
1.000000
0.161536 0.838464
1.000000
0.350439 0.649561
0.790520 0.209480
0.702914 0.297086
0.965578 0.034422
1.000000
1.000000
0.478755 0.521245
1.000000
1.000000
0.071124 0.621912 0.306963
1.000000
0.847117 0.152883
1.000000
1.000000
1.000000
1.000000
0.701208 0.298792
1.000000
1.000000
0.717117 0.230900 0.051982
0.786255 0.213745
0.645373 0.354627
0.794730 0.205270
0.899848 0.100152
0.009921 0.990079
1.000000
0.938246 0.061754
1.000000
1.000000
0.296447 0.488393 0.215159
0.001998 0.998002
1.000000
0.681855 0.318145
1.000000
1.000000
0.082277 0.917723
0.705313 0.259346 0.035340
0.643994 0.356006
0.520590 0.479410
1.000000
1.000000
1.000000
1.000000
1.000000
0.594132 0.199386 0.206482
0.896166 0.103834
0.636618 0.363382
0.630180 0.369820
1.000000
0.762307 0.237693
0.041090 0.958910
0.631457 0.368543
0.000000 1.000000
0.761151 0.238849
1.000000
1.000000
0.886941 0.113059
1.000000
1.000000
0.172358 0.827642
0.000598 0.999402
0.053827 0.946173
0.741246 0.258754
1.000000
1.000000
1.000000
1.000000
0.748239 0.251761
0.001417 0.998583
1.000000
0.071463 0.928537
1.000000
1.000000
1.000000
0.405840 0.347695 0.246465
0.837384 0.162616
0.259022 0.740978
1.000000
1.000000
1.000000
1.000000
1.000000
1.000000
1.000000
1.000000
0.746444 0.253556
0.643810 0.356190
1.000000
0.734154 0.265846
1.000000
0.000000 1.000000
1.000000
1.000000
0.151262 0.848738
1.000000
0.607128 0.392872
0.449713 0.550287
0.000000 1.000000
0.893324 0.106676
1.000000
0.000564 0.324879 0.674557
1.000000
0.649755 0.307374 0.042870
0.788236 0.211764
1.000000
0.744097 0.255903
0.608930 0.391070
0.596308 0.403692
0.699213 0.300787
1.000000
0.622031 0.377969
1.000000
1.000000
1.000000
0.930595 0.069405
0.752707 0.247293
0.678551 0.321449
1.000000
1.000000
0.503026 0.496974
1.000000
0.270332 0.346220 0.180056 0.203392
0.315275 0.684725
0.751882 0.248118
0.000012 0.999988
0.920645 0.079355
0.710017 0.289983
0.618004 0.381996
0.630256 0.369744
0.053296 0.946704
0.118800 0.344464 0.263475 0.273261
0.000074 0.248460 0.751465
0.909995 0.090005
1.000000
1.000000
0.743153 0.256847
0.284769 0.418225 0.297006
1.000000
1.000000
0.672028 0.327972
0.744179 0.255821
1.000000
0.738695 0.261305
0.476492 0.523508
0.964248 0.035752
1.000000
1.000000
1.000000
1.000000
1.000000
0.951752 0.048248
1.000000
0.977662 0.022338
1.000000
1.000000
0.651639 0.348361
0.962503 0.037497
1.000000
0.000003 0.017753 0.588365 0.393879
1.000000
0.372402 0.627598
0.355526 0.311507 0.332967
1.000000
0.948282 0.051718
0.635046 0.364954
0.472613 0.216044 0.311343
0.012331 0.987669
1.000000
1.000000
0.004343 0.995657
0.324386 0.675614
1.000000
1.000000
1.000000
0.588509 0.411491
1.000000
1.000000
0.730521 0.269479
0.334702 0.665298
0.000123 0.033804 0.312366 0.653707
0.107275 0.892725
0.858104 0.141896
0.000019 0.207683 0.792298
0.767462 0.232538
0.183766 0.816234
0.392388 0.607612
1.000000
0.573902 0.426098
1.000000
1.000000
1.000000
1.000000
0.668486 0.331514
0.624625 0.375375
0.042483 0.957517
0.073375 0.926625
1.000000
0.779358 0.189364 0.031278
1.000000
0.049998 0.950002
1.000000
1.000000
1.000000
0.000242 0.476387 0.523370
1.000000
1.000000
0.556171 0.443829
0.056968 0.661382 0.281650
0.772078 0.227922
1.000000
0.688956 0.311044
0.129985 0.870015
0.716085 0.283915
1.000000
0.033950 0.966050
0.388648 0.611352
0.399223 0.600777
0.699181 0.300819
1.000000
1.000000
0.000000 1.000000
1.000000
1.000000
1.000000
1.000000
0.990320 0.009680
1.000000
0.557127 0.442873
0.815760 0.184240
1.000000
0.215599 0.627249 0.157151
1.000000
1.000000
0.322253 0.677747
1.000000
1.000000
1.000000
1.000000
1.000000
1.000000
0.998976 0.001024
0.000000 1.000000
0.022408 0.977592
0.853919 0.146081
0.540062 0.265235 0.194703
1.000000
0.618137 0.159365 0.222498
1.000000
1.000000
1.000000
1.000000
0.651428 0.348572
1.000000
1.000000
1.000000
0.708544 0.291456
1.000000
1.000000
1.000000
1.000000
0.238130 0.444648 0.317222
0.243746 0.756254
0.148277 0.851723
0.703657 0.296343
1.000000
0.581240 0.244382 0.174378
1.000000
0.975309 0.024691
1.000000
0.907291 0.092709
1.000000
1.000000
0.040461 0.959539
0.534434 0.465566
1.000000
1.000000
1.000000
0.597336 0.402664
1.000000
0.604821 0.395179
1.000000
0.095151 0.904849
1.000000
1.000000
0.582867 0.417133
0.025997 0.974003
1.000000
0.003207 0.301954 0.694838
1.000000
1.000000
1.000000
1.000000
1.000000
0.354328 0.645672
1.000000
0.670729 0.329271
1.000000
0.655335 0.344665
0.028455 0.480558 0.369392 0.121596
1.000000
1.000000
0.989763 0.010237
1.000000
1.000000
1.000000
0.000008 0.999992
0.000001 0.999999
1.000000
1.000000
1.000000
1.000000
0.004569 0.995431
0.779316 0.220684
1.000000
0.309331 0.289368 0.401302
1.000000
1.000000
1.000000
1.000000
0.702780 0.297220
1.000000
0.612465 0.387535
1.000000
1.000000
0.105700 0.894300
1.000000
0.624285 0.375715
0.886204 0.113796
1.000000
1.000000
0.968397 0.031603
1.000000
1.000000
1.000000
0.753788 0.246212
0.894097 0.105903
0.783670 0.216330
0.758739 0.126997 0.114264
0.099034 0.900966
0.711952 0.259015 0.029032
0.550738 0.449262
1.000000
0.957976 0.042024
1.000000
0.108393 0.891607
0.637274 0.362726
1.000000
1.000000
1.000000
0.654580 0.345420
1.000000
1.000000
1.000000
0.019593 0.980407
1.000000
0.133275 0.866725
1.000000
1.000000
1.000000
0.637974 0.362026
1.000000
0.565947 0.267033 0.167020
0.002172 0.997828
0.026142 0.406953 0.566905
1.000000
1.000000
1.000000
1.000000
0.130927 0.869073
0.687589 0.312411
0.804958 0.195042
0.424052 0.575948
0.000004 0.999996
1.000000
1.000000
1.000000
1.000000
1.000000
1.000000
0.755993 0.244007
1.000000
1.000000
1.000000
0.003191 0.996809
0.429407 0.356475 0.214118
1.000000
0.002738 0.997262
1.000000
0.581405 0.308573 0.110022
0.507840 0.492160
0.494586 0.505414
0.921752 0.078248
1.000000
0.714680 0.285320
1.000000
1.000000
1.000000
0.368088 0.287873 0.344039
1.000000
0.448706 0.551294
0.062557 0.937443
0.478116 0.521884
1.000000
0.031689 0.968311
0.000618 0.999382
1.000000
1.000000
0.000000 1.000000
0.106766 0.893234
0.000025 0.999975
0.692389 0.307611
0.501112 0.261547 0.237341
1.000000
1.000000
1.000000
0.486839 0.513161
1.000000
1.000000
1.000000
0.029051 0.970949
1.000000
1.000000
1.000000
1.000000
0.873921 0.126079
1.000000
1.000000
0.624874 0.375126
1.000000
1.000000
0.000000 0.000661 0.999339
1.000000
1.000000
1.000000
1.000000
0.000005 0.999995
0.795472 0.204528
0.000002 0.999998
1.000000
0.748465 0.251535
0.750912 0.249088
1.000000
1.000000
0.344339 0.435524 0.220137
0.000243 0.999757
1.000000
1.000000
1.000000
0.000109 0.999891
0.412275 0.587725
0.711202 0.288798
1.000000
0.664530 0.335470
0.695582 0.304418
0.981286 0.018714
1.000000
0.440145 0.559855
0.697669 0.302331
0.393917 0.606083
0.533497 0.466503
0.000028 0.999972
0.002451 0.997549
1.000000
0.647949 0.352051
0.692865 0.307135
1.000000
0.036442 0.524907 0.438652
1.000000
1.000000
1.000000
0.000000 1.000000
0.000579 0.157288 0.842134
0.680075 0.319925
0.742321 0.257679
0.332609 0.667391
0.820756 0.179244
0.761072 0.238928
1.000000
1.000000
0.764906 0.235094
0.305757 0.694243
0.787366 0.212634
0.632423 0.367577
0.721546 0.278454
0.681110 0.318890
0.938696 0.061304
0.000117 0.999883
0.576496 0.423504
1.000000
0.631797 0.368203
1.000000
0.635044 0.364956
1.000000
0.378525 0.621475
1.000000
1.000000
0.678424 0.321576
1.000000
1.000000
0.703831 0.296169
0.000000 1.000000
0.566808 0.433192
0.007329 0.992671
0.422597 0.423104 0.134571 0.019729
1.000000
1.000000
1.000000
0.763417 0.214139 0.022443
0.955759 0.044241
1.000000
0.007517 0.992483
1.000000
1.000000
0.002410 0.997590
0.837748 0.162252
1.000000
0.342300 0.657700
1.000000
0.550091 0.449909
0.714984 0.285016
1.000000
0.522626 0.477374
1.000000
0.440948 0.559052
1.000000
0.432902 0.567098
0.000000 1.000000
1.000000
0.852758 0.147242
0.310993 0.689007
0.986476 0.013524
1.000000
0.000000 0.000379 0.999621
1.000000
1.000000
0.669432 0.330568
1.000000
1.000000
1.000000
0.716656 0.283344
1.000000
1.000000
1.000000
1.000000
0.493872 0.506128
1.000000
1.000000
0.600492 0.399508
1.000000
1.000000
0.044021 0.955979
1.000000
1.000000
0.600625 0.293650 0.105725
1.000000
1.000000
1.000000
1.000000
0.000000 0.002125 0.997875
1.000000
0.764912 0.235088
0.000000 1.000000
1.000000
1.000000
1.000000
1.000000
0.805755 0.178923 0.014649 0.000654 0.000019
0.592653 0.407347
1.000000
1.000000
1.000000
1.000000
0.758390 0.241610
1.000000
0.282070 0.717930
1.000000
1.000000
0.716879 0.283121
0.748487 0.251513
0.248222 0.280137 0.471642
0.586964 0.413036
0.179522 0.820478
1.000000
0.846124 0.153876
0.217960 0.330320 0.313301 0.138419
0.695509 0.304491
0.459189 0.540811
0.378244 0.621756
0.573655 0.426345
1.000000
0.162979 0.837021
0.586327 0.413673
1.000000
0.624686 0.375314
0.610917 0.256978 0.132105
0.000000 1.000000
0.000000 0.004403 0.995597
0.275414 0.157996 0.566591
0.798798 0.201202
0.596101 0.403899
1.000000
1.000000
1.000000
1.000000
0.839887 0.160113
0.913238 0.084794 0.001968
0.149830 0.850170
0.375062 0.624938
0.963310 0.036340 0.000350
1.000000
1.000000
1.000000
0.349566 0.343969 0.306466
0.717410 0.282590
0.333274 0.312079 0.255019 0.099629
0.115378 0.884622
1.000000
1.000000
0.650398 0.349602
0.001831 0.352087 0.646082
1.000000
1.000000
0.813324 0.186676
0.669405 0.330595
0.589580 0.410420
1.000000
1.000000
1.000000
1.000000
1.000000
1.000000
0.275366 0.724634
1.000000
0.526801 0.473199
0.313263 0.686737
0.011399 0.574799 0.413802
1.000000
0.412048 0.587952
1.000000
0.607424 0.236772 0.155804
0.363115 0.636885
1.000000
1.000000
1.000000
1.000000
0.000058 0.745372 0.254569
1.000000
1.000000
1.000000
1.000000
1.000000
0.183583 0.816417
1.000000
1.000000
0.307797 0.486652 0.205551
0.844949 0.155051
0.621263 0.378737
1.000000
1.000000
1.000000
1.000000
0.062438 0.937562
0.890214 0.109786
1.000000
0.619107 0.380893
1.000000
1.000000
1.000000
1.000000
0.078580 0.921420
1.000000
1.000000
0.605403 0.394597
1.000000
1.000000
0.984621 0.015379
0.718242 0.281758
0.875614 0.124386
0.712463 0.287537
1.000000
1.000000
0.333097 0.666903
0.634520 0.365480
1.000000
0.852790 0.147210
0.240988 0.759012
0.587546 0.412454
1.000000
0.947386 0.052614
1.000000
0.784152 0.215848
1.000000
0.032495 0.967505
1.000000
1.000000
0.386692 0.613308
1.000000
1.000000
1.000000
0.480660 0.519340
1.000000
1.000000
1.000000
1.000000
0.924080 0.073915 0.002006
1.000000
0.012838 0.987162
1.000000
0.012469 0.987531
1.000000
1.000000
0.601723 0.398277
1.000000
0.471165 0.528835
1.000000
1.000000
0.000000 1.000000
1.000000
1.000000
1.000000
1.000000
0.815451 0.184549
0.000036 0.999964
0.866491 0.133509
0.000162 0.999838
0.791762 0.208238
0.009972 0.990028
1.000000
1.000000
0.630647 0.369353
1.000000
1.000000
1.000000
1.000000
1.000000
1.000000
1.000000
1.000000
1.000000
1.000000
1.000000
0.871921 0.128079
0.777302 0.222698
0.626758 0.373242
0.646458 0.353542
0.592815 0.407185
0.746666 0.227665 0.025669
1.000000
0.334331 0.665669
0.956501 0.043499
0.003126 0.996874
1.000000
0.218807 0.781193
1.000000
1.000000
0.417429 0.582571
1.000000
1.000000
0.675404 0.324596
1.000000
1.000000
0.723767 0.276233
0.553399 0.446601
0.685733 0.314267
0.825073 0.174927
1.000000
1.000000
0.552270 0.447730
0.000004 0.100288 0.899709
1.000000
1.000000
0.000000 0.007710 0.992290
1.000000
0.556111 0.210732 0.233157
1.000000
0.903138 0.096862
0.359520 0.306328 0.334151
0.418109 0.411777 0.170114
1.000000
0.730766 0.269234
0.001422 0.998578
1.000000
1.000000
0.662888 0.337112
0.682128 0.317872
1.000000
0.664447 0.335553
1.000000
0.834225 0.165775
0.801244 0.198756
0.738810 0.261190
0.001976 0.998024
0.668954 0.331046
0.681699 0.318301
0.725018 0.274982
1.000000
0.719351 0.280649
1.000000
1.000000
0.000000 1.000000
1.000000
1.000000
1.000000
0.546250 0.453750
1.000000
1.000000
1.000000
0.625676 0.374324
1.000000
1.000000
0.658521 0.341479
0.394174 0.605826
0.648208 0.351792
1.000000
1.000000
0.495977 0.504023
1.000000
0.547669 0.452331
0.910814 0.089186
0.266145 0.733855
1.000000
1.000000
0.517043 0.482957
0.325672 0.674328
0.681752 0.318248
1.000000
1.000000
0.001112 0.998888
1.000000
0.928706 0.071294
1.000000
1.000000
0.000168 0.999832
1.000000
0.116159 0.883841
1.000000
0.002431 0.997569
0.655702 0.344298
0.124283 0.554276 0.217831 0.103609
0.891523 0.108477
1.000000
1.000000
1.000000
0.013609 0.986391
1.000000
0.522813 0.477187
1.000000
0.425838 0.574162
1.000000
1.000000
1.000000
0.853044 0.146956
1.000000
0.704804 0.295196
1.000000
0.353032 0.646968
0.000113 0.999887
0.407530 0.592470
0.495477 0.504523
0.199710 0.800290
0.001866 0.998134
1.000000
1.000000
0.794662 0.205338
1.000000
1.000000
0.807837 0.192163
1.000000
1.000000
1.000000
1.000000
0.000001 0.017560 0.982439
1.000000
1.000000
0.393589 0.606411
0.000015 0.999985
1.000000
1.000000
1.000000
0.421756 0.222778 0.355466
1.000000
1.000000
1.000000
1.000000
0.699579 0.300421
0.735010 0.264990
1.000000
0.172435 0.827565
0.002934 0.997066
1.000000
1.000000
1.000000
1.000000
0.389071 0.610929
0.612498 0.387502
1.000000
1.000000
0.464103 0.327100 0.162318 0.046479
1.000000
1.000000
0.778070 0.221930
0.723572 0.276428
0.560463 0.439537
1.000000
0.672519 0.327481
1.000000
0.884528 0.115472
0.658970 0.341030
1.000000
1.000000
0.496424 0.205415 0.298161
1.000000
1.000000
0.199439 0.800561
1.000000
1.000000
1.000000
0.752899 0.247101
1.000000
1.000000
1.000000
1.000000
1.000000
0.015834 0.984166
0.995606 0.004394
0.695574 0.304426
0.439481 0.560519
1.000000
0.739894 0.260106
0.361683 0.638317
0.530987 0.469013
0.491823 0.508177
0.028423 0.971577
1.000000
0.756304 0.243696
0.799166 0.200834
0.594652 0.405348
0.000726 0.999274
1.000000
0.758653 0.241347
1.000000
1.000000
0.000001 0.091360 0.908640
0.843762 0.156238
0.628277 0.371723
0.451199 0.548801
0.602958 0.397042
0.254695 0.745305
1.000000
0.698020 0.301980
0.317588 0.682412
0.459059 0.540941
1.000000
1.000000
0.387238 0.212373 0.177121 0.148545 0.074723
0.700578 0.299422
1.000000
0.641804 0.358196
0.668426 0.331574
0.205813 0.794187
1.000000
1.000000
0.008129 0.991871
0.086234 0.913766
0.706464 0.293536
1.000000
0.609234 0.390766
1.000000
1.000000
1.000000
1.000000
1.000000
1.000000
0.012372 0.987628
0.459554 0.540446
1.000000
1.000000
1.000000
0.589372 0.410628
1.000000
0.000000 1.000000
1.000000
0.013318 0.986682
1.000000
1.000000
1.000000
1.000000
1.000000
1.000000
1.000000
0.000000 1.000000
0.519421 0.480579
0.890667 0.109333
1.000000
0.000013 0.999987
1.000000
0.583188 0.239512 0.177300
0.033930 0.966070
0.510253 0.489747
0.680176 0.319824
0.727506 0.272494
0.701626 0.298374
0.568089 0.431911
0.711392 0.264218 0.024389
1.000000
1.000000
1.000000
1.000000
1.000000
1.000000
1.000000
0.000000 1.000000
1.000000
1.000000
1.000000
0.391647 0.608353
0.700852 0.299148
1.000000
1.000000
0.016957 0.983043
1.000000
0.931669 0.068331
1.000000
0.760067 0.239933
1.000000
0.797331 0.202669
1.000000
1.000000
1.000000
0.681098 0.318902
1.000000
0.046010 0.953990
0.329390 0.670610
0.456618 0.543382
1.000000
1.000000
0.244123 0.755877
1.000000
1.000000
0.476439 0.523561
1.000000
1.000000
1.000000
0.000535 0.999465
0.847547 0.152453
1.000000
0.142532 0.857468
0.644985 0.355015
1.000000
1.000000
0.003116 0.996884
0.595792 0.404208
0.065114 0.934886
0.027228 0.972772
0.673247 0.326753
1.000000
1.000000
1.000000
1.000000
0.814072 0.185928
1.000000
0.015863 0.984137
0.026801 0.973199
1.000000
0.033210 0.966790
1.000000
0.630550 0.369450
1.000000
0.715540 0.284460
1.000000
1.000000
1.000000
1.000000
0.471666 0.528334
0.025828 0.974172
1.000000
0.755089 0.244911
1.000000
0.697676 0.302324
0.420137 0.579863
1.000000
1.000000
0.304590 0.695410
1.000000
1.000000
1.000000
0.645711 0.329564 0.024726
1.000000
0.000003 0.135407 0.864590
1.000000
1.000000
0.000122 0.272237 0.727641
0.991009 0.008991
1.000000
1.000000
1.000000
1.000000
1.000000
0.752678 0.247322
1.000000
-0.000000 0.000000 1.000000
1.000000
1.000000
1.000000
0.515081 0.484919
1.000000
0.577627 0.422373
0.498058 0.333389 0.168554
0.000000 1.000000
1.000000
1.000000
1.000000
0.753388 0.246612
1.000000
1.000000
0.698317 0.301683
0.000112 0.220104 0.779784
0.019663 0.980337
0.772774 0.227226
0.000015 0.999985
0.614064 0.385936
0.436369 0.343560 0.220071
0.802132 0.197868
1.000000
1.000000
1.000000
0.976594 0.023406
0.004094 0.298487 0.697418
0.603115 0.301169 0.095716
0.659334 0.340666
0.751763 0.248237
0.615929 0.384071
1.000000
0.274737 0.725263
0.680532 0.319468
0.002734 0.997266
1.000000
0.000549 0.999451
0.796172 0.203828
0.334061 0.665939
0.842511 0.157489
0.018533 0.626177 0.355290
0.605534 0.394466
0.183295 0.816705
0.655614 0.344386
1.000000
0.760783 0.239217
1.000000
0.963559 0.036441
1.000000
0.578866 0.421134
0.754597 0.245403
0.765410 0.234590
1.000000
0.000023 0.999977
1.000000
0.504238 0.495762
0.014674 0.353313 0.632013
1.000000
0.786144 0.213856
0.883583 0.116417
1.000000
1.000000
0.218086 0.781914
0.000000 1.000000
0.791874 0.208126
1.000000
0.799540 0.200460
1.000000
0.512330 0.487670
0.289622 0.710378
0.597825 0.402175
0.452806 0.547194
0.730916 0.269084
1.000000
1.000000
0.649223 0.350777
0.715198 0.284802
0.862124 0.137876
1.000000
1.000000
0.671804 0.328196
0.006968 0.993032
1.000000
0.621122 0.378878
1.000000
0.747194 0.252806
1.000000
0.479345 0.520655
1.000000
1.000000
1.000000
1.000000
0.000000 1.000000
0.253821 0.746179
1.000000
1.000000
0.972405 0.027595
1.000000
0.493566 0.506434
0.619246 0.254561 0.126193
0.718991 0.281009
1.000000
0.668354 0.331646
0.754304 0.245696
0.745029 0.254971
0.708350 0.291650
0.843199 0.156801
0.002381 0.997619
1.000000
1.000000
1.000000
1.000000
0.693812 0.306188
0.001668 0.998332
0.487180 0.388499 0.124321
1.000000
0.843501 0.156499
1.000000
1.000000
1.000000
1.000000
0.424960 0.575040
1.000000
1.000000
0.117534 0.882466
1.000000
1.000000
0.471078 0.528922
0.970839 0.029161
0.000512 0.676032 0.323456
1.000000
1.000000
1.000000
0.720691 0.279309
1.000000
0.556502 0.443498
1.000000
1.000000
1.000000
1.000000
0.899868 0.100132
0.430936 0.569064
0.901001 0.098999
0.045828 0.954172
0.891865 0.108135
0.570268 0.193390 0.236342
1.000000
0.036098 0.963902
1.000000
0.583336 0.416664
1.000000
0.369425 0.630575
1.000000
1.000000
0.773114 0.226886
0.100205 0.899795
1.000000
1.000000
1.000000
1.000000
0.000000 1.000000
0.567887 0.432113
1.000000
0.712903 0.287097
1.000000
1.000000
1.000000
1.000000
1.000000
1.000000
1.000000
1.000000
1.000000
0.279246 0.720754
1.000000
0.699161 0.300839
1.000000
0.730065 0.269935
0.041106 0.958894
1.000000
0.147102 0.852898
1.000000
0.799777 0.200223
1.000000
0.903097 0.093434 0.003469
1.000000
1.000000
1.000000
1.000000
0.000002 0.999998
0.865671 0.134329
0.489918 0.510082
0.559879 0.297717 0.142404
1.000000
1.000000
0.772638 0.227362
0.000030 0.999970
1.000000
1.000000
0.494735 0.260217 0.245049
0.325719 0.525185 0.149096
0.003028 0.996972
0.956534 0.043466
1.000000
0.038365 0.961635
0.805802 0.194198
0.136871 0.863129
0.766447 0.233553
0.998348 0.001652
1.000000
1.000000
0.008344 0.991656
0.086940 0.731284 0.181776
0.623238 0.376762
0.956515 0.043485
0.000000 1.000000
1.000000
0.647412 0.352588
0.831175 0.168825
1.000000
1.000000
1.000000
0.767181 0.232819
0.784383 0.215617
0.260350 0.739650
0.307002 0.692998
1.000000
0.701844 0.298156
0.704890 0.295110
0.673798 0.326202
1.000000
1.000000
0.336594 0.315166 0.348240
0.746044 0.253956
1.000000
1.000000
0.571172 0.428828
1.000000
0.232609 0.305188 0.462202
1.000000
0.767850 0.232150
0.396248 0.603752
0.738047 0.261953
1.000000
1.000000
0.315286 0.279566 0.405148
0.626525 0.373475
1.000000
0.000035 0.999965
1.000000
1.000000
0.000112 0.999888
0.679452 0.320548
1.000000
0.551054 0.448946
1.000000
0.378865 0.621135
0.325416 0.674584
1.000000
0.326217 0.673783
1.000000
1.000000
0.422416 0.577584
1.000000
0.984041 0.015959
1.000000
0.626337 0.373663
0.706854 0.293146
0.001391 0.998609
1.000000
0.354648 0.351062 0.294290
1.000000
0.834051 0.165949
1.000000
0.979054 0.020946
0.340044 0.659956
0.535826 0.464174
0.144545 0.855455
0.821368 0.178632
1.000000
1.000000
1.000000
0.092552 0.623781 0.283668
1.000000
0.441307 0.558693
0.000000 0.002589 0.389670 0.607742
0.805132 0.194868
1.000000
1.000000
0.563088 0.202301 0.234611
1.000000
1.000000
0.428575 0.571425
1.000000
1.000000
1.000000
1.000000
0.072050 0.927950
1.000000
0.002020 0.997980
1.000000
0.640376 0.359624
1.000000
0.805610 0.189026 0.005364
1.000000
0.562138 0.437862
0.989721 0.010279
1.000000
1.000000
1.000000
1.000000
1.000000
0.201049 0.798951
0.604736 0.395264
1.000000
0.393357 0.365387 0.241256
1.000000
1.000000
1.000000
1.000000
0.002356 0.997644
0.673079 0.326921
1.000000
1.000000
1.000000
1.000000
1.000000
0.333865 0.666135
0.028845 0.971155
1.000000
0.819234 0.180766
0.019292 0.980708
1.000000
1.000000
1.000000
0.870829 0.129171
0.000021 0.999979
1.000000
1.000000
1.000000
0.000015 0.999985
1.000000
1.000000
0.863587 0.136413
0.001125 0.998875
0.887219 0.112781
1.000000
0.257819 0.742181
1.000000
0.933002 0.066998
0.865521 0.134479
0.998417 0.001583
1.000000
0.647957 0.352043
1.000000
1.000000
0.677169 0.150846 0.171984
1.000000
1.000000
1.000000
1.000000
1.000000
1.000000
0.311629 0.688371
1.000000
0.003258 0.996742
1.000000
0.337966 0.662034
0.598472 0.401528
1.000000
1.000000
0.496895 0.503105
1.000000
0.651183 0.348817
0.659806 0.340194
0.744753 0.255247
1.000000
1.000000
0.299642 0.210708 0.489650
1.000000
1.000000
0.005898 0.475302 0.518800
0.946028 0.053972
0.585837 0.414163
0.747738 0.252262
1.000000
0.209967 0.790033
0.035744 0.964256
0.137237 0.862763
0.368518 0.281940 0.349541
1.000000
0.749347 0.250653
0.009046 0.990954
0.675371 0.324629
1.000000
0.376227 0.623773
1.000000
1.000000
0.648315 0.351685
1.000000
1.000000
1.000000
1.000000
1.000000
1.000000
1.000000
1.000000
1.000000
0.472872 0.527128
1.000000
0.708811 0.291189
0.517072 0.482928
1.000000
1.000000
1.000000
0.706120 0.293880
1.000000
1.000000
1.000000
1.000000
0.549177 0.450823
1.000000
0.600147 0.399853
0.668780 0.331220
0.162194 0.837806
1.000000
1.000000
1.000000
0.685832 0.314168
0.941092 0.058908
1.000000
0.533762 0.276524 0.189715
0.790240 0.194683 0.015078
0.695410 0.304590
0.000008 0.999992
0.302532 0.697468
1.000000
1.000000
0.974664 0.025336
1.000000
1.000000
1.000000
1.000000
0.350385 0.649615
0.915655 0.084345
0.583553 0.416447
0.077603 0.922397
0.235692 0.361478 0.402830
0.937845 0.062155
1.000000
0.650283 0.349717
1.000000
1.000000
1.000000
0.625262 0.374738
0.697038 0.302962
0.490663 0.509337
0.745472 0.254528
1.000000
1.000000
0.744156 0.255844
1.000000
0.927127 0.072873
1.000000
1.000000
0.000000 0.020217 0.979783
0.543306 0.456694
0.236749 0.763251
0.883104 0.116896
0.771978 0.228022
1.000000
0.118319 0.881681
1.000000
1.000000
1.000000
1.000000
0.717245 0.282755
1.000000
0.000000 0.007246 0.992754
1.000000
0.362715 0.637285
1.000000
1.000000
1.000000
0.693348 0.306652
0.002127 0.997873
1.000000
0.958765 0.041235
0.804654 0.195346
0.267501 0.732499
1.000000
1.000000
1.000000
1.000000
1.000000
1.000000
0.734063 0.265937
0.639444 0.360556
0.973702 0.026298
0.527154 0.472846
0.426549 0.573451
1.000000
1.000000
1.000000
1.000000
0.555107 0.444893
0.062180 0.937820
1.000000
1.000000
0.849758 0.150242
0.772654 0.227346
0.093125 0.532793 0.233506 0.140576
0.000058 0.999942
0.520531 0.218623 0.260846
1.000000
0.003127 0.996873
0.675882 0.324118
1.000000
1.000000
0.999917 0.000083
1.000000
0.000000 1.000000
1.000000
1.000000
1.000000
0.009405 0.569715 0.420880
1.000000
0.670410 0.329590
0.906314 0.093686
1.000000
0.961872 0.038128
1.000000
1.000000
1.000000
0.021645 0.644093 0.334261
1.000000
1.000000
0.516776 0.273378 0.209846
1.000000
1.000000
1.000000
0.666791 0.333209
0.776888 0.223112
0.785328 0.214672
1.000000
1.000000
1.000000
1.000000
1.000000
1.000000
0.009046 0.990954
1.000000
0.295654 0.497199 0.207147
1.000000
0.022898 0.977102
1.000000
0.882628 0.117372
0.932627 0.067373
1.000000
1.000000
1.000000
1.000000
1.000000
0.374266 0.625734
0.001240 0.314048 0.684712
1.000000
0.005777 0.577014 0.417209
0.517625 0.482375
1.000000
1.000000
0.581463 0.268467 0.121029 0.029042
1.000000
1.000000
1.000000
0.730542 0.269458
1.000000
1.000000
1.000000
1.000000
0.735487 0.264513
1.000000
1.000000
0.000073 0.240409 0.759518
0.000002 0.999998
0.924650 0.075350
0.811742 0.188258
1.000000
1.000000
1.000000
0.022032 0.977968
0.325185 0.389542 0.285273
0.191424 0.808576
1.000000
1.000000
0.091069 0.908931
1.000000
0.625960 0.374040
1.000000
0.077972 0.922028
1.000000
1.000000
0.237705 0.762295
0.954335 0.045665
1.000000
1.000000
0.755080 0.244920
1.000000
1.000000
1.000000
1.000000
1.000000
1.000000
1.000000
0.395741 0.604259
1.000000
1.000000
0.000000 1.000000
0.000339 0.999661
1.000000
0.715264 0.284736
1.000000
0.120381 0.714506 0.165113
1.000000
1.000000
0.436660 0.563340
0.611291 0.388709
1.000000
1.000000
0.091095 0.908905
0.800173 0.199827
0.178757 0.617544 0.203700
0.000004 0.007813 0.267719 0.724463
0.002583 0.997417
1.000000
0.772122 0.227878
0.972347 0.027653
0.000026 0.192955 0.807019
0.968005 0.031995
0.539969 0.460031
1.000000
0.681847 0.318153
1.000000
1.000000
0.627852 0.372148
0.127858 0.872142
0.089762 0.910238
0.001809 0.998191
0.630940 0.369060
1.000000
1.000000
0.669456 0.264746 0.065798
1.000000
1.000000
1.000000
0.008224 0.991776
0.779036 0.220964
1.000000
0.021749 0.655570 0.322681
1.000000
1.000000
0.764825 0.235175
1.000000
1.000000
1.000000
1.000000
0.708463 0.291537
1.000000
1.000000
1.000000
0.400444 0.505764 0.093792
0.003880 0.996120
0.015542 0.984458
0.000000 0.000388 0.999612
0.787388 0.212612
1.000000
1.000000
1.000000
1.000000
1.000000
0.000004 0.999996
0.866740 0.133260
1.000000
0.686693 0.313307
1.000000
1.000000
0.738759 0.261241
0.860373 0.139627
0.622992 0.377008
1.000000
0.614247 0.385753
1.000000
1.000000
1.000000
1.000000
0.664885 0.335115
1.000000
0.706021 0.293979
1.000000
1.000000
1.000000
1.000000
1.000000
1.000000
0.254117 0.256725 0.489157
1.000000
1.000000
1.000000
1.000000
0.641647 0.358353
0.798644 0.201356
0.566799 0.237264 0.195936
1.000000
1.000000
1.000000
0.435338 0.564662
1.000000
1.000000
1.000000
0.664891 0.335109
1.000000
1.000000
0.087395 0.912605
1.000000
1.000000
1.000000
1.000000
0.904873 0.095127
1.000000
1.000000
1.000000
0.728582 0.271418
0.013702 0.693231 0.293067
0.063010 0.936990
1.000000
1.000000
0.369181 0.630819
0.592972 0.407028
1.000000
1.000000
1.000000
0.430184 0.569816
0.609156 0.390844
1.000000
0.000518 0.999482
1.000000
0.028243 0.971757
1.000000
1.000000
1.000000
1.000000
0.000046 0.999954
1.000000
0.398526 0.601474
1.000000
0.788007 0.211993
0.000000 1.000000
0.347527 0.652473
0.004585 0.995415
0.257766 0.742234
1.000000
0.705161 0.294839
1.000000
0.208480 0.791520
1.000000
0.796677 0.203323
1.000000
1.000000
0.513122 0.486878
0.073878 0.926122
0.725214 0.274786
0.472451 0.527549
1.000000
1.000000
1.000000
1.000000
1.000000
1.000000
0.402317 0.597683
0.436192 0.563808
1.000000
1.000000
0.148997 0.851003
0.007045 0.992955
0.451117 0.548883
0.315258 0.684742
0.126574 0.873426
0.870919 0.129081
1.000000
0.529639 0.470361
1.000000
0.659369 0.340631
0.789320 0.210680
0.144920 0.855080
1.000000
1.000000
1.000000
0.707477 0.292523
1.000000
1.000000
0.553156 0.446844
0.000794 0.999206
1.000000
0.537870 0.462130
1.000000
1.000000
0.759496 0.240504
0.717845 0.282155
0.286526 0.713474
1.000000
0.672515 0.327485
0.702705 0.297295
1.000000
0.888075 0.111925
1.000000
0.746228 0.253772
0.003659 0.996341
1.000000
0.384497 0.615503
1.000000
0.730879 0.269121
1.000000
1.000000
1.000000
1.000000
0.317140 0.419569 0.263291
1.000000
0.004487 0.995513
1.000000
0.774065 0.225935
0.000652 0.487656 0.511691
1.000000
0.073744 0.926256
1.000000
1.000000
0.770802 0.229198
1.000000
0.750520 0.249480
0.975073 0.024927
0.277368 0.722632
1.000000
1.000000
0.655236 0.344764
0.062278 0.937722
0.840368 0.159632
1.000000
0.863523 0.136477
1.000000
0.213071 0.369460 0.417470
0.996360 0.003640
0.150220 0.849780
1.000000
1.000000
1.000000
0.805063 0.194937
1.000000
1.000000
0.416542 0.583458
1.000000
0.124749 0.875251
1.000000
0.030715 0.969285
1.000000
0.697738 0.302262
0.769315 0.230685
0.170519 0.829481
1.000000
0.001609 0.998391
0.736734 0.263266
1.000000
0.002577 0.997423
0.955305 0.044695
0.740836 0.259164
1.000000
0.321775 0.678225
1.000000
1.000000
1.000000
