0.034882 0.000942 0.201903 0.762236 0.000037
0.001715 0.007039 0.490632 0.203790 0.296824
0.010204 0.001183 0.201454 0.764142 0.023016
0.978682 0.000266 0.013002 0.007838 0.000212
0.978552 0.000270 0.013020 0.007938 0.000221
0.536322 0.003715 0.196963 0.249382 0.013618
0.005019 0.019632 0.289888 0.425075 0.260386
0.002501 0.924477 0.045279 0.026209 0.001534
0.927939 0.005266 0.034774 0.029048 0.002973
0.950270 0.001310 0.016867 0.029423 0.002130
0.001853 0.057618 0.296779 0.575817 0.067932
0.006455 0.617498 0.158739 0.208675 0.008634
0.000864 0.841602 0.148588 0.008941 0.000005
0.013480 0.006209 0.112906 0.861914 0.005491
0.001651 0.954272 0.031010 0.013055 0.000012
0.890227 0.001152 0.038388 0.069325 0.000908
0.967632 0.000024 0.024762 0.006348 0.001233
0.038109 0.000810 0.227542 0.730745 0.002794
0.000003 0.005934 0.063726 0.026488 0.903849
0.008226 0.001623 0.285884 0.607842 0.096425
0.009368 0.004665 0.071372 0.883969 0.030627
0.000000 0.431727 0.561820 0.006426 0.000027
0.964554 0.000707 0.014937 0.018642 0.001160
0.000452 0.010263 0.162350 0.170917 0.656018
0.020300 0.001232 0.131489 0.846906 0.000073
0.933347 0.004639 0.034389 0.025550 0.002075
0.069102 0.010618 0.101178 0.728997 0.090105
0.000433 0.131587 0.084402 0.773007 0.010572
0.007495 0.320945 0.236021 0.266307 0.169232
0.000652 0.010899 0.083602 0.902615 0.002232
0.024436 0.464090 0.116358 0.391248 0.003868
0.006361 0.002744 0.064184 0.926599 0.000113
0.000063 0.018095 0.039396 0.932382 0.010064
0.000109 0.162330 0.132098 0.705081 0.000381
0.000003 0.005512 0.062949 0.026594 0.904942
0.000493 0.556383 0.132012 0.309612 0.001500
0.049819 0.345380 0.366415 0.150243 0.088142
0.000000 0.332536 0.604845 0.012540 0.050079
0.015734 0.001208 0.114352 0.860582 0.008124
0.971761 0.000016 0.023492 0.004252 0.000478
0.000847 0.090977 0.238071 0.626401 0.043705
0.382259 0.050787 0.301912 0.250507 0.014535
0.925009 0.005632 0.034979 0.030924 0.003457
0.000000 0.005884 0.590228 0.183597 0.220291
0.020049 0.004632 0.105588 0.842897 0.026834
0.002392 0.562726 0.199802 0.231273 0.003807
0.000058 0.006470 0.061994 0.168100 0.763378
0.013834 0.008415 0.104688 0.860071 0.012992
0.947834 0.000044 0.031203 0.020843 0.000075
0.000000 0.389825 0.567836 0.007494 0.034845
0.002819 0.003067 0.421308 0.559353 0.013453
0.018021 0.125729 0.108751 0.743152 0.004347
0.000003 0.005664 0.063226 0.026555 0.904551
0.003493 0.337103 0.123681 0.498395 0.037328
0.026783 0.014651 0.137404 0.819361 0.001802
0.003387 0.001694 0.052357 0.912709 0.029852
0.000003 0.005504 0.063003 0.026597 0.904892
0.100511 0.235115 0.155844 0.457074 0.051456
0.036054 0.134898 0.416205 0.405802 0.007041
0.046750 0.016687 0.337264 0.549162 0.050137
0.109637 0.110384 0.579646 0.139871 0.060462
0.000629 0.712076 0.138941 0.147325 0.001029
0.000000 0.096261 0.821591 0.019763 0.062385
0.165911 0.040736 0.710661 0.070604 0.012088
0.000005 0.006642 0.070337 0.026412 0.896606
0.580365 0.000713 0.077561 0.337790 0.003571
0.028641 0.082712 0.149928 0.735132 0.003587
0.032345 0.005343 0.221146 0.738951 0.002214
0.068707 0.007464 0.428801 0.462730 0.032297
0.221242 0.144156 0.220275 0.378117 0.036210
0.000000 0.079870 0.042321 0.288163 0.589646
0.008900 0.151549 0.562169 0.275252 0.002130
0.000004 0.008027 0.067624 0.025962 0.898382
0.153045 0.143964 0.278394 0.278779 0.145818
0.971408 0.007611 0.012811 0.006952 0.001217
0.041281 0.090448 0.752059 0.116185 0.000027
0.000022 0.065392 0.076853 0.857264 0.000468
0.971746 0.000016 0.023497 0.004260 0.000481
0.006550 0.004932 0.315754 0.672087 0.000678
0.676698 0.000646 0.065400 0.254571 0.002686
0.978675 0.000266 0.013003 0.007843 0.000212
0.957485 0.000858 0.015916 0.024112 0.001629
0.133722 0.014541 0.272115 0.579469 0.000153
0.000000 0.145467 0.575284 0.033173 0.246076
0.022919 0.016885 0.884232 0.075964 0.000000
0.008417 0.156046 0.071919 0.758583 0.005035
0.024532 0.409177 0.022598 0.286602 0.257092
0.978680 0.000266 0.013002 0.007840 0.000212
0.956935 0.007473 0.014891 0.018555 0.002146
0.019214 0.070321 0.115772 0.790429 0.004265
0.002538 0.968460 0.023775 0.004833 0.000395
0.005959 0.002267 0.060570 0.901701 0.029502
0.013046 0.017739 0.199297 0.696412 0.073506
0.857448 0.006014 0.029278 0.098771 0.008489
0.009888 0.135161 0.606482 0.247040 0.001429
0.204593 0.128633 0.221427 0.381713 0.063634
0.001284 0.011204 0.232353 0.708854 0.046305
0.946002 0.000422 0.030742 0.016147 0.006687
0.954175 0.000066 0.028871 0.013129 0.003758
0.008417 0.519272 0.143690 0.327905 0.000716
0.000000 0.336839 0.516555 0.015169 0.131437
0.011356 0.026217 0.410860 0.548402 0.003165
0.000000 0.003346 0.789569 0.131280 0.075805
0.000000 0.410851 0.554315 0.005629 0.029205
0.978677 0.000266 0.013003 0.007842 0.000212
0.003970 0.000000 0.961690 0.016442 0.017898
0.004207 0.400541 0.128955 0.454587 0.011711
0.000117 0.170824 0.137177 0.691508 0.000374
0.012183 0.004478 0.344593 0.546592 0.092154
0.822977 0.115796 0.030195 0.020760 0.010272
0.013163 0.001754 0.101338 0.874702 0.009044
0.000017 0.032200 0.112776 0.019898 0.835109
0.000000 0.287475 0.687164 0.025322 0.000039
0.000113 0.031285 0.045546 0.912972 0.010084
0.003452 0.008922 0.055302 0.924961 0.007363
0.048197 0.172178 0.120181 0.640964 0.018481
0.105342 0.152324 0.132156 0.453124 0.157055
0.001575 0.077773 0.860050 0.060602 0.000000
0.909341 0.007438 0.036095 0.041068 0.006058
0.002546 0.973865 0.021145 0.002191 0.000254
0.971021 0.000018 0.023720 0.004628 0.000613
0.965718 0.000468 0.024517 0.005852 0.003444
0.000061 0.187902 0.096602 0.715011 0.000424
0.000124 0.035728 0.046843 0.907182 0.010124
0.007989 0.168123 0.520949 0.300177 0.002762
0.000029 0.006586 0.182471 0.028581 0.782333
0.006683 0.112303 0.067599 0.808253 0.005162
0.000111 0.202632 0.130481 0.666399 0.000377
0.016010 0.001662 0.405114 0.507441 0.069773
0.020213 0.001236 0.469802 0.454834 0.053915
0.046274 0.001420 0.189754 0.748069 0.014482
0.000000 0.028414 0.466307 0.497251 0.008028
0.967108 0.000026 0.024922 0.006613 0.001330
0.017236 0.075941 0.132337 0.765609 0.008877
0.000418 0.045284 0.357171 0.597023 0.000105
0.005447 0.062398 0.065410 0.861492 0.005254
0.002060 0.084668 0.450546 0.462122 0.000604
0.006341 0.117451 0.137115 0.739094 0.000000
0.000912 0.148752 0.246597 0.601914 0.001826
0.026411 0.001000 0.160996 0.811536 0.000057
0.000470 0.055393 0.147890 0.101381 0.694866
0.944798 0.003754 0.017237 0.031550 0.002662
0.011836 0.458683 0.437570 0.089147 0.002765
0.001479 0.009527 0.256490 0.690821 0.041683
0.065268 0.226565 0.125274 0.566123 0.016771
0.050208 0.046965 0.171008 0.295041 0.436777
0.001963 0.418867 0.577934 0.000781 0.000455
0.000869 0.780568 0.187734 0.030819 0.000010
0.007083 0.008642 0.893108 0.069083 0.022084
0.005847 0.225854 0.419642 0.344590 0.004067
0.028000 0.092102 0.552850 0.238259 0.088789
0.881458 0.000417 0.050840 0.049354 0.017931
0.004442 0.041204 0.728918 0.136209 0.089227
0.000162 0.018880 0.083796 0.151178 0.745985
0.977917 0.000286 0.013107 0.008426 0.000263
0.002593 0.010234 0.050339 0.929248 0.007586
0.000000 0.003335 0.791171 0.130843 0.074651
0.000133 0.129058 0.151066 0.719381 0.000362
0.965615 0.000973 0.014742 0.017560 0.001110
0.000030 0.058085 0.160471 0.013391 0.768023
0.057954 0.307180 0.083970 0.420459 0.130437
0.013266 0.003155 0.362072 0.537409 0.084098
0.000035 0.006204 0.211488 0.029247 0.753026
0.971406 0.007611 0.012811 0.006954 0.001217
0.000753 0.006533 0.241982 0.183352 0.567379
0.001506 0.504338 0.176994 0.312018 0.005145
0.933358 0.004637 0.034389 0.025542 0.002074
0.003332 0.001821 0.051608 0.931920 0.011319
0.005650 0.019647 0.067117 0.905157 0.002430
0.000004 0.006848 0.068988 0.026327 0.897833
0.000000 0.078719 0.170248 0.681217 0.069816
0.000000 0.029537 0.955668 0.006359 0.008436
0.060252 0.040816 0.268415 0.629198 0.001320
0.001879 0.001030 0.044263 0.941666 0.011162
0.971678 0.000017 0.023518 0.004294 0.000493
0.025431 0.684462 0.238526 0.049703 0.001878
0.003638 0.245722 0.190373 0.553702 0.006565
0.001573 0.826708 0.055583 0.116082 0.000053
0.041406 0.058829 0.858265 0.041113 0.000387
0.002528 0.958038 0.028869 0.009900 0.000665
0.002516 0.954207 0.030713 0.011797 0.000766
0.916008 0.001944 0.021632 0.056019 0.004397
0.007023 0.025697 0.075278 0.884280 0.007721
0.000393 0.198810 0.761270 0.037812 0.001715
0.016432 0.457383 0.324914 0.201227 0.000045
0.019421 0.000752 0.332146 0.638761 0.008920
0.942325 0.000314 0.032091 0.018398 0.006873
0.059741 0.016103 0.390474 0.492606 0.041076
0.008190 0.033392 0.074921 0.881037 0.002459
0.041624 0.567332 0.349246 0.041022 0.000775
0.000031 0.094638 0.081529 0.823343 0.000458
0.063894 0.449551 0.343308 0.085136 0.058110
0.958267 0.001198 0.015748 0.023183 0.001603
0.002601 0.198981 0.412843 0.385553 0.000021
0.000000 0.030970 0.940381 0.008466 0.020184
0.000275 0.289329 0.499258 0.049660 0.161477
0.941657 0.000291 0.032342 0.018818 0.006892
0.038479 0.000918 0.219274 0.741301 0.000029
0.978679 0.000266 0.013002 0.007840 0.000212
0.017565 0.388905 0.230307 0.362546 0.000676
0.960484 0.000041 0.026956 0.009969 0.002550
0.005908 0.025534 0.068885 0.891770 0.007903
0.001487 0.135145 0.093147 0.754775 0.015446
0.977873 0.000287 0.013113 0.008461 0.000266
0.019931 0.092680 0.097114 0.275800 0.514474
0.000554 0.007122 0.190237 0.178049 0.624038
0.010238 0.039398 0.081441 0.866477 0.002446
0.000000 0.035859 0.872760 0.091326 0.000055
0.001367 0.063990 0.902800 0.015556 0.016287
0.052066 0.154152 0.474178 0.315040 0.004563
0.971705 0.000016 0.023510 0.004280 0.000488
0.000418 0.045283 0.357182 0.597013 0.000105
0.066771 0.001258 0.255420 0.669443 0.007108
0.002669 0.001436 0.046343 0.949438 0.000114
0.002706 0.356803 0.391414 0.061303 0.187774
0.165415 0.001104 0.313007 0.520413 0.000062
0.000029 0.086113 0.080173 0.833224 0.000461
0.002458 0.914837 0.049880 0.031031 0.001793
0.054426 0.118850 0.534467 0.292070 0.000187
0.113063 0.098108 0.082757 0.508423 0.197648
0.001193 0.012511 0.974185 0.000000 0.012111
0.000040 0.120410 0.085868 0.793234 0.000448
0.000000 0.434125 0.486522 0.006035 0.073317
0.965288 0.007553 0.013690 0.011859 0.001610
0.000645 0.032242 0.949843 0.017001 0.000270
0.008017 0.495042 0.145163 0.351022 0.000756
0.000000 0.449705 0.481730 0.004571 0.063994
0.000063 0.018125 0.039402 0.932347 0.010064
0.000000 0.050454 0.871754 0.013369 0.064423
0.002068 0.149743 0.103848 0.729487 0.014854
0.000409 0.039829 0.084141 0.866958 0.008662
0.000000 0.126291 0.581337 0.034959 0.257414
0.039885 0.013384 0.309843 0.583070 0.053819
0.005925 0.000000 0.128155 0.858363 0.007557
0.005214 0.080499 0.172542 0.729368 0.012377
0.000000 0.275524 0.536094 0.020859 0.167523
0.105644 0.016708 0.107862 0.683346 0.086439
0.010673 0.171295 0.079509 0.733651 0.004872
0.044149 0.288217 0.382708 0.182444 0.102482
0.002589 0.006791 0.159968 0.828967 0.001684
0.000000 0.412764 0.493095 0.008043 0.086098
0.000380 0.044689 0.129107 0.115980 0.709845
0.015914 0.765180 0.067284 0.150759 0.000863
0.001492 0.077719 0.074076 0.846713 0.000000
0.006933 0.003564 0.063626 0.895460 0.030417
0.000400 0.046147 0.344436 0.608896 0.000122
0.000179 0.049156 0.053725 0.886821 0.010119
0.042265 0.562705 0.353623 0.040675 0.000731
0.002859 0.592482 0.091285 0.145859 0.167515
0.000014 0.020413 0.107262 0.023172 0.849139
0.936330 0.006958 0.017906 0.035361 0.003444
0.000259 0.052938 0.244803 0.701749 0.000251
0.000097 0.138085 0.124652 0.736771 0.000395
0.002276 0.139565 0.840583 0.017576 0.000000
0.005421 0.249782 0.052952 0.689867 0.001978
0.001376 0.433956 0.202134 0.355063 0.007470
0.000052 0.005768 0.060770 0.169058 0.764352
0.006116 0.060150 0.067983 0.860545 0.005206
0.000000 0.030912 0.940599 0.008449 0.020040
0.000100 0.027553 0.043978 0.918298 0.010071
0.011863 0.000000 0.094475 0.855392 0.038269
0.434689 0.036382 0.326037 0.196183 0.006709
0.000000 0.030914 0.940590 0.008450 0.020046
0.002546 0.973882 0.021136 0.002183 0.000253
0.002538 0.001490 0.047591 0.937086 0.011295
0.004163 0.710552 0.112916 0.172300 0.000068
0.072754 0.244106 0.336665 0.340903 0.005571
0.011806 0.014020 0.194952 0.706009 0.073213
0.024587 0.214288 0.122518 0.637198 0.001409
0.000005 0.006569 0.069786 0.026422 0.897218
0.043041 0.295689 0.377323 0.181412 0.102535
0.000431 0.576639 0.348939 0.014140 0.059852
0.002545 0.973521 0.021312 0.002359 0.000263
0.014333 0.097905 0.736778 0.150984 0.000000
0.002928 0.007819 0.052334 0.929529 0.007389
0.002630 0.006014 0.970366 0.020989 -0.000000
0.000027 0.079094 0.079038 0.841379 0.000463
0.000119 0.161436 0.138914 0.699158 0.000373
0.971767 0.000016 0.023491 0.004249 0.000477
0.033754 0.005280 0.229226 0.729770 0.001970
0.000005 0.009335 0.071109 0.025654 0.893897
0.090081 0.207367 0.155748 0.492321 0.054483
0.002495 0.000000 0.857458 0.041341 0.098706
0.001216 0.018593 0.105427 0.872536 0.002228
0.000000 0.181263 0.701961 0.025993 0.090783
0.002800 0.008293 0.168190 0.819058 0.001658
0.566154 0.003228 0.203084 0.218816 0.008718
0.003657 0.008888 0.201863 0.784134 0.001458
0.975746 0.000342 0.013407 0.010098 0.000408
0.000415 0.045428 0.355041 0.599008 0.000108
0.000188 0.586447 0.160374 0.252711 0.000280
0.000016 0.013796 0.121393 0.025340 0.839454
0.005116 0.227971 0.052838 0.712054 0.002021
0.069968 0.000000 0.916371 0.000000 0.013661
0.000260 0.365259 0.593724 0.038635 0.002122
0.796166 0.053915 0.040059 0.088449 0.021411
0.000572 0.008116 0.080602 0.908508 0.002203
0.000087 0.008775 0.068633 0.165178 0.757327
0.034266 0.005257 0.232165 0.726432 0.001881
0.000000 0.158728 0.702748 0.017782 0.120743
0.000196 0.148929 0.123709 0.724499 0.002667
0.036449 0.165842 0.401010 0.396164 0.000535
0.000662 0.020353 0.155116 0.760249 0.063619
0.000103 0.011734 0.071411 0.160936 0.755816
0.002545 0.973470 0.021337 0.002384 0.000264
0.004026 0.000000 0.965420 0.015453 0.015100
0.000259 0.053077 0.244514 0.701900 0.000251
0.000214 0.006405 0.101897 0.829451 0.062033
0.963978 0.000032 0.025885 0.008203 0.001902
0.005074 0.021571 0.064224 0.901314 0.007816
0.002543 0.972085 0.022011 0.003061 0.000300
0.000000 0.041618 0.206837 0.726250 0.025295
0.000000 0.042178 0.583621 0.361253 0.012948
0.051232 0.214055 0.209503 0.522632 0.002578
0.009815 0.043066 0.090765 0.848107 0.008247
0.961289 0.000039 0.026709 0.009562 0.002401
0.933989 0.004564 0.034344 0.025134 0.001969
0.008152 0.059673 0.337847 0.589893 0.004435
0.933878 0.004577 0.034352 0.025206 0.001987
0.003869 0.005979 0.210329 0.778467 0.001355
0.052140 0.041093 0.163234 0.403385 0.340148
0.003832 0.002211 0.054133 0.928379 0.011445
0.002546 0.973884 0.021135 0.002182 0.000253
0.978661 0.000267 0.013005 0.007854 0.000213
0.030613 0.005420 0.211209 0.750243 0.002515
0.000000 0.081121 0.055819 0.294571 0.568489
0.000048 0.139989 0.090260 0.769264 0.000440
0.211342 0.508921 0.160097 0.099341 0.020299
0.504821 0.082845 0.180929 0.185150 0.046256
0.006876 0.130337 0.063416 0.797261 0.002110
0.023249 0.154358 0.407447 0.270939 0.144006
0.001635 0.006813 0.044945 0.939054 0.007552
0.824110 0.115967 0.030077 0.019793 0.010053
0.001181 0.021616 0.103918 0.870995 0.002289
0.004077 0.921608 0.051863 0.021244 0.001208
0.020255 0.414239 0.383804 0.181675 0.000026
0.002015 0.037325 0.914969 0.045691 0.000000
0.002541 0.970826 0.022624 0.003676 0.000333
0.041911 0.179738 0.428618 0.228919 0.120815
0.044976 0.011925 0.197844 0.743982 0.001273
0.012122 0.053274 0.103693 0.822469 0.008442
0.000000 0.111999 0.374123 0.511611 0.002268
0.061345 0.040520 0.272458 0.624435 0.001241
0.171050 0.104948 0.206293 0.505826 0.011883
0.002654 0.005696 0.971776 0.019874 0.000000
0.002545 0.973650 0.021249 0.002296 0.000259
0.000038 0.113809 0.085116 0.800586 0.000450
0.000190 0.593381 0.161486 0.244666 0.000278
0.003309 0.005920 0.188317 0.800962 0.001492
0.006369 0.895511 0.072214 0.024609 0.001296
0.000000 0.100845 0.150687 0.719486 0.028983
0.087190 0.156199 0.391860 0.359491 0.005260
0.002653 0.005709 0.971718 0.019920 0.000000
0.003505 0.070206 0.138692 0.773640 0.013958
0.020243 0.178062 0.675052 0.123429 0.003213
0.002517 0.951356 0.032118 0.013169 0.000839
0.011429 0.003317 0.088663 0.896487 0.000105
0.002595 0.957274 0.029463 0.010000 0.000668
0.001104 0.006675 0.332502 0.190857 0.468863
0.009103 0.876731 0.090417 0.022665 0.001084
0.000006 0.010552 0.072932 0.025340 0.891170
0.014656 0.000840 0.264588 0.703967 0.015949
0.003413 0.280739 0.468933 0.064475 0.182440
0.030666 0.744983 0.130135 0.091039 0.003177
0.978470 0.000272 0.013031 0.008001 0.000226
0.479938 0.064178 0.065779 0.313485 0.076619
0.005440 0.000000 0.124221 0.862789 0.007550
0.006838 0.057173 0.301478 0.629415 0.005097
0.002231 0.815220 0.134674 0.046377 0.001498
0.933977 0.004566 0.034345 0.025142 0.001971
0.000218 0.065512 0.058310 0.865689 0.010271
0.001988 0.415210 0.481781 0.100998 0.000023
0.000000 0.000000 0.208286 0.671719 0.119995
0.020499 0.411496 0.387553 0.180428 0.000025
0.002546 0.973854 0.021150 0.002196 0.000254
0.000000 0.564574 0.210187 0.195323 0.029916
0.000052 0.005791 0.060803 0.169027 0.764328
0.001211 0.000000 0.774505 0.064120 0.160164
0.978625 0.000268 0.013010 0.007882 0.000216
0.948309 0.000043 0.031143 0.020434 0.000071
0.000000 0.081484 0.056498 0.294760 0.567257
0.000370 0.218089 0.740382 0.039324 0.001835
0.000005 0.005541 0.072435 0.026768 0.895252
0.003306 0.339222 0.442552 0.056382 0.158537
0.002537 0.967863 0.024066 0.005124 0.000410
0.001221 0.019327 0.105586 0.871627 0.002240
0.578891 0.000711 0.077748 0.339066 0.003584
0.971767 0.000016 0.023491 0.004249 0.000477
0.029630 0.000878 0.614336 0.334816 0.020340
0.002546 0.973868 0.021143 0.002189 0.000254
0.001735 0.111725 0.152789 0.726133 0.007618
0.035399 0.001665 0.154906 0.789480 0.018550
0.002431 0.826087 0.066973 0.104463 0.000046
0.002588 0.069986 0.923899 0.002830 0.000697
0.026011 0.237955 0.474688 0.220705 0.040641
0.000830 0.805880 0.169481 0.023800 0.000008
0.002642 0.008443 0.050673 0.930768 0.007474
0.002108 0.083411 0.458869 0.455062 0.000550
0.008270 0.001856 0.067993 0.893592 0.028289
0.037062 0.000927 0.212433 0.749546 0.000032
0.971765 0.000016 0.023491 0.004250 0.000478
0.000705 0.123074 0.792715 -0.000000 0.083505
0.000000 0.420901 0.547854 0.004737 0.026508
0.961996 0.000035 0.026496 0.009210 0.002263
0.009806 0.610059 0.137421 0.242146 0.000567
0.002535 0.966979 0.024496 0.005555 0.000433
0.410438 0.007732 0.170893 0.375958 0.034980
0.032579 0.122747 0.739869 0.096743 0.008061
0.000000 0.354777 0.510911 0.013496 0.120816
0.963787 0.000654 0.015055 0.019298 0.001206
0.086968 0.177059 0.387373 0.343598 0.005001
0.942567 0.003882 0.017533 0.033202 0.002816
0.002306 0.114262 0.879454 0.003129 0.000849
0.213538 0.000863 0.374574 0.410997 0.000029
0.005900 0.093605 0.016875 0.511590 0.372030
0.000325 0.296738 0.664488 0.036584 0.001866
0.003191 0.057305 0.057335 0.876754 0.005416
0.971717 0.000016 0.023506 0.004274 0.000486
0.003639 0.015363 0.056179 0.917116 0.007703
0.017532 0.004696 0.426398 0.476913 0.074462
0.044661 0.074295 0.785072 0.095957 0.000015
0.000000 0.077209 0.873006 0.013153 0.036633
0.003852 0.002999 0.217945 0.659226 0.115978
0.000000 0.052863 0.947137 0.000000 0.000000
0.011057 0.691066 0.131907 0.165535 0.000434
0.932797 0.007235 0.018362 0.037912 0.003693
0.000151 0.471933 0.142016 0.385578 0.000322
0.000022 0.064280 0.076812 0.858418 0.000469
0.002627 0.006054 0.970175 0.021144 0.000000
0.032102 0.780877 0.127302 0.057175 0.002543
0.001002 0.206065 0.785388 0.005734 0.001811
0.817341 0.114948 0.030780 0.025570 0.011362
0.022844 0.001203 0.510133 0.421068 0.044754
0.017597 0.001984 0.429223 0.485832 0.065364
0.086076 0.005651 0.500148 0.388260 0.019865
0.012033 0.754051 0.127636 0.105950 0.000331
0.000165 0.514417 0.148828 0.336284 0.000306
0.027378 0.101020 0.112767 0.266422 0.492413
0.002544 0.972792 0.021667 0.002715 0.000282
0.000000 0.946619 0.019109 0.031652 0.002621
0.002359 0.851014 0.080934 0.062235 0.003458
0.232961 0.037702 0.131179 0.524571 0.073588
0.017301 0.001779 0.123515 0.857241 0.000164
0.971640 0.000017 0.023529 0.004313 0.000500
0.000047 0.141881 0.089696 0.767936 0.000440
0.000000 0.045102 0.127364 0.796950 0.030584
0.000000 0.328591 0.546710 0.012974 0.111725
0.007511 0.786628 0.080818 0.113810 0.011232
0.565954 0.003231 0.203043 0.219021 0.008751
0.000000 0.272645 0.702196 0.025097 0.000063
0.002480 0.000000 0.863012 0.042535 0.091974
0.000000 0.186595 0.184230 0.602500 0.026675
0.001650 0.953549 0.031140 0.013648 0.000012
0.000376 0.006588 0.072949 0.917863 0.002225
0.971767 0.000016 0.023491 0.004249 0.000477
0.000191 0.594806 0.161714 0.243012 0.000277
0.016338 0.058013 0.055522 0.705193 0.164935
0.970579 0.007603 0.012930 0.007617 0.001270
0.000000 0.098105 0.082214 0.300643 0.519038
0.031973 0.777652 0.127557 0.060218 0.002600
0.023659 0.013998 0.127078 0.833380 0.001884
0.000403 0.046176 0.083080 0.861502 0.008839
0.018104 0.295130 0.250527 0.435454 0.000785
0.002825 0.003064 0.422022 0.558743 0.013347
0.210256 0.127314 0.226519 0.377615 0.058295
0.889429 0.012660 0.037154 0.051694 0.009064
0.000807 0.229582 0.712779 0.000000 0.056832
0.039664 0.154092 0.425466 0.380301 0.000477
0.000000 0.027301 0.960334 0.005873 0.006491
0.014184 0.052482 0.356179 0.572674 0.004481
0.148097 0.554963 0.143028 0.146237 0.007675
0.000313 0.392413 0.441007 0.037852 0.128415
0.002676 0.488438 0.241280 0.262209 0.005397
0.978462 0.000272 0.013032 0.008007 0.000226
0.940943 0.000057 0.032073 0.026787 0.000141
0.929573 0.006034 0.019021 0.041557 0.003815
0.000416 0.045346 0.356246 0.597885 0.000106
0.000553 0.004434 0.143617 0.796733 0.054663
0.082319 0.239964 0.134774 0.527369 0.015573
0.974950 0.000365 0.013516 0.010708 0.000461
0.948447 0.000158 0.030480 0.015767 0.005147
0.009544 0.004065 0.083014 0.892088 0.011289
0.967358 0.000469 0.024005 0.005005 0.003162
0.008387 0.036737 0.082768 0.863982 0.008126
0.000052 0.005766 0.060807 0.169064 0.764310
0.003140 0.034053 0.960828 0.001696 0.000284
0.016613 0.000000 0.214425 0.763392 0.005569
0.000000 0.124721 0.029349 0.261543 0.584388
0.002333 0.000599 0.347693 0.630567 0.018808
0.000292 0.051357 0.267910 0.680220 0.000221
0.722006 0.029895 0.049326 0.161694 0.037078
0.002244 0.069832 0.343260 0.515326 0.069339
0.084640 0.120544 0.471983 0.266769 0.056064
0.010919 0.521339 0.060394 0.405956 0.001392
0.096100 0.003131 0.224284 0.676366 0.000119
0.000000 0.170147 0.280395 0.499961 0.049497
0.942513 0.000146 0.032350 0.018860 0.006130
0.004826 0.716161 0.120494 0.158459 0.000061
0.004668 0.092138 0.236896 0.660138 0.006160
0.002738 0.075392 0.614017 0.174405 0.133449
0.000000 0.027975 0.958923 0.006021 0.007081
0.000621 0.038346 0.940342 0.020239 0.000451
0.903007 0.000176 0.036854 0.059447 0.000516
0.002827 0.938971 0.039225 0.017898 0.001079
0.023544 0.000000 0.270357 0.701899 0.004201
0.024120 0.002313 0.118742 0.831675 0.023151
0.015712 0.006825 0.125690 0.846627 0.005145
0.002680 0.960090 0.028357 0.008300 0.000574
0.000000 0.433374 0.486750 0.006106 0.073770
0.003410 0.287276 0.466629 0.063460 0.179225
0.007118 0.341643 0.146494 0.470435 0.034310
0.020648 0.043180 0.115782 0.818207 0.002182
0.006309 0.089256 0.652434 0.252001 0.000000
0.024362 0.219625 0.307377 0.447896 0.000740
0.014713 0.241705 0.019603 0.406001 0.317977
0.007256 0.308750 0.056840 0.625324 0.001830
0.953907 0.000461 0.028207 0.011950 0.005475
0.001204 0.011972 0.976406 0.000000 0.010418
0.002492 0.014901 0.155784 0.824972 0.001850
0.917143 0.001854 0.021485 0.055201 0.004317
0.971011 0.000018 0.023723 0.004633 0.000615
0.000000 0.015276 0.439129 0.210092 0.335502
0.076099 0.538003 0.324136 0.029417 0.032344
0.000102 0.305976 0.117670 0.575874 0.000379
0.002525 0.960372 0.027712 0.008785 0.000606
0.969677 0.000574 0.014231 0.014700 0.000818
0.948414 0.000043 0.031130 0.020343 0.000070
0.004741 0.088024 0.240734 0.663926 0.002576
0.000463 0.371246 0.216399 0.087981 0.323911
0.056404 0.011341 0.235756 0.695552 0.000948
0.971586 0.000017 0.023546 0.004341 0.000510
0.933961 0.004567 0.034346 0.025152 0.001973
0.002097 0.001370 0.043582 0.952835 0.000115
0.001022 0.173149 0.817924 0.006037 0.001869
0.000112 0.012936 0.073344 0.159282 0.754326
0.000000 0.362430 0.585432 0.009928 0.042210
0.950849 0.006393 0.015937 0.024360 0.002462
0.006442 0.024455 0.069527 0.897134 0.002443
0.869777 0.014545 0.038600 0.064712 0.012366
0.969709 0.000471 0.023271 0.003791 0.002758
0.024981 0.211702 0.673467 0.087675 0.002174
0.014058 0.001439 0.101344 0.883071 0.000088
0.001024 0.001039 0.071335 0.890646 0.035956
0.146831 0.060129 0.555283 0.220632 0.017125
0.038898 0.155853 0.419816 0.384941 0.000492
0.963629 0.000034 0.025991 0.008376 0.001970
0.001412 0.015016 0.216214 0.764694 0.002664
0.000930 0.030302 0.914334 -0.000000 0.054434
0.000631 0.714303 0.139041 0.145004 0.001022
0.002448 0.001768 0.197261 0.681743 0.116779
0.000338 0.043638 0.074734 0.872158 0.009132
0.850187 0.019207 0.039700 0.075534 0.015372
0.098437 0.004886 0.550820 0.334678 0.011178
0.003752 0.002429 0.051582 0.942120 0.000118
0.002546 0.973714 0.021218 0.002265 0.000258
0.006145 0.260770 0.173273 0.558711 0.001101
0.000000 0.139206 0.592609 0.032105 0.236080
0.012959 0.000866 0.240529 0.727205 0.018441
0.070499 0.010235 0.282537 0.636183 0.000546
0.955443 0.007455 0.015106 0.019754 0.002241
0.004108 0.000000 0.970826 0.014020 0.011046
0.000845 0.017459 0.141926 0.833973 0.005797
0.010506 0.001122 0.084190 0.904087 0.000095
0.002539 0.969700 0.023172 0.004226 0.000362
0.822055 0.115658 0.030291 0.021547 0.010450
0.002387 0.003306 0.368433 0.604589 0.021285
0.000000 0.076464 0.878456 0.012165 0.032915
0.925784 0.005515 0.034927 0.030443 0.003331
0.000000 0.129166 0.580260 0.034709 0.255865
0.032776 0.180437 0.372864 0.413322 0.000599
0.017339 0.010361 0.218277 0.685714 0.068309
0.000016 0.030934 0.110248 0.020212 0.838590
0.004097 0.003211 0.221549 0.655314 0.115830
0.007198 0.004691 0.341255 0.646341 0.000515
0.000301 0.050966 0.274255 0.674266 0.000213
0.100488 0.050298 0.138328 0.605781 0.105106
0.976977 0.000310 0.013237 0.009150 0.000326
0.001715 0.007039 0.490564 0.203784 0.296898
0.000000 0.076337 0.027133 0.281897 0.614634
0.326416 0.006825 0.153929 0.464845 0.047984
0.000187 0.582595 0.159757 0.257180 0.000282
0.002545 0.973677 0.021236 0.002283 0.000259
0.018197 0.128542 0.109265 0.739661 0.004335
0.000977 0.835405 0.110938 0.006067 0.046612
0.000004 0.005518 0.065988 0.026650 0.901840
0.011233 0.173647 0.047567 0.521642 0.245910
0.009083 0.000986 0.080707 0.899725 0.009498
0.163381 0.042751 0.705283 0.074157 0.014427
0.000623 0.038111 0.940834 0.019994 0.000438
0.010128 0.041591 0.395065 0.549759 0.003457
0.951348 0.000057 0.029770 0.014615 0.004211
0.000033 0.063968 0.171381 0.011914 0.752705
0.000138 0.059463 0.158601 0.781436 0.000362
0.975358 0.000352 0.013460 0.010396 0.000434
0.000441 0.031032 0.088605 0.871628 0.008293
0.024353 0.013235 0.902602 0.059811 0.000000
0.006566 0.388969 0.153686 0.449853 0.000926
0.007260 0.028641 0.072052 0.889596 0.002450
0.031851 0.140713 0.214211 0.603107 0.010119
0.023002 0.016595 0.885344 0.075059 0.000000
0.000648 0.006670 0.214517 0.180803 0.597362
0.936343 0.000208 0.034153 0.021826 0.007470
0.008344 0.062799 0.237207 0.681990 0.009660
0.019005 0.024181 0.222404 0.663004 0.071406
0.066793 0.001258 0.255491 0.669359 0.007100
0.000381 0.047104 0.330896 0.621480 0.000139
0.921679 0.000168 0.034497 0.043311 0.000346
0.000000 0.334715 0.521514 0.014905 0.128865
0.000521 0.069651 0.895454 0.033183 0.001191
0.001373 0.755486 0.067241 0.175822 0.000078
0.000000 0.154475 0.788018 0.013781 0.043726
0.000000 0.390095 0.567665 0.007470 0.034771
0.014703 0.341887 0.162392 0.470743 0.010275
0.973135 0.000413 0.013766 0.012105 0.000582
0.013808 0.034172 0.498588 0.451817 0.001615
0.005584 0.237535 0.424842 0.326790 0.005248
0.033086 0.069094 0.166955 0.727596 0.003269
0.002544 0.972683 0.021720 0.002769 0.000284
0.038199 0.000000 0.389961 0.562988 0.008851
0.959000 0.002471 0.015432 0.021449 0.001648
0.029962 0.005451 0.207472 0.754486 0.002628
0.773186 0.066837 0.040437 0.095370 0.024170
0.000183 0.570950 0.157890 0.270691 0.000286
0.000337 0.480161 0.508251 0.010344 0.000907
0.003036 0.012435 0.052808 0.924085 0.007637
0.012472 0.782387 0.125720 0.079137 0.000284
0.926856 0.005430 0.034846 0.029719 0.003149
0.095643 0.005060 0.539363 0.346792 0.013142
0.077132 0.177176 0.154975 0.532679 0.058037
0.008342 0.004820 0.073773 0.912945 0.000120
0.978467 0.000272 0.013031 0.008003 0.000226
0.043684 0.078808 0.775612 0.101877 0.000018
0.000412 0.045582 0.352765 0.601131 0.000111
0.000000 0.027471 0.959979 0.005910 0.006640
0.000000 0.173421 0.688746 0.017420 0.120412
0.000946 0.011528 0.190930 0.744065 0.052532
0.002770 0.077703 0.916765 0.002245 0.000516
0.005032 0.302461 0.158195 0.533240 0.001072
0.000917 0.781166 0.123257 0.015640 0.079020
0.566137 0.003228 0.203081 0.218833 0.008721
0.019299 0.006545 0.103094 0.842109 0.028953
0.008763 0.162586 0.072884 0.750758 0.005010
0.030089 0.020991 0.132264 0.447517 0.369138
0.000510 0.006171 0.179062 0.178536 0.635722
0.001336 0.006755 0.392533 0.195854 0.403522
0.023587 0.253440 0.296042 0.426216 0.000714
0.055507 0.008776 0.374594 0.519398 0.041725
0.187760 0.000991 0.341595 0.469608 0.000047
0.000000 0.095957 0.244493 0.656380 0.003170
0.000997 0.147920 0.842757 0.006377 0.001949
0.566090 0.003229 0.203071 0.218881 0.008729
0.000290 0.357673 0.458245 0.042351 0.141441
0.000133 0.037700 0.047940 0.904108 0.010119
0.000187 0.252287 0.678322 0.065914 0.003290
0.000486 0.547635 0.131627 0.318726 0.001527
0.005287 0.003128 0.131571 0.826186 0.033827
0.911406 0.000127 0.035798 0.052243 0.000426
0.022333 0.366732 0.047812 0.374826 0.188298
0.973442 0.000402 0.013724 0.011871 0.000561
0.946792 0.002909 0.017094 0.030733 0.002471
0.000006 0.010813 0.073440 0.025275 0.890466
0.000668 0.027485 0.118382 0.846483 0.006983
0.964316 0.000744 0.014964 0.018798 0.001178
0.003343 0.024789 0.970510 0.001236 0.000122
0.038108 0.000810 0.227534 0.730754 0.002794
0.006103 0.085623 0.652436 0.255838 0.000000
0.007457 0.048878 0.315493 0.376923 0.251249
0.002495 0.940800 0.037237 0.018351 0.001116
0.970937 0.000018 0.023746 0.004671 0.000629
0.006084 0.320956 0.217877 0.276797 0.178287
0.000092 0.007144 0.480279 0.034139 0.478346
0.000412 0.045568 0.352974 0.600936 0.000110
0.065899 0.033722 0.506847 0.311181 0.082351
0.007140 0.124841 0.068689 0.794201 0.005129
0.034260 0.005257 0.232132 0.726469 0.001882
0.919131 0.001192 0.034734 0.044283 0.000659
0.011503 0.356089 0.184831 0.434377 0.013200
0.001210 0.015589 0.189668 0.789756 0.003777
0.276620 0.032752 0.140654 0.485038 0.064936
0.000100 0.027158 0.043972 0.918707 0.010063
0.005405 0.095908 0.063665 0.829767 0.005255
0.015255 0.050702 0.377988 0.552524 0.003530
0.005380 0.429530 0.358332 0.206746 0.000013
0.004573 0.273487 0.160087 0.560734 0.001120
0.052721 0.097982 0.227484 0.621142 0.000671
0.000181 0.564935 0.156925 0.277671 0.000288
0.127251 0.001749 0.264169 0.606740 0.000091
0.000125 0.006224 0.079642 0.169977 0.744031
0.030240 0.000858 0.623685 0.327039 0.018178
0.002360 0.851628 0.080635 0.061935 0.003442
0.040531 0.700612 0.047352 0.121837 0.089669
0.000125 0.035987 0.046946 0.906818 0.010125
0.018108 0.296884 0.047537 0.428122 0.209348
0.971733 0.000016 0.023501 0.004266 0.000483
0.001166 0.095851 0.834761 0.022760 0.045462
0.000960 0.819723 0.114497 0.008836 0.055985
0.054393 0.118928 0.534222 0.292269 0.000188
0.001699 0.007027 0.486371 0.203445 0.301459
0.012951 0.002099 0.100265 0.875380 0.009305
0.426304 0.038055 0.322275 0.205375 0.007991
0.000067 0.006685 0.361885 0.031997 0.599367
0.065998 0.035697 0.251273 0.606257 0.040775
0.000382 0.006698 0.073184 0.917511 0.002225
0.019450 0.421265 0.160349 0.390224 0.008711
0.968259 0.000023 0.024569 0.006030 0.001119
0.971764 0.000016 0.023491 0.004250 0.000478
0.977206 0.000305 0.013205 0.008974 0.000310
0.000055 0.158727 0.093902 0.746885 0.000432
0.003143 0.285766 0.627547 0.083529 0.000015
0.037242 0.047258 0.183306 0.729223 0.002972
0.001380 0.015090 0.211947 0.768741 0.002842
0.001339 0.015182 0.206610 0.773803 0.003066
0.303935 0.050113 0.297507 0.343921 0.004524
0.010628 0.000984 0.088523 0.890720 0.009145
0.006252 0.025123 0.068868 0.897304 0.002453
0.033055 0.169864 0.376664 0.419810 0.000607
0.000000 0.036680 0.941019 0.007857 0.014444
0.970363 0.000484 0.014148 0.014238 0.000767
0.000000 0.026765 0.499756 0.467677 0.005802
0.000806 0.277737 0.200804 0.512701 0.007952
0.000000 0.920640 0.020742 0.054960 0.003658
0.000000 0.073684 0.811081 0.016941 0.098295
0.000000 0.817782 0.027289 0.147170 0.007759
0.005079 0.044113 0.626678 0.316717 0.007414
0.000000 0.060888 0.286572 0.649587 0.002952
0.003387 0.002214 0.211345 0.668044 0.115009
0.000000 0.032403 0.935004 0.008861 0.023731
0.933867 0.004578 0.034352 0.025213 0.001989
0.006682 0.029142 0.073218 0.882979 0.007979
0.003118 0.571598 0.097090 0.153446 0.174748
0.022228 0.370686 0.021880 0.314043 0.271162
0.970068 0.000020 0.024013 0.005112 0.000788
0.165912 0.040735 0.710662 0.070603 0.012087
0.070399 0.006781 0.435851 0.456039 0.030930
0.011137 0.008999 0.325529 0.543788 0.110548
0.396362 0.006096 0.168232 0.392670 0.036640
0.044580 0.074667 0.784293 0.096445 0.000015
0.863286 0.003470 0.028872 0.096447 0.007926
0.028182 0.022972 0.577310 0.273910 0.097626
0.017126 0.323965 0.096058 0.558450 0.004401
0.000147 0.058569 0.165021 0.775909 0.000354
0.000008 0.005966 0.086272 0.026911 0.880843
0.971749 0.000016 0.023496 0.004258 0.000481
0.001577 0.550974 0.245107 0.044428 0.157915
0.002545 0.973221 0.021458 0.002506 0.000270
0.003324 0.939342 0.040672 0.015718 0.000943
0.002542 0.971606 0.022244 0.003295 0.000313
0.775935 0.088996 0.037489 0.076179 0.021400
0.935667 0.000450 0.033905 0.021366 0.008611
0.006354 0.022669 0.069315 0.899231 0.002432
0.933988 0.004564 0.034344 0.025135 0.001969
0.024545 0.001017 0.151986 0.822391 0.000061
0.006568 0.024867 0.069928 0.896195 0.002442
0.002511 0.946365 0.034551 0.015605 0.000969
0.000022 0.064260 0.077093 0.858157 0.000468
0.978247 0.000278 0.013062 0.008173 0.000241
0.000000 0.058669 0.836594 0.016105 0.088632
0.001411 0.015018 0.216096 0.764806 0.002669
0.027950 0.666141 0.255798 0.048402 0.001709
0.000327 0.017619 0.394065 0.558605 0.029384
0.005282 0.504362 0.143200 0.336917 0.010239
0.978682 0.000266 0.013002 0.007838 0.000212
0.040726 0.049637 0.079824 0.682099 0.147714
0.161618 0.044182 0.701524 0.076623 0.016054
0.000623 0.037780 0.941218 0.019945 0.000434
0.000280 0.018741 0.114339 0.153992 0.712648
0.000665 0.134179 0.775960 -0.000000 0.089196
0.089281 0.198677 0.503258 0.140130 0.068654
0.046082 0.140356 0.472578 0.340634 0.000349
0.006373 0.067957 0.068559 0.851923 0.005187
0.968634 0.000530 0.014386 0.015567 0.000882
0.019623 0.044074 0.320207 0.616096 0.000000
0.014347 0.007675 0.087176 0.859009 0.031793
0.001873 0.680115 0.151291 0.163601 0.003120
0.000236 0.251428 0.119754 0.626168 0.002415
0.003770 0.851245 0.085452 0.056438 0.003094
0.000000 0.372294 0.579163 0.009038 0.039505
0.000761 0.572338 0.176451 0.051516 0.198934
0.000003 0.005560 0.063046 0.026582 0.904809
0.971766 0.000016 0.023491 0.004250 0.000477
0.004838 0.005427 0.248426 0.740201 0.001108
0.008872 0.236860 0.196466 0.556732 0.001070
0.971322 0.007610 0.012823 0.007021 0.001223
0.000582 0.006285 0.197749 0.179956 0.615428
0.017732 0.006607 0.098073 0.848023 0.029565
0.003850 0.006787 0.209521 0.778468 0.001374
0.000019 0.014883 0.135110 0.025292 0.824695
0.002546 0.973798 0.021177 0.002224 0.000255
0.012768 0.801480 0.124431 0.061068 0.000253
0.000014 0.019201 0.107532 0.023524 0.849728
0.000246 0.074378 0.061701 0.853358 0.010316
0.015301 0.617611 0.341561 0.024426 0.001100
0.011031 0.008912 0.323973 0.545459 0.110625
0.967766 0.000470 0.023878 0.004795 0.003092
0.002015 0.733359 0.144765 0.117380 0.002481
0.005281 0.308729 0.377242 0.304992 0.003755
0.006785 0.004805 0.325017 0.662775 0.000618
0.971212 0.000017 0.023661 0.004531 0.000579
0.069403 0.122028 0.539741 0.265342 0.003486
0.016056 0.405494 0.216880 0.360882 0.000689
0.032797 0.005323 0.223736 0.736009 0.002136
0.000109 0.210046 0.128659 0.660807 0.000379
0.776669 0.108827 0.034999 0.060277 0.019228
0.978341 0.000275 0.013049 0.008100 0.000235
0.566186 0.003227 0.203091 0.218783 0.008713
0.004615 0.281009 0.373988 0.334607 0.005781
0.080299 0.006067 0.476452 0.413239 0.023942
0.036908 0.008963 0.813187 0.140849 0.000093
0.018443 0.000000 0.229174 0.747291 0.005092
0.002545 0.973710 0.021220 0.002267 0.000258
0.000019 0.015293 0.133186 0.025138 0.826364
0.001116 0.030001 0.209645 0.697092 0.062145
0.000328 0.049869 0.293247 0.656369 0.000188
0.165920 0.397638 0.158211 0.245208 0.033023
0.001271 0.004786 0.231498 0.720299 0.042145
0.044036 0.144181 0.457655 0.353738 0.000391
0.016308 0.772449 0.165331 0.043977 0.001934
0.007535 0.316712 0.390677 0.284939 0.000137
0.000121 0.156779 0.140994 0.701735 0.000371
0.030202 0.125730 0.143749 0.697799 0.002520
0.075104 0.530795 0.325698 0.033959 0.034444
0.029478 0.560646 0.130367 0.276008 0.003501
0.032098 0.005354 0.219728 0.740563 0.002257
0.000026 0.051027 0.147383 0.015164 0.786401
0.000114 0.012848 0.073901 0.159463 0.753674
0.000000 0.135478 0.809484 0.013505 0.041532
0.000141 0.440163 0.136967 0.422395 0.000333
0.000004 0.005518 0.066574 0.026662 0.901243
0.000022 0.064312 0.076693 0.858504 0.000469
0.006211 0.013826 0.842666 0.093417 0.043880
0.000071 0.217960 0.101478 0.680078 0.000413
0.017962 0.281082 0.661287 0.039669 0.000000
0.000210 0.061499 0.209343 0.728653 0.000296
0.886619 0.000388 0.038907 0.073362 0.000724
0.008189 0.053494 0.339600 0.594297 0.004421
0.030273 0.000857 0.624190 0.326619 0.018061
0.925684 0.007159 0.019386 0.043622 0.004149
0.927398 0.000088 0.033781 0.038462 0.000272
0.914328 0.000435 0.040576 0.032391 0.012271
0.064684 0.007165 0.412416 0.480779 0.034956
0.000017 0.020957 0.120909 0.023278 0.834839
0.002413 0.000649 0.351951 0.626111 0.018876
0.970176 0.000019 0.023980 0.005057 0.000768
0.004117 0.007028 0.059174 0.922541 0.007140
0.002762 0.063275 0.930984 0.002422 0.000556
0.913269 0.000121 0.035563 0.050639 0.000408
0.041292 0.046603 0.198263 0.711161 0.002681
0.000316 0.050154 0.285286 0.664046 0.000198
0.000000 0.028617 0.957579 0.006161 0.007642
0.000053 0.005953 0.061085 0.168805 0.764103
0.000642 0.033027 0.948617 0.017421 0.000293
0.273573 0.008107 0.489882 0.226146 0.002292
0.016815 0.074054 0.129980 0.770312 0.008840
0.000016 0.005881 0.123608 0.027653 0.842842
0.012186 0.763954 0.126964 0.096581 0.000314
0.038478 0.000918 0.219270 0.741305 0.000029
0.001213 0.667152 0.082858 0.248669 0.000108
0.001016 0.200278 0.791137 0.005758 0.001811
0.000665 0.020497 0.155516 0.759664 0.063657
0.024457 0.695116 0.230091 0.048485 0.001852
0.000022 0.012400 0.147080 0.026234 0.814265
0.000099 0.007276 0.513587 0.034741 0.444297
0.946369 0.000047 0.031388 0.022107 0.000089
0.000193 0.195042 0.118357 0.683829 0.002578
0.824048 0.115957 0.030084 0.019846 0.010065
0.006588 0.531473 0.333856 0.128074 0.000009
0.971718 0.000016 0.023506 0.004274 0.000486
0.321171 0.007924 0.152729 0.468975 0.049200
0.005199 0.148850 0.696471 0.071531 0.077950
0.001438 0.777398 0.063698 0.157395 0.000070
0.000384 0.006575 0.073272 0.917547 0.002222
0.002289 0.151468 0.163657 0.675275 0.007311
0.000000 0.031566 0.938134 0.008631 0.021668
0.010484 0.513569 0.154220 0.311171 0.010556
0.186657 0.000988 0.340183 0.472124 0.000047
0.012404 0.004206 0.348163 0.544726 0.090501
0.002538 0.968484 0.023764 0.004821 0.000394
0.947593 0.000147 0.030766 0.016244 0.005250
0.008082 0.849234 0.074920 0.060175 0.007590
0.736558 0.000906 0.057818 0.202497 0.002221
0.000000 0.103653 0.842773 0.013611 0.039964
0.005250 0.238805 0.052830 0.701116 0.002000
0.011828 0.740832 0.128530 0.118458 0.000352
0.162273 0.043634 0.702927 0.075714 0.015452
0.017945 0.052637 0.111932 0.813129 0.004357
0.000369 0.024929 0.079260 0.886889 0.008553
0.000063 0.018107 0.039417 0.932350 0.010063
0.000077 0.069281 0.114945 0.815279 0.000418
0.000415 0.010283 0.152731 0.170066 0.666505
0.002546 0.973822 0.021166 0.002212 0.000255
0.912167 0.002025 0.022164 0.058993 0.004652
0.013179 0.627463 0.280881 0.078427 0.000049
0.000000 0.032824 0.967176 -0.000000 0.000000
0.000000 0.436386 0.485825 0.005823 0.071966
0.944859 0.000049 0.031579 0.023409 0.000104
0.092941 0.005226 0.528289 0.358504 0.015040
0.948355 0.000160 0.030506 0.015811 0.005168
0.002544 0.972915 0.021607 0.002655 0.000278
0.037859 0.053483 0.293782 0.547380 0.067496
0.088810 0.114998 0.169408 0.567657 0.059126
0.032821 0.165054 0.419373 0.250298 0.132453
0.113222 0.153090 0.566329 0.116932 0.050427
0.001201 0.085828 0.270791 0.601480 0.040700
0.001934 0.179541 0.098970 0.704727 0.014828
0.002502 0.926038 0.044517 0.025448 0.001494
0.971655 0.000017 0.023525 0.004306 0.000498
0.005244 0.005276 0.264422 0.724053 0.001005
0.002379 0.008205 0.151655 0.836001 0.001760
0.000000 0.030967 0.940393 0.008465 0.020176
0.957348 0.000863 0.015935 0.024216 0.001638
0.001981 0.036547 0.134675 0.824443 0.002354
0.000166 0.518946 0.149554 0.331030 0.000305
0.012226 0.011903 0.197079 0.706514 0.072277
0.033260 0.627759 0.292091 0.045543 0.001347
0.045613 0.024638 0.186508 0.706011 0.037231
0.000204 0.020725 0.093773 0.149235 0.736062
0.000896 0.606919 0.175922 0.044166 0.172098
0.002524 0.957495 0.029123 0.010178 0.000680
0.054139 0.119531 0.532350 0.293787 0.000193
0.029476 0.019881 0.725753 0.224574 0.000316
0.001302 0.015265 0.201813 0.778353 0.003266
0.000343 0.489590 0.501249 0.008011 0.000807
0.039485 0.030475 0.304893 0.565816 0.059331
0.011480 0.057718 0.301051 0.622874 0.006877
0.018051 0.006993 0.099074 0.846055 0.029827
0.000000 0.000000 0.208298 0.671722 0.119979
0.005910 0.071931 0.187260 0.723104 0.011795
0.002527 0.913123 0.050949 0.031582 0.001819
0.068257 0.404696 0.371597 0.095272 0.060179
0.004192 0.005773 0.223046 0.765716 0.001272
0.001614 0.006724 0.044828 0.939284 0.007550
0.006118 0.189289 0.702999 0.044314 0.057281
0.022248 0.000000 0.259990 0.712805 0.004957
0.076204 0.538761 0.323972 0.028940 0.032123
0.956105 0.000862 0.016112 0.025202 0.001719
0.001396 0.025319 0.112206 0.858777 0.002301
0.061317 0.040528 0.272355 0.624557 0.001243
0.016232 0.226171 0.249602 0.507078 0.000916
0.000000 0.028601 0.648761 0.322064 0.000574
0.000000 0.032345 0.949815 0.006968 0.010872
0.002391 0.008709 0.049224 0.932143 0.007532
0.000149 0.017207 0.081072 0.153477 0.748095
0.002892 0.007304 0.052139 0.930301 0.007365
0.003313 0.857231 0.081010 0.055390 0.003056
0.029532 0.561674 0.130516 0.274782 0.003497
0.005766 0.037951 0.293973 0.401669 0.260641
0.971761 0.000016 0.023492 0.004252 0.000478
0.004295 0.006242 0.227061 0.761147 0.001255
0.003070 0.000000 0.901314 0.032084 0.063532
0.970672 0.000019 0.023827 0.004805 0.000677
0.011533 0.010013 0.101624 0.870786 0.006044
0.000260 0.068214 0.063722 0.857701 0.010103
0.038682 0.156597 0.418181 0.386044 0.000496
0.000774 0.580468 0.174874 0.050035 0.193849
0.012476 0.063427 0.051472 0.705043 0.167582
0.000153 0.476988 0.142835 0.379704 0.000320
0.000017 0.019706 0.122204 0.023661 0.834412
0.005345 0.707111 0.129131 0.158354 0.000059
0.967375 0.000025 0.024841 0.006479 0.001280
0.000926 0.789621 0.121325 0.014150 0.073977
0.005464 0.001034 0.062400 0.920753 0.010350
0.000000 0.459692 0.190806 0.340998 0.008504
0.000838 0.143143 0.726837 0.034957 0.094224
0.001413 0.015014 0.216333 0.764581 0.002659
0.000000 0.382418 0.502412 0.010897 0.104272
0.002043 0.654418 0.164246 0.176071 0.003221
0.014800 0.001920 0.386416 0.522085 0.074777
0.000000 0.069324 0.884724 0.012443 0.033508
0.006092 0.211827 0.432981 0.345110 0.003989
0.863404 0.013958 0.039215 0.069862 0.013561
0.000000 0.182818 0.703887 0.025235 0.088060
0.022949 0.005842 0.167230 0.800129 0.003850
0.025260 0.027642 0.247299 0.631610 0.068190
0.964582 0.000031 0.025699 0.007895 0.001793
0.003308 0.061292 0.185676 0.747263 0.002461
0.059001 0.041154 0.263789 0.634647 0.001410
0.000000 0.265142 0.463903 0.246338 0.024616
0.020416 0.001210 0.132045 0.846257 0.000072
0.000007 0.013292 0.077944 0.024651 0.884106
0.302339 0.019990 0.147433 0.473837 0.056401
0.043850 0.015811 0.325579 0.562909 0.051852
0.002064 0.131668 0.159668 0.699161 0.007438
0.966187 0.000592 0.014724 0.017452 0.001045
0.002530 0.963078 0.026396 0.007460 0.000535
0.000347 0.010554 0.117700 0.808889 0.062509
0.002160 0.002185 0.087327 0.871809 0.036519
0.017278 0.001494 0.122161 0.851118 0.007949
0.001920 0.063381 0.163559 0.763579 0.007561
0.069989 0.200301 0.337402 0.385858 0.006450
0.003240 0.868725 0.075118 0.050139 0.002779
0.970563 0.000476 0.014121 0.014086 0.000753
0.000022 0.064304 0.076703 0.858503 0.000469
0.016054 0.303090 0.093095 0.583283 0.004479
0.034229 0.005259 0.231955 0.726670 0.001887
0.000000 0.080955 0.754295 0.022122 0.142628
0.016609 0.023081 0.212827 0.674777 0.072706
0.006773 0.428193 0.136078 0.415145 0.013810
0.006014 0.001811 0.060768 0.902366 0.029040
0.002655 0.848741 0.083023 0.062140 0.003442
0.002544 0.972629 0.021746 0.002795 0.000286
0.000583 0.048654 0.924669 0.025355 0.000739
0.003318 0.001098 0.051543 0.933164 0.010877
0.002456 0.796316 0.153090 0.046210 0.001928
0.000328 0.099361 0.071654 0.818231 0.010426
0.000127 0.170970 0.737846 0.086859 0.004198
0.003303 0.056202 0.057799 0.877288 0.005408
0.003280 0.027625 0.967544 0.001379 0.000173
0.002534 0.966155 0.024898 0.005958 0.000455
0.000000 0.385708 0.263929 0.329168 0.021195
0.971365 0.007611 0.012817 0.006988 0.001220
0.008966 0.000987 0.080116 0.900405 0.009525
0.922478 0.005899 0.035162 0.032582 0.003880
0.215230 0.518447 0.160259 0.086854 0.019209
0.002343 0.010224 0.953339 0.034094 0.000000
0.970815 0.000018 0.023783 0.004732 0.000651
0.006876 0.433631 0.126261 0.433233 0.000000
0.000181 0.566216 0.157131 0.276184 0.000287
0.000000 0.448467 0.289093 0.242975 0.019465
0.024552 0.210632 0.122555 0.640845 0.001416
0.000926 0.284734 0.222087 0.482495 0.009759
0.000413 0.132345 0.822108 0.043282 0.001853
0.918751 0.006327 0.020511 0.049874 0.004538
0.026330 0.001032 0.160604 0.811976 0.000057
0.000000 0.029474 0.444677 0.516382 0.009468
0.000337 0.055835 0.074168 0.860250 0.009411
0.030248 0.013742 0.575806 0.362159 0.018045
0.195618 0.012112 0.395213 0.294116 0.102941
0.000587 0.122794 0.208938 0.622459 0.045221
0.000000 0.003280 0.799264 0.128634 0.068822
0.971678 0.000017 0.023518 0.004294 0.000493
0.000005 0.006642 0.071539 0.026435 0.895379
0.012999 0.019003 0.105669 0.466589 0.395740
0.978679 0.000266 0.013002 0.007840 0.000212
0.012769 0.801515 0.124428 0.061035 0.000253
0.006588 0.112886 0.067220 0.808137 0.005169
0.014589 0.018435 0.205469 0.688843 0.072664
0.133637 0.066594 0.641994 0.115866 0.041909
0.962140 0.000037 0.026447 0.009130 0.002246
0.000018 0.016851 0.126107 0.024555 0.832469
0.006029 0.349779 0.156829 0.486376 0.000988
0.889437 0.000404 0.048381 0.045295 0.016483
0.011590 0.058678 0.050838 0.710589 0.168306
0.044564 0.045072 0.210395 0.697523 0.002446
0.010011 0.133212 0.612001 0.243435 0.001340
0.000669 0.547822 0.177070 0.056685 0.217754
0.055126 0.125915 0.046588 0.488574 0.283798
0.006377 0.027687 0.071512 0.886478 0.007947
0.000030 0.007324 0.187174 0.028459 0.777013
0.002458 0.045413 0.152998 0.796739 0.002392
0.029158 0.657482 0.264019 0.047716 0.001625
0.008309 0.001009 0.076791 0.904204 0.009688
0.004011 0.197393 0.731443 0.067144 0.000009
0.061344 0.040520 0.272456 0.624437 0.001241
0.006646 0.406422 0.151177 0.434854 0.000901
0.002080 0.110407 0.132312 0.741496 0.013706
0.896639 0.009369 0.036942 0.048930 0.008120
0.041398 0.568968 0.347698 0.041145 0.000791
0.000127 0.135636 0.113228 0.748234 0.002775
0.042086 0.273749 0.385726 0.191673 0.106766
0.001812 0.001175 0.042206 0.954692 0.000115
0.037623 0.000813 0.225081 0.733577 0.002906
0.269878 0.072348 0.251633 0.374384 0.031757
0.009478 0.010175 0.190312 0.748723 0.041313
0.042324 0.562279 0.354026 0.040643 0.000727
0.957724 0.007480 0.014778 0.017923 0.002095
0.000077 0.022566 0.041161 0.926111 0.010084
0.000000 0.044677 0.556740 0.381943 0.016640
0.001717 0.031240 0.124525 0.840193 0.002326
0.000000 0.090916 0.147557 0.732327 0.029200
0.002261 0.420467 0.493395 0.083859 0.000018
0.015187 0.050816 0.376593 0.553813 0.003591
0.000000 0.092123 0.148080 0.337284 0.422514
0.001704 0.007127 0.045332 0.938278 0.007558
0.002500 0.007714 0.962810 0.026977 0.000000
0.000790 0.662591 0.150496 0.036515 0.149608
0.002616 0.011091 0.050439 0.928223 0.007631
0.000185 0.065313 0.191447 0.742737 0.000319
0.000005 0.008674 0.071355 0.025848 0.894118
0.000006 0.005899 0.076072 0.026735 0.891288
0.000005 0.009844 0.070980 0.025506 0.893665
0.012690 0.602878 0.289253 0.095122 0.000056
0.000000 0.091437 0.070232 0.297424 0.540908
0.008760 0.006461 0.085824 0.892641 0.006313
0.000753 0.724834 0.216892 0.057504 0.000016
0.003107 0.002050 0.048465 0.946260 0.000117
0.015219 0.050763 0.377247 0.553208 0.003563
0.000042 0.128482 0.087059 0.783971 0.000445
0.002378 0.009294 0.955761 0.032567 0.000000
0.004537 0.000415 0.465282 0.516349 0.013417
0.017349 0.287145 0.020398 0.373605 0.301503
0.038964 0.051325 0.189462 0.717402 0.002848
0.029886 0.131708 0.170093 0.416391 0.251922
0.028439 0.118384 0.138235 0.712427 0.002515
0.070478 0.010236 0.282466 0.636274 0.000547
0.000000 0.859558 0.024665 0.109687 0.006090
0.634820 0.083419 0.050211 0.184468 0.047082
0.002283 0.009650 0.048577 0.931885 0.007605
0.003468 0.013942 0.055242 0.919698 0.007650
0.010645 0.014617 0.096388 0.871889 0.006462
0.000168 0.524691 0.150474 0.324365 0.000302
0.000183 0.077849 0.189771 0.731878 0.000319
0.917899 0.000122 0.034978 0.046635 0.000367
0.000646 0.032001 0.950218 0.016872 0.000262
0.002230 0.814717 0.134736 0.046813 0.001504
0.015136 0.246454 0.019777 0.402616 0.316017
0.000093 0.022735 0.043200 0.923969 0.010003
0.002311 0.001778 0.195154 0.683474 0.117283
0.000413 0.045533 0.353482 0.600463 0.000110
0.974447 0.000379 0.013585 0.011095 0.000495
0.056746 0.095437 0.241875 0.605398 0.000544
0.026539 0.037321 0.250650 0.615208 0.070282
0.000000 0.339830 0.515761 0.014874 0.129535
0.696446 0.034538 0.050938 0.176930 0.041148
0.000061 0.187879 0.096508 0.715128 0.000424
0.040852 0.000000 0.410154 0.547508 0.001485
0.000000 0.043373 0.956627 -0.000000 0.000000
0.007893 0.828557 0.076866 0.077891 0.008793
0.003922 0.000000 0.958485 0.017292 0.020301
0.000209 0.288034 0.651336 0.057490 0.002931
0.000932 0.794133 0.120308 0.013352 0.071276
0.004975 0.127332 0.164319 0.691013 0.012361
0.031373 0.069010 0.069705 0.675907 0.154005
0.971422 0.007611 0.012809 0.006942 0.001216
0.000195 0.247782 0.507346 0.057758 0.186919
0.970479 0.000019 0.023887 0.004903 0.000712
0.001382 0.080981 0.114194 0.789159 0.014285
0.642939 0.088292 0.048921 0.174712 0.045135
0.534784 0.072431 0.060090 0.266683 0.066011
0.935379 0.000067 0.032775 0.031586 0.000194
0.319448 0.079036 0.271322 0.306812 0.023383
0.000000 0.585160 0.047246 0.066202 0.301392
0.000000 0.126603 0.581100 0.034944 0.257352
0.001204 0.011937 0.976552 0.000000 0.010307
0.933966 0.004567 0.034345 0.025149 0.001973
0.019759 0.099086 0.116419 0.760511 0.004224
0.000134 0.417867 0.133366 0.448291 0.000341
0.004201 0.247619 0.162045 0.584973 0.001162
0.000472 0.381868 0.146597 0.469187 0.001876
0.000157 0.018215 0.082645 0.152086 0.746898
0.005849 0.311334 0.217109 0.283769 0.181939
0.000018 0.017157 0.128012 0.024504 0.830310
0.002544 0.972869 0.021629 0.002678 0.000280
0.029059 0.200931 0.343374 0.425979 0.000657
0.014427 0.016798 0.118016 0.844818 0.005941
0.000113 0.099097 0.138641 0.761767 0.000383
0.006737 0.004819 0.323115 0.664699 0.000630
0.002540 0.969783 0.023131 0.004186 0.000360
0.000150 0.017273 0.081360 0.153402 0.747815
0.001406 0.015030 0.215409 0.765458 0.002697
0.005129 0.021709 0.064535 0.900812 0.007815
0.000000 0.005209 0.634743 0.172104 0.187944
0.037089 0.013544 0.171622 0.776240 0.001505
0.018950 0.118966 0.112492 0.745311 0.004281
0.000378 0.205380 0.752885 0.039539 0.001819
0.061345 0.040520 0.272459 0.624434 0.001241
0.952994 0.001492 0.016449 0.027099 0.001966
0.017626 0.001183 0.118573 0.862539 0.000078
0.007151 0.004851 0.068021 0.919854 0.000123
0.023024 0.023523 0.120629 0.451669 0.381156
0.000028 0.055149 0.155024 0.014128 0.775670
0.000000 0.331193 0.650364 0.018393 0.000050
0.000248 0.065982 0.062270 0.861382 0.010117
0.019832 0.040698 0.113189 0.824094 0.002187
0.007581 0.444651 0.150979 0.395958 0.000831
0.000000 0.037419 0.324132 0.620961 0.017488
0.000000 0.205831 0.686854 0.023667 0.083648
0.003720 0.006088 0.204469 0.784329 0.001394
0.093946 0.005164 0.532409 0.354147 0.014334
0.020955 0.003986 0.108524 0.840648 0.025888
0.003310 0.026297 0.968932 0.001312 0.000149
0.002883 0.957385 0.030355 0.008786 0.000591
0.005599 0.001887 0.059434 0.903818 0.029261
0.785824 0.061679 0.039990 0.090054 0.022452
0.000000 0.209774 0.634853 0.018596 0.136778
0.000032 0.006304 0.197269 0.028946 0.767450
0.007431 0.007402 0.912707 0.059032 0.013427
0.014354 0.767000 0.184219 0.034427 0.000000
0.245434 0.005372 0.665938 0.075596 0.007661
0.800632 0.050088 0.040146 0.088123 0.021010
0.041235 0.059465 0.142518 0.393689 0.363093
0.000000 0.030912 0.940598 0.008450 0.020040
0.052794 0.120350 0.684665 0.142191 0.000000
0.003302 0.026640 0.968573 0.001329 0.000155
0.000048 0.136553 0.090649 0.772310 0.000440
0.968933 0.000022 0.024362 0.005688 0.000995
0.002091 0.057885 0.591134 0.200738 0.148153
0.090545 0.185636 0.486119 0.233960 0.003739
0.003309 0.932168 0.044151 0.019241 0.001131
0.001922 0.008090 0.046551 0.935860 0.007577
0.003404 0.931571 0.044756 0.019146 0.001123
0.000979 0.368013 0.256660 0.081825 0.292524
0.003535 0.000000 0.932801 0.024058 0.039606
0.958790 0.001041 0.015700 0.022911 0.001558
0.001710 0.060513 0.881004 0.056773 0.000000
0.000000 0.043789 0.926041 0.009432 0.020739
0.014340 0.455119 0.196214 0.333663 0.000664
0.008051 0.493598 0.145656 0.351937 0.000757
0.007244 0.004678 0.343075 0.644500 0.000503
0.003128 0.330600 0.431730 0.060079 0.174463
0.000701 0.020105 0.122914 0.849639 0.006641
0.028770 0.000907 0.601139 0.345792 0.023392
0.000071 0.018058 0.040424 0.931428 0.010020
0.000098 0.010853 0.070539 0.162195 0.756315
0.001593 0.831846 0.054811 0.111699 0.000051
0.008363 0.011286 0.181410 0.724211 0.074730
0.000000 0.635850 0.039770 0.309454 0.014926
0.002520 0.000000 0.851821 0.039904 0.105756
0.940086 0.000452 0.032526 0.019088 0.007848
0.941122 0.000057 0.032050 0.026632 0.000139
0.002302 0.141195 0.840426 0.016077 0.000000
0.002878 0.000000 0.887093 0.035242 0.074787
0.002370 0.855829 0.078605 0.059864 0.003332
0.000000 0.080345 0.027179 0.280140 0.612336
0.001193 0.006641 0.355675 0.192885 0.443606
0.000391 0.438317 0.126908 0.432527 0.001857
0.044284 0.766769 0.047391 0.071577 0.069980
0.944105 0.001719 0.017675 0.033942 0.002559
0.978500 0.000271 0.013027 0.007978 0.000224
0.002826 0.003063 0.422146 0.558636 0.013328
0.971657 0.000017 0.023524 0.004305 0.000497
0.010652 0.173909 0.047039 0.521973 0.246427
0.132141 0.249855 0.166798 0.405597 0.045609
0.019927 0.001292 0.135558 0.836002 0.007222
0.190451 0.172970 0.202980 0.393771 0.039829
0.019667 0.010554 0.104078 0.832990 0.032711
0.000874 0.016168 0.181540 0.744426 0.056992
0.969673 0.000020 0.024135 0.005312 0.000860
0.011172 0.012859 0.099466 0.870234 0.006270
0.032256 0.153441 0.382628 0.423375 0.008301
0.000379 0.047161 0.329773 0.622546 0.000141
0.017763 0.336314 0.097819 0.543751 0.004354
0.006449 0.063001 0.670646 0.259904 0.000000
0.947518 0.001233 0.031146 0.019688 0.000415
0.004991 0.044993 0.618652 0.323197 0.008167
0.000000 0.137606 0.729921 0.029890 0.102584
0.932096 0.005917 0.018682 0.039663 0.003643
0.010716 0.669259 0.133358 0.186198 0.000470
0.000000 0.058644 0.857433 0.013868 0.070055
0.976576 0.000321 0.013292 0.009459 0.000352
0.052961 0.097683 0.228348 0.620346 0.000663
0.000000 0.134518 0.029646 0.257343 0.578493
0.002639 0.005582 0.814103 0.174711 0.002966
0.945812 0.000048 0.031458 0.022587 0.000095
0.002534 0.962864 0.026515 0.007548 0.000539
0.028267 0.138604 0.740454 0.090572 0.002103
0.013068 0.018999 0.105779 0.466525 0.395628
0.952749 0.000054 0.029338 0.013903 0.003956
0.003856 0.015915 0.057410 0.915121 0.007698
0.022533 0.017811 0.879324 0.080332 0.000000
0.000619 0.010101 0.082365 0.904689 0.002226
0.000000 0.091943 0.854571 0.013745 0.039741
0.210502 0.011551 0.418813 0.280058 0.079077
0.906079 0.006981 0.022203 0.059330 0.005407
0.000005 0.006303 0.074153 0.026582 0.892957
0.004186 0.248315 0.161813 0.584525 0.001161
0.000050 0.149401 0.090805 0.759306 0.000437
0.000518 0.021857 0.098855 0.871095 0.007676
0.000534 0.018897 0.430807 0.522596 0.027165
0.037754 0.079045 0.826900 0.055424 0.000877
0.002680 0.007467 0.050917 0.931524 0.007411
0.000000 0.084957 0.057129 0.293543 0.564371
0.002398 0.850593 0.081271 0.062278 0.003459
0.047998 0.134255 0.486990 0.330444 0.000313
0.977957 0.000285 0.013102 0.008396 0.000260
0.001270 0.248795 0.743931 0.004533 0.001471
0.003700 0.936716 0.043198 0.015471 0.000915
0.005872 0.003070 0.060251 0.900495 0.030312
0.059137 0.041117 0.264292 0.634054 0.001400
0.034584 0.024053 0.162847 0.776863 0.001652
0.019171 0.091290 0.056652 0.670617 0.162269
0.002654 0.249528 0.108464 0.625512 0.013841
0.005008 0.076107 0.063140 0.850461 0.005284
0.059603 0.008025 0.391480 0.502198 0.038694
0.932682 0.004716 0.034437 0.025980 0.002186
0.854798 0.020728 0.039120 0.070959 0.014395
0.002873 0.192411 0.175192 0.622536 0.006988
0.003710 0.015570 0.056584 0.916433 0.007703
0.003206 0.031244 0.963775 0.001544 0.000231
0.001081 0.000000 0.767251 0.066588 0.165081
0.007613 0.071402 0.072964 0.842924 0.005098
0.012809 0.614000 0.062985 0.309015 0.001191
0.073166 0.382087 0.455836 0.086451 0.002461
0.002466 0.000000 0.100105 0.889959 0.007470
0.040755 0.027992 0.230507 0.700570 0.000176
0.000000 0.150913 0.791914 0.013756 0.043416
0.000010 0.005760 0.097381 0.027184 0.869665
0.015290 0.001598 0.107294 0.875732 0.000086
0.004108 0.000000 0.970788 0.014030 0.011074
0.001413 0.015014 0.216342 0.764573 0.002658
0.004285 0.173589 0.052304 0.767693 0.002129
0.000000 0.204015 0.191170 0.578617 0.026197
0.805773 0.113205 0.031980 0.035443 0.013599
0.000298 0.005204 0.112313 0.822465 0.059720
0.925338 0.005567 0.034959 0.030731 0.003405
0.948231 0.000043 0.031153 0.020501 0.000072
0.000000 0.393815 0.606185 0.000000 0.000000
0.942501 0.001916 0.017870 0.035035 0.002677
0.003295 0.058399 0.057668 0.875230 0.005408
0.000000 0.061592 0.256407 0.660024 0.021977
0.000000 0.027382 0.960165 0.005891 0.006562
0.013445 0.001613 0.098388 0.886462 0.000091
0.004569 0.040176 0.238257 0.654209 0.062789
0.005964 0.012127 0.936339 0.039524 0.006046
0.002386 0.869012 0.072175 0.053438 0.002989
0.000010 0.019183 0.088561 0.023165 0.869081
0.000614 0.237050 0.186281 0.574056 0.001998
0.003234 0.010108 0.054019 0.925169 0.007469
0.035929 0.000936 0.206961 0.756139 0.000035
0.000366 0.062560 0.791498 -0.000000 0.145575
0.971766 0.000016 0.023491 0.004249 0.000477
0.042181 0.563312 0.353049 0.040721 0.000737
0.001527 0.092545 0.583155 0.302095 0.020679
0.002545 0.973564 0.021291 0.002338 0.000261
0.005080 0.914162 0.058815 0.020799 0.001144
0.969605 0.000531 0.014248 0.014796 0.000819
0.000030 0.014432 0.187186 0.026421 0.771930
0.005005 0.042587 0.243390 0.646791 0.062228
0.001223 0.001257 0.074136 0.887297 0.036087
0.002375 0.003321 0.366912 0.605876 0.021516
0.002544 0.972436 0.021840 0.002889 0.000291
0.003118 0.012967 0.053266 0.922995 0.007654
0.933758 0.004591 0.034360 0.025284 0.002007
0.003501 0.014604 0.195443 0.784856 0.001597
0.013032 0.388936 0.198728 0.398524 0.000779
0.000398 0.093559 0.197227 0.661198 0.047619
0.978456 0.000272 0.013033 0.008012 0.000227
0.000548 0.064659 0.164155 0.088744 0.681894
0.002814 0.011902 0.051552 0.926088 0.007644
0.000026 0.006636 0.168415 0.028297 0.796627
0.005421 0.004029 0.241297 0.635303 0.113949
0.001923 0.489467 0.290570 0.049923 0.168117
0.034495 0.108791 0.765797 0.085658 0.005258
0.933833 0.004582 0.034355 0.025235 0.001995
0.933984 0.004565 0.034344 0.025138 0.001970
0.003607 0.360040 0.120903 0.479383 0.036066
0.007430 0.367936 0.163402 0.460298 0.000933
0.088054 0.200428 0.500295 0.141548 0.069674
0.002802 0.958765 0.029410 0.008447 0.000577
0.012769 0.801515 0.124428 0.061035 0.000253
0.006957 0.016634 0.071587 0.902450 0.002371
0.973015 0.000435 0.013779 0.012179 0.000591
0.001437 0.582378 0.224693 0.041145 0.150347
0.000000 0.026999 0.494985 0.471896 0.006120
0.000176 0.007273 0.092350 0.169473 0.730727
0.066453 0.001261 0.254402 0.670663 0.007222
0.002573 0.006758 0.967054 0.023615 -0.000000
0.001438 0.592359 0.338794 0.067393 0.000017
0.008674 0.138895 0.073679 0.773734 0.005018
0.955889 0.000066 0.028338 0.012249 0.003458
0.013630 0.011040 0.362359 0.504322 0.108650
0.000000 0.243702 0.696867 0.013024 0.046407
0.000000 0.089896 0.129197 0.328531 0.452376
0.934236 0.005651 0.018422 0.038206 0.003485
0.000648 0.734327 0.139934 0.124129 0.000961
0.003983 0.001909 0.052693 0.941302 0.000114
0.003292 0.000000 0.913623 0.027879 0.055206
0.000017 0.019027 0.122641 0.023864 0.834450
0.127389 0.107611 0.508977 0.254279 0.001744
0.845087 0.005682 0.031090 0.108875 0.009266
0.095872 0.150170 0.537146 0.147873 0.068939
0.003273 0.862922 0.078081 0.052804 0.002920
0.870832 0.023091 0.037463 0.057315 0.011299
0.581431 0.076591 0.055601 0.229094 0.057284
0.000656 0.007241 0.216511 0.180109 0.595483
0.891212 0.009943 0.037334 0.052485 0.009026
0.008386 0.357030 0.445773 0.188801 0.000011
0.000000 0.045048 0.127348 0.797019 0.030585
0.014230 0.007590 0.086805 0.859623 0.031751
0.002095 0.032741 0.922628 0.042535 0.000000
0.000424 0.459566 0.130350 0.407884 0.001775
0.002518 0.953549 0.031042 0.012109 0.000783
0.015093 0.725246 0.066146 0.192564 0.000950
0.001432 0.000000 0.788266 0.060136 0.150167
0.000155 0.004547 0.094815 0.838663 0.061821
0.000335 0.477374 0.510320 0.011034 0.000937
0.279734 0.016870 0.143220 0.501282 0.058894
0.000601 0.004439 0.149502 0.791645 0.053813
0.002373 0.009817 0.955061 0.032749 0.000000
0.313031 0.052195 0.439010 0.162974 0.032790
0.001582 0.456827 0.204675 0.329946 0.006970
0.960567 0.000992 0.015456 0.021546 0.001439
0.002636 0.005599 0.813509 0.175253 0.003003
0.001411 0.020023 0.113016 0.863345 0.002205
0.000000 0.028806 0.957184 0.006202 0.007807
0.002657 0.005664 0.971915 0.019764 -0.000000
0.971246 0.000460 0.014027 0.013559 0.000708
0.943564 0.000052 0.031742 0.024527 0.000116
0.165682 0.040919 0.710172 0.070927 0.012300
0.008736 0.806769 0.123612 0.057908 0.002976
0.000000 0.195163 0.659825 0.017767 0.127245
0.024888 0.029969 0.130434 0.812741 0.001967
0.002539 0.969387 0.023324 0.004380 0.000370
0.001204 0.011927 0.976592 -0.000000 0.010276
0.000000 0.084040 0.874331 0.011335 0.030294
0.005349 0.003191 0.061803 0.917954 0.011704
0.008969 0.862540 0.096957 0.030051 0.001483
0.001716 0.007039 0.490694 0.203795 0.296757
0.002654 0.005706 0.971728 0.019912 0.000000
0.964876 0.000674 0.014897 0.018417 0.001136
0.000000 0.109623 0.755199 0.018382 0.116796
0.030730 0.209127 0.395442 0.236569 0.128132
0.033703 0.000951 0.196210 0.769096 0.000040
0.975710 0.000343 0.013412 0.010125 0.000410
0.005901 0.196261 0.684385 0.045982 0.067471
0.000329 0.361261 0.124324 0.512001 0.002084
0.645769 0.072657 0.050594 0.184739 0.046241
0.948493 0.000043 0.031120 0.020275 0.000069
0.035118 0.061291 0.299477 0.599099 0.005016
0.000000 0.292938 0.035630 0.190044 0.481388
0.000000 0.242064 0.045884 0.217938 0.494115
0.010170 0.130705 0.619115 0.238783 0.001226
0.002719 0.003122 0.409105 0.569794 0.015260
0.025302 0.345196 0.291865 0.337081 0.000557
0.000157 0.058151 0.172214 0.769134 0.000345
0.978395 0.000274 0.013041 0.008059 0.000231
0.968879 0.000535 0.014351 0.015369 0.000867
0.000000 0.233082 0.550178 0.024738 0.192002
0.006005 0.824552 0.105909 0.060322 0.003212
0.926691 0.000105 0.037352 0.027133 0.008719
0.000577 0.017572 0.145009 0.773612 0.063230
0.003613 0.002095 0.053028 0.929841 0.011423
0.672467 0.092574 0.045878 0.149640 0.039441
0.948753 0.007396 0.016067 0.025114 0.002670
0.045065 0.116413 0.124184 0.694974 0.019364
0.032227 0.000000 0.340487 0.624458 0.002828
0.000000 0.132293 0.579293 0.034416 0.253998
0.000000 0.035055 0.925054 0.009594 0.030296
0.002537 0.967899 0.024049 0.005107 0.000409
0.066176 0.013441 0.424044 0.493472 0.002867
0.933858 0.004579 0.034353 0.025219 0.001991
0.000050 0.065631 0.096750 0.837126 0.000442
0.335277 0.043651 0.318322 0.300042 0.002708
0.003709 0.014610 0.060909 0.918325 0.002447
0.006222 0.040181 0.300065 0.395658 0.257874
0.002342 0.001537 0.044765 0.951240 0.000116
0.956318 0.000049 0.028236 0.012084 0.003313
0.006024 0.214513 0.429563 0.345877 0.004023
0.971538 0.000017 0.023561 0.004365 0.000519
0.018901 0.352324 0.457784 0.170913 0.000078
0.000090 0.277674 0.110956 0.610888 0.000392
0.083360 0.060925 0.280367 0.558628 0.016721
0.000418 0.045284 0.357163 0.597031 0.000105
0.004628 0.075050 0.061793 0.853217 0.005312
0.000445 0.500796 0.129515 0.367576 0.001669
0.001203 0.123222 0.299333 0.574708 0.001534
0.933915 0.004573 0.034349 0.025182 0.001981
0.933973 0.004566 0.034345 0.025144 0.001971
0.000976 0.834592 0.111123 0.006211 0.047097
0.933903 0.004574 0.034350 0.025190 0.001983
0.002343 0.074182 0.114883 0.793614 0.014979
0.000249 0.066160 0.062301 0.861171 0.010119
0.002584 0.010948 0.050265 0.928574 0.007629
0.000053 0.005849 0.061046 0.168959 0.764093
0.000020 0.014510 0.136909 0.025434 0.823128
0.003676 0.066562 0.058683 0.865699 0.005381
0.001710 0.007035 0.489165 0.203671 0.298420
0.978682 0.000266 0.013002 0.007838 0.000212
0.962729 0.000683 0.015200 0.020112 0.001276
0.000115 0.273039 0.128772 0.597705 0.000369
0.000000 0.447503 0.482407 0.004778 0.065312
0.151592 0.025695 0.401474 0.264500 0.156738
0.003725 0.014586 0.060961 0.918282 0.002446
0.161162 0.044519 0.700566 0.077274 0.016479
0.969607 0.007594 0.013070 0.008397 0.001333
0.000161 0.018622 0.083607 0.151551 0.746059
0.000084 0.257689 0.108090 0.633739 0.000398
0.977589 0.000295 0.013152 0.008679 0.000285
0.119332 0.445654 0.136352 0.287886 0.010775
0.005873 0.012951 0.931362 0.042243 0.007571
0.003126 0.012806 0.053316 0.923109 0.007643
0.955152 0.001224 0.016187 0.025631 0.001807
0.003231 0.001517 0.049058 0.946080 0.000114
0.978174 0.000279 0.013072 0.008229 0.000246
0.000099 0.007279 0.514663 0.034760 0.443198
0.948489 0.000043 0.031121 0.020278 0.000069
0.002554 0.009213 0.050146 0.930554 0.007533
0.021504 0.001214 0.489599 0.438285 0.049399
0.002529 0.961633 0.027104 0.008162 0.000572
0.000377 0.006577 0.073011 0.917810 0.002224
0.000035 0.014260 0.207290 0.026857 0.751559
0.033584 0.005288 0.228252 0.730877 0.001999
0.824108 0.115967 0.030078 0.019795 0.010053
0.000864 0.841622 0.148576 0.008933 0.000005
0.672603 0.042486 0.051999 0.188339 0.044572
0.971766 0.000016 0.023491 0.004249 0.000477
0.029450 0.178170 0.350098 0.441604 0.000678
0.007290 0.004206 0.068688 0.919696 0.000119
0.165856 0.040780 0.710544 0.070682 0.012139
0.000560 0.017210 0.143011 0.775941 0.063278
0.004076 0.238463 0.162782 0.593502 0.001176
0.960826 0.000974 0.015422 0.021357 0.001421
0.032830 0.179660 0.373372 0.413539 0.000599
0.086459 0.005630 0.501714 0.386601 0.019597
0.933616 0.004607 0.034370 0.025375 0.002031
0.000000 0.108121 0.869977 0.021859 0.000044
0.002316 0.001782 0.195227 0.683396 0.117279
0.041671 0.150519 0.440072 0.367302 0.000436
0.000000 0.285152 0.648605 0.013926 0.052316
0.000139 0.102211 0.157156 0.740136 0.000358
0.002533 0.964968 0.025476 0.006538 0.000486
0.000415 0.045403 0.355413 0.598662 0.000107
0.830391 0.040841 0.038740 0.073361 0.016667
0.003188 0.090224 0.628150 0.155046 0.123392
0.007243 0.004679 0.343048 0.644527 0.000503
0.009120 0.004620 0.070581 0.885008 0.030671
0.978470 0.000272 0.013031 0.008001 0.000226
0.001536 0.077664 0.858281 0.062520 0.000000
0.000137 0.113979 0.154684 0.730840 0.000359
0.000023 0.064246 0.077297 0.857966 0.000468
0.047335 0.004693 0.161860 0.785953 0.000159
0.029388 0.041121 0.261555 0.598437 0.069499
0.009627 0.495719 0.263687 0.230967 0.000000
0.000000 0.108374 0.850586 0.010892 0.030147
0.000063 0.018083 0.039390 0.932401 0.010064
0.000137 0.104744 0.155429 0.739330 0.000360
0.004086 0.017667 0.058677 0.911811 0.007760
0.969423 0.000021 0.024211 0.005439 0.000905
0.977896 0.000287 0.013110 0.008443 0.000264
0.947727 0.000158 0.030704 0.016138 0.005272
0.975259 0.000356 0.013474 0.010472 0.000440
0.561271 0.003301 0.202083 0.223827 0.009518
0.913852 0.006235 0.021222 0.053842 0.004849
0.002320 0.001781 0.195279 0.683354 0.117267
0.978206 0.000279 0.013067 0.008204 0.000244
0.978134 0.000280 0.013077 0.008260 0.000248
0.935669 0.001445 0.018920 0.040880 0.003086
0.012655 0.794184 0.124923 0.067973 0.000265
0.933988 0.004564 0.034344 0.025135 0.001969
0.002369 0.001789 0.196036 0.682684 0.117121
0.003765 0.014592 0.061094 0.918104 0.002445
0.000110 0.007480 0.565684 0.035683 0.391044
0.000455 0.109026 0.849814 0.039119 0.001585
0.000053 0.005781 0.060956 0.169054 0.764156
0.000956 0.016212 0.156387 0.821274 0.005171
0.873148 0.006654 0.026939 0.085742 0.007518
0.006392 0.000959 0.147442 0.817132 0.028074
0.114694 0.021572 0.717093 0.145922 0.000720
0.041483 0.058404 0.858926 0.040810 0.000377
0.000017 0.019582 0.119241 0.023640 0.837521
0.119707 0.131301 0.179816 0.515853 0.053323
0.015733 0.015250 0.210765 0.687346 0.070905
0.222873 0.179719 0.401562 0.185900 0.009945
0.012490 0.051065 0.088382 0.845595 0.002468
0.000000 0.044169 0.926083 0.009337 0.020410
0.001413 0.015014 0.216322 0.764592 0.002659
0.067549 0.007122 0.424133 0.468212 0.032984
0.057186 0.154028 0.490099 0.294469 0.004217
0.014636 0.340359 0.162496 0.472206 0.010303
0.964360 0.007544 0.013824 0.012603 0.001669
0.056567 0.105026 0.714435 0.123972 0.000000
0.032102 0.780869 0.127303 0.057183 0.002543
0.974408 0.000383 0.013590 0.011122 0.000497
0.978462 0.000272 0.013032 0.008008 0.000226
0.000012 0.022368 0.094211 0.022361 0.861049
0.000193 0.111680 0.194221 0.693598 0.000308
0.000621 0.038555 0.940156 0.020218 0.000450
0.002202 0.022299 0.144020 0.829429 0.002050
0.002215 0.809122 0.135424 0.051668 0.001571
0.948631 0.000118 0.030499 0.015807 0.004945
0.004513 0.157361 0.784458 0.053664 0.000005
0.000000 0.077273 0.027058 0.281442 0.614228
0.563896 0.003262 0.202622 0.221133 0.009088
0.004748 0.452841 0.136128 0.395314 0.010969
0.002602 0.000000 0.101204 0.888754 0.007440
0.051263 0.271256 0.079192 0.462386 0.135903
0.971656 0.000017 0.023525 0.004305 0.000498
0.026828 0.033526 0.252568 0.618157 0.068921
0.932405 0.004748 0.034456 0.026159 0.002232
0.036367 0.087614 0.814361 0.060600 0.001057
0.003718 0.002153 0.053557 0.929136 0.011435
0.963244 0.001355 0.015015 0.019094 0.001292
0.227318 0.015213 0.657765 0.096728 0.002975
0.001966 0.715089 0.147007 0.133239 0.002700
0.001177 0.004241 0.220041 0.731097 0.043444
0.000000 0.028859 0.957074 0.006214 0.007853
0.002529 0.916050 0.049515 0.030162 0.001744
0.895208 0.001158 0.037759 0.065010 0.000865
0.930285 0.005386 0.019028 0.041580 0.003721
0.024438 0.064131 0.135320 0.772221 0.003890
0.895486 0.009912 0.036974 0.049359 0.008269
0.000387 0.052977 0.080780 0.856780 0.009077
0.867493 0.003324 0.028298 0.093243 0.007642
0.934286 0.000448 0.034338 0.022083 0.008845
0.011521 0.535168 0.162518 0.290169 0.000625
0.010428 0.316680 0.171793 0.468056 0.033043
0.001361 0.015133 0.209464 0.771096 0.002946
0.006755 0.404173 0.152335 0.435835 0.000902
0.874836 0.011446 0.038547 0.063385 0.011785
0.001636 0.944097 0.032847 0.021405 0.000015
0.903418 0.008537 0.036465 0.044581 0.006999
0.006577 0.004831 0.258457 0.617538 0.112598
0.977864 0.000287 0.013115 0.008468 0.000266
0.000125 0.139901 0.144404 0.715201 0.000369
0.001373 0.015106 0.211025 0.769616 0.002881
0.000006 0.011267 0.074442 0.025164 0.889121
0.000635 0.034908 0.945678 0.018429 0.000349
0.966115 0.000591 0.014734 0.017510 0.001050
0.005208 0.062256 0.064535 0.862731 0.005271
0.002546 0.973878 0.021138 0.002185 0.000253
0.406323 0.042050 0.313311 0.227271 0.011045
0.978682 0.000266 0.013002 0.007838 0.000212
0.000000 0.550701 0.045877 0.080805 0.322617
0.001148 0.015616 0.181640 0.797485 0.004111
0.880443 0.011982 0.038004 0.058839 0.010732
0.000060 0.064567 0.103744 0.831195 0.000433
0.013914 0.020431 0.106841 0.464096 0.394717
0.002639 0.005583 0.814072 0.174740 0.002968
0.002388 0.370509 0.363014 0.063187 0.200902
0.001850 0.393978 0.602196 0.001362 0.000614
0.000016 0.030967 0.110448 0.020207 0.838363
0.978467 0.000272 0.013031 0.008003 0.000226
0.000425 0.010033 0.155531 0.170684 0.663327
0.953317 0.000074 0.029123 0.013543 0.003943
0.002538 0.968371 0.023820 0.004875 0.000397
0.002543 0.971890 0.022106 0.003156 0.000305
0.000000 0.033568 0.947224 0.007242 0.011966
0.000262 0.030681 0.104615 0.135092 0.729350
0.000000 0.104912 0.728736 0.166225 0.000126
0.002539 0.969578 0.023231 0.004286 0.000365
0.019771 0.164776 0.107630 0.706183 0.001640
0.941258 0.005060 0.017522 0.033173 0.002986
0.971658 0.000017 0.023524 0.004304 0.000497
0.002574 0.917172 0.049113 0.029437 0.001703
0.946764 0.002963 0.017089 0.030707 0.002477
0.000000 0.726741 0.033083 0.228787 0.011389
0.000110 0.007475 0.564578 0.035663 0.392174
0.000084 0.008702 0.067991 0.165233 0.757990
0.107692 0.015533 0.108422 0.682650 0.085704
0.029822 0.171771 0.627156 0.171187 0.000063
0.000005 0.009458 0.070585 0.025609 0.894343
0.023477 0.017325 0.263313 0.690820 0.005066
0.000000 0.396142 0.498222 0.009604 0.096032
0.057751 0.041492 0.259165 0.640093 0.001499
0.002775 0.938221 0.039422 0.018470 0.001111
0.014930 0.367804 0.215658 0.400845 0.000763
0.047967 0.200354 0.199294 0.549815 0.002569
0.000000 0.080494 0.304572 0.596181 0.018753
0.978618 0.000268 0.013011 0.007888 0.000216
0.016329 0.008751 0.093474 0.849309 0.032137
0.000547 0.017666 0.102811 0.871553 0.007424
0.000022 0.064279 0.076822 0.858408 0.000469
0.806772 0.113356 0.031876 0.034590 0.013406
0.001413 0.015013 0.216358 0.764558 0.002658
0.000032 0.084971 0.082585 0.831954 0.000458
0.001050 0.321118 0.159510 0.506899 0.011423
0.006105 0.001164 0.062937 0.929689 0.000105
0.021357 0.097272 0.099726 0.271846 0.509799
0.039267 0.584358 0.333138 0.042300 0.000937
0.001324 0.270694 0.722462 0.004148 0.001372
0.000000 0.131547 0.602982 0.031963 0.233508
0.000926 0.141550 0.249858 0.605843 0.001823
0.038306 0.564479 0.052150 0.220370 0.124694
0.867563 0.000268 0.055446 0.056996 0.019727
0.933133 0.004664 0.034405 0.025688 0.002111
0.002458 0.850167 0.081677 0.062243 0.003455
0.954280 0.000461 0.028091 0.011758 0.005411
0.688119 0.000599 0.063961 0.244752 0.002570
0.004099 0.014859 0.058836 0.914610 0.007595
0.000013 0.006584 0.107805 0.027148 0.858452
0.978676 0.000266 0.013003 0.007843 0.000212
0.015592 0.014060 0.124784 0.839981 0.005583
0.000000 0.665690 0.199202 0.114400 0.020707
0.000000 0.102779 0.230462 0.375053 0.291706
0.971386 0.007611 0.012814 0.006970 0.001219
0.024227 0.307636 0.024259 0.358998 0.284880
0.016648 0.402038 0.221611 0.359022 0.000680
0.000044 0.007381 0.254034 0.029727 0.708814
0.002543 0.972175 0.021967 0.003017 0.000298
0.971740 0.000016 0.023499 0.004263 0.000482
0.566182 0.003227 0.203090 0.218787 0.008714
0.004116 0.391795 0.127755 0.464500 0.011835
0.000024 0.069940 0.077570 0.852000 0.000467
0.000013 0.006234 0.109324 0.027277 0.857152
0.007848 0.004146 0.066529 0.890817 0.030660
0.000829 0.074797 0.084187 0.823856 0.016331
0.002491 0.440122 0.232305 0.320172 0.004910
0.099105 0.107875 0.174805 0.560419 0.057795
0.000092 0.010474 0.069092 0.162645 0.757697
0.000000 0.031112 0.939845 0.008505 0.020538
0.950529 0.000438 0.029302 0.013763 0.005967
0.029706 0.000876 0.615500 0.333847 0.020071
0.000077 0.007092 0.066688 0.167559 0.758584
0.000027 0.064059 0.080041 0.855409 0.000464
0.001389 0.015069 0.213193 0.767559 0.002790
0.944579 0.000050 0.031614 0.023651 0.000106
0.000032 0.063105 0.169781 0.012130 0.754951
0.887134 0.010559 0.037607 0.055012 0.009688
0.007456 0.000000 0.140580 0.844313 0.007651
0.008709 0.521353 0.145361 0.323871 0.000706
0.919455 0.000435 0.038980 0.029754 0.011376
0.418891 0.005766 0.172850 0.369540 0.032953
0.017621 0.013382 0.485566 0.321690 0.161741
0.014145 0.033510 0.508086 0.442812 0.001446
0.003907 0.303110 0.499515 0.054457 0.139011
0.001204 0.011923 0.976608 0.000000 0.010264
0.025217 0.001009 0.155232 0.818482 0.000060
0.000000 0.400899 0.039929 0.144295 0.414878
0.002234 0.427664 0.333474 0.055918 0.180711
0.978679 0.000266 0.013002 0.007840 0.000212
0.066548 0.468685 0.339185 0.073060 0.052522
0.037308 0.643695 0.047323 0.165072 0.106603
0.030273 0.000857 0.624201 0.326610 0.018059
0.011225 0.002744 0.331074 0.565183 0.089776
0.098261 0.004897 0.550097 0.335443 0.011302
0.430698 0.037178 0.324247 0.200558 0.007319
0.012092 0.049786 0.087121 0.848531 0.002470
0.002545 0.973517 0.021314 0.002361 0.000263
0.041974 0.013595 0.806454 0.136466 0.001511
0.054723 0.042332 0.247965 0.653263 0.001717
0.000003 0.005506 0.063570 0.026607 0.904313
0.035964 0.000935 0.207132 0.755934 0.000035
0.008810 0.059621 0.077937 0.848619 0.005012
0.003146 0.297770 0.114925 0.570995 0.013164
0.882293 0.016666 0.037272 0.053847 0.009921
0.005159 0.234986 0.052676 0.705170 0.002009
0.000000 0.410272 0.554688 0.005680 0.029360
0.966310 0.000587 0.014707 0.017359 0.001037
0.001319 0.121881 0.090697 0.770441 0.015662
0.000425 0.567583 0.353345 0.015331 0.063316
0.033677 0.049257 0.170075 0.743764 0.003227
0.891096 0.000416 0.047841 0.044400 0.016247
0.043844 0.157692 0.118949 0.660591 0.018924
0.000081 0.007199 0.067766 0.167488 0.757465
0.035523 0.011288 0.644529 0.299600 0.009060
0.845783 0.016473 0.040410 0.080897 0.016437
0.001816 0.903710 0.043319 0.051128 0.000026
0.000339 0.062698 0.786885 0.000000 0.150077
0.952874 0.000460 0.028530 0.012483 0.005652
0.002563 0.006890 0.966487 0.024060 0.000000
0.978651 0.000267 0.013006 0.007862 0.000214
0.000972 0.023962 0.927087 0.000000 0.047979
0.959562 0.007498 0.014514 0.016450 0.001977
0.014666 0.701313 0.255876 0.028118 0.000028
0.000000 0.028020 0.958830 0.006030 0.007120
0.006995 0.248107 0.181419 0.562381 0.001098
0.010754 0.000983 0.089160 0.889986 0.009116
0.000000 0.061371 0.829282 0.016548 0.092798
0.000069 0.019899 0.040104 0.929857 0.010072
0.000828 0.074698 0.084188 0.823954 0.016332
0.204306 0.469101 0.280157 0.034545 0.011890
0.042239 0.730733 0.047369 0.098954 0.080705
0.036872 0.000929 0.211514 0.750652 0.000033
0.976531 0.000322 0.013298 0.009494 0.000355
0.004353 0.845575 0.090151 0.056830 0.003092
0.001523 0.014332 0.117690 0.864378 0.002078
0.003336 0.025101 0.970184 0.001251 0.000128
0.000988 0.017678 0.096500 0.882565 0.002268
0.000290 0.073182 0.067437 0.849039 0.010053
0.019403 0.005958 0.146890 0.823285 0.004463
0.034263 0.005257 0.232146 0.726453 0.001881
0.000837 0.074635 0.084370 0.823833 0.016325
0.041777 0.286954 0.379115 0.187014 0.105140
0.011064 0.830403 0.119629 0.037127 0.001777
0.133218 0.181498 0.177751 0.458816 0.048717
0.000259 0.030415 0.104060 0.135447 0.729818
0.000000 0.000000 0.049823 0.581424 0.368753
0.000634 0.019449 0.151782 0.764636 0.063499
0.023095 0.016474 0.886469 0.073962 0.000000
0.015174 0.050838 0.376327 0.554058 0.003603
0.008081 0.000000 0.145649 0.838583 0.007687
0.003023 0.954287 0.032338 0.009716 0.000635
0.970161 0.000536 0.014168 0.014351 0.000784
0.000006 0.010871 0.073565 0.025261 0.890297
0.037076 0.014523 0.171535 0.775354 0.001513
0.563798 0.003263 0.202601 0.221234 0.009104
0.000509 0.060015 0.156001 0.095079 0.688397
0.028275 0.211965 0.335977 0.423122 0.000661
0.000167 0.049676 0.052106 0.887853 0.010197
0.017024 0.033194 0.236425 0.707771 0.005585
0.011475 0.009285 0.330523 0.538398 0.110319
0.084554 0.010170 0.493498 0.409877 0.001901
0.000194 0.056124 0.055465 0.878024 0.010193
0.011307 0.707184 0.130817 0.150283 0.000408
0.000826 0.018006 0.139332 0.835920 0.005916
0.978682 0.000266 0.013002 0.007838 0.000212
0.976340 0.000327 0.013325 0.009640 0.000368
0.002546 0.973881 0.021137 0.002183 0.000253
0.023158 0.096182 0.121725 0.756435 0.002500
0.011648 0.521479 0.062974 0.402532 0.001368
0.115576 0.021098 0.720003 0.142661 0.000662
0.004045 0.014597 0.058534 0.915234 0.007589
0.023508 0.154125 0.408011 0.270586 0.143770
0.002115 0.083225 0.460105 0.454012 0.000542
0.081405 0.003410 0.205478 0.709577 0.000130
0.010736 0.055165 0.085246 0.843978 0.004874
0.012758 0.800810 0.124476 0.061702 0.000254
0.001820 0.367802 0.237284 0.385311 0.007784
0.328209 0.006968 0.154276 0.462798 0.047750
0.016817 0.001559 0.114672 0.866869 0.000082
0.000604 0.071302 0.175816 0.079686 0.672593
0.006834 0.027101 0.270246 0.637719 0.058099
0.000135 0.017911 0.048883 0.923405 0.009666
0.004139 0.901624 0.061890 0.030642 0.001706
0.000141 0.439359 0.136813 0.423353 0.000333
0.000468 0.008313 0.076510 0.912476 0.002232
0.000035 0.069137 0.180970 0.010615 0.739242
0.012371 0.820517 0.128780 0.036633 0.001699
0.000000 0.354108 0.511246 0.013545 0.121101
0.009843 0.135828 0.604508 0.248360 0.001461
0.022074 0.005805 0.162213 0.805911 0.003998
0.000000 0.087494 0.257479 0.651928 0.003099
0.002539 0.969639 0.023202 0.004256 0.000364
0.478069 0.078415 0.176032 0.218534 0.048950
0.013763 0.484432 0.187046 0.314120 0.000639
0.015062 0.006169 0.121982 0.851569 0.005218
0.000186 0.071661 0.191735 0.736101 0.000317
0.000003 0.005692 0.063278 0.026548 0.904479
0.014283 0.269490 0.088161 0.623458 0.004608
0.000396 0.049081 0.082044 0.859536 0.008943
0.003147 0.941638 0.038962 0.015324 0.000929
0.017677 0.022480 0.482771 0.312792 0.164280
0.000000 0.137176 0.730420 0.029881 0.102524
0.975404 0.000351 0.013454 0.010361 0.000430
0.043941 0.760727 0.047387 0.076167 0.071778
0.060567 0.040730 0.269581 0.627824 0.001297
0.001526 0.344270 0.214919 0.432605 0.006680
0.012174 0.013093 0.228265 0.703440 0.043028
0.000199 0.062494 0.201473 0.735529 0.000306
0.000000 0.396766 0.498002 0.009548 0.095683
0.000496 0.034304 0.095682 0.861450 0.008068
0.933886 0.004576 0.034351 0.025201 0.001986
0.004756 0.076227 0.062207 0.851508 0.005302
0.881397 0.005746 0.025918 0.080022 0.006917
0.001624 0.006771 0.044881 0.939173 0.007552
0.000000 0.036844 0.409852 0.180429 0.372876
0.051469 0.125899 0.512635 0.309752 0.000245
0.952791 0.002402 0.016326 0.026435 0.002046
0.881974 0.000382 0.050745 0.049204 0.017695
0.852403 0.001087 0.043171 0.102109 0.001230
0.001774 0.001740 0.081894 0.878371 0.036222
0.002223 0.003402 0.348321 0.621785 0.024268
0.000000 0.039626 0.326859 0.616210 0.017304
0.976801 0.000315 0.013261 0.009285 0.000337
0.029088 0.093795 0.151049 0.722514 0.003555
0.000094 0.023323 0.043349 0.923225 0.010009
0.971747 0.000016 0.023497 0.004259 0.000481
0.000148 0.460395 0.140171 0.398960 0.000326
0.007863 0.452967 0.151478 0.386879 0.000814
0.000162 0.006132 0.089126 0.170925 0.733655
0.004538 0.155423 0.787044 0.052991 0.000004
0.002536 0.967349 0.024317 0.005374 0.000423
0.001284 0.004649 0.233097 0.719148 0.041822
0.000794 0.042090 0.853616 0.103499 0.000000
0.511799 0.084000 0.182206 0.176443 0.045553
0.486006 0.065078 0.065151 0.308318 0.075447
0.046384 0.168721 0.079011 0.493895 0.211989
0.025873 0.002247 0.134469 0.837251 0.000161
0.002292 0.741382 0.160521 0.093036 0.002769
0.000051 0.071662 0.096917 0.830928 0.000441
0.010094 0.122847 0.638879 0.226469 0.001712
0.042289 0.562536 0.353783 0.040663 0.000730
0.002747 0.007343 0.051308 0.931210 0.007392
0.006019 0.192470 0.694526 0.045072 0.061913
0.093887 0.009023 0.528680 0.366993 0.001417
0.000727 0.677250 0.245736 0.076266 0.000021
0.005946 0.277979 0.053562 0.660595 0.001919
0.002365 0.851017 0.080953 0.062209 0.003457
0.025831 0.002083 0.134420 0.837506 0.000160
0.000315 0.299975 0.128267 0.569219 0.002224
0.014597 0.001494 0.383586 0.526240 0.074082
0.034473 0.180917 0.067210 0.567777 0.149624
0.003140 0.012702 0.053400 0.923123 0.007635
0.047568 0.135216 0.483825 0.333069 0.000322
0.029851 0.031189 0.265377 0.607445 0.066137
0.022157 0.228897 0.542273 0.206586 0.000087
0.000000 0.456937 0.479507 0.003891 0.059665
0.106553 0.502777 0.170243 0.118264 0.102163
0.001946 0.118891 0.842591 0.036573 0.000000
0.002492 0.938255 0.038478 0.019593 0.001182
0.054121 0.119574 0.532216 0.293896 0.000193
0.978514 0.000271 0.013025 0.007967 0.000223
0.978681 0.000266 0.013002 0.007839 0.000212
0.000036 0.070032 0.182631 0.010391 0.736910
0.000000 0.442234 0.484026 0.005273 0.068467
0.000070 0.216072 0.101263 0.682181 0.000414
0.000073 0.198651 0.104232 0.696632 0.000412
0.950027 0.007406 0.015884 0.024094 0.002588
0.216215 0.018457 0.644928 0.115433 0.004967
0.044358 0.768076 0.047392 0.070584 0.069591
0.104708 0.230374 0.158327 0.455590 0.051002
0.000476 0.014571 0.132969 0.789011 0.062974
0.003006 0.689884 0.075416 0.106018 0.125677
0.032100 0.780815 0.127307 0.057234 0.002544
0.080118 0.070228 0.117391 0.613025 0.119237
0.007952 0.645710 0.306621 0.039712 0.000005
0.000000 0.620824 0.039570 0.323969 0.015637
0.005419 0.248352 0.053006 0.691243 0.001980
0.000032 0.008291 0.197777 0.028386 0.765514
0.005897 0.342531 0.157184 0.493387 0.001001
0.005024 0.387346 0.336729 0.227273 0.043628
0.971276 0.000465 0.014021 0.013530 0.000706
0.003200 0.013382 0.053721 0.922034 0.007664
0.045440 0.045357 0.213610 0.693211 0.002383
0.002679 0.067103 0.926985 0.002611 0.000623
0.000805 0.000000 0.752417 0.071902 0.174877
0.037064 0.600275 0.318085 0.043490 0.001087
0.032120 0.047621 0.130392 0.415866 0.374001
0.000110 0.007479 0.565616 0.035681 0.391113
0.005456 0.200863 0.463708 0.329955 0.000018
0.098469 0.004884 0.550949 0.334542 0.011156
0.965892 0.000028 0.025297 0.007232 0.001551
0.003131 0.000000 0.905590 0.031044 0.060234
0.001118 0.030254 0.557571 0.240864 0.170193
0.039482 0.027115 0.224352 0.708876 0.000174
0.001573 0.142634 0.094337 0.746124 0.015333
0.000256 0.077542 0.062968 0.848903 0.010330
0.813935 0.041271 0.040091 0.085152 0.019551
0.006527 0.290480 0.055068 0.646044 0.001881
0.008530 0.033470 0.076043 0.879507 0.002450
0.780806 0.100110 0.035713 0.063981 0.019389
0.002546 0.973873 0.021141 0.002187 0.000253
0.973092 0.000412 0.013772 0.012139 0.000585
0.007243 0.004679 0.343035 0.644539 0.000503
0.933150 0.005568 0.018590 0.039143 0.003549
0.003473 0.075866 0.175887 0.732782 0.011992
0.009007 0.034599 0.077575 0.876374 0.002445
0.003227 0.737389 0.068905 0.086097 0.104382
0.578328 0.000709 0.077819 0.339555 0.003589
0.000015 0.029244 0.107074 0.020636 0.843031
0.007776 0.598664 0.182832 0.210655 0.000073
0.934408 0.000090 0.034978 0.023214 0.007310
0.066930 0.001257 0.255930 0.668833 0.007051
0.000000 0.136738 0.804656 0.014245 0.044361
0.068638 0.483947 0.335849 0.063473 0.048093
0.000651 0.076889 0.185625 0.072066 0.664769
0.017538 0.005768 0.097490 0.850386 0.028819
0.000000 0.415659 0.492203 0.007771 0.084367
0.000195 0.058296 0.055483 0.875788 0.010238
0.000041 0.006528 0.241683 0.029734 0.722013
0.025862 0.000906 0.165586 0.802009 0.005636
0.000010 0.016866 0.087798 0.023815 0.871512
0.000841 0.014823 0.090854 0.891229 0.002254
0.003378 0.006795 0.190980 0.797357 0.001490
0.015159 0.001338 0.106663 0.876755 0.000085
0.036959 0.008926 0.813773 0.140251 0.000091
0.977875 0.000287 0.013113 0.008459 0.000266
0.000415 0.045409 0.355321 0.598748 0.000107
0.018897 0.195990 0.103144 0.680347 0.001621
0.001721 0.007200 0.045424 0.938095 0.007560
0.001116 0.034582 0.209170 0.689861 0.065271
0.002948 0.153757 0.181783 0.654533 0.006978
0.028286 0.023057 0.578851 0.272258 0.097547
0.015113 0.475896 0.303865 0.205076 0.000050
0.000398 0.530669 0.371143 0.020224 0.077566
0.765588 0.107119 0.036153 0.069764 0.021376
0.029766 0.005458 0.206344 0.755771 0.002662
0.000000 0.027308 0.960319 0.005875 0.006498
0.000000 0.186341 0.654872 0.019421 0.139366
0.000000 0.159194 0.578769 0.031054 0.230984
0.000054 0.006093 0.061332 0.168614 0.763907
0.802448 0.112700 0.032325 0.038283 0.014243
0.943162 0.000053 0.031793 0.024873 0.000120
0.000000 0.271081 0.536845 0.021343 0.170731
0.005781 0.209855 0.056001 0.726337 0.002026
0.000118 0.034415 0.046180 0.909163 0.010124
0.000000 0.956553 0.018486 0.022738 0.002224
0.007684 0.044044 0.472473 0.474833 0.000967
0.000126 0.133561 0.145902 0.720043 0.000368
0.068456 0.357125 0.450407 0.121159 0.002854
0.854469 0.001078 0.042911 0.100333 0.001209
0.978609 0.000268 0.013012 0.007894 0.000217
0.002413 0.884813 0.064493 0.045705 0.002576
0.000711 0.143018 0.846833 0.007219 0.002218
0.977767 0.000290 0.013128 0.008542 0.000273
0.011256 0.003294 0.087828 0.897518 0.000105
0.006228 0.379124 0.153061 0.460640 0.000946
0.000000 0.760591 0.046101 0.184728 0.008580
0.585115 0.051826 0.058319 0.245562 0.059177
0.033892 0.012006 0.623281 0.318984 0.011836
0.001023 0.015906 0.165174 0.813098 0.004800
0.963617 0.001288 0.014973 0.018859 0.001263
0.219837 0.000833 0.382633 0.396672 0.000024
0.001743 0.154233 0.096931 0.731969 0.015124
0.000112 0.031662 0.045468 0.912662 0.010096
0.000000 0.436325 0.232476 0.325628 0.005571
0.978654 0.000267 0.013006 0.007860 0.000214
0.010343 0.002072 0.083408 0.904077 0.000100
0.000108 0.007448 0.557668 0.035538 0.399238
0.001715 0.007039 0.490500 0.203779 0.296968
0.002134 0.014324 0.940052 0.043490 -0.000000
0.006446 0.616708 0.158630 0.209569 0.008646
0.001363 0.762589 0.065690 0.170282 0.000076
0.964523 0.000468 0.024891 0.006469 0.003650
0.004676 0.041234 0.239416 0.651991 0.062684
0.009859 0.532685 0.217038 0.133632 0.106786
0.000181 0.077423 0.187860 0.734215 0.000321
0.298980 0.032344 0.145247 0.462180 0.061249
0.033482 0.226042 0.392511 0.225196 0.122769
0.006224 0.185871 0.712139 0.043494 0.052273
0.002765 0.051176 0.164812 0.778829 0.002417
0.000114 0.182915 0.133897 0.682698 0.000376
0.000000 0.057582 0.515901 0.113675 0.312842
0.004764 0.454381 0.136340 0.393567 0.010948
0.056271 0.095718 0.240178 0.607275 0.000559
0.004842 0.085823 0.164626 0.732026 0.012684
0.454147 0.060289 0.068456 0.335500 0.081608
0.009391 0.000000 0.156237 0.826875 0.007497
0.004950 0.001055 0.059799 0.923715 0.010480
0.000323 0.009566 0.114822 0.813022 0.062267
0.000004 0.007188 0.068558 0.026221 0.898029
